,SEMA3F_PLXNA3,SEMA3F_PLXNA1,SEMA3F_NRP2,DCN_MET,GRN_TNFRSF1A,GRN_SORT1,GRN_TNFRSF1B,ICAM3_ITGB2,EFNB1_EPHB6,EFNB1_EPHB4,EFNB1_ERBB2,EFNB1_EPHB3,SEMA4G_PLXNB2,VCL_ITGB5,EFNA2_EPHA2,LGALS1_ITGB1,TIMP1_CD63,MMP2_PECAM1,MMP2_FGFR1,PLAT_LRP1,PLAT_ITGB2,TGFB1_ENG,TGFB1_SMAD3,TGFB1_ACVRL1,TGFB1_ITGB6,TGFB1_ITGAV,TGFB1_ITGB1,TGFB1_CXCR4,TGFB1_ITGB5,COMP_ITGB1,LAMB1_ITGA7,LAMB1_ITGAV,LAMB1_ITGB1,LAMB1_ITGA6,LAMB1_ITGA1,LAMB1_ITGA2,PDAP1_PDGFRB,SERPINE1_PLAUR,SERPINE1_ITGAV,SERPINE1_LRP1,SERPINE1_ITGB5,COL1A1_ITGA5,COL1A1_CD93,COL1A1_ITGA1,COL1A1_CD44,COL1A1_ITGAV,COL1A1_ITGB1,COL1A1_ITGA11,COL1A1_ITGA2,COL1A1_DDR1,LAMA4_ITGA6,LAMA4_ITGAV,LAMA4_ITGB1,HBEGF_CD44,HBEGF_CD9,HBEGF_ERBB2,LTF_LRP1,LTF_TFRC,CD160_TNFRSF14,FGF23_FGFR4,FGF23_FGFR1,FGF23_FGFR3,TGFB3_ENG,TGFB3_ITGB1,TGFB3_ACVRL1,TGFB3_ITGB6,TGFB3_ITGB5,TNFSF10_RIPK1,TNFSF10_TNFRSF10B,INHBA_ENG,INHBA_SMAD3,C3_CD46,C3_ITGAX,C3_ADRA2A,C3_ITGB2,C3_CD81,LIF_IL6ST,APOE_LDLR,APOE_LRP5,APOE_LSR,APOE_SCARB1,APOE_LRP8,LAMA5_SDC1,LAMA5_ITGA6,LAMA5_BCAM,LAMA5_ITGB1,LAMA5_ITGA2,JAG1_CD46,JAG1_NOTCH4,JAG1_NOTCH1,JAG1_NOTCH2,JAG1_NOTCH3,LAMC1_ITGA6,LAMC1_ITGA1,LAMC1_ITGA7,LAMC1_ITGAV,LAMC1_ITGB1,LAMC1_ITGA2,IL1RN_IL1R1,CCL21_ADRA2A,MMP7_CD44,MMP7_SDC1,MMP7_CD151,THBS1_CD47,THBS1_SDC1,THBS1_ITGB1,THBS1_LRP5,THBS1_SDC4,THBS1_SCARB1,THBS1_ITGA6,ADAM10_GPNMB,ADAM10_TSPAN15,ADAM10_CD44,ADAM10_CADM1,ADAM10_TSPAN14,ADAM10_NOTCH1,ADAM10_MET,ADAM10_TSPAN17,ADAM10_AXL,VWF_SIRPA,CDH1_LRP5,CDH1_IGF1R,CDH1_ERBB3,CDH1_PTPRM,CDH1_PTPRF,SEMA7A_ITGB1,SEMA7A_ITGA1,TIMP2_CD44,TIMP2_ITGB1,LGALS3BP_ITGB1,LAMC2_ITGA6,LAMC2_CD151,LAMC2_ITGB1,LAMC2_ITGA2,LAMC2_COL17A1,NID1_ITGB1,NID1_PTPRF,ICAM1_ITGAX,ICAM1_MUC1,ICAM1_ITGB2,VCAN_CD44,VCAN_ITGB1,TIMP3_CD44,TIMP3_MET,LUM_ITGB1,CGN_F11R,CALM2_INSR,CALM2_AQP1,APP_LRP10,APP_PLD1,APP_TSPAN15,APP_TNFRSF21,APP_NCSTN,CALM3_INSR,CALM3_AQP1,TFF2_MUC6,TFF1_MUC5AC,TNFSF12_TNFRSF25,TNFSF12_TNFRSF12A,FGF19_FGFR1,FGF19_FGFR3,VCAM1_ITGB1,VCAM1_ITGB2,VCAM1_EZR,VCAM1_MSN,ARPC5_LDLR,COL6A3_ITGB1,COL6A3_ITGA2,LIPH_LPAR4,LIPH_LPAR2,MELTF_TFRC,COL1A2_CD44,COL1A2_ITGB1,COL1A2_ITGA11,COL14A1_CD44,COL6A2_ITGB1,IL16_KCNJ15,CD14_ITGB1,CD14_ITGB2,COL3A1_ITGB1,COL3A1_DDR1,FGB_ITGB1,FGB_ITGB2,FGA_ITGAX,FGA_ITGB1,FGA_PLAUR,FGA_ITGB2,SEMA4C_PLXNB2,HAS2_CD44,EFEMP2_AQP1,GNAI2_EDNRA,GNAI2_ADORA1,GNAI2_PTPRU,AGTRAP_RACK1,PKM_CD44,MMP1_CD44,FBN1_ITGB1,PSEN1_NOTCH4,PSEN1_CD44,CSF1_SIRPA,JAG2_NOTCH4,EFNA5_EPHB6,EFNA5_EPHA2,FBLN1_ITGB1,COL7A1_ITGB1,HSP90AA1_FGFR3,FGG_ITGB1,FGG_ITGB2,CXCL14_CXCR4,RTN4_GJB2,HMGB1_SDC1,HMGB1_CXCR4,FN1_ITGA6,FN1_CD44,FN1_ITGB1,COL18A1_ITGB1,ADAM15_ITGB1,CALM1_PTPRA,LAMC3_ITGA6,LAMC3_ITGB1,COL6A1_ITGB1,COL6A1_ITGA6,TGM2_ITGB1,TGM2_SDC4,TGM2_ADGRG1,THBS2_ITGB1,THBS2_NOTCH4,THBS2_ITGA6,PTGS2_ALOX5,SEMA4A_PLXNB2,EFNA1_EPHB6,ADAM12_ITGB1,ADAM12_SDC4,S100A9_ITGB2,COL5A1_ITGB1,CEL_CXCR4,SPTAN1_PTPRA,PLAU_ITGB1,PLAU_ITGB2,COL16A1_ITGB1,HSPG2_SDC1,HSPG2_ITGB1,HSPG2_FGFR1,COL5A2_ITGB1,COL5A2_DDR1,COL4A1_ITGB1,ACTR2_LDLR,AGRN_ITGB1,ZG16B_CXCR4,LAMB3_CD151,LAMB3_ITGB1,LAMB3_ITGA6,AFDN_EPHB6,SPP1_CD44,SPP1_ITGB1,LGALS9_CD44,LGALS9_SLC1A5,MDK_ITGA6,LRPAP1_LDLR,HSPA8_LDLR,S100A10_CFTR,HSP90AA1_CFTR,PLAU_ITGA3,LAMA4_ITGA3,LGALS8_ITGA3,NID1_ITGA3,LAMC3_ITGA3,THBS1_ITGA3,CALR_ITGA3,TIMP2_ITGA3,LAMB2_ITGA3,LAMA5_ITGA3,ADAM9_ITGA3,LAMC1_ITGA3,LAMB3_ITGA3,COL18A1_ITGA3,LAMB1_ITGA3,LAMC2_ITGA3,FN1_ITGA3,APP_CD74,SLPI_CD4,IL16_CD4,CALM1_SCTR,CALM2_KCNQ1,CALM1_KCNQ1,CALM3_KCNQ1,LTB_TNFRSF1A,LAMC3_ITGB4,LAMB2_ITGB4,LAMA5_ITGB4,LAMC1_ITGB4,LAMB3_ITGB4,LAMB1_ITGB4,LAMC2_ITGB4,HBEGF_CD82,LTB_LTBR,CD55_ADGRE5,AGRN_LRP1,GPC3_LRP1,PDGFB_LRP1,A2M_LRP1,SERPINA1_LRP1,HSPG2_LRP1,APOE_LRP1,HSP90B1_LRP1,MDK_LRP1,PLAU_LRP1,LRPAP1_LRP1,C3_LRP1,THBS1_LRP1,HSP90AA1_LRP1,CALR_LRP1,C1QB_LRP1,VWF_LRP1,APP_LRP1,PSAP_LRP1,COL4A2_CD93,COL1A2_CD93,COL4A1_CD93,C1QA_CD93,HLA-B_CANX,GSTP1_TRAF2,S100A9_CD68,AFDN_NECTIN2,LRPAP1_SORT1,PSAP_SORT1,PSEN1_NOTCH2,ADAM10_NOTCH2,APP_NOTCH2,JAG2_NOTCH2,PDGFB_PDGFRA,CD14_RIPK1,CALR_HLA-F,B2M_HLA-F,PLAU_ITGAV,SPP1_ITGAV,NID1_ITGAV,PDGFB_ITGAV,CALR_ITGAV,FGG_ITGAV,FGA_ITGAV,MFGE8_ITGAV,FGB_ITGAV,FBN1_ITGAV,AZGP1_ITGAV,ADAM9_ITGAV,VEGFA_ITGAV,ADAM15_ITGAV,COL1A2_ITGAV,COL4A1_ITGAV,FN1_ITGAV,SAA1_SCARB1,PDGFB_PDGFRB,MFGE8_PDGFRB,CALM1_KCNN4,PSEN1_NOTCH3,THBS2_NOTCH3,SCGB3A1_NOTCH3,JAG2_NOTCH3,APP_APLP2,HLA-A_APLP2,GPC3_CD81,CD99_CD81,AFDN_NECTIN1,BMP2_GPC1,APP_GPC1,COL18A1_GPC1,VEGFA_GPC1,NLGN2_NRXN2,AFDN_NRXN2,GPC3_IGF1R,INS_IGF1R,GNAI2_IGF1R,S100A4_ERBB2,SEMA4D_ERBB2,HLA-A_ERBB2,HSP90B1_ERBB2,HSP90AA1_ERBB2,PSEN1_NOTCH1,MFAP2_NOTCH1,JAG2_NOTCH1,PLAU_ST14,SPINT1_ST14,GNAI2_ADRA2A,AGT_ADRA2A,SAA1_ADRA2A,CXCL2_ADRA2A,APP_ADRA2A,CXCL1_ADRA2A,PPY_ADRA2A,CXCL16_ADRA2A,ANXA1_ADRA2A,COL6A1_ITGA1,COL5A1_ITGA1,COL6A2_ITGA1,COL6A3_ITGA1,COL5A2_ITGA1,COL1A2_ITGA1,COL4A1_ITGA1,FBN1_ITGB6,FN1_ITGB6,CSF1_CSF1R,GNAS_PTGIR,FGF19_FGFR4,PLAU_ITGA5,SPP1_ITGA5,FGG_ITGA5,FGA_ITGA5,FGB_ITGA5,FBN1_ITGA5,COL18A1_ITGA5,ADAM15_ITGA5,FN1_ITGA5,WNT7B_LRP5,DKK1_LRP5,PSEN1_NCSTN,FN1_IL17RC,PLAU_ITGB5,SPP1_ITGB5,TLN1_ITGB5,COL4A2_ITGB5,ADAM9_ITGB5,COL18A1_ITGB5,LTBP3_ITGB5,LTBP1_ITGB5,MST1_MST1R,LAMC3_ITGA2,COL6A1_ITGA2,COL6A2_ITGA2,MMP1_ITGA2,HSPG2_ITGA2,LAMB3_ITGA2,COL1A2_ITGA2,COL4A1_ITGA2,FN1_ITGA2,COL7A1_ITGA2,COL3A1_ITGA2,GAS6_AXL,LRPAP1_LRP8,INS_INSR,ARF1_INSR,HRAS_INSR,CALM1_INSR,FN1_ROBO4,CD6_ALCAM,S100A9_ALCAM,PLAU_MRC2,LGALS9_MRC2,CALM1_AQP1,C1QA_CSPG4,C4B_CD46,SEMA4A_PLXND1,SEMA4D_MET,AFDN_EPHB3,FAM3C_LAMP1,PLAU_PLAUR,FN1_PLAUR,LAMB3_COL17A1,MDK_SDC3,COL5A1_SDC3,PLAU_IGF2R,EFNA1_EPHA2,SEMA4D_PLXNB1,SEMA4A_PLXNB1,S100A10_TRPV6,B2M_TFRC,SEMA3B_NRP2,VEGFA_NRP2,PGF_NRP2,LGALS9_CD47,THBS2_CD47,COL4A1_CD47,GNAS_ADORA1,AFDN_NECTIN4,AFDN_F11R,CD59_CD2,MDK_TSPAN1,MDK_SDC4,BMP2_ENG,ALOX5AP_ALOX5,HLA-C_NOTCH4,SPTBN2_PTPRA,MDK_SDC1,LAMB2_ITGB1,MDK_ITGB1,ADAM9_ITGB1,VEGFA_ITGB1,SPON2_ITGB2,ICAM2_ITGB2,VEGFA_SIRPA,ADAM9_ITGA6,VIM_CD44,SEMA4D_PLXNB2,CXCL17_GPR35
C10x10_C9x10,0.0,0.0,0.0,0.0,28.911152,0.0,10.221637,0.0,0.0,0.0,56.14265,0.0,43.053375,37.67026,0.0,18.92779,187.70383,44.579025,22.289513,68.585625,0.0,55.51717,22.66479,50.680008,0.0,0.0,32.052853,22.66479,22.66479,25.539017,17.917322,0.0,25.33892,0.0,19.2879,0.0,52.035175,0.0,0.0,47.15332,16.671217,25.324303,38.68351,0.0,20.677206,0.0,20.677206,0.0,0.0,14.620993,0.0,0.0,19.790377,30.320087,0.0,52.51593,14.057808,0.0,0.0,0.0,33.010586,33.010586,90.438675,52.214798,82.55884,0.0,36.921436,50.257645,29.016268,57.454967,25.2906,0.0,81.20834,22.018253,0.0,174.64514,0.0,19.277401,0.0,0.0,0.0,0.0,38.02548,0.0,13.714482,54.710323,0.0,0.0,30.821745,0.0,53.38483,75.49755,0.0,6.2949114,0.0,0.0,0.0,0.0,0.0,0.0,15.481266,37.447536,25.935795,0.0,23.82014,0.0,0.0,14.136159,9.847536,0.0,24.826988,0.0,24.826988,17.555332,30.406727,0.0,0.0,0.0,49.653976,0.0,0.0,0.0,0.0,27.34457,54.68914,3.3207276,0.0,28.926043,28.926043,32.517044,0.0,33.88018,27.66305,0.0,0.0,52.045082,73.60287,38.921215,30.769922,0.0,0.0,0.0,34.737114,0.0,10.990593,0.0,31.661419,44.77601,16.303328,31.63147,0.0,22.366825,6.655806,34.809643,49.228268,52.780907,0.0,0.0,22.458462,37.049942,37.049942,49.36498,0.0,78.05289,0.0,49.71426,45.192192,0.0,0.0,0.0,0.0,44.868874,44.868874,0.0,42.754517,19.319668,25.318052,40.819942,0.0,57.549217,40.69344,14.940705,0.0,0.0,0.0,0.0,0.0,41.82614,20.815994,37.764545,0.0,0.0,0.0,83.93222,14.030601,30.72492,6.2600865,17.649261,13.296236,0.0,23.179705,0.0,35.53988,8.231044,32.440643,20.303392,8.773125,0.0,27.432755,0.0,34.32025,19.865456,0.0,23.402983,4.164517,27.585955,42.740475,24.108072,0.0,15.714035,28.323582,0.0,6.767336,11.72137,4.7852287,53.100655,37.547832,0.0,0.0,61.180817,0.0,53.63025,92.89031,0.0,0.0,0.0,33.331158,40.622627,0.0,4.01434,24.330082,0.0,0.0,36.51096,25.817146,23.006853,56.52472,25.739275,23.722769,33.04446,26.980686,0.0,0.0,23.489445,23.489445,35.19189,24.884424,0.0,0.0,30.672396,34.68427,49.73295,70.36045,34.27794,33.77881,90.14473,27.217506,0.0,0.0,50.101376,64.56508,94.76106,0.0,0.0,46.731922,47.780273,43.8883,47.913807,7.2131557,97.86719,0.0,0.0,38.11821,0.0,0.0,0.0,59.61303,22.223001,52.71717,77.372086,15.012531,38.156456,45.999092,39.121464,42.879078,21.07639,11.883653,51.47855,30.159454,0.0,66.19575,128.71187,0.0,31.479864,21.348684,58.789265,81.245255,0.0,81.20834,0.0,57.426666,0.0,15.025094,33.160282,18.82546,13.489913,85.447136,83.94198,43.04188,68.61489,16.831848,0.0,43.068554,31.93619,0.0,0.0,16.284498,30.406727,22.366825,21.715168,0.0,70.70222,0.0,15.581515,0.0,0.0,0.0,0.0,0.0,0.0,0.0,0.0,0.0,0.0,0.0,0.0,0.0,0.0,0.0,0.0,0.0,17.537796,0.0,6.7704043,0.0,23.029757,91.97304,90.36865,30.709885,25.63792,12.979431,64.86036,37.74872,0.0,0.0,42.95126,23.745174,12.310044,0.0,0.0,0.0,0.0,0.0,0.0,54.562527,0.0,18.488504,49.73295,0.0,0.0,0.0,28.724535,16.36973,0.0,0.0,15.30018,0.0,22.366825,6.0885835,5.461337,8.646938,13.015724,8.471807,0.0,6.005355,8.938281,14.923124,0.0,21.120647,0.0,0.0,22.70516,0.0,0.0,49.752354,28.768578,11.956294,0.0,18.298553,7.6670094,33.785755,52.34618,20.417038,0.0,0.0,9.401859,23.402983,28.724535,16.609545,27.6881,32.295982,20.797367,19.506214,16.041183,15.056487,0.0,0.0,0.0,0.0,0.0,0.0,0.0,0.0,0.0,0.0,0.0,0.0,42.737892,0.0,14.943008,28.61972,47.48141,24.108072,4.164517,80.566154,52.747993,28.724535,24.884424,34.093964,0.0,0.0,43.26137,0.0,0.0,41.426414,0.0,0.0,0.0,20.785143,0.0,0.0,44.39183,0.0,0.0,0.0,0.0,0.0,0.0,0.0,0.0,0.0,0.0,9.455979,0.0,0.0,0.0,0.0,50.913002,76.680305,0.13903667,0.0,25.857023,22.08709,37.27667,29.394632,0.0,20.337105,0.0,0.0,0.0,0.0,0.0,44.550114,0.0
C10x13_C10x14,0.0,18.933393,14.683159,0.0,54.277348,0.0,0.0,0.0,12.568909,0.0,15.392961,0.0,37.73546,31.95944,6.319428,15.692421,55.70148,30.648718,58.67844,23.217625,34.158104,38.03926,28.919758,0.0,37.52879,16.257137,33.82478,0.0,37.64915,51.534607,0.0,11.950786,24.86494,11.950786,0.0,25.822166,30.101688,0.0,14.510396,14.510396,33.603954,18.40225,21.647892,0.0,15.30737,12.633403,26.2852,13.957082,18.586443,24.174374,13.321972,13.321972,27.717844,32.27251,21.219307,39.523678,0.0,0.0,37.714584,11.559201,44.54792,25.39006,29.627134,51.270214,0.0,56.8846,57.06704,0.0,0.0,63.742523,0.0,0.0,0.0,0.0,0.0,0.0,27.457462,43.428734,19.495245,0.0,0.0,34.433865,47.041393,19.778543,0.0,41.151455,29.752455,26.276583,0.0,0.0,0.0,61.370773,25.480965,0.0,0.0,25.480965,53.015984,37.48796,0.0,13.964312,25.947315,47.75698,25.947315,0.0,40.317413,34.443977,23.250338,65.85033,0.0,16.55474,0.0,0.0,21.879942,21.879942,0.0,0.0,0.0,19.949873,34.790165,0.0,23.075327,0.0,25.30777,0.0,50.078503,21.69496,0.0,16.12853,32.33524,0.0,24.583002,31.706589,51.14767,36.166866,0.0,18.844797,29.078104,19.887867,96.36633,18.78267,0.0,19.767267,21.910027,0.0,0.0,0.0,0.0,0.0,38.93431,18.07184,0.0,24.247427,12.283622,19.040045,0.0,0.0,0.0,15.512759,24.494263,75.56586,43.068718,16.654348,11.776403,36.54597,8.004546,49.106163,41.544533,29.376421,0.0,0.0,0.0,29.58149,8.674803,26.972054,13.884963,22.008934,0.0,40.473927,28.619387,29.584545,28.503462,0.0,0.0,20.14126,29.978102,0.0,21.197718,44.128258,32.416393,0.0,0.0,0.0,24.078978,49.177044,7.3867283,13.383547,22.192833,0.0,21.442764,32.30782,0.0,10.434353,37.102543,32.547905,27.402502,13.924771,20.656176,14.606122,0.0,0.0,43.778694,0.0,7.559128,9.379254,15.727606,26.615128,40.34571,32.164646,5.880939,12.235949,31.285172,15.0365305,0.0,0.0,0.0,8.030892,0.0,3.859872,0.0,79.979355,6.779903,0.0,49.74738,32.431637,30.631676,0.0,34.2506,52.441296,37.081593,8.007579,36.003487,32.346283,59.91465,61.09413,41.52633,30.422142,67.18709,33.270294,0.0,25.996939,6.0511637,2.9083586,18.843508,0.0,38.041946,19.973766,27.030033,10.137696,79.22955,56.08017,27.359018,47.28256,61.738785,32.63203,17.909143,22.185856,14.405301,40.550663,57.35092,38.06806,7.6019106,48.44734,42.509995,62.415363,7.1239944,31.33381,29.273329,60.215813,18.516006,69.01369,0.0,0.0,54.67095,0.0,77.592865,44.777695,50.67156,8.56638,4.520617,28.810106,37.11645,4.2364154,17.407927,35.80845,32.27251,37.02115,0.0,15.990634,14.944904,0.0,18.771822,10.99369,15.54653,13.512919,16.588028,10.137696,25.204754,24.652405,0.0,16.55474,6.3394585,23.413418,14.080334,0.0,12.283622,8.069174,54.8239,41.83454,18.874243,28.356796,33.312004,24.93302,60.343815,50.070724,0.0,0.0,0.0,0.0,0.0,0.0,44.17648,0.0,72.7622,0.0,25.204754,18.284025,9.057338,0.0,23.413418,9.927937,14.408315,6.748935,0.0,10.666497,13.6077385,17.354635,10.861904,19.391277,4.1693535,14.621734,7.559128,0.0,38.2561,0.0,66.10454,49.75862,41.768238,91.92302,20.157728,30.088606,41.02015,56.06794,49.1754,0.0,42.62056,23.202631,17.583693,0.0,0.0,0.0,0.0,0.0,0.0,0.0,8.454277,41.904716,29.993078,26.816748,0.0,0.0,0.0,45.078526,44.93942,24.31999,0.0,26.800665,0.0,18.07184,38.732433,38.825024,21.410553,34.903854,0.0,0.0,0.0,0.0,0.0,0.0,0.0,24.62308,17.449871,21.177721,13.133601,19.607672,36.71411,26.63314,18.766066,22.089842,9.815512,15.537188,18.633232,28.246004,11.010886,0.0,0.0,19.65648,0.0,58.37052,42.34313,28.958721,0.0,40.190796,29.624346,0.0,56.09661,0.0,14.526285,22.121958,23.558327,17.40685,22.872276,25.996939,29.58149,21.511703,11.121097,19.954748,20.919434,34.37218,62.81969,13.442283,32.342392,18.469883,32.993473,12.094204,30.481445,31.175106,0.0,0.0,0.0,0.0,7.023335,37.884262,0.0,0.0,71.30544,0.0,0.0,0.0,10.137696,14.722442,0.0,35.537483,15.516443,30.162708,12.670128,0.0,27.233908,0.0,17.7133,0.0,0.0,0.0,0.0,0.0,0.0,0.0,10.137696,40.325043,54.549805,0.0,0.0,0.0,23.477423,6.457108,21.092604,36.108246,22.5994,3.5333707,27.219185,0.0,17.354635,25.406288,41.556656,0.0
C10x13_C11x13,0.0,24.303656,6.237015,0.0,26.069391,0.0,0.0,0.0,20.847563,0.0,13.352185,0.0,54.74098,34.350376,31.184904,26.065002,71.91163,0.0,107.85417,40.850163,23.461685,29.941753,24.375538,0.0,31.631819,13.7026205,28.509825,0.0,27.96299,58.08397,0.0,0.0,0.0,0.0,0.0,0.0,21.278112,0.0,16.94797,17.746386,34.585785,18.506481,23.75542,0.0,15.394071,12.954578,26.953444,13.765673,24.499416,23.842844,13.567649,13.567649,28.229004,8.2423725,6.9362073,36.794193,7.6173983,0.0,36.425636,0.0,46.793346,17.686224,33.701607,32.08987,0.0,35.6039,40.439198,0.0,16.274858,64.04084,52.13556,0.0,0.0,0.0,0.0,0.0,32.46439,73.38144,4.0594163,0.0,0.0,54.32129,47.48756,21.398556,0.0,44.522076,40.468483,0.0,0.0,0.0,0.0,46.603218,0.0,0.0,0.0,0.0,0.0,0.0,0.0,23.453796,19.237125,35.92571,22.609344,0.0,41.549603,30.966623,24.797915,63.32616,0.0,14.883427,0.0,0.0,0.0,0.0,0.0,0.0,0.0,23.867462,32.087265,0.0,17.389376,0.0,36.04548,0.0,78.13156,27.077158,0.0,16.447618,28.798098,11.647336,31.641617,44.191284,65.8339,59.839935,0.0,34.762173,50.57893,17.47298,134.34209,27.165836,13.121618,22.974611,26.503607,0.0,37.706493,0.0,0.0,0.0,25.672882,0.0,0.0,0.0,0.0,0.0,0.0,0.0,0.0,31.16153,26.764212,68.686295,25.96098,43.09931,30.475817,72.24804,20.714737,51.91371,46.325844,42.10802,0.0,0.0,0.0,14.07426,24.64259,27.12482,22.267897,33.587944,0.0,0.0,0.0,29.358173,28.842287,28.329805,20.032198,23.302322,32.854473,0.0,23.23162,106.90942,34.253044,0.0,0.0,0.0,23.029797,28.192898,5.9854803,17.396372,38.581623,0.0,23.103317,32.854126,0.0,15.814874,43.347206,44.35067,33.34797,27.317776,0.0,0.0,0.0,0.0,49.117752,0.0,16.760426,19.916601,34.871925,20.06897,9.571133,30.61937,5.5876555,11.625738,28.495783,13.695871,0.0,0.0,0.0,8.076379,0.0,3.8817341,0.0,56.959766,21.933348,0.0,28.210506,33.552673,20.607773,0.0,27.062418,36.6739,25.932362,21.480349,31.195173,29.247108,0.0,45.380127,38.349773,14.588289,52.9821,14.8173685,0.0,20.279203,30.210915,14.520211,12.337902,0.0,0.0,23.282972,81.02699,0.0,96.53369,0.0,43.84409,28.736504,43.175938,33.233818,25.90749,40.925274,13.686904,36.4568,45.529617,33.90381,32.236835,52.415543,42.75077,0.0,35.56711,23.627066,0.0,77.50582,41.05449,74.079605,0.0,0.0,53.61138,0.0,74.079254,32.72121,39.664703,16.881855,0.0,37.402603,35.344696,24.450972,34.326553,26.46176,8.2423725,32.349697,0.0,26.190504,17.278679,26.406422,17.5328,13.690468,14.056979,21.317364,25.930172,12.754939,22.789051,28.04311,0.0,28.633688,23.462864,18.587387,22.39519,0.0,18.15347,18.11731,59.37653,21.718752,12.85739,51.211594,7.840948,23.24694,66.27111,37.495007,0.0,0.0,0.0,0.0,0.0,0.0,58.97943,0.0,57.764282,27.00758,17.626503,0.0,16.707672,26.406422,18.587387,0.0,15.79078,0.0,13.616097,18.543407,14.168148,17.45293,20.58056,4.6001544,11.843919,7.01154,16.760426,0.0,9.009061,0.0,64.82337,49.312145,45.378014,94.55708,21.317444,0.0,67.945656,56.031258,65.10824,0.0,28.878817,15.721629,15.066807,24.45611,0.0,0.0,0.0,0.0,0.0,0.0,8.5350275,25.401192,22.456564,20.319777,0.0,0.0,0.0,37.856247,42.243793,35.272793,19.19087,22.240816,23.351692,0.0,33.215904,51.448547,31.253252,22.085295,0.0,0.0,0.0,0.0,0.0,0.0,0.0,42.806534,38.69061,30.44424,25.818441,6.4638386,26.533258,22.69952,26.742891,31.327494,16.18016,22.035337,20.255718,19.891953,19.916601,10.968734,0.0,19.442144,0.0,35.970467,22.69952,39.841,66.07777,35.616257,20.255718,0.0,48.9078,0.0,10.567252,25.901335,30.52987,27.686049,26.584253,27.460308,22.39896,13.260072,31.69695,30.311743,26.685205,38.76795,71.45995,0.0,0.0,0.0,0.0,14.865792,35.70043,32.25271,0.0,0.0,0.0,0.0,0.0,27.30294,0.0,0.0,66.18668,0.0,0.0,0.0,0.0,9.904673,0.0,60.11742,26.692314,41.46607,18.10499,0.0,26.779415,24.45611,16.554066,0.0,0.0,0.0,0.0,0.0,0.0,0.0,11.046287,15.621808,0.0,0.0,0.0,11.090126,18.508362,27.382158,0.0,36.31276,42.820145,22.2918,0.0,24.45611,17.45293,0.0,36.665836,0.0
C10x13_C9x13,0.0,0.0,23.432964,0.0,0.0,0.0,0.0,0.0,0.0,0.0,0.0,18.234503,56.380802,0.0,9.908173,22.102406,87.64766,0.0,72.99156,37.899624,24.554192,21.107924,21.107924,0.0,21.107924,21.107924,28.015442,0.0,29.851112,51.06598,0.0,13.398712,50.68973,13.398712,0.0,46.074596,30.779015,0.0,15.345253,15.345253,21.701466,22.041872,21.819077,0.0,23.616312,17.793446,27.013578,0.0,24.55408,25.163733,15.486763,15.486763,20.554771,50.24824,37.858974,0.0,0.0,0.0,27.629059,12.959684,80.58977,43.293163,31.364449,41.628395,0.0,31.364449,44.356026,0.0,4.503609,34.722023,34.722023,0.0,0.0,12.27185,12.27185,29.209196,18.31816,56.846287,0.0,0.0,0.0,0.0,69.24034,25.653791,48.15247,40.54806,36.85629,0.0,0.0,0.0,0.0,19.823074,22.323435,0.0,0.0,22.323435,51.72165,47.012554,0.0,0.0,32.49233,66.0749,52.06555,0.0,58.968372,31.936758,0.0,63.78406,0.0,21.847992,0.0,0.0,31.284357,17.815138,31.284357,0.0,0.0,0.0,38.077057,0.0,0.0,0.0,21.261982,0.0,64.69638,35.93249,0.0,20.66544,36.183067,27.657494,31.80813,67.64875,42.217274,8.57115,0.0,46.883533,46.651802,0.0,136.53708,19.976849,0.0,0.0,24.913557,0.0,29.533606,0.0,0.0,0.0,27.185183,23.799236,0.0,27.185183,0.0,0.0,0.0,0.0,0.0,20.99526,20.99526,21.912916,34.168274,36.919346,26.105919,81.643394,23.80609,60.756065,32.476368,0.0,0.0,0.0,0.0,30.162102,52.81075,0.0,17.38734,53.44529,0.0,23.154922,16.373003,31.837748,15.284647,12.291401,0.0,0.0,55.59015,0.0,39.308174,36.11696,41.52345,0.0,0.0,0.0,12.570254,62.87884,13.8895,18.610935,18.05163,0.0,28.42031,22.495823,0.0,12.765532,34.08967,23.616196,54.47547,33.594917,26.458775,9.3017645,0.0,0.0,28.656408,0.0,8.474973,17.52987,30.693008,48.34959,32.08266,24.079119,6.2293587,26.882784,0.0,0.0,0.0,0.0,0.0,55.59897,0.0,0.0,0.0,47.831257,22.819357,61.85382,115.36338,0.0,14.347715,0.0,22.729795,26.952915,0.0,11.1308,0.0,0.0,0.0,35.676777,26.85875,22.236206,29.392302,31.709919,0.0,52.412743,32.709,24.644232,20.749952,23.058542,23.058542,24.173233,64.093796,11.365953,79.17036,11.607898,34.1732,49.518772,49.742695,37.93467,20.07897,23.235184,15.25875,53.51643,37.92016,34.379932,20.63871,62.8387,0.0,54.681023,60.36579,40.09641,32.820007,77.91369,20.759357,88.7175,0.0,0.0,42.160072,0.0,0.0,0.0,24.084326,18.82062,0.0,28.387669,36.21029,0.0,35.487846,6.601722,14.841083,17.561596,0.0,21.06193,20.666275,28.676493,3.349369,11.6694975,0.0,20.404541,19.038826,11.365953,20.307371,28.417595,0.0,21.847992,20.215956,15.480841,15.786271,0.0,0.0,17.200964,43.005882,42.655655,16.753622,18.554668,53.892513,29.334974,14.07663,41.499905,53.340164,32.28641,0.0,0.0,0.0,0.0,20.704279,0.0,25.726095,89.249306,20.307371,17.3732,9.485724,28.676493,15.480841,19.935068,16.15399,0.0,9.2608185,0.0,29.10028,0.0,0.0,10.677636,21.563066,16.753622,8.474973,0.0,38.06081,0.0,45.664116,0.0,71.54621,90.8009,63.859226,19.222826,147.38004,36.1414,79.059425,0.0,11.908083,19.222826,27.614172,0.0,0.0,0.0,0.0,0.0,0.0,0.0,0.0,0.0,0.0,0.0,0.0,0.0,0.0,28.71896,35.65525,12.696074,23.266333,23.211964,13.510392,23.799236,25.885603,44.84996,3.2501428,21.423607,0.0,0.0,0.0,0.0,0.0,0.0,0.0,18.05163,30.693008,39.50646,23.159758,20.560974,0.0,0.0,10.733632,45.359077,0.0,14.729323,39.4511,26.178015,25.04412,0.0,0.0,21.412964,11.248387,28.71896,24.569414,50.55644,52.981186,46.30488,48.11061,0.0,50.34794,0.0,24.435194,0.0,48.57927,0.0,0.0,0.0,48.002502,17.48795,27.898506,49.515648,28.939024,43.17204,0.0,0.0,0.0,0.0,0.0,0.0,19.418594,11.97938,0.0,0.0,0.0,0.0,0.0,21.220697,0.0,7.446493,93.805435,0.0,0.0,0.0,11.365953,10.810125,0.0,60.937874,32.973633,34.623363,16.145739,0.0,27.26655,0.0,17.471666,0.0,0.0,0.0,0.0,0.0,0.0,0.0,11.365953,77.211754,29.714535,0.0,0.0,7.628903,44.69828,11.183016,41.39825,46.534885,0.0,19.22292,23.340588,0.0,0.0,25.290874,45.552197,0.0
C10x14_C10x15,0.0,29.063927,22.539553,0.0,92.04755,0.0,0.0,0.0,23.335352,0.0,21.2769,0.0,88.00527,34.4721,39.532272,22.871094,94.77833,45.956364,0.0,0.0,36.700397,67.11045,31.180902,0.0,44.096455,0.0,44.096455,0.0,31.180902,59.940094,0.0,0.0,19.382252,0.0,0.0,0.0,28.588163,0.0,0.0,0.0,21.323803,22.558132,0.0,0.0,0.0,0.0,20.489347,0.0,0.0,0.0,0.0,0.0,23.005827,24.735395,0.0,61.26489,0.0,0.0,0.0,0.0,0.0,2.5714986,51.112656,41.80547,0.0,33.584732,23.747993,0.0,37.737804,47.557392,22.096146,0.0,21.36589,18.857588,18.857588,56.15549,8.402501,69.907036,35.11331,0.0,0.0,53.678146,54.13118,0.0,0.0,36.417156,41.073345,33.932877,0.0,0.0,26.902124,89.90433,0.0,0.0,0.0,0.0,43.279385,48.812958,0.0,16.771439,50.17802,74.08823,50.17802,0.0,41.939304,32.326576,25.898794,75.86363,0.0,0.0,0.0,0.0,30.198397,30.198397,0.0,0.0,0.0,27.534542,34.368294,11.981674,33.12593,0.0,53.633244,0.0,29.237024,30.443254,0.0,13.850881,25.205359,0.0,0.0,0.0,41.006554,0.0,0.0,14.689545,14.689545,24.806652,128.35448,21.894411,0.0,15.40861,31.963995,0.0,36.69102,0.0,0.0,0.0,40.33224,22.950727,0.0,40.33224,0.0,32.622643,18.408188,41.16857,0.0,0.0,40.688087,0.0,21.816162,40.22546,28.443697,50.127914,0.0,71.93421,42.88194,48.364693,0.0,0.0,0.0,13.967603,20.87354,12.7354965,43.33722,18.608282,0.0,36.267876,25.645262,23.333908,22.91661,15.203003,10.750147,19.83879,24.762547,0.0,17.509766,36.31652,9.50882,15.833489,0.0,0.0,0.0,59.168694,13.573192,0.0,17.299341,0.0,51.00258,30.846046,0.0,25.13049,47.618584,26.867933,35.62658,20.232744,26.10398,18.458302,0.0,0.0,50.449455,0.0,0.0,0.0,12.259688,20.746525,48.456066,55.307465,0.0,33.614838,26.291307,0.0,23.421057,54.964268,0.0,37.32859,0.0,0.0,0.0,119.2178,34.67288,34.50722,80.981155,14.908441,24.468119,0.0,21.324902,40.87805,18.268631,9.617274,38.794403,23.175394,0.0,47.984562,66.58586,35.834545,93.02546,39.008396,0.0,0.0,17.95739,0.0,33.737408,21.308958,25.131647,0.0,0.0,0.0,103.6287,77.02964,51.443237,54.289413,0.0,0.0,0.0,0.0,0.0,0.0,0.0,0.0,0.0,0.0,0.0,0.0,0.0,0.0,0.0,0.0,0.0,76.17026,0.0,0.0,62.94451,44.63686,133.4218,43.88078,75.99643,0.0,0.0,0.0,0.0,0.0,0.0,0.0,24.735395,52.993423,63.047497,0.0,0.0,0.0,0.0,0.0,0.0,0.0,0.0,0.0,0.0,0.0,0.0,0.0,0.0,0.0,0.0,0.0,0.0,0.0,21.816133,19.753174,44.52898,33.338398,61.25824,0.0,80.49464,85.97463,0.0,0.0,23.737644,30.236795,0.0,0.0,0.0,0.0,84.76506,31.277336,0.0,0.0,0.0,0.0,0.0,0.0,0.0,0.0,0.0,0.0,0.0,0.0,0.0,0.0,0.0,0.0,0.0,0.0,0.0,13.5112915,62.94451,88.50722,56.91858,123.66242,14.8605175,28.5192,25.880352,96.71631,92.71341,0.0,40.348354,38.59437,0.0,32.27455,0.0,0.0,0.0,0.0,0.0,10.519798,23.00308,44.412426,36.22978,28.453568,0.0,0.0,0.0,96.57245,55.225056,36.075924,10.616614,31.921465,15.644276,22.950727,36.636524,39.507168,3.9039774,37.96854,0.0,0.0,0.0,0.0,0.0,0.0,0.0,0.0,0.0,0.0,35.53665,0.0,45.005463,27.66916,24.644878,25.727404,13.358425,19.046038,22.841278,42.5769,13.497536,35.128014,0.0,0.0,0.0,18.268631,17.148312,0.0,12.41429,32.408154,0.0,10.251795,26.736374,0.0,37.912727,29.652836,20.98748,0.0,26.138529,0.0,17.92875,40.416237,0.0,40.181686,18.626184,42.726433,79.57134,27.992872,53.918934,29.988573,63.777485,0.0,0.0,0.0,0.0,0.0,35.988125,0.0,11.785487,54.808678,0.0,0.0,47.532246,0.0,0.0,0.0,22.832642,31.042486,0.0,65.70001,50.457066,120.22238,23.823679,0.0,14.575799,23.849188,36.09505,0.0,0.0,0.0,0.0,0.0,0.0,0.0,32.29023,45.75607,51.64162,0.0,0.0,35.54921,28.13644,5.0333242,19.497313,45.83205,27.142365,14.722842,0.0,23.849188,0.0,36.305084,50.035442,0.0
C10x14_C11x14,20.487635,34.299232,30.042715,0.0,63.591156,0.0,0.0,0.0,12.6748495,0.0,22.672226,0.0,62.15683,19.801651,13.98475,22.568768,74.186935,28.110945,81.738625,0.0,21.037857,38.336002,17.811697,28.533264,25.189543,0.0,25.189543,0.0,26.736927,48.82245,0.0,0.0,0.0,0.0,0.0,0.0,23.892805,0.0,0.0,0.0,24.419127,22.89397,22.143446,0.0,15.657782,0.0,17.819862,23.780342,20.098253,41.188763,0.0,0.0,28.416824,35.75458,0.0,50.30858,0.0,0.0,37.662704,0.0,45.56769,28.38014,40.18042,26.401463,41.22255,26.401463,38.62735,0.0,23.352125,61.7669,28.698175,20.471754,0.0,16.060719,16.060719,52.049774,48.806877,73.72619,18.250204,0.0,0.0,56.61068,58.158897,0.0,0.0,42.717094,48.178772,31.342371,0.0,0.0,38.070152,88.642525,0.0,0.0,0.0,0.0,19.92175,22.468882,0.0,0.0,30.202082,56.879173,30.202082,0.0,48.65827,0.0,34.512844,48.808533,0.0,0.0,0.0,0.0,26.40082,26.40082,0.0,0.0,0.0,31.875036,30.046337,13.827094,10.812438,0.0,40.491856,0.0,32.585682,22.388483,0.0,19.722576,22.445938,7.871384,0.0,53.887627,61.328617,69.16991,0.0,7.5961285,12.606197,24.499472,118.45275,20.889471,25.836124,29.403667,17.24112,0.0,35.332695,0.0,12.459667,0.0,34.839443,6.353091,0.0,11.164543,0.0,26.493073,0.0,32.788548,0.0,21.092672,21.528461,77.29568,48.14074,31.981474,22.614317,33.260643,0.0,48.10229,44.14223,49.78612,0.0,0.0,0.0,38.622456,43.955578,23.531796,44.531075,22.206163,0.0,22.914364,16.202902,32.897667,24.712742,30.660776,21.680443,27.121325,40.290577,0.0,28.48974,42.9537,31.892075,0.0,0.0,0.0,25.543879,55.246204,6.0880156,23.4509,26.741684,0.0,23.835863,19.744503,0.0,31.892504,60.43161,34.07977,39.97117,29.684212,0.0,0.0,0.0,0.0,66.188156,0.0,0.0,0.0,0.0,13.268298,6.32781,48.859936,0.0,29.678064,34.06305,0.0,0.0,0.0,0.0,23.033453,0.0,0.0,0.0,87.59972,20.36566,20.136784,46.155025,38.893963,24.08754,0.0,43.94433,44.867397,31.726044,0.0,44.712757,32.841045,36.560707,55.51374,71.55989,22.821594,40.655323,23.15857,0.0,17.684603,20.126554,0.0,23.334208,0.0,0.0,21.901182,51.518166,0.0,75.816444,27.37393,25.93661,40.959442,0.0,0.0,0.0,0.0,0.0,0.0,0.0,0.0,0.0,0.0,0.0,0.0,0.0,0.0,0.0,0.0,0.0,63.78581,0.0,0.0,55.60668,40.80295,130.84775,56.526234,56.60881,11.001656,0.0,36.305824,47.66803,20.71318,22.356705,28.834524,35.75458,32.619274,0.0,0.0,0.0,0.0,0.0,0.0,0.0,0.0,0.0,0.0,0.0,0.0,0.0,0.0,0.0,0.0,0.0,0.0,0.0,0.0,46.249275,54.620403,28.358734,66.75465,13.1879,0.0,98.46366,52.44853,0.0,0.0,32.63283,25.752213,18.680481,0.0,50.587917,0.0,61.557503,0.0,0.0,0.0,0.0,0.0,0.0,0.0,0.0,0.0,0.0,0.0,0.0,0.0,0.0,0.0,0.0,0.0,0.0,0.0,31.891026,19.736399,55.60668,75.98228,37.608902,119.79912,66.61633,7.8945236,36.62372,67.68695,101.942245,0.0,32.427498,23.121935,24.078829,20.445782,0.0,0.0,0.0,0.0,0.0,9.891076,22.717386,37.567448,29.431181,24.25731,0.0,0.0,0.0,68.875275,54.402393,17.316307,14.108392,34.802208,0.0,6.353091,36.938007,43.058548,20.662617,27.466787,0.0,0.0,0.0,0.0,0.0,0.0,0.0,26.741684,0.0,0.0,47.64148,0.0,39.423645,33.1339,25.011782,35.402126,26.94071,23.49712,23.181332,35.87454,13.698482,33.795383,0.0,0.0,0.0,31.726044,27.242817,22.762236,26.317766,37.37247,19.059778,8.731297,36.957882,0.0,33.47261,38.418247,25.045374,30.101467,37.04,22.699875,49.575603,25.739492,0.0,45.081757,37.103863,35.115376,58.21569,22.380074,28.529032,15.867245,50.118973,20.122614,0.0,0.0,0.0,0.0,0.0,0.0,7.837343,49.774086,0.0,0.0,121.39267,0.0,0.0,0.0,0.0,21.710388,0.0,38.58993,22.850124,122.33589,14.974508,0.0,21.145523,17.439634,28.62108,0.0,0.0,0.0,0.0,0.0,0.0,0.0,19.082577,26.986837,36.508617,0.0,0.0,25.80193,26.903757,33.535843,0.0,52.85266,19.84776,16.322685,0.0,17.439634,0.0,0.0,43.26194,0.0
C10x15_C10x16,0.0,0.0,23.751663,0.0,55.773415,0.0,0.0,0.0,0.0,35.009968,0.0,0.0,35.61824,0.0,29.835667,27.164156,129.21202,51.680473,0.0,0.0,0.0,48.97251,0.0,0.0,0.0,0.0,48.97251,0.0,0.0,68.035645,0.0,0.0,21.456877,0.0,16.143488,14.285922,28.265657,28.664251,0.0,0.0,0.0,27.281559,26.600124,17.06559,18.80913,0.0,22.682474,0.0,18.80913,18.430374,0.0,0.0,16.693958,35.263744,0.0,55.64989,0.0,0.0,94.66725,19.737751,0.0,0.0,67.100365,44.94584,0.0,0.0,0.0,0.0,19.119331,55.164917,0.0,18.871607,0.0,0.0,0.0,81.26051,4.9765043,66.481064,40.981583,31.298586,0.0,0.0,74.068146,0.0,0.0,42.615833,28.373487,52.81517,0.0,0.0,41.87209,89.08014,0.0,43.874825,0.0,0.0,58.315567,38.82632,0.0,0.0,47.02949,95.84575,51.924118,0.0,69.97328,40.259815,35.09761,95.99412,0.0,0.0,0.0,0.0,27.28421,30.831915,0.0,0.0,0.0,0.0,0.0,12.059423,28.974041,0.0,86.352036,0.0,33.235584,33.651627,25.31844,15.436496,23.184994,0.0,0.0,22.529648,23.591948,22.529648,0.0,15.190566,15.190566,0.0,97.010376,0.0,12.233353,0.0,37.24897,0.0,40.55783,0.0,46.81845,30.8813,47.5973,0.0,0.0,35.87785,0.0,50.15183,36.265457,38.029358,0.0,0.0,29.046604,0.0,0.0,31.7783,0.0,118.81954,0.0,51.07948,49.83547,33.180298,0.0,0.0,0.0,11.699107,17.571587,0.0,35.310165,24.597729,0.0,45.049004,0.0,20.432133,16.601887,0.0,0.0,0.0,31.983551,25.987854,0.0,15.106345,18.911016,35.036514,0.0,0.0,0.0,125.67774,17.23919,8.859239,0.0,0.0,41.8806,29.557028,0.0,39.529556,39.529556,19.766752,32.83828,0.0,17.82498,0.0,0.0,0.0,45.01945,0.0,0.0,15.814069,13.571934,22.96718,53.562782,101.64203,0.0,37.157455,28.381985,0.0,0.0,70.9574,0.0,27.480131,0.0,0.0,0.0,51.401012,0.0,26.135223,73.769485,0.0,26.061275,0.0,27.10354,36.678944,0.0,10.630825,51.990826,25.617815,0.0,53.39851,43.38832,23.075768,91.172264,42.37394,0.0,18.597498,5.221773,0.0,25.113695,25.72313,38.6351,30.3495,30.3495,0.0,99.712906,68.16369,55.1351,56.483986,0.0,0.0,0.0,0.0,0.0,0.0,0.0,0.0,0.0,0.0,0.0,0.0,0.0,0.0,0.0,0.0,0.0,113.69568,0.0,0.0,110.17195,0.0,0.0,0.0,47.583435,0.0,0.0,0.0,0.0,0.0,0.0,0.0,35.263744,35.97642,49.77755,0.0,0.0,0.0,0.0,0.0,0.0,0.0,0.0,0.0,0.0,0.0,0.0,0.0,0.0,0.0,0.0,0.0,0.0,0.0,28.13607,0.0,69.95842,50.218452,87.74702,0.0,68.24365,68.00797,0.0,0.0,22.655619,16.975216,9.166809,26.85471,35.77624,0.0,0.0,0.0,0.0,0.0,0.0,0.0,0.0,0.0,0.0,0.0,0.0,0.0,0.0,0.0,0.0,0.0,0.0,0.0,0.0,0.0,39.922306,29.436218,50.821014,48.198357,93.819336,169.31854,57.13165,29.152119,36.807693,134.92645,144.38947,0.0,25.083532,7.3268347,10.8144455,26.923857,0.0,0.0,0.0,0.0,0.0,31.198742,0.0,58.086403,66.32336,51.46365,0.0,0.0,0.0,74.94915,51.54172,0.0,0.0,0.0,0.0,0.0,0.0,0.0,0.0,0.0,21.353724,19.607695,18.506569,37.49466,40.175385,13.220317,17.361492,0.0,0.0,0.0,22.509844,39.739426,38.66817,19.702436,65.54557,41.72019,43.03596,23.68442,15.685732,0.0,22.937397,43.806053,0.0,0.0,0.0,0.0,0.0,0.0,0.0,0.0,0.0,0.0,0.0,0.0,24.739319,18.896637,16.37709,8.859239,27.828392,18.597498,11.699107,49.468075,15.814069,37.04192,13.60365,0.0,0.0,49.14849,80.30995,47.098534,99.15709,0.0,0.0,0.0,0.0,0.0,89.61244,0.0,38.70437,58.08457,0.0,0.0,78.056915,29.803038,11.027713,0.0,38.146046,49.17833,0.0,0.0,56.98067,133.71822,31.832264,0.0,24.800108,26.923857,37.974857,0.0,0.0,0.0,0.0,0.0,0.0,0.0,53.94666,56.639088,43.44595,0.0,0.0,57.348667,45.15982,0.0,18.20159,43.6446,30.002861,0.0,0.0,26.923857,0.0,24.401052,21.903255,0.0
C10x15_C11x15,0.0,29.670494,6.6619644,0.0,93.22946,0.0,0.0,0.0,12.647164,0.0,19.958555,0.0,27.113815,0.0,20.163176,31.133127,74.441376,63.354694,0.0,39.116234,0.0,49.29399,0.0,49.765984,0.0,28.732403,29.140198,0.0,0.0,46.347034,0.0,14.502296,18.808796,0.0,14.939516,16.55138,0.0,0.0,23.843344,23.843344,0.0,23.110247,15.72548,15.792848,11.119594,15.330653,12.636177,15.255956,11.119594,26.424091,0.0,11.283131,14.359045,26.099539,0.0,41.187813,0.0,0.0,53.60714,0.0,0.0,0.0,42.1795,24.934462,60.871952,0.0,0.0,24.93702,32.716835,60.739594,0.0,37.884743,0.0,0.0,0.0,88.50407,19.76147,69.58104,25.26545,0.0,0.0,0.0,59.693237,0.0,0.0,32.63602,28.71907,50.989193,0.0,0.0,64.357605,88.04452,0.0,39.429535,0.0,38.27559,17.5508,15.444368,21.915949,0.0,22.383198,52.157154,22.383198,0.0,33.26466,12.885014,33.26466,73.185165,0.0,0.0,0.0,0.0,30.238117,30.238117,0.0,0.0,0.0,16.784584,0.0,14.30379,33.35544,0.0,82.26204,0.0,42.53306,34.573418,20.053703,13.732944,15.605958,0.0,0.0,30.779175,34.977097,30.779175,0.0,36.074062,36.074062,16.045351,131.8601,0.0,12.582901,14.299063,19.175764,0.0,37.75953,0.0,23.057684,15.756927,64.36857,0.0,0.0,20.02465,0.0,46.68092,33.61478,30.356195,0.0,0.0,21.063742,0.0,0.0,40.442978,0.0,72.04516,0.0,49.834183,35.854565,31.55133,0.0,0.0,0.0,18.733107,21.288084,0.0,42.35151,1.7070895,0.0,22.946608,0.0,25.168863,14.569551,26.68858,0.0,18.560574,40.23765,0.0,0.0,6.77248,12.803296,29.710865,0.0,0.0,0.0,113.36186,19.556105,13.578071,20.539028,0.0,28.671705,25.15374,0.0,15.6096,15.6096,19.455692,37.200207,0.0,21.156746,0.0,0.0,0.0,45.014286,0.0,0.0,14.634664,16.630663,11.372872,13.451861,93.09802,0.0,30.926167,24.839083,0.0,0.0,47.06226,0.0,26.54573,0.0,0.0,0.0,62.638023,27.949492,24.186071,59.93742,0.0,26.284534,0.0,39.690536,33.96393,0.0,0.0,59.270752,32.405037,0.0,46.346058,62.614914,33.1028,46.00477,32.379097,0.0,19.20365,21.822803,0.0,35.63071,21.186722,24.076344,29.553778,29.553778,0.0,70.21793,0.0,44.593502,30.201603,0.0,0.0,0.0,0.0,0.0,0.0,0.0,0.0,0.0,0.0,0.0,0.0,0.0,0.0,0.0,0.0,0.0,63.366344,0.0,0.0,71.24227,40.271664,118.97029,36.263638,76.972244,15.52704,0.0,40.733925,54.12986,4.99118,20.509344,22.550133,26.099539,30.638504,54.210587,27.217329,30.541481,0.0,34.788353,19.247862,17.314594,20.667404,33.042446,17.137075,24.729832,43.42771,0.0,27.210844,21.460321,38.564888,17.086506,0.0,22.932606,13.1447315,17.60644,26.492613,41.195797,44.879894,19.78855,0.0,67.610825,90.77385,0.0,0.0,57.09823,25.425863,34.56983,10.976165,34.04553,31.26639,0.0,0.0,24.729832,26.112734,10.267015,0.0,38.564888,21.412725,18.651451,12.599759,11.358334,0.0,20.35723,23.695152,20.278364,36.20207,0.0,29.116,9.173013,0.0,37.991024,28.67747,46.54901,78.11332,57.127953,126.60532,49.81083,12.197104,15.591318,115.33041,120.45575,0.0,25.354633,22.820868,15.447447,20.17956,0.0,0.0,0.0,0.0,0.0,10.933019,20.412024,24.604736,32.88145,21.355759,0.0,0.0,0.0,81.530594,33.12724,0.0,0.0,0.0,0.0,0.0,0.0,0.0,0.0,0.0,17.726974,20.805157,17.126358,30.376806,37.422962,0.0,29.9938,0.0,0.0,0.0,45.958168,0.0,37.27907,39.363728,32.278687,35.408363,23.485437,18.07395,23.400322,54.572933,14.634664,37.070145,0.0,0.0,0.0,0.0,0.0,0.0,0.0,0.0,0.0,0.0,0.0,0.0,27.214436,21.857916,1.5022061,13.578071,28.51581,19.20365,18.733107,29.129826,14.634664,32.735474,22.148117,0.0,0.0,39.47641,33.046402,41.127087,69.957115,12.909391,0.0,0.0,0.0,0.0,50.375896,19.384605,14.503676,57.753777,0.0,0.0,40.58525,0.0,0.0,0.0,13.888396,36.501392,0.0,27.949492,35.811756,156.02728,23.197617,0.0,17.559345,17.564884,30.078682,0.0,0.0,0.0,0.0,0.0,0.0,0.0,19.64116,46.091175,48.74,0.0,0.0,44.40357,20.9497,16.342098,10.00099,48.099445,19.960531,0.0,0.0,17.564884,0.0,15.248241,37.868538,0.0
C10x16_C10x17,0.0,0.0,26.696596,0.0,104.999985,0.0,0.0,0.0,0.0,0.0,14.253957,0.0,44.72023,0.0,0.0,0.0,140.86115,52.701023,0.0,54.18516,0.0,41.528,0.0,37.295483,0.0,0.0,41.528,0.0,0.0,31.206953,0.0,0.0,0.0,0.0,0.0,18.43042,34.334263,24.180891,0.0,19.71884,0.0,20.338612,0.0,8.700926,32.329453,0.0,11.564705,0.0,24.55707,21.027214,0.0,0.0,48.101746,61.90168,0.0,38.942642,0.0,0.0,85.47642,23.70538,0.0,21.45182,16.777111,16.777111,60.75934,0.0,0.0,0.0,0.0,27.446062,0.0,20.693846,0.0,0.0,0.0,67.733925,0.0,36.577343,26.996632,26.996632,0.0,0.0,64.50172,0.0,0.0,31.652754,32.25086,58.344307,0.0,0.0,0.0,82.511314,0.0,0.0,0.0,0.0,0.0,34.273518,0.0,0.0,86.11608,130.82552,115.218124,0.0,55.643818,36.14247,27.821909,88.36585,0.0,0.0,0.0,0.0,23.817024,36.288036,18.99599,0.0,0.0,0.0,0.0,0.0,45.168995,0.0,0.0,0.0,35.32689,0.0,0.0,25.442312,0.0,39.17561,0.0,52.91332,0.0,30.040464,0.0,0.0,0.0,0.0,97.771164,0.0,21.474325,0.0,65.38653,0.0,46.134876,0.0,35.737064,54.69628,45.179825,36.06082,0.0,40.275837,25.530891,22.94374,35.11585,0.0,0.0,0.0,20.193373,0.0,40.78925,63.477596,0.0,87.86995,0.0,70.345924,41.90359,34.94683,0.0,0.0,0.0,0.0,28.15555,0.0,55.381187,30.542341,0.0,27.52015,0.0,0.0,0.0,0.0,0.0,0.0,0.0,40.271164,0.0,8.384043,33.196243,60.785896,0.0,52.295815,0.0,149.21365,31.127115,0.0,28.346972,0.0,56.584583,0.0,0.0,0.0,0.0,5.403217,51.187843,64.48857,53.220306,0.0,0.0,0.0,38.62766,0.0,0.0,27.759886,20.629827,16.68409,18.120657,89.690994,0.0,26.614727,0.0,0.0,41.408447,101.24081,51.31805,20.978382,0.0,0.0,0.0,56.084435,0.0,8.632821,44.07807,0.0,55.513336,0.0,0.0,46.48501,0.0,61.560024,77.81682,0.0,0.0,37.100624,46.404472,54.284657,54.050373,52.726154,0.0,43.678238,23.906126,0.0,0.0,26.857166,38.94769,53.275265,89.87667,0.0,77.9611,58.245506,56.415535,57.795746,0.0,0.0,0.0,0.0,0.0,0.0,0.0,0.0,0.0,0.0,0.0,0.0,0.0,0.0,0.0,0.0,0.0,90.40549,9.697412,36.77554,121.14698,0.0,0.0,0.0,98.18641,13.144518,35.634758,37.7747,40.143795,29.044674,21.587133,35.18572,40.26112,57.323494,48.463924,30.608736,31.762629,28.882658,30.281633,19.927294,33.31568,23.116112,47.796696,24.222824,22.958387,49.26977,0.0,23.822763,37.2325,44.516537,18.52923,9.059656,20.819727,33.568245,0.0,0.0,0.0,0.0,50.769318,0.0,28.648275,62.20379,0.0,0.0,0.0,0.0,0.0,0.0,0.0,0.0,0.0,0.0,0.0,0.0,0.0,0.0,0.0,0.0,0.0,0.0,0.0,0.0,0.0,0.0,0.0,0.0,0.0,0.0,0.0,0.0,37.415813,29.444613,44.845497,0.0,24.257841,90.182,34.072998,0.0,32.566933,141.90277,190.51753,0.0,0.0,0.0,0.0,0.0,0.0,0.0,0.0,0.0,0.0,32.372543,15.998546,38.16775,46.231438,36.013203,0.0,0.0,0.0,92.4735,25.144505,0.0,0.0,0.0,0.0,0.0,0.0,0.0,0.0,0.0,0.0,41.766514,22.97911,31.526964,27.913357,21.183363,40.842094,0.0,0.0,36.697643,0.0,45.074245,22.206543,16.895971,46.35671,31.764555,32.766346,16.632788,11.942665,30.6471,17.463877,28.368938,0.0,45.130745,0.0,0.0,0.0,0.0,0.0,0.0,0.0,0.0,0.0,0.0,11.222378,19.35569,14.210283,0.0,38.90841,24.797436,0.0,62.979126,21.08608,38.156727,0.0,0.0,0.0,29.15862,0.0,31.578943,48.736366,0.0,0.0,0.0,22.958387,34.65046,74.59196,0.0,0.0,18.74942,0.0,0.0,44.7329,37.770836,22.140738,0.0,32.044903,45.390244,22.958387,0.0,20.282986,47.731365,0.0,0.0,24.775217,23.838547,41.3536,0.0,0.0,0.0,23.606144,0.0,0.0,0.0,45.31834,95.820946,22.833996,0.0,0.0,44.2348,56.578255,27.621065,39.191673,24.533518,47.699062,0.0,0.0,0.0,0.0,54.075775,25.430655,0.0
C10x16_C11x16,0.0,0.0,21.452087,0.0,69.20872,0.0,0.0,0.0,0.0,33.932785,24.14493,0.0,33.53349,0.0,0.0,21.655508,106.049576,44.56585,0.0,0.0,0.0,44.06618,0.0,31.18352,0.0,25.003626,44.06618,0.0,0.0,34.842873,0.0,0.0,24.556389,0.0,0.0,16.349567,23.94063,20.119612,17.379107,0.0,0.0,25.760225,0.0,25.140915,0.0,18.926584,0.0,0.0,0.0,0.0,0.0,17.047407,17.609201,28.025736,0.0,34.41759,0.0,0.0,56.64019,22.10577,0.0,0.0,53.998337,53.998337,41.883778,0.0,0.0,0.0,0.0,45.90596,0.0,20.097158,0.0,0.0,0.0,69.24129,19.83348,46.78783,40.24108,22.027218,0.0,20.74039,85.890686,0.0,0.0,49.055332,32.66089,52.500458,0.0,0.0,38.666035,74.246864,0.0,34.35728,0.0,25.864853,17.325485,11.5352545,0.0,0.0,27.064022,97.495766,44.31392,22.130304,72.57721,41.451515,42.93783,74.60442,0.0,0.0,0.0,0.0,27.187338,18.135347,12.039936,0.0,0.0,0.0,0.0,0.0,65.76325,0.0,70.27685,0.0,37.819664,54.111755,22.55016,4.302255,6.461813,18.001692,0.0,38.542717,40.93413,27.253819,0.0,65.24188,65.24188,0.0,91.14281,0.0,0.0,0.0,22.992718,0.0,35.24529,0.0,30.325691,32.75738,43.364365,0.0,0.0,33.321693,15.599947,34.973946,51.387276,29.596245,0.0,0.0,20.951115,0.0,0.0,59.027473,0.0,115.41497,0.0,34.55372,53.2073,35.42525,0.0,0.0,0.0,21.067982,31.64326,0.0,36.4093,16.791155,0.0,44.62856,0.0,15.220829,12.367502,42.649075,0.0,0.0,53.361492,43.358246,0.0,14.694366,17.02897,54.72185,0.0,0.0,0.0,159.76903,19.799309,16.284067,31.611568,0.0,20.340487,0.0,0.0,0.0,0.0,4.3417625,36.265728,0.0,35.740818,0.0,0.0,0.0,28.279545,0.0,0.0,19.68556,29.566917,23.427723,16.71216,136.36865,0.0,29.28832,12.641216,0.0,17.643726,102.72492,16.612963,27.79509,0.0,0.0,0.0,34.666424,0.0,22.268948,106.795975,0.0,45.948544,0.0,72.45501,22.970669,0.0,37.902992,90.30929,51.578957,0.0,60.088173,48.82393,54.86535,58.24592,32.821793,0.0,31.10948,33.039696,0.0,0.0,20.032217,30.087582,29.74933,42.071907,0.0,71.93614,29.405617,53.22886,41.56253,0.0,0.0,0.0,0.0,0.0,0.0,0.0,0.0,0.0,0.0,0.0,0.0,0.0,0.0,0.0,0.0,0.0,56.189404,0.0,0.0,96.69118,0.0,0.0,0.0,67.178856,10.562297,28.654943,28.942665,32.257607,0.0,0.0,0.0,0.0,54.909283,104.685074,0.0,0.0,0.0,0.0,0.0,0.0,0.0,0.0,0.0,0.0,0.0,0.0,0.0,0.0,0.0,0.0,0.0,0.0,0.0,0.0,0.0,0.0,0.0,43.642673,0.0,26.673813,50.439957,0.0,0.0,33.626316,14.153659,18.338663,18.258814,0.0,0.0,69.37821,54.765198,26.826048,16.08818,27.05839,8.2992525,34.689106,43.456154,11.593738,16.73986,20.469166,9.596363,31.315432,33.71576,26.104298,27.925179,0.0,43.383533,0.0,0.0,51.07572,38.53151,99.59292,35.326427,36.51594,87.08368,34.136738,17.689518,37.03754,90.20278,121.90164,0.0,25.24017,17.689518,0.0,26.104298,0.0,0.0,0.0,0.0,0.0,18.090094,21.032333,32.662487,38.708157,28.93846,0.0,0.0,0.0,48.55406,72.20629,0.0,0.0,0.0,0.0,0.0,0.0,0.0,0.0,0.0,19.402996,34.34182,22.456924,30.677742,44.04545,0.0,57.628017,0.0,0.0,0.0,0.0,24.9741,36.51187,21.896984,59.14645,15.779777,27.859772,13.06123,0.0,38.007854,0.0,41.538147,15.195127,28.604528,0.0,0.0,0.0,0.0,0.0,0.0,0.0,0.0,0.0,0.0,19.500072,8.416482,11.179499,16.284067,34.34111,21.997726,21.067982,36.529175,19.68556,24.145605,10.13398,0.0,44.08679,34.118664,49.34559,44.01353,63.122776,0.0,0.0,0.0,0.0,0.0,68.184326,0.0,7.782306,42.705193,0.0,0.0,60.883503,31.056242,24.024244,0.0,18.830566,37.569633,0.0,0.0,49.268482,99.727325,0.0,0.0,19.335388,23.020731,33.698215,27.97186,35.223366,43.383533,0.0,14.852671,0.0,0.0,28.49637,79.17134,25.959627,0.0,0.0,89.58074,45.566277,13.967399,23.03023,40.981342,39.157005,0.0,0.0,0.0,0.0,20.303375,17.12632,0.0
C10x16_C9x16,0.0,0.0,0.0,0.0,120.52142,0.0,0.0,0.0,0.0,34.375572,0.0,0.0,38.280712,0.0,0.0,0.0,183.84608,35.359444,0.0,62.541927,0.0,0.0,0.0,0.0,0.0,0.0,0.0,0.0,0.0,64.56638,0.0,0.0,0.0,0.0,0.0,0.0,0.0,43.117023,0.0,28.305246,0.0,0.0,0.0,32.115,28.419657,0.0,42.685177,0.0,28.419657,14.416139,0.0,0.0,43.15991,50.101475,0.0,46.775707,0.0,0.0,72.573746,36.43179,0.0,0.0,25.172056,25.172056,0.0,0.0,0.0,0.0,0.0,49.724735,0.0,9.607321,0.0,0.0,0.0,79.9472,18.529991,46.98917,11.350057,8.668302,0.0,0.0,52.19294,0.0,0.0,28.673628,19.09081,20.358635,0.0,0.0,0.0,28.791456,0.0,31.511074,0.0,0.0,41.882473,27.88522,0.0,0.0,69.23195,161.81895,83.706085,0.0,61.3783,33.719856,29.39622,80.42622,0.0,0.0,0.0,0.0,29.743042,33.610466,15.786078,0.0,0.0,0.0,0.0,0.0,37.259678,0.0,0.0,0.0,42.739876,27.575445,20.74691,23.753391,0.0,0.0,0.0,36.923042,0.0,0.0,0.0,62.323406,62.323406,0.0,99.38801,0.0,18.877306,28.352953,61.046017,0.0,56.548817,0.0,38.01794,61.684963,29.885508,51.763218,0.0,0.0,29.885508,40.605705,65.88367,0.0,0.0,0.0,23.63761,0.0,79.88824,70.36547,0.0,97.404594,0.0,90.248955,34.654858,23.073097,0.0,0.0,0.0,0.0,0.0,0.0,51.104607,0.0,0.0,0.0,0.0,0.0,0.0,32.373665,0.0,0.0,0.0,71.80764,0.0,7.82749,28.490803,39.62603,0.0,74.335655,0.0,166.43648,29.836033,0.0,0.0,0.0,52.82836,0.0,0.0,0.0,0.0,0.0,0.0,78.26425,74.815056,0.0,0.0,0.0,0.0,0.0,0.0,25.91712,27.03817,0.0,0.0,102.8355,0.0,33.760643,0.0,0.0,39.583706,94.41226,37.271187,34.514862,0.0,0.0,0.0,43.028152,0.0,28.320284,72.434395,0.0,56.53048,0.0,46.436047,43.824104,0.0,72.20734,0.0,0.0,0.0,22.266043,101.46757,61.872017,69.34289,48.373318,0.0,32.311085,34.315853,0.0,0.0,28.234097,0.0,42.895557,60.663475,0.0,97.9523,76.520996,76.94053,68.831085,0.0,0.0,0.0,0.0,0.0,0.0,0.0,0.0,0.0,0.0,0.0,0.0,0.0,0.0,0.0,0.0,0.0,66.566315,30.312752,52.789146,145.37755,0.0,0.0,0.0,124.61377,0.0,0.0,0.0,0.0,0.0,0.0,0.0,50.101475,88.11525,77.93259,47.33313,45.333355,40.483894,44.44775,24.181574,47.822727,33.226364,61.988472,39.61473,43.691425,63.411545,19.598192,32.409916,45.185886,63.9009,23.193348,19.763763,29.885508,29.623594,0.0,0.0,0.0,0.0,46.594578,0.0,50.044113,25.874483,0.0,0.0,0.0,0.0,0.0,0.0,0.0,0.0,0.0,0.0,0.0,0.0,0.0,0.0,0.0,0.0,0.0,0.0,0.0,0.0,0.0,0.0,0.0,0.0,0.0,0.0,0.0,0.0,23.683645,0.0,51.41775,0.0,39.910423,122.1089,0.0,34.341087,62.772385,184.92902,246.33963,0.0,0.0,0.0,0.0,0.0,0.0,0.0,0.0,0.0,0.0,0.0,0.0,42.476643,67.674545,45.431328,0.0,0.0,0.0,89.58851,37.09057,0.0,0.0,0.0,0.0,0.0,0.0,0.0,0.0,0.0,0.0,42.531776,0.0,26.07324,16.75228,0.0,46.550587,0.0,0.0,45.82742,0.0,0.0,0.0,0.0,0.0,0.0,0.0,0.0,0.0,0.0,0.0,0.0,0.0,52.82836,0.0,0.0,0.0,0.0,0.0,0.0,0.0,0.0,0.0,0.0,22.47773,0.0,0.0,0.0,0.0,22.84739,0.0,41.194195,18.001928,0.0,0.0,0.0,0.0,11.047953,56.966457,39.386677,55.87884,0.0,0.0,0.0,43.691425,30.178347,90.66467,0.0,46.47742,48.623005,0.0,0.0,42.451965,66.55459,39.479214,0.0,28.499031,46.2219,43.691425,0.0,23.742504,123.7821,0.0,0.0,0.0,0.0,0.0,0.0,0.0,0.0,36.890587,0.0,0.0,0.0,43.127693,83.13365,32.776875,0.0,0.0,71.1584,63.44451,63.397377,34.854984,30.301605,0.0,0.0,0.0,0.0,0.0,50.4861,23.742504,0.0
C10x17_C11x17,19.742947,0.0,25.996529,0.0,55.175205,0.0,31.349846,0.0,0.0,0.0,0.0,0.0,53.205875,0.0,0.0,2.3655956,113.77967,0.0,0.0,48.055946,0.0,27.723083,0.0,47.60505,0.0,0.0,27.723083,0.0,0.0,29.920979,0.0,0.0,18.249466,0.0,0.0,20.636494,29.528826,0.0,0.0,0.0,0.0,13.479438,0.0,9.520222,26.62482,0.0,17.884598,0.0,20.2239,17.316898,0.0,0.0,28.426113,64.05012,0.0,31.061638,0.0,0.0,77.5149,19.018225,0.0,14.443307,36.994938,36.994938,48.53467,0.0,0.0,0.0,0.0,32.34998,0.0,0.0,17.84134,0.0,0.0,62.56057,28.050558,24.978262,17.641579,0.0,0.0,0.0,97.599,0.0,20.22156,39.468723,44.631226,0.0,35.473293,0.0,0.0,0.0,0.0,0.0,0.0,0.0,8.194845,9.266729,0.0,0.0,75.125656,124.78807,94.34103,0.0,95.249,38.518394,43.556587,60.961613,0.0,0.0,0.0,0.0,64.86972,42.191547,42.191547,0.0,0.0,0.0,0.0,0.0,36.454197,0.0,0.0,0.0,27.116995,36.140915,0.0,0.0,0.0,25.545794,0.0,60.416016,32.317093,36.544163,0.0,44.080025,44.080025,26.369997,173.73871,0.0,0.0,0.0,26.713367,0.0,6.180176,0.0,0.0,45.883038,15.771113,15.853168,0.0,9.452888,9.152832,0.0,56.477005,0.0,0.0,5.475303,20.84904,0.0,32.964302,46.33938,0.0,169.88986,0.0,53.16509,49.265305,55.70919,0.0,0.0,0.0,68.788795,46.20726,0.0,51.365643,16.621552,0.0,39.19777,0.0,0.0,0.0,31.460331,0.0,9.577184,37.512142,36.321415,0.0,31.556404,45.504616,46.78443,0.0,20.331728,0.0,163.09135,34.202625,10.915697,28.436113,15.051927,0.0,0.0,22.2166,0.0,0.0,5.3552127,17.819542,26.73189,25.955605,0.0,0.0,0.0,11.875726,0.0,0.0,50.80757,34.12879,21.635788,27.12429,116.44409,0.0,16.825623,0.0,0.0,28.106733,99.95434,44.94807,22.300558,26.332376,0.0,0.0,36.769585,0.0,8.556124,75.94658,0.0,39.04999,0.0,45.830894,0.0,0.0,48.196686,88.782745,35.90346,0.0,50.405697,48.8057,43.30068,54.99818,38.202072,0.0,44.8562,23.994001,0.0,0.0,48.968575,32.893486,71.687645,120.938805,0.0,88.71813,41.716343,48.670624,56.502777,34.9893,31.957848,39.1892,0.0,16.579693,14.835083,21.599277,12.047599,17.270771,11.674922,25.643682,0.0,16.852356,0.0,0.0,0.0,13.278318,39.30845,34.300735,34.115,131.2985,0.0,0.0,0.0,125.21084,42.16481,43.922333,29.691193,0.0,42.858234,0.0,0.0,41.65847,72.66529,15.261652,36.989445,31.225386,49.399773,13.402975,13.945847,34.763798,0.0,17.57274,22.147234,0.0,49.516052,13.239801,37.295727,7.1987762,47.12407,22.973095,37.52126,9.152832,18.694483,0.0,0.0,0.0,0.0,61.67506,0.0,0.0,50.6054,0.0,0.0,0.0,0.0,0.0,0.0,0.0,0.0,37.41105,59.59328,0.0,0.0,0.0,0.0,0.0,0.0,0.0,0.0,0.0,0.0,0.0,0.0,0.0,0.0,0.0,0.0,0.0,0.0,57.69255,25.323534,68.76244,0.0,0.0,0.0,0.0,0.0,0.0,147.54585,148.46202,0.0,0.0,0.0,0.0,0.0,37.931072,13.454137,0.0,0.0,0.0,36.750767,0.0,47.135384,56.302723,35.199215,0.0,0.0,0.0,0.0,63.46761,0.0,0.0,0.0,0.0,0.0,0.0,0.0,0.0,0.0,7.2759886,44.640736,25.142868,14.951625,27.110905,0.0,53.29063,0.0,0.0,40.255074,0.0,43.405746,57.852364,27.9474,69.996605,15.835204,20.324568,22.261314,0.0,0.0,21.954771,17.624544,0.0,19.819624,0.0,0.0,0.0,0.0,0.0,0.0,0.0,0.0,0.0,0.0,19.026411,6.230615,21.530481,8.291434,40.59962,27.132412,52.251156,48.964394,38.59283,41.573032,0.0,0.0,0.0,0.0,0.0,0.0,0.0,0.0,0.0,0.0,0.0,46.625954,58.222046,68.34446,0.0,0.0,0.0,0.0,48.221607,97.30443,36.926697,0.0,0.0,0.0,0.0,0.0,0.0,46.239605,0.0,0.0,52.58645,44.275616,39.84582,0.0,0.0,0.0,37.795124,0.0,0.0,0.0,39.88986,88.82144,30.583261,0.0,23.917557,57.227318,56.56149,17.227654,22.873287,25.098269,28.669027,0.0,0.0,0.0,0.0,60.664627,0.0,0.0
C10x17_C9x17,32.831696,0.0,0.0,0.0,86.78021,30.883083,0.0,0.0,0.0,0.0,17.484179,0.0,60.6185,0.0,0.0,0.0,182.68723,0.0,0.0,48.64443,0.0,0.0,0.0,0.0,45.613953,0.0,0.0,0.0,0.0,46.749733,0.0,0.0,0.0,0.0,0.0,0.0,39.39947,0.0,0.0,0.0,0.0,32.515057,0.0,15.557395,39.259045,0.0,34.71795,0.0,39.259045,17.20283,0.0,0.0,33.885647,46.123085,0.0,36.024075,0.0,0.0,114.976616,51.971935,0.0,0.0,16.789623,16.789623,22.237524,42.802696,0.0,0.0,0.0,33.094856,0.0,0.0,0.0,0.0,0.0,124.02527,24.708956,33.07134,9.319012,9.319012,0.0,16.644344,44.881443,0.0,0.0,18.149912,20.523916,0.0,0.0,0.0,0.0,0.0,0.0,0.0,0.0,0.0,26.510885,29.978502,0.0,0.0,67.77499,148.20947,111.07543,28.071106,64.27181,25.991316,29.39097,53.76296,0.0,0.0,0.0,0.0,48.830193,48.830193,48.830193,0.0,0.0,0.0,0.0,0.0,37.944973,0.0,0.0,0.0,33.55587,31.904484,0.0,18.649227,0.0,9.634554,0.0,0.0,0.0,0.0,0.0,39.449642,39.449642,0.0,157.58543,0.0,20.294384,17.946932,44.46198,0.0,35.79443,0.0,0.0,45.960876,0.0,0.0,0.0,0.0,0.0,0.0,54.413074,0.0,94.52735,0.0,8.198003,0.0,88.38221,52.45335,0.0,118.916374,0.0,65.72411,33.54175,37.92901,0.0,0.0,0.0,30.72386,0.0,0.0,22.674427,15.216748,0.0,24.57676,0.0,0.0,0.0,29.963701,0.0,0.0,0.0,20.209322,0.0,33.72636,31.362732,28.623615,0.0,56.562607,0.0,137.11823,14.192703,8.072934,39.69201,0.0,23.299812,0.0,0.0,0.0,0.0,33.66775,0.0,62.32125,49.339188,0.0,0.0,0.0,13.263768,0.0,0.0,25.730856,22.754564,23.717556,26.934462,0.0,0.0,33.59273,0.0,0.0,34.473732,68.96174,55.130127,21.847315,0.0,0.0,0.0,46.25818,0.0,17.926252,51.757305,0.0,43.81106,0.0,0.0,45.69315,0.0,49.078114,0.0,0.0,0.0,17.481482,62.425533,44.85937,40.770634,37.85302,0.0,49.93032,26.942013,0.0,0.0,42.500443,20.647879,50.133595,87.74012,0.0,79.25597,56.099045,51.079784,60.929615,0.0,0.0,0.0,0.0,0.0,0.0,0.0,0.0,0.0,0.0,0.0,0.0,0.0,0.0,0.0,0.0,0.0,0.0,49.425995,37.7678,129.578,0.0,0.0,0.0,136.50537,44.492912,58.668884,24.0392,35.11314,35.684166,0.0,0.0,46.123085,96.52388,59.984196,56.07974,33.36375,42.142048,24.135334,15.857745,0.0,23.384966,58.025017,41.502014,46.18041,56.04243,26.133358,39.439335,35.98119,45.866886,16.681356,34.438877,0.0,27.354168,0.0,0.0,0.0,0.0,54.786556,0.0,0.0,39.14914,39.888424,19.469439,0.0,0.0,0.0,0.0,0.0,0.0,0.0,0.0,0.0,0.0,0.0,0.0,0.0,0.0,0.0,0.0,0.0,0.0,0.0,0.0,0.0,0.0,0.0,0.0,0.0,0.0,42.41901,33.788467,54.551926,0.0,0.0,0.0,0.0,0.0,50.594376,158.3397,231.6306,0.0,22.971899,0.0,12.958185,37.04687,0.0,0.0,0.0,0.0,0.0,0.0,26.318094,35.599106,57.689182,37.68638,0.0,0.0,0.0,107.71781,33.58118,0.0,0.0,0.0,0.0,0.0,0.0,0.0,0.0,0.0,11.889998,62.293247,41.087017,56.370716,56.45459,37.876194,81.50474,31.13604,12.594042,23.481104,0.0,37.528152,73.49752,67.64074,102.21004,23.594627,30.28383,49.2304,28.975382,31.47028,21.310762,25.147156,0.0,23.299812,0.0,0.0,0.0,0.0,0.0,0.0,0.0,0.0,0.0,0.0,37.986656,0.0,17.207094,0.0,0.0,30.466022,0.0,50.72697,25.730856,0.0,0.0,0.0,39.888424,0.0,0.0,0.0,0.0,0.0,0.0,0.0,46.18041,41.330822,69.87685,0.0,0.0,0.0,0.0,0.0,53.366707,62.952255,21.310762,0.0,29.539225,35.965023,46.18041,0.0,52.363953,76.22743,0.0,0.0,47.44977,0.0,40.689835,29.41738,31.379227,47.056786,29.402164,0.0,0.0,0.0,41.502014,56.57476,25.733732,0.0,0.0,0.0,67.66941,44.29578,27.365295,19.180395,0.0,0.0,0.0,0.0,0.0,46.91715,31.776766,0.0
C10x19_C10x20,0.0,0.0,0.0,22.905756,27.071386,15.59257,0.0,0.0,0.0,0.0,0.0,0.0,48.21016,0.0,0.0,28.360895,54.67277,26.12377,45.247696,36.074783,0.0,0.0,13.523425,0.0,13.523425,0.0,13.523425,0.0,0.0,22.256859,0.0,0.0,25.805908,0.0,0.0,36.495068,0.0,33.471893,9.131491,12.822561,15.779014,0.0,66.72028,0.0,133.99573,38.795303,56.07198,0.0,79.29775,139.19443,13.97286,13.97286,29.758142,0.0,0.0,0.0,0.0,21.306345,0.0,0.0,31.901266,18.418203,23.9435,33.86122,0.0,33.98201,41.668488,31.507,0.0,25.379993,25.56074,0.0,11.155519,29.7253,0.0,45.75183,10.702363,0.0,0.0,0.0,0.0,0.0,73.47376,0.0,0.0,32.858467,46.468887,0.0,95.68145,42.790043,60.51426,0.0,25.014893,0.0,0.0,25.014893,35.126244,35.3764,39.346508,25.106445,105.194,120.53043,74.515076,19.493412,59.199047,26.474619,23.874458,70.04526,27.764174,13.882087,0.0,0.0,0.0,27.090696,0.0,27.090696,27.090696,27.090696,46.922462,7.2592177,26.785603,0.0,68.92485,34.462425,34.462425,0.0,0.0,0.0,14.093033,23.349064,22.108433,54.090744,31.044956,31.266047,0.0,15.759677,22.287548,29.871382,180.92047,0.0,67.8998,27.605133,0.0,4.8212233,26.2837,0.0,0.0,0.0,17.096867,0.0,0.0,34.193733,0.0,36.48226,21.063044,0.0,0.0,0.0,0.0,32.218468,18.601343,48.993298,0.0,120.72121,60.00429,23.71695,32.259026,40.252193,0.0,0.0,21.745008,112.736084,45.833626,0.0,90.87267,8.166642,0.0,24.411552,0.0,0.0,0.0,10.879562,0.0,0.0,0.0,0.0,0.0,67.83733,9.00187,21.588951,0.0,0.0,0.0,39.57455,0.0,35.189205,22.869986,90.66845,0.0,0.0,0.0,0.0,0.0,41.210564,47.13982,12.768058,31.29969,0.0,0.0,0.0,0.0,0.0,26.6017,91.88005,37.35446,14.786205,26.978283,0.0,29.232132,41.048153,29.941862,21.322872,42.264347,111.820946,0.0,0.0,0.0,0.0,0.0,53.399242,0.0,55.88832,125.593735,0.0,40.142105,0.0,0.0,24.890823,0.0,25.825401,62.54499,27.97097,0.0,2.6206954,2.6206954,0.0,59.45208,21.41461,0.0,0.0,26.474669,0.0,0.0,0.0,42.858013,127.93998,52.20042,25.125853,65.3972,137.05957,32.612225,22.114925,0.0,24.201704,0.0,19.439041,50.63154,24.044481,0.0,0.0,31.504272,0.0,0.0,43.32706,0.0,0.0,0.0,38.29293,46.075497,38.229755,0.0,0.0,0.0,18.166462,24.581081,37.463757,69.236946,64.902824,40.384243,32.858467,55.539467,26.474669,25.805908,49.086388,0.0,17.22949,0.0,0.0,28.2265,0.0,31.334377,0.0,0.0,0.0,0.0,35.282055,0.0,45.019344,18.666992,19.493412,0.0,0.0,10.379985,10.193491,0.0,31.226421,0.0,56.1345,0.0,0.0,32.421875,0.0,22.041758,17.848331,31.833485,22.080416,57.34376,38.31203,24.17862,0.0,0.0,0.0,17.872044,0.0,0.0,0.0,11.223136,0.0,0.0,0.0,0.0,17.397741,7.7477984,16.286688,7.129028,0.0,30.141695,19.212381,32.64007,0.0,26.6017,0.0,0.0,0.0,24.581081,0.0,0.0,47.914673,0.0,51.290596,68.10008,69.18169,106.567375,0.0,9.72182,0.0,0.0,51.83778,0.0,0.0,0.0,0.0,0.0,0.0,16.87091,15.531093,0.0,0.0,40.548164,55.278564,0.0,35.20094,85.44031,0.0,45.72736,0.0,51.148697,24.17862,38.992268,19.662113,34.485214,13.469391,0.0,0.0,0.0,0.0,0.0,0.0,0.0,22.951565,37.48771,6.3621306,0.0,0.0,0.0,0.0,0.0,0.0,0.0,0.0,0.0,0.0,0.0,0.0,0.0,0.0,0.0,0.0,0.0,28.917171,0.0,0.0,0.0,0.0,36.36079,0.0,41.340477,30.155096,11.549376,14.408297,39.556927,37.440838,46.160034,0.0,41.679935,47.47553,0.0,29.601812,0.0,0.0,0.0,0.0,0.0,0.0,40.03695,15.585876,0.0,0.0,0.0,0.0,0.0,10.867427,23.859072,0.0,34.88681,24.890823,37.48771,0.0,50.163105,57.072994,0.0,0.0,47.760754,21.754263,26.62777,0.0,0.0,0.0,0.0,52.014877,0.0,0.0,0.0,0.0,0.0,0.0,25.125853,118.221535,5.6128955,0.0,20.764482,0.0,99.915436,25.541239,44.68354,0.0,42.32537,0.0,0.0,30.141695,0.0,86.62883,44.772747,0.0
C10x19_C11x19,0.0,0.0,0.0,15.396842,33.94243,13.844062,0.0,0.0,0.0,15.041095,22.277678,0.0,36.52789,0.0,0.0,31.443054,65.20227,0.0,0.0,24.599897,0.0,0.0,8.400069,0.0,12.857666,8.400069,0.0,0.0,11.879492,32.95322,0.0,6.016625,26.94883,6.016625,0.0,24.123924,0.0,31.559423,6.5122437,29.195072,20.644033,0.0,50.92276,0.0,110.040375,35.35763,53.707264,0.0,50.003242,94.525665,9.9649315,9.9649315,41.28819,0.0,0.0,0.0,22.826427,24.675016,9.318566,0.0,20.365828,27.456444,0.0,0.0,0.0,38.540768,35.608696,15.944706,0.0,5.339199,22.130558,0.0,0.0,26.257751,0.0,40.241074,22.112938,0.0,0.0,0.0,0.0,0.0,77.30444,20.410019,0.0,43.200947,38.67241,0.0,56.976276,25.480566,36.03496,27.512436,17.839703,0.0,0.0,17.839703,48.908146,43.781357,74.05676,17.904995,98.19751,118.17931,79.46509,0.0,71.894295,0.0,0.0,55.442616,38.389683,19.194841,0.0,0.0,42.611504,11.231627,0.0,11.231627,17.743923,14.84918,44.877533,5.1770077,18.477098,0.0,34.316742,12.335248,24.644728,29.439579,0.0,19.43586,15.87817,44.05373,20.38957,51.35147,0.0,28.835209,0.0,0.0,0.0,20.555616,166.86142,0.0,43.632954,5.0960927,9.320136,0.0,7.343318,0.0,42.631626,24.61338,18.741127,28.072533,0.0,37.482254,21.315685,41.511528,38.225163,0.0,0.0,0.0,0.0,0.0,26.816484,37.679317,0.0,119.98219,35.7258,0.0,23.10229,34.087692,0.0,11.108618,19.450087,72.4451,0.0,0.0,58.395504,0.0,0.0,0.0,0.0,8.899969,15.664091,37.503304,0.0,0.0,0.0,0.0,0.0,58.77925,63.699154,31.123549,0.0,0.0,0.0,47.147297,55.224537,22.612864,19.800432,66.740005,57.718033,3.9518344,0.0,0.0,0.0,56.461906,0.0,17.935148,28.624958,0.0,0.0,0.0,0.0,0.0,22.169449,68.99599,38.074757,0.0,35.516464,0.0,20.847284,4.160796,6.126323,15.206691,29.675716,65.21611,0.0,11.323141,16.02673,0.0,0.0,72.05059,0.0,0.0,85.97878,0.0,54.200626,0.0,0.0,39.742264,0.0,37.420235,47.60218,26.602083,25.222874,0.0,3.2556872,23.461971,44.125595,3.151034,0.0,33.625034,17.414452,13.351127,0.0,58.648438,47.912975,97.36041,94.14971,27.587458,57.92038,94.54417,33.360176,28.764038,0.0,17.259768,29.160267,13.863211,36.10855,33.246437,0.0,0.0,31.013828,35.351192,0.0,30.89927,23.12483,15.907925,10.4211,35.315773,38.398613,80.52671,0.0,0.0,57.88303,28.460726,26.445864,32.985516,63.022972,34.16571,29.345112,59.53266,67.397415,23.997826,37.136585,33.415585,0.0,51.410225,43.918697,2.4394188,0.0,35.804134,23.385094,0.0,20.59439,0.0,0.0,33.462025,30.767054,22.689026,0.0,0.0,16.591494,15.58847,17.53794,20.509687,22.921125,27.204391,31.838184,0.0,22.245564,18.082087,0.0,7.9145575,38.325348,21.009197,16.043566,19.23641,42.210087,15.883919,26.503954,0.0,25.317348,15.163225,12.745687,0.0,0.0,18.560509,8.003928,6.480721,0.0,19.441786,0.0,22.001244,5.5254455,11.6150675,11.76457,0.0,21.49595,13.701565,23.277702,0.0,22.169449,0.0,0.0,0.0,0.0,19.97876,0.0,47.439503,0.0,60.71611,70.632515,49.125835,130.06364,0.0,0.0,28.072533,0.0,34.207897,0.0,0.0,0.0,0.0,0.0,0.0,20.162773,18.85479,13.406327,11.731957,29.847036,38.916637,0.0,64.07423,73.4378,0.0,37.209312,0.0,36.47737,26.503954,27.807856,27.384283,30.415693,9.605876,0.0,0.0,0.0,0.0,0.0,0.0,0.0,17.778742,33.933933,4.5795703,0.0,0.0,0.0,0.0,0.0,0.0,0.0,0.0,0.0,0.0,0.0,0.0,0.0,28.355688,0.0,21.755592,26.248524,19.03959,18.381784,0.0,12.988766,20.739182,24.977564,10.070649,29.482512,21.505507,7.173889,10.275469,23.813524,18.881344,32.919643,21.002573,34.083576,36.18166,7.9670305,50.238567,26.496046,9.835949,17.295012,0.0,0.0,0.0,21.822302,27.100113,0.0,0.0,30.646704,0.0,0.0,33.32637,28.635632,0.0,81.49292,33.258713,33.933933,0.0,47.78288,45.358334,0.0,0.0,43.91896,62.347927,22.250443,0.0,0.0,0.0,0.0,30.170134,8.765975,18.163427,10.683724,14.855747,0.0,0.0,27.587458,83.18321,0.0,13.526448,14.808467,0.0,103.32885,0.0,43.2234,0.0,36.07842,0.0,0.0,21.49595,0.0,55.66837,47.92803,0.0
C10x24_C10x25,32.75403,0.0,0.0,0.0,54.321518,0.0,0.0,0.0,0.0,0.0,13.162976,0.0,0.0,0.0,27.549187,0.0,130.80576,0.0,0.0,30.766,19.291172,0.0,0.0,36.217903,20.012085,13.231859,44.571373,20.910416,0.0,37.921345,0.0,36.22852,52.182667,0.0,36.50836,0.0,22.31447,45.810383,34.50669,14.437014,0.0,0.0,0.0,0.0,0.0,0.0,0.0,0.0,0.0,0.0,0.0,52.753544,0.0,37.42458,0.0,64.83551,27.144335,17.020283,26.165947,0.0,0.0,17.433395,0.0,23.321903,31.88736,39.05388,0.0,0.0,0.0,0.0,0.0,0.0,0.0,0.0,0.0,0.0,29.386536,37.182137,0.0,0.0,0.0,0.0,74.85152,0.0,34.65825,73.87543,0.0,0.0,0.0,0.0,0.0,27.796303,0.0,41.659046,0.0,41.33972,0.0,0.0,0.0,0.0,26.649906,56.12089,52.67627,26.629833,53.259666,56.762535,0.0,21.246838,0.0,0.0,0.0,0.0,38.481644,0.0,29.104465,0.0,0.0,0.0,97.36975,0.0,0.0,0.0,58.155224,23.741772,24.716139,52.08908,24.437305,6.7188864,14.32157,50.105846,0.0,0.0,0.0,0.0,0.0,47.804985,22.891758,0.0,249.48296,33.31683,13.548724,28.879637,23.21729,0.0,0.0,0.0,21.428606,37.031536,47.076927,0.0,0.0,0.0,0.0,0.0,46.92362,0.0,0.0,31.441109,103.40106,0.0,23.60948,0.0,0.0,0.0,0.0,39.946033,52.567238,0.0,0.0,7.133008,23.904333,37.104218,18.297035,37.104218,37.107327,91.08738,0.0,56.360886,26.4414,49.79968,0.0,3.1127472,1.4603282,0.0,49.459496,76.32739,23.20365,0.0,16.80753,75.582054,5.925146,4.189711,4.189711,92.509,0.0,36.656055,41.65491,0.0,24.536877,0.0,0.0,0.0,50.756504,30.752333,14.222926,14.633149,52.010242,24.400322,24.379356,0.0,49.105213,24.552607,0.0,12.308702,26.236486,36.853703,88.7499,0.0,0.0,47.451794,49.298485,0.0,0.0,0.0,0.0,46.354893,0.0,0.0,23.032373,0.0,0.0,75.42949,47.430164,26.381554,60.296,13.203131,0.0,50.65093,23.762604,24.79456,48.211662,38.65443,0.0,75.384865,0.0,50.952774,40.6639,34.515743,0.0,63.965088,60.99635,0.0,0.0,15.796163,33.670143,42.545166,48.720577,0.0,70.59687,31.58241,47.07047,31.15896,23.762604,84.08267,44.709587,36.206978,22.261747,27.438591,43.885906,6.7188864,49.29351,50.267437,26.835852,65.89044,45.765545,17.289713,57.743813,0.0,12.308702,63.029026,13.40216,44.275978,19.869595,37.135822,0.0,0.0,64.80624,22.261747,51.70566,52.727245,69.11476,48.00506,60.569477,0.0,44.27719,41.69785,48.726643,25.824762,0.0,24.678726,34.936367,14.79825,28.921339,29.332478,27.75957,10.783344,37.897144,55.692894,0.0,42.469868,39.998875,10.920764,30.201073,58.569496,0.0,54.6006,0.0,14.867843,41.403313,8.73416,34.417168,0.0,28.727667,56.17582,0.0,0.0,0.0,0.0,0.0,0.0,15.474273,0.0,0.0,0.0,11.804289,0.0,22.716291,0.0,27.534056,7.9955053,57.49364,29.914032,39.0493,21.13728,17.547363,0.0,0.0,22.091417,32.92179,0.0,0.0,0.0,36.718006,71.764626,9.828584,24.536877,21.747143,22.87197,25.953857,0.0,0.0,0.0,71.52374,29.412249,21.78832,0.0,17.289713,7.1673627,47.31682,0.0,0.0,0.0,0.0,69.64619,50.169266,46.839844,17.406052,40.096542,0.0,0.0,0.0,29.521727,31.528288,0.0,0.0,0.0,0.0,0.0,0.0,0.0,0.0,0.0,23.802168,30.37192,42.733147,51.434563,38.950024,33.176086,23.904215,31.968374,0.0,0.0,61.11527,0.0,37.897144,25.192081,38.914192,37.005714,2.328965,31.166307,27.57403,66.40289,19.630203,0.0,0.0,0.0,0.0,0.0,0.0,0.0,0.0,0.0,0.0,0.0,0.0,0.0,0.0,0.0,0.0,0.0,0.0,0.0,0.0,0.0,0.0,0.0,0.0,74.19395,0.0,39.087925,24.041862,10.19635,0.0,0.0,0.0,0.0,8.411366,26.89906,26.324903,8.73416,0.0,0.0,0.0,0.0,0.0,37.897144,19.630203,0.0,0.0,37.197853,0.0,63.66078,0.0,0.0,37.88792,35.67541,0.0,0.0,0.0,17.132504,21.747143,23.904215,25.898926,33.480778,0.0,0.0,11.711206,0.0,0.0,27.816065,0.0,0.0,13.522937,39.7412,14.412335,57.201675,15.277515,21.636335,27.208809,0.0,0.0,28.200222,26.61866,46.56326
C10x24_C11x24,44.986885,0.0,0.0,22.531752,50.192314,0.0,0.0,0.0,0.0,12.20427,27.135197,0.0,33.062805,0.0,32.04798,0.0,123.67013,0.0,0.0,30.523693,23.000183,7.8021903,0.0,42.24486,34.506947,9.664171,31.47711,18.173319,0.0,0.0,0.0,21.568838,56.326855,0.0,32.520325,0.0,35.07381,38.578392,0.0,25.999054,0.0,0.0,0.0,0.0,0.0,0.0,0.0,0.0,0.0,0.0,0.0,20.47431,63.849762,61.074493,0.0,108.96765,12.661129,12.661129,11.380529,0.0,0.0,22.335562,15.384385,24.422293,0.0,0.0,0.0,0.0,0.0,8.449406,0.0,0.0,0.0,0.0,18.8035,55.802692,0.0,39.59658,0.0,0.0,0.0,0.0,71.562256,0.0,35.781128,61.974728,0.0,0.0,0.0,0.0,18.315338,24.2824,0.0,25.601776,0.0,19.780186,44.343575,0.0,0.0,0.0,35.596863,47.979443,60.70656,0.0,70.90514,30.31652,0.0,26.447466,0.0,0.0,0.0,47.64656,49.9923,0.0,0.0,0.0,0.0,0.0,121.558304,0.0,0.0,0.0,0.0,0.0,0.0,44.976185,25.967012,27.441269,32.031574,27.624722,0.0,0.0,0.0,0.0,0.0,33.921997,0.0,0.0,194.9359,38.850376,0.0,15.922132,30.397987,0.0,45.369766,0.0,14.75379,40.31215,14.724077,0.0,23.374071,20.822989,0.0,23.907867,45.07655,0.0,0.0,36.913704,124.70293,0.0,23.770725,36.289703,20.951872,75.56883,0.0,59.839306,52.550175,0.0,0.0,6.747266,22.183626,41.013374,47.873985,30.30056,45.448147,43.683815,0.0,53.464676,30.867844,27.511341,0.0,36.981293,21.35116,0.0,74.31608,63.666164,42.90641,15.382419,29.450123,50.21519,22.04567,15.588642,15.588642,75.09419,13.787602,44.88324,41.492214,0.0,0.0,0.0,0.0,0.0,39.920425,27.07849,22.86616,22.590136,28.674667,6.0242114,27.701702,0.0,56.00285,25.803999,0.0,9.955973,11.621383,20.318453,55.285717,0.0,0.0,29.935202,34.536507,0.0,11.582891,0.0,0.0,50.43545,0.0,0.0,0.0,16.890373,0.0,68.56518,0.0,34.937016,54.136185,26.32699,15.213079,27.925238,15.495351,30.382395,44.28986,26.546175,0.0,59.31252,0.0,18.58153,38.146942,56.25459,6.2138247,51.755917,38.56754,0.0,0.0,0.0,7.321637,50.501915,76.1038,0.0,52.41231,29.950132,45.850452,34.834328,28.586933,68.00875,65.90698,36.13158,31.885096,0.0,53.586388,34.11802,42.988796,66.01159,40.46906,47.231987,37.732513,0.0,59.995823,0.0,12.3783655,92.326454,12.921601,36.8468,2.0599768,42.118813,3.1936624,19.856451,46.219154,37.089573,50.005684,76.78639,54.94147,43.891438,69.788704,0.0,45.121655,39.586163,35.78544,32.478603,10.9347925,16.178114,22.941769,5.735332,22.38078,33.091164,26.45222,9.169825,33.00397,43.801365,18.8035,35.830154,34.834328,29.046135,23.622091,52.51087,27.62509,34.586,0.0,47.873985,16.128195,12.018951,0.0,33.541687,34.937016,31.032528,0.0,0.0,19.119055,0.0,14.724077,11.510093,16.178114,0.0,25.462593,49.197483,21.789064,5.7128124,20.22104,10.109414,11.150791,22.37382,28.229792,22.612354,22.553167,18.211739,20.941076,7.378157,0.0,27.403008,10.386116,14.498505,7.6345305,0.0,26.47317,59.214184,2.0599768,0.0,29.118921,28.592716,0.0,14.724077,16.76163,32.45092,85.77026,14.26631,11.368187,0.0,0.0,12.150625,22.31119,20.175827,0.0,0.0,0.0,76.31464,34.923225,37.90854,70.030365,42.17458,0.0,0.0,0.0,61.123608,21.750141,0.0,0.0,0.0,0.0,0.0,0.0,0.0,0.0,0.0,13.349778,31.255539,25.220863,30.339859,34.2441,27.640057,9.311617,45.486057,12.740002,0.0,48.652237,0.0,27.925238,7.321637,28.674667,42.90641,28.904524,23.95554,20.318453,35.12016,9.784544,0.0,0.0,0.0,0.0,0.0,0.0,0.0,0.0,0.0,0.0,0.0,0.0,0.0,0.0,0.0,0.0,0.0,0.0,0.0,0.0,0.0,0.0,0.0,0.0,62.631443,0.0,35.46006,0.0,15.554011,0.0,0.0,0.0,0.0,0.0,0.0,3.0566719,12.018951,0.0,23.886597,34.198757,0.0,75.67683,38.144444,13.365188,0.0,0.0,14.089107,0.0,31.636665,34.923225,0.0,24.43813,21.309023,0.0,0.0,0.0,34.034653,29.118921,9.311617,26.327555,24.811853,0.0,0.0,21.315752,0.0,16.129477,22.39192,0.0,17.443926,18.33965,40.359875,15.882602,37.994225,21.0455,0.0,23.066658,0.0,0.0,20.009373,34.923225,23.126913
C10x25_C10x26,9.588174,0.0,0.0,0.0,66.9327,0.0,0.0,12.604242,10.840508,8.894533,32.08397,0.0,16.282263,0.0,30.265287,27.126036,89.05075,0.0,0.0,24.7196,8.116388,5.74177,8.12009,66.47979,60.497875,34.096874,44.49233,25.687658,0.0,39.897755,0.0,25.14047,35.514683,0.0,35.553993,24.624079,13.321421,15.898014,10.359733,7.804741,0.0,0.0,0.0,0.0,0.0,0.0,0.0,0.0,0.0,0.0,0.0,17.222092,24.328787,37.94584,0.0,71.95658,17.890198,17.482075,8.111919,20.64836,0.0,29.400187,11.383873,36.29272,54.228058,49.348568,0.0,0.0,0.0,7.8439546,11.093026,0.0,0.0,0.0,14.434291,55.595585,0.0,39.41898,0.0,24.149118,13.885765,0.0,82.27283,0.0,16.067762,44.212303,30.654566,0.0,0.0,0.0,0.0,21.99345,0.0,23.530005,0.0,17.408688,23.503986,16.29647,6.6365633,0.0,13.504121,30.45228,26.019283,19.57375,74.501495,33.90273,0.0,51.439365,16.547634,0.0,0.0,17.182148,20.506895,0.0,16.126959,0.0,0.0,0.0,53.6359,0.0,0.0,0.0,43.506645,13.970748,46.050575,33.15848,33.195187,18.42694,18.90934,31.76831,0.0,0.0,0.0,0.0,0.0,41.24888,34.490906,0.0,161.32602,23.550713,12.961729,18.310383,22.211407,0.0,8.435946,0.0,10.250951,18.319216,47.452835,18.767996,0.0,23.970676,10.835707,16.760235,16.643942,0.0,0.0,17.856846,71.29824,0.0,28.4928,16.244558,9.3788,47.218258,0.0,39.333508,44.719173,31.006004,0.0,0.0,25.027657,22.703993,23.298363,18.290257,19.566725,56.031338,0.0,35.734154,0.0,30.611584,21.224518,26.82443,7.5564923,0.0,36.401577,43.279266,16.151432,10.694723,16.88647,29.66046,13.018371,9.205379,9.205379,108.11916,0.0,0.0,27.83226,0.0,30.441082,0.0,0.0,24.133854,39.603188,36.7728,19.350353,33.585735,32.975742,10.742633,10.151787,0.0,62.995102,16.55068,0.0,27.583893,28.306011,23.366133,54.563038,0.0,0.0,38.039745,36.976543,0.0,17.40474,0.0,0.0,29.390112,0.0,0.0,20.487585,12.381026,21.915844,42.576397,66.17572,15.914254,40.71218,12.853177,0.0,32.113903,0.0,15.720346,84.571724,38.485294,0.0,47.092255,32.65138,37.287704,32.78017,29.034525,4.0373797,83.90617,43.51195,0.0,19.497374,29.558899,30.332724,16.630375,22.031778,0.0,55.767277,27.767721,23.010487,16.947449,53.26373,40.35143,67.37731,51.617558,47.60175,54.8914,21.976336,23.662556,41.791233,73.32999,60.152393,38.983425,72.168396,38.754784,58.904217,0.0,35.421257,49.497807,10.614846,0.0,12.643604,20.870813,16.03036,24.990318,56.274364,56.19359,35.513657,62.31489,33.5572,61.327785,50.056053,0.0,42.260117,30.130007,45.043278,19.889225,11.57294,12.840796,17.40727,8.000029,23.53225,23.93378,21.082302,16.497602,27.676083,40.27843,14.434291,28.521828,29.21096,11.419007,21.16083,41.950214,18.676641,39.874527,7.2670937,23.298363,37.287704,8.331152,5.6430044,31.289812,27.789341,27.68947,0.0,0.0,0.0,0.0,0.0,0.0,9.361647,0.0,0.0,0.0,22.733095,23.245604,31.611246,12.426314,9.379557,23.343184,25.768291,23.506731,18.988731,21.329365,33.957664,25.673195,13.61173,38.6246,17.854794,28.57558,21.692427,20.474745,15.8011875,26.810995,8.336299,18.035267,10.700243,20.973555,24.078302,0.0,0.0,44.574715,67.468864,0.0,31.079924,22.87412,24.662891,10.254707,30.299526,31.585075,0.0,0.0,0.0,21.458014,73.61906,46.465096,47.831223,62.492054,0.0,0.0,0.0,45.234524,65.58319,0.0,0.0,0.0,0.0,0.0,0.0,0.0,0.0,0.0,37.017475,40.757248,52.742046,44.768673,47.144382,13.451317,21.528065,37.844563,38.48874,19.268717,0.0,20.011084,0.0,17.512606,10.742633,16.151432,7.5564923,16.068964,11.34345,17.498829,16.342484,0.0,0.0,16.610561,5.6260924,0.0,0.0,0.0,0.0,0.0,0.0,0.0,0.0,0.0,15.167453,25.637661,36.52822,0.0,18.932327,30.168982,8.556898,14.815959,7.8016934,6.252399,21.224518,93.82048,0.0,34.432884,0.0,8.791002,2.3000062,0.0,0.0,0.0,22.733095,15.990914,14.07054,8.331152,0.0,17.509415,0.0,0.0,46.62486,38.181484,33.28913,0.0,0.0,49.91723,0.0,45.523167,0.0,0.0,45.601204,31.37951,0.0,0.0,0.0,9.852911,10.700243,21.528065,22.961637,19.42881,0.0,0.0,42.69588,0.0,14.722881,27.321814,0.0,0.0,62.793083,25.196877,28.574684,36.267235,17.761673,23.528261,14.515235,0.0,0.0,46.84694,29.125723,13.17477
C10x25_C11x25,46.64876,0.0,0.0,0.0,61.455944,0.0,0.0,0.0,0.0,0.0,26.1189,0.0,25.094036,0.0,30.397532,31.423435,120.81191,0.0,0.0,17.332674,16.498835,0.0,0.0,41.658535,37.91006,26.604689,27.88043,16.096775,0.0,16.722834,0.0,26.20849,38.07613,0.0,38.082073,0.0,18.074448,29.59902,17.26549,15.559942,0.0,0.0,0.0,0.0,0.0,0.0,0.0,0.0,0.0,0.0,0.0,24.773973,38.670998,63.366627,0.0,106.61911,13.594164,18.08432,24.024609,22.707718,0.0,28.06216,0.0,33.435,49.958096,45.462822,0.0,0.0,0.0,0.0,0.0,0.0,0.0,0.0,11.056305,39.434742,0.0,37.016033,0.0,22.902231,0.0,0.0,86.45127,0.0,29.42135,50.95927,0.0,0.0,0.0,0.0,0.0,21.7788,0.0,25.814642,0.0,21.205118,25.810614,0.0,0.0,0.0,25.608294,31.067747,48.98234,8.831011,103.36525,23.200312,0.0,16.97235,0.0,0.0,0.0,27.550602,37.058296,0.0,0.0,0.0,0.0,0.0,87.68399,0.0,0.0,0.0,27.311468,0.0,0.0,59.847683,59.857025,22.193455,20.207668,25.419865,0.0,51.08793,24.319275,0.0,0.0,28.729822,26.029043,0.0,201.47548,26.409828,12.930904,11.773894,40.56851,0.0,24.800154,0.0,21.49751,32.700527,18.788395,0.0,13.364214,14.722423,14.722423,18.447603,31.07887,0.0,0.0,29.318773,117.063065,0.0,11.198046,24.992561,14.429463,62.72473,0.0,38.32923,42.113342,0.0,0.0,4.784981,30.558243,24.331846,22.154724,22.448626,53.389786,58.307587,0.0,45.61344,26.334934,20.085228,0.0,17.887197,10.327179,0.0,37.82573,42.983883,21.838697,0.0,46.729603,50.06019,6.763361,4.782418,4.782418,119.63171,17.299438,31.805403,36.806053,0.0,31.415783,0.0,0.0,0.0,25.334515,34.53275,15.056418,23.765518,25.024273,14.447772,8.889449,0.0,91.16614,12.352429,0.0,26.678604,24.291502,14.409305,49.43179,0.0,0.0,36.635445,34.50936,0.0,0.0,0.0,0.0,40.54752,0.0,0.0,15.292393,12.315954,0.0,57.7455,64.075066,33.539494,49.886765,17.783913,0.0,27.285748,15.753434,9.694341,49.85656,33.03671,0.0,47.0696,0.0,27.617094,36.698174,29.72626,0.0,83.86842,39.923706,0.0,0.0,8.402631,13.164575,42.54397,50.009632,0.0,52.112335,27.849806,31.15967,20.902128,40.77282,57.785683,82.95844,42.930683,54.74398,39.447834,25.547749,30.196114,34.482105,76.14793,70.90066,38.56854,59.65759,24.500355,56.896782,36.34005,36.29855,55.588963,10.826231,27.871342,19.583815,37.25523,4.2466125,31.969734,52.83238,57.212154,36.036755,79.58111,40.30743,62.347294,59.46201,37.978466,69.16691,20.546154,44.422573,17.162464,13.807676,12.896311,19.174446,7.733091,19.073753,21.930695,17.36423,5.6350303,19.803833,26.853214,11.056305,23.200312,21.417873,9.870909,19.425789,32.070213,13.364214,26.924961,7.7423944,22.154724,27.617094,23.739056,0.0,0.0,44.6176,27.299267,0.0,0.0,0.0,0.0,0.0,0.0,0.0,0.0,0.0,0.0,28.972921,19.259712,30.300129,18.867245,13.432593,29.750465,35.486176,36.964058,24.200798,24.080696,37.137913,30.396645,8.738916,40.169884,14.193079,29.14558,15.561974,0.0,22.337067,43.76201,2.2083743,16.514997,23.410122,20.130493,16.944212,0.0,0.0,49.248116,86.370316,10.117287,10.845364,0.0,6.1572886,0.0,26.109135,25.637028,0.0,0.0,0.0,46.76988,69.92728,43.95586,55.57754,68.55201,0.0,0.0,0.0,42.829308,37.479805,0.0,0.0,0.0,0.0,0.0,0.0,0.0,0.0,0.0,34.514748,49.89455,58.316685,42.11992,47.076946,22.158182,27.621407,50.046566,33.03006,0.0,58.231304,21.319899,19.803833,13.164575,20.33531,24.255833,16.54195,21.249987,14.409305,28.53946,14.024706,0.0,0.0,23.690435,0.0,0.0,0.0,0.0,0.0,0.0,0.0,0.0,0.0,0.0,0.0,0.0,0.0,0.0,0.0,0.0,0.0,0.0,0.0,0.0,0.0,39.011665,0.0,41.71969,22.679256,0.0,2.450437,0.0,0.0,0.0,17.48019,24.816444,17.152573,23.739056,0.0,17.417389,0.0,0.0,52.048656,35.09447,26.678604,0.0,5.0675683,55.35492,0.0,29.150858,0.0,0.0,33.202892,33.61763,0.0,0.0,0.0,22.364986,23.410122,15.944738,14.67857,26.40311,0.0,0.0,7.4688873,5.0675683,0.0,22.760166,0.0,0.0,25.105968,23.07591,5.6350303,47.447723,5.9733033,15.306038,17.078722,0.0,0.0,48.94096,8.613498,30.56934
C10x26_C10x27,36.17344,0.0,0.0,0.0,63.104507,9.813758,0.0,0.0,13.998241,15.156865,49.214275,9.859371,19.26231,0.0,31.492075,35.690594,76.17265,20.766703,0.0,22.829754,17.946133,27.431116,26.720638,27.431116,35.68905,27.431116,37.788692,0.0,0.0,48.00422,0.0,19.824488,16.341726,0.0,16.359816,25.569681,11.464077,21.983128,13.318376,16.533737,0.0,0.0,0.0,7.5410714,6.575389,5.3323426,7.5327334,6.575389,3.7663667,3.7663667,0.0,14.073596,19.881063,33.47392,0.0,73.63748,37.034416,23.374172,0.0,32.808018,0.0,40.857807,24.362705,0.0,24.362705,0.0,0.0,0.0,39.825703,17.728552,19.172724,0.0,0.0,0.0,23.287434,50.460865,0.0,57.93594,0.0,41.569572,24.640024,0.0,59.666035,0.0,18.026474,33.682995,25.593815,0.0,0.0,0.0,22.397736,0.0,0.0,32.274345,0.0,22.821407,32.23866,16.11933,16.705954,0.0,24.545506,49.81034,55.94945,0.0,78.61653,44.381035,0.0,66.62069,22.190517,0.0,0.0,0.0,36.001377,20.621502,20.621502,0.0,0.0,8.983671,77.52686,0.0,0.0,0.0,39.099052,0.0,48.561657,19.376823,19.398273,26.038021,29.829027,29.014383,0.0,50.02035,25.139349,12.5696745,0.0,39.27238,51.985348,0.0,135.49733,40.85294,14.3608055,16.451668,29.38274,0.0,0.0,0.0,21.622278,15.600611,69.587975,28.505514,0.0,16.457666,16.457666,23.8725,17.22416,0.0,0.0,0.0,30.227652,0.0,16.119522,13.493148,15.618146,34.903698,9.01714,56.03335,24.81236,20.207373,0.0,0.0,8.537369,31.08073,35.605934,31.08073,39.17121,31.906301,0.0,19.505209,0.0,28.988697,25.130352,0.0,12.609993,0.0,2.9300385,32.378532,28.446665,18.929638,30.106789,23.428642,0.0,16.975649,0.0,123.921906,5.5382047,0.0,46.27101,0.0,0.0,0.0,0.0,22.844496,43.05315,26.899076,29.900902,36.559196,0.0,23.779564,0.0,0.0,62.659153,0.0,0.0,30.753561,35.23113,31.558731,20.850597,0.0,0.0,16.389145,16.243126,0.0,24.700623,37.078285,17.485312,36.827984,0.0,0.0,23.062506,18.546167,41.304634,22.802622,51.876286,26.80165,23.923973,0.0,0.0,15.688133,20.0875,31.612417,91.14393,51.453068,0.0,0.0,35.47136,7.3095922,42.75423,19.627565,0.0,29.58783,14.870321,0.0,9.231154,35.31655,40.458466,22.224836,9.472968,0.0,23.990988,0.0,19.110662,13.317181,32.50395,32.389843,48.622345,63.981804,57.97387,72.304726,29.530233,48.596874,25.502907,54.875683,73.549095,52.522602,32.195004,51.41488,45.996017,40.956543,57.397873,70.85356,0.0,0.0,23.025696,32.674217,25.598238,35.258343,57.833775,72.00815,31.676634,57.18462,36.526474,39.988754,57.1307,28.48294,48.753338,29.88529,10.400797,36.434513,24.51637,23.105698,36.25167,16.947435,40.287697,49.47438,33.385757,34.948887,25.55384,41.83181,29.624563,38.20843,43.511242,12.506815,30.367424,46.971333,0.0,30.231054,0.0,0.0,0.0,0.0,17.360561,18.239143,30.10148,13.02921,20.83375,15.056154,18.748236,8.983671,0.0,22.742651,0.0,0.0,6.2288437,21.878242,14.009347,28.640123,27.800505,12.667203,12.831076,16.584251,19.839163,23.755592,8.794413,32.754765,35.80498,31.957558,11.909607,24.142029,25.205065,25.751312,24.939745,25.971907,5.989183,17.13981,16.52501,0.0,0.0,0.0,0.0,0.0,7.6868896,41.759853,57.85281,0.0,32.87432,0.0,24.837801,26.606112,0.0,0.0,0.0,0.0,0.0,46.000416,84.84355,57.350193,81.32199,67.27616,0.0,0.0,0.0,27.426826,62.641415,0.0,0.0,0.0,0.0,0.0,0.0,0.0,0.0,0.0,16.261106,23.950455,31.941622,24.839825,0.0,35.645344,7.317683,43.70007,33.27359,30.837181,13.920674,0.0,12.726733,15.269595,15.065897,18.022808,7.9892488,14.641543,10.100162,21.93173,17.492603,0.0,0.0,0.0,17.615564,0.0,0.0,0.0,0.0,0.0,0.0,0.0,0.0,0.0,32.228302,22.059675,50.785603,0.0,28.487705,17.897552,17.802967,33.21412,24.835833,14.950451,20.54571,0.0,0.0,34.79232,5.9348407,13.321092,12.971093,0.0,21.878584,16.980583,17.99832,18.023336,9.681606,0.0,0.0,27.285872,0.0,6.501773,38.057293,22.863972,41.165195,0.0,25.32887,29.333197,0.0,41.14239,16.967184,15.252003,50.622654,12.603075,0.0,0.0,0.0,0.0,0.0,0.0,14.965252,0.0,0.0,0.0,26.40126,45.196213,14.715426,30.208235,0.0,0.0,56.967564,6.4321437,20.65807,45.14484,0.0,35.97112,28.020288,0.0,0.0,48.93306,24.524445,0.0
C10x26_C11x26,17.493416,0.0,0.0,0.0,51.24509,0.0,0.0,0.0,11.9593935,9.812568,45.42787,0.0,25.774576,0.0,32.079487,40.726387,77.05736,0.0,22.71522,13.6278,0.0,35.933903,26.001183,29.333897,34.728115,34.705345,36.771225,0.0,0.0,23.523851,0.0,25.577234,20.905638,0.0,20.928778,14.494907,13.285676,25.929264,14.850329,18.07932,0.0,0.0,0.0,11.282139,9.83739,7.9776773,11.269665,9.83739,7.8138137,7.8138137,0.0,5.7548738,6.778792,58.40119,0.0,95.9338,22.636133,18.593287,0.0,30.923103,21.646635,63.831886,31.843523,63.687046,46.00147,60.148422,0.0,0.0,0.0,22.934044,10.391138,0.0,0.0,0.0,0.0,35.386402,0.0,72.51789,0.0,47.635403,34.35166,0.0,79.01182,0.0,0.0,40.385685,28.001387,0.0,0.0,0.0,0.0,0.0,0.0,0.0,0.0,19.03047,0.0,0.0,28.580914,0.0,32.547665,62.693954,72.177155,25.508406,93.28262,42.766754,0.0,66.47159,21.383377,0.0,0.0,0.0,38.722214,30.756956,22.179987,0.0,0.0,0.0,78.22627,0.0,0.0,0.0,28.82241,0.0,27.673395,51.033318,51.089806,34.091595,39.055164,32.917095,0.0,46.018063,23.772757,16.482822,0.0,16.779133,41.835503,0.0,146.45955,0.0,0.0,0.0,29.356264,0.0,24.418915,0.0,14.942061,13.311171,0.0,0.0,0.0,0.0,0.0,30.399529,21.933453,0.0,0.0,0.0,50.798122,11.452005,11.452005,26.408436,0.0,61.296093,0.0,66.89671,37.999496,26.346922,0.0,0.0,21.059908,13.297145,15.233143,17.009903,41.521233,69.8953,0.0,34.163685,0.0,21.147331,14.662486,0.0,0.0,0.0,23.889118,29.527025,0.0,18.413021,28.60027,24.741148,0.0,13.1401415,11.775835,142.06538,0.0,0.0,42.813,0.0,35.124214,0.0,0.0,5.942049,22.44506,4.913438,21.958223,50.946465,0.0,0.0,0.0,0.0,86.595375,0.0,0.0,38.90971,44.574768,18.344215,44.25745,0.0,0.0,41.433712,38.25256,0.0,0.0,0.0,0.0,31.12591,0.0,0.0,25.12683,23.961308,22.428312,37.604164,58.44747,0.0,34.56966,0.0,0.0,20.43437,0.0,24.516855,98.83582,43.300495,27.026943,36.261387,25.141804,44.903393,30.131092,20.72713,0.0,37.606083,19.42716,0.0,14.784089,29.76096,34.09401,19.841991,0.0,0.0,50.447414,20.260101,27.448025,25.707718,34.385468,11.305597,57.35226,68.75659,66.23445,68.36541,39.566395,62.432194,26.979166,64.55911,80.17986,37.38584,34.058643,34.650867,50.24713,38.00228,71.25564,0.0,0.0,0.0,23.432327,24.455387,14.458898,49.754326,46.01229,63.231182,11.968352,61.63181,16.584906,29.647411,31.903687,36.27914,85.058846,18.339247,37.51832,21.74891,28.327145,13.7925205,21.639767,10.116461,37.3168,59.20921,49.584816,20.75914,17.610544,34.509315,17.576935,36.856815,44.310333,21.330835,34.34156,29.514017,0.0,31.043976,0.0,0.0,0.0,0.0,0.0,27.804827,33.850845,23.758764,0.0,0.0,0.0,0.0,0.0,0.0,0.0,0.0,0.0,0.0,17.503193,25.591803,34.99908,15.826326,17.521118,20.720263,24.786928,28.922314,10.987685,30.306875,36.756817,35.505913,14.879789,31.329382,19.518135,31.786638,31.55401,25.859924,0.0,14.82427,10.223984,0.0,0.0,0.0,0.0,0.0,0.0,57.029034,50.381752,0.0,37.077236,0.0,19.36227,0.0,24.639204,29.098423,0.0,0.0,0.0,30.78387,69.71699,60.32217,82.50039,73.72459,0.0,0.0,0.0,30.969307,46.909782,0.0,0.0,0.0,0.0,0.0,0.0,0.0,0.0,0.0,38.294903,34.607925,69.97267,38.04156,36.301525,15.250006,44.953094,40.434193,42.098072,33.815166,21.363972,16.359657,0.0,0.0,0.0,0.0,0.0,0.0,0.0,0.0,0.0,0.0,0.0,20.119062,22.287384,0.0,0.0,0.0,0.0,0.0,0.0,0.0,0.0,22.561966,28.728033,26.522383,48.461857,0.0,30.022366,13.469808,10.561889,31.133732,30.905882,15.224718,14.662486,64.51218,0.0,45.24663,27.018608,0.0,2.0314028,0.0,0.0,0.0,14.465277,16.090956,10.223984,0.0,0.0,17.279392,0.0,0.0,56.508442,25.25695,55.094555,0.0,21.961359,42.38588,0.0,36.80443,0.0,0.0,54.39533,30.43311,0.0,0.0,0.0,12.459528,13.327948,22.04478,15.803627,0.0,0.0,0.0,24.002699,27.839592,17.56387,33.50861,0.0,0.0,75.91486,0.0,17.911547,50.157425,0.0,0.0,0.0,0.0,0.0,54.43958,26.067596,16.640873
C10x26_C9x26,7.6080585,0.0,0.0,0.0,91.90104,15.670411,0.0,0.0,18.778662,22.807236,58.80822,13.819371,21.347876,0.0,50.655064,41.06725,92.48616,0.0,0.0,28.769203,0.0,32.84759,46.453506,20.210052,32.84759,19.806707,65.69518,0.0,0.0,60.40289,0.0,29.838394,25.521883,0.0,42.19786,25.68659,12.244313,24.597738,17.530392,21.342127,0.0,0.0,0.0,11.015457,9.604857,7.789104,0.0,9.604857,6.705305,6.705305,0.0,13.435129,0.0,53.606712,0.0,117.198006,47.206524,38.77537,0.0,8.12333,0.0,32.102356,26.60291,53.20582,15.247562,26.60291,0.0,0.0,0.0,10.412154,14.725009,0.0,0.0,0.0,0.0,62.715683,0.0,61.24036,0.0,30.62018,47.25513,0.0,72.07017,0.0,24.952034,42.455414,21.227707,0.0,0.0,0.0,0.0,0.0,0.0,0.0,0.0,0.0,34.39108,17.19554,28.255394,0.0,29.170025,55.71779,64.62763,0.0,93.04965,54.814102,0.0,80.02998,42.29641,0.0,0.0,0.0,28.331158,19.778437,14.226978,0.0,0.0,0.0,61.009487,0.0,0.0,0.0,37.252842,0.0,34.29058,41.108116,28.33561,23.860586,27.522055,39.718193,0.0,47.792168,0.0,15.059237,0.0,59.756077,51.750282,0.0,149.21346,0.0,0.0,18.035074,15.8278885,0.0,12.294295,0.0,16.140217,11.645268,83.22497,0.0,0.0,41.58426,0.0,9.627696,6.9464436,0.0,0.0,0.0,80.16496,0.0,22.181377,24.59332,0.0,40.342323,0.0,57.280983,34.50176,17.25088,0.0,0.0,15.210378,26.919416,35.27237,26.919416,15.688362,86.03952,0.0,0.0,0.0,38.176563,29.458323,1.9438826,0.0,0.0,44.79392,38.79267,0.0,15.32573,23.005728,15.10815,0.0,2.7885191,0.0,114.336525,8.089814,0.0,45.514038,0.0,0.0,0.0,0.0,27.065512,57.71996,38.54531,24.894135,27.576292,32.47993,0.0,0.0,0.0,79.719086,0.0,0.0,19.79021,40.808094,33.414143,56.270485,0.0,0.0,57.589973,36.14179,0.0,26.34977,38.471336,0.0,25.664728,0.0,0.0,0.0,21.206516,26.02596,55.292538,80.728516,0.0,22.144266,0.0,0.0,31.631048,0.0,22.608122,97.57215,49.377686,0.0,48.84394,37.689632,58.109035,37.447403,30.030346,0.0,22.153942,31.330402,0.0,14.910029,29.436796,44.644447,20.160519,0.0,0.0,51.041553,20.795374,37.866386,27.576292,31.631048,30.152359,61.368534,59.756077,57.589973,54.814102,42.064137,43.426727,24.818024,42.455414,45.546093,34.39108,31.330402,38.90406,66.96608,39.260094,40.808094,92.01284,0.0,0.0,10.929824,26.416382,0.0,15.757466,50.919697,47.866837,20.627901,35.287506,28.584705,26.040771,64.32613,37.71238,69.018456,12.625773,23.335415,30.627338,13.990553,11.119779,13.690544,0.0,50.43261,0.0,25.126097,41.294422,0.0,11.355193,33.6965,25.132555,10.667247,22.818054,44.983055,45.866306,33.953407,22.626072,0.0,0.0,0.0,0.0,0.0,32.992775,19.86276,31.232697,29.99831,19.481419,0.0,0.0,0.0,0.0,0.0,0.0,9.09865,31.958174,0.0,23.871906,22.758665,9.13377,18.742718,19.940958,0.0,26.918427,14.026703,0.0,0.0,19.057716,15.190944,6.767982,21.830427,7.8491817,16.048964,54.448082,6.590073,19.421816,22.25239,0.0,0.0,0.0,0.0,0.0,21.194284,35.19997,53.910267,0.0,0.0,41.58426,25.846827,22.650427,0.0,0.0,0.0,0.0,0.0,0.0,85.26516,29.361044,55.639526,23.62168,0.0,0.0,0.0,24.407583,64.93159,0.0,0.0,0.0,0.0,0.0,0.0,0.0,0.0,0.0,20.585985,0.0,52.04883,28.194397,20.942305,30.872885,11.10042,22.757019,20.404047,21.3672,13.439043,16.526098,18.590303,26.238579,19.08921,26.326427,1.142465,26.749657,19.638268,33.071476,23.983868,0.0,0.0,25.566938,20.404047,0.0,0.0,0.0,0.0,0.0,0.0,0.0,0.0,0.0,28.794987,18.070894,43.01976,0.0,35.66124,15.665201,18.792877,29.054518,20.404047,14.228179,19.088282,0.0,0.0,24.893183,8.669191,19.458498,0.0,0.0,32.438267,23.347614,26.290659,16.349268,0.0,0.0,0.0,0.0,0.0,22.08485,53.962513,27.393291,35.340847,0.0,58.74974,0.0,0.0,94.020386,25.45179,0.0,37.866386,0.0,0.0,0.0,0.0,0.0,0.0,0.0,16.89467,0.0,0.0,0.0,62.22448,65.605995,16.612637,0.0,0.0,0.0,79.89246,24.818024,16.606903,45.546093,16.204023,0.0,0.0,0.0,0.0,46.171722,27.226898,0.0
C10x27_C10x28,0.0,0.0,0.0,0.0,32.971355,9.550579,0.0,45.34948,35.99347,22.872744,31.078663,10.204855,41.06327,7.7412243,9.998532,0.0,133.12453,33.2195,0.0,42.01874,25.375357,16.960201,0.0,16.960201,0.0,19.183458,0.0,0.0,56.23475,0.0,0.0,0.0,0.0,0.0,12.128779,0.0,0.0,31.159664,20.544584,33.131397,23.466362,0.0,5.5907717,5.5907717,5.5907717,0.0,0.0,0.0,0.0,0.0,0.0,22.446737,0.0,28.46144,0.0,69.9216,63.53896,27.8351,0.0,0.0,0.0,53.18026,15.265403,0.0,15.265403,0.0,15.299681,0.0,36.70542,7.5421686,0.0,0.0,0.0,0.0,24.973276,76.949715,0.0,0.0,35.755665,38.72955,35.755665,0.0,60.607162,0.0,18.885414,0.0,26.813332,0.0,0.0,0.0,16.041826,0.0,0.0,23.927437,0.0,22.994717,0.0,26.221375,0.0,0.0,19.627504,46.113308,38.257153,0.0,77.232315,0.0,32.872887,64.074524,32.872887,0.0,0.0,61.22086,30.61043,30.61043,2.8332167,0.0,0.0,33.15638,36.89415,0.0,14.109012,0.0,69.23913,0.0,54.351303,0.0,33.48442,23.49152,0.0,0.0,0.0,43.162544,0.0,28.442234,0.0,0.0,42.470512,0.0,123.47019,55.97836,18.385672,0.0,24.982883,0.0,0.0,0.0,24.306105,30.417557,108.3639,0.0,40.03608,86.6977,0.0,0.0,25.029469,0.0,0.0,0.0,30.908012,0.0,0.0,0.0,13.324827,74.62384,7.6930923,0.0,0.0,11.181743,0.0,0.0,13.688397,26.85243,0.0,7.994454,31.438595,0.0,14.207803,0.0,25.489908,0.0,43.269524,0.0,0.0,0.0,0.0,32.11788,29.484123,37.329544,25.598516,19.947077,0.0,33.44707,0.0,127.51422,4.7088985,23.630848,0.0,0.0,8.969958,0.0,0.0,54.466213,9.830239,0.0,0.0,23.219519,0.0,0.0,0.0,0.0,64.07739,0.0,0.0,37.74683,0.0,0.0,0.0,0.0,0.0,0.0,0.0,0.0,0.0,35.73343,0.0,0.0,0.0,0.0,14.002624,15.239372,44.709534,0.0,48.76417,45.98771,0.0,0.0,0.0,0.0,21.844831,0.0,106.88133,0.0,0.0,0.0,0.0,0.0,0.0,0.0,0.0,28.265488,0.0,0.0,47.688755,29.495184,0.0,21.335526,12.908438,0.0,0.0,0.0,0.0,0.0,21.844831,42.583027,44.184402,60.75748,65.39643,61.67315,44.67653,63.081104,39.42672,45.696297,62.861618,44.8905,30.98625,55.388386,22.754925,47.31726,101.36048,156.00212,19.974308,17.124384,14.219086,80.42424,47.048225,0.0,32.708664,89.29487,53.834805,60.908672,59.564,42.309856,0.0,64.60886,28.5603,0.0,16.170671,60.43983,26.126705,39.633892,52.449337,0.0,66.8719,32.84804,67.92313,20.3461,0.0,26.205816,49.904778,40.999405,27.91434,37.97856,57.28781,42.13733,70.788376,0.0,0.0,26.85243,15.461775,16.180838,5.9473977,0.0,22.846716,47.688755,13.051441,0.0,9.716013,33.15638,21.682991,38.99038,0.0,0.0,18.914694,14.449532,0.0,27.722296,30.031187,24.576744,23.550283,23.844776,21.176369,26.984205,26.881615,42.222626,41.05286,18.071224,17.26798,15.459159,11.31602,17.87641,53.43002,36.509613,0.0,0.0,30.372103,0.0,0.0,0.0,0.0,35.25516,18.380674,40.285576,62.626297,0.0,69.55508,86.6977,57.66648,34.105907,0.0,0.0,0.0,0.0,0.0,83.01372,39.498825,55.977943,103.02295,42.33929,0.0,0.0,0.0,26.923176,59.947437,0.0,0.0,0.0,0.0,0.0,0.0,0.0,0.0,0.0,29.06154,17.756302,35.739044,19.653973,6.911827,26.85243,17.860369,0.0,0.0,34.59578,0.0,0.0,0.0,22.265495,19.15122,17.008053,21.590292,33.911606,23.44977,12.416209,42.912968,32.76899,17.173183,0.0,21.106606,20.167452,51.087154,14.587054,0.0,58.03472,40.04207,28.334915,15.911789,0.0,39.309555,33.16927,40.790615,38.14272,47.285576,18.625725,12.903904,20.38486,60.927414,0.0,35.375675,24.923641,0.0,22.06711,4.3582206,11.996323,14.219086,0.0,17.410116,25.97358,11.643684,37.092007,17.794287,0.0,0.0,32.937695,0.0,20.186077,46.357193,0.0,81.036514,0.0,17.110489,17.756302,0.0,30.2215,64.95903,39.800644,33.170326,12.710005,0.0,0.0,0.0,0.0,0.0,0.0,13.815877,0.0,0.0,0.0,19.127789,30.766947,31.134714,18.053617,0.0,0.0,37.084984,0.0,0.0,0.0,0.0,59.594173,25.0497,0.0,0.0,42.217457,17.462843,0.0
C10x27_C11x27,0.0,0.0,0.0,0.0,60.398533,8.210104,0.0,13.26549,21.364145,23.132439,45.866997,15.047394,22.312933,24.51766,43.18197,0.0,69.25053,26.684332,0.0,30.321636,23.835394,40.315372,0.0,40.315372,0.0,40.315372,0.0,0.0,48.341904,0.0,0.0,15.060648,0.0,0.0,10.42644,0.0,0.0,19.190016,18.427004,23.070099,22.095703,0.0,4.8060765,4.8060765,4.8060765,6.942219,0.0,0.0,0.0,0.0,0.0,18.322525,0.0,24.651318,0.0,83.57722,48.585064,21.28411,0.0,33.91112,0.0,44.384285,10.968527,0.0,10.968527,0.0,13.152288,0.0,28.867014,25.648596,0.0,0.0,0.0,0.0,36.135315,77.00717,0.0,20.091282,12.519977,76.72981,45.48097,0.0,80.0961,0.0,25.587667,0.0,36.32913,0.0,0.0,0.0,18.829,0.0,0.0,20.569092,0.0,29.71137,0.0,8.025478,0.0,0.0,22.538452,80.20709,59.371258,0.0,94.63872,0.0,26.754217,60.94733,26.754217,0.0,0.0,37.639984,29.386734,47.43333,27.184853,0.0,0.0,30.44442,30.201157,0.0,24.12038,0.0,50.293102,0.0,49.27274,0.0,23.183334,24.962196,0.0,0.0,0.0,59.15578,0.0,36.24744,0.0,0.0,57.377335,0.0,121.44951,37.598286,13.554116,0.0,19.150003,0.0,0.0,0.0,15.093534,35.765865,56.43231,0.0,42.001656,43.507202,0.0,26.390512,0.0,0.0,0.0,0.0,20.825443,0.0,0.0,0.0,21.058796,50.651222,12.158301,23.087175,0.0,28.713923,0.0,0.0,8.881685,22.550632,0.0,8.605654,32.766335,0.0,0.6159648,0.0,28.811306,0.0,25.062962,0.0,0.0,0.0,0.0,19.596027,0.0,40.971447,20.891104,29.87068,0.0,27.366272,0.0,87.87396,4.0479794,16.171726,0.0,0.0,15.379672,0.0,0.0,13.962548,59.03453,0.0,0.0,42.70447,0.0,12.251422,0.0,0.0,109.27562,0.0,0.0,29.546892,0.0,0.0,0.0,0.0,0.0,0.0,0.0,0.0,0.0,33.596233,10.60986,0.0,0.0,0.0,28.153996,37.50502,21.005278,0.0,33.00766,44.175007,0.0,0.0,0.0,0.0,36.796448,0.0,116.38684,0.0,0.0,0.0,22.03947,0.0,35.298733,0.0,0.0,10.765834,0.0,0.0,15.664289,25.813133,0.0,15.070941,15.613372,0.0,22.51442,0.0,0.0,0.0,62.554596,28.071941,30.556879,52.234734,69.53555,58.714325,21.66462,76.14705,38.50275,68.65829,69.84032,33.008003,15.225189,32.31185,16.731707,68.50391,90.132645,110.46712,0.0,0.0,21.81404,46.989944,29.008652,73.78036,59.917324,83.579025,46.2788,82.52458,18.230532,0.0,0.0,82.33902,34.86223,0.0,17.2135,57.28445,34.98874,33.82963,27.920212,0.0,22.98938,91.32064,84.99289,50.934494,46.809742,40.61122,45.968693,43.936054,48.04814,16.211681,69.67992,0.0,35.52348,0.0,0.0,22.550632,13.291632,16.586744,12.262214,0.0,24.618391,22.109186,20.225851,0.0,15.933215,30.44442,16.12221,38.58582,0.0,0.0,8.074001,14.905821,20.506376,35.239635,40.571903,14.820062,17.358387,6.8276234,19.596027,27.693007,0.0,40.18025,46.80707,37.534634,11.894748,23.611065,32.573643,19.199322,29.546892,31.385292,0.0,0.0,22.079607,0.0,0.0,0.0,0.0,17.691973,20.036789,58.613445,53.867203,0.0,53.8708,43.507202,15.599275,33.254326,0.0,0.0,0.0,0.0,0.0,56.457466,84.40878,60.138996,126.23596,71.363655,0.0,0.0,0.0,54.67905,53.95806,0.0,0.0,0.0,0.0,0.0,0.0,0.0,0.0,0.0,24.114002,15.8085985,40.43303,25.157948,15.7872505,22.550632,23.98148,0.0,0.0,33.4262,0.0,0.0,23.312937,29.345993,7.7620707,0.0,0.0,26.64859,6.343363,12.746912,33.590763,28.654818,13.870352,0.0,30.61034,0.0,42.25562,12.539683,0.0,45.007538,34.875328,24.196617,18.680935,0.0,36.793316,27.522419,46.14807,26.102896,16.255947,0.0,13.890446,27.371162,47.691845,22.222187,20.490614,28.526371,0.0,27.49042,15.388904,10.652051,0.0,0.0,15.20807,27.987734,35.650524,26.20097,22.079607,0.0,0.0,55.178905,0.0,11.032819,38.60116,38.936966,56.10286,0.0,38.64785,22.222416,0.0,53.207035,45.758717,30.843391,46.547478,13.111362,0.0,0.0,0.0,0.0,0.0,0.0,16.60118,0.0,0.0,0.0,47.88457,70.65545,16.60809,36.65115,0.0,0.0,79.40601,0.0,0.0,0.0,0.0,53.51123,24.937847,0.0,0.0,33.227657,34.135002,0.0
C10x27_C9x27,19.901402,0.0,0.0,0.0,96.70452,12.3545685,0.0,0.0,24.244347,35.75333,53.013344,21.663675,24.226364,0.0,56.39842,47.70305,78.76319,14.101511,0.0,37.142715,29.197344,29.673502,41.96467,17.06734,29.673502,19.304644,59.347004,0.0,0.0,63.145054,0.0,29.082043,22.506744,0.0,29.055946,33.162888,0.0,25.914127,17.08603,27.553928,0.0,0.0,0.0,7.5848517,5.3633003,7.5916643,0.0,5.3633003,8.6569395,8.6569395,0.0,13.094574,25.528574,29.933695,0.0,105.64949,60.946373,26.69934,0.0,0.0,0.0,32.499733,12.87653,16.391447,12.87653,8.195724,0.0,0.0,19.449512,31.828022,10.502738,0.0,0.0,0.0,34.197968,74.85738,0.0,66.64933,0.0,33.324665,51.42887,0.0,83.56269,0.0,28.930962,49.22548,24.61274,0.0,0.0,0.0,8.253905,0.0,0.0,0.0,0.0,0.0,44.40089,22.200445,26.458992,0.0,16.288383,57.150585,42.9072,0.0,102.57189,60.423504,0.0,88.21986,46.624813,0.0,0.0,0.0,15.819965,27.383215,27.383215,0.0,0.0,16.389357,15.819965,0.0,0.0,0.0,41.85248,0.0,43.12962,0.0,19.510893,13.323622,38.515533,31.863752,0.0,31.729898,31.004272,19.442352,0.0,60.63095,52.50794,0.0,115.17172,39.47303,0.0,22.658161,8.838207,0.0,0.0,0.0,11.11358,13.907943,69.63723,32.992943,0.0,53.687702,19.048485,6.629289,8.296137,0.0,0.0,0.0,56.144653,0.0,23.483805,16.412004,12.225895,28.49944,7.058624,62.79268,32.799545,22.1577,0.0,0.0,10.473326,15.031655,42.227333,15.031655,8.760296,45.39772,0.0,14.021785,23.38769,41.202175,31.792988,0.0,17.330744,0.0,29.284449,25.361076,0.0,24.863577,12.846273,18.043661,0.0,22.588886,0.0,113.6868,4.517308,0.0,63.727036,0.0,0.0,0.0,0.0,34.943153,60.437798,35.547523,41.181202,18.34117,0.0,24.638123,0.0,0.0,86.096725,0.0,0.0,11.050747,49.411964,37.667263,34.777122,0.0,0.0,36.994305,22.370947,0.0,34.01909,49.668736,0.0,50.076458,0.0,0.0,13.603221,27.378847,33.601032,46.424664,67.781204,13.940755,32.94944,0.0,0.0,21.606579,0.0,43.513172,112.74206,66.41459,0.0,12.825915,16.458353,27.908216,36.54166,29.488146,0.0,14.481719,20.480242,0.0,19.249716,16.437347,54.91454,11.257525,11.6627035,0.0,33.886955,0.0,28.413036,18.34117,21.606579,28.219986,57.435608,60.63095,36.994305,60.423504,39.368374,40.64364,13.970296,49.22548,59.866238,44.40089,20.480242,37.667263,62.674423,36.744034,49.411964,105.961426,0.0,0.0,13.564566,36.7727,0.0,21.935047,47.894993,30.748415,15.477267,40.91456,36.904522,17.022486,69.43509,40.7076,42.33264,7.0501633,16.067938,39.54168,18.062618,14.356281,17.675291,0.0,65.11144,0.0,32.439255,53.313503,0.0,14.660215,43.504147,32.447594,13.7720375,29.45944,58.075745,59.21608,43.835827,29.211576,0.0,0.0,0.0,0.0,0.0,27.358915,25.479292,38.657593,19.916151,0.0,0.0,16.389357,19.894741,10.854457,0.0,0.0,6.2650065,20.867674,0.0,23.266798,22.181774,8.9022455,18.267624,19.435492,0.0,26.236094,13.671151,0.0,0.0,18.574638,14.805881,6.596426,21.277065,7.6502185,15.642152,48.308376,0.0,0.0,27.616549,0.0,0.0,0.0,0.0,22.390478,26.83693,31.080267,59.69982,0.0,0.0,53.687702,33.36976,29.243023,0.0,0.0,0.0,0.0,0.0,0.0,76.86326,26.46785,50.15689,21.294035,0.0,0.0,0.0,16.672363,57.53715,0.0,0.0,0.0,0.0,0.0,0.0,0.0,0.0,0.0,14.174778,0.0,35.838974,19.413658,14.420126,21.25797,7.643354,31.863518,24.705982,27.586302,0.0,0.0,12.6986885,32.27455,0.0,17.211153,0.0,37.453865,22.137928,20.439323,29.040564,0.0,0.0,8.322542,24.705982,0.0,0.0,0.0,0.0,0.0,0.0,0.0,0.0,0.0,18.497152,16.178326,40.904667,0.0,46.04074,10.240121,24.2627,13.954108,24.705982,20.590601,20.601088,0.0,0.0,17.14056,5.9692974,13.39843,0.0,0.0,30.465866,29.949545,17.958656,29.473398,0.0,0.0,0.0,52.011192,0.0,27.335045,45.396877,18.711845,42.79202,0.0,44.835133,0.0,0.0,60.246464,35.67349,23.930561,30.605228,0.0,0.0,0.0,0.0,0.0,0.0,0.0,16.880585,0.0,0.0,0.0,50.121128,59.748478,17.274069,28.535498,0.0,0.0,81.5528,0.0,22.89029,59.866238,11.157515,0.0,21.207544,0.0,0.0,25.78204,35.151512,0.0
C10x28_C10x29,64.44173,0.0,0.0,0.0,30.74815,11.57671,0.0,48.773655,27.74908,30.249388,63.206577,0.0,66.667625,30.285185,0.0,0.0,161.90979,37.610184,0.0,21.663754,24.465433,38.372974,0.0,28.55707,0.0,0.0,0.0,0.0,53.533897,0.0,0.0,0.0,0.0,8.430586,25.03717,24.87797,0.0,15.280731,0.0,16.269579,20.053596,0.0,0.0,0.0,0.0,0.0,0.0,0.0,0.0,0.0,17.474787,0.0,0.0,44.45641,0.0,100.61846,46.985035,25.609764,0.0,0.0,0.0,60.159424,27.281237,0.0,20.302628,0.0,31.01061,0.0,30.285799,13.478826,0.0,24.362276,0.0,0.0,71.039154,115.88677,0.0,0.0,25.992857,38.206722,25.992857,0.0,88.02042,18.75693,0.0,0.0,34.08782,15.410715,0.0,0.0,22.205402,18.215101,16.631704,28.803448,0.0,0.0,0.0,28.620295,0.0,0.0,0.0,0.0,36.60243,0.0,93.30177,0.0,36.364365,66.39708,36.364365,23.06605,0.0,28.451654,14.225827,17.60578,0.0,0.0,0.0,15.409026,25.714983,25.09209,25.43104,0.0,48.8274,0.0,0.0,0.0,45.11171,0.0,0.0,0.0,19.896408,53.122143,0.0,23.283958,0.0,0.0,0.0,0.0,115.22954,40.41684,15.842702,0.0,0.0,0.0,0.0,0.0,0.0,24.1431,81.493225,0.0,70.07466,70.41451,0.0,0.0,10.336608,38.449123,0.0,0.0,32.971653,0.0,30.122261,0.0,60.594505,83.27825,34.984257,0.0,0.0,12.192471,0.0,0.0,0.0,22.236227,0.0,0.0,20.446463,0.0,37.144936,0.0,34.016647,0.0,21.433025,0.0,69.03547,0.0,0.0,36.051544,68.06948,84.55396,27.013985,22.341518,0.0,0.0,25.912811,97.47977,1.443681,43.9221,0.0,0.0,19.62459,17.886118,0.0,42.569424,0.0,0.0,0.0,30.368004,0.0,57.58066,0.0,0.0,49.784508,0.0,37.603447,47.283775,0.0,0.0,0.0,0.0,28.189735,0.0,0.0,0.0,0.0,22.031689,12.742886,0.0,0.0,23.833551,0.0,33.7115,51.895687,0.0,31.374382,29.262043,0.0,0.0,0.0,0.0,33.711876,0.0,123.9482,0.0,0.0,0.0,23.155272,0.0,0.0,0.0,0.0,45.15664,0.0,13.029391,47.49945,18.213963,0.0,0.0,35.510456,1.8356215,0.0,0.0,18.553207,15.400379,42.119785,63.6246,44.68906,69.59676,29.382294,85.23884,71.48152,27.647064,61.07664,80.41389,67.312065,67.51588,69.09879,85.97577,58.687656,54.927353,110.83415,180.5836,41.349735,1.462519,31.902342,41.551174,31.85643,17.789688,46.806675,71.73333,51.78134,68.17564,57.24059,58.582592,49.75594,50.629616,0.0,0.0,0.0,63.473846,33.500397,22.546345,26.635878,0.0,67.88455,36.525707,39.140697,20.884,25.250462,13.511026,53.208885,51.099976,29.03188,42.852577,47.848137,26.1536,49.235195,28.033712,3.0991542,22.236227,17.79288,23.111456,9.992793,0.0,0.0,51.635174,13.511026,0.0,21.256819,15.409026,37.951477,40.528145,19.604813,0.0,0.0,0.0,0.0,0.0,0.0,0.0,0.0,0.0,0.0,0.0,0.0,0.0,0.0,0.0,0.0,0.0,0.0,0.0,0.0,44.26251,0.0,0.0,18.510017,8.669793,29.362448,13.616054,22.139484,0.0,0.0,72.96248,62.603386,0.0,62.97595,60.300552,63.125507,20.42754,0.0,0.0,0.0,0.0,0.0,28.217873,58.885803,22.898252,63.0416,46.759926,0.0,0.0,0.0,43.56577,54.669735,0.0,0.0,0.0,0.0,0.0,0.0,0.0,0.0,0.0,35.35825,11.974523,37.592255,12.270495,23.303452,22.236227,17.79288,0.0,0.0,41.482807,17.629004,0.0,0.0,0.0,0.0,0.0,0.0,0.0,0.0,0.0,0.0,21.795317,41.057636,0.0,65.64789,31.123272,31.547508,22.57649,5.3678923,49.738426,63.52946,45.561115,65.98028,0.0,29.382294,35.13342,37.353214,43.642815,48.00163,29.291296,22.094835,17.67974,46.983112,20.257086,26.768549,5.7856255,0.0,0.0,0.0,0.0,0.0,0.0,0.0,0.0,17.96903,0.0,18.510017,0.0,15.207294,0.0,0.0,0.0,41.130417,17.85477,46.983112,0.0,14.861718,11.974523,0.0,0.0,46.34686,10.660512,18.29898,0.0,0.0,0.0,0.0,0.0,0.0,0.0,0.0,0.0,0.0,0.0,14.76722,27.13576,37.085354,0.0,0.0,0.0,38.131416,0.0,0.0,0.0,0.0,51.996506,57.80417,13.7746315,21.516281,39.623165,54.339787,0.0
C10x28_C11x28,36.203934,0.0,0.0,0.0,37.19629,0.0,0.0,41.596153,25.817858,22.060555,31.51893,0.0,98.5813,53.206726,0.0,0.0,132.49756,43.72594,0.0,37.82101,50.494812,28.119976,0.0,23.751251,0.0,23.751251,0.0,0.0,53.39994,0.0,0.0,9.381615,0.0,8.489446,12.177869,5.896918,0.0,19.912825,15.01006,21.928362,33.74712,0.0,0.0,0.0,0.0,0.0,0.0,0.0,0.0,0.0,17.20991,19.018528,0.0,32.938557,0.0,34.8243,50.0028,0.0,0.0,0.0,0.0,49.190643,0.0,0.0,0.0,0.0,0.0,0.0,63.06672,8.965591,0.0,0.0,0.0,0.0,73.09567,115.763466,0.0,0.0,23.47032,50.926765,28.610477,0.0,53.38519,18.887884,0.0,0.0,22.630228,0.0,0.0,0.0,22.360434,15.765698,22.185738,31.824812,0.0,24.517273,0.0,3.2699573,0.0,0.0,19.802612,38.50306,31.64635,0.0,70.13787,0.0,36.072803,62.072834,43.97299,25.1471,0.0,36.39746,18.19873,23.5253,14.0199795,0.0,0.0,25.645025,28.53603,25.267275,44.284,0.0,55.042946,0.0,48.246765,0.0,38.61754,27.58381,0.0,0.0,0.0,81.168304,0.0,41.37791,0.0,0.0,34.37868,0.0,143.51877,46.77773,20.822231,0.0,20.364315,0.0,0.0,0.0,27.521122,50.45975,72.7805,0.0,91.24453,64.51963,0.0,0.0,0.0,42.232857,0.0,13.206747,21.808733,0.0,29.363766,0.0,31.209393,41.119076,18.018751,0.0,0.0,16.578512,0.0,0.0,0.0,22.691128,0.0,0.0,32.315884,0.0,29.2606,0.0,33.954494,0.0,27.75158,0.0,25.918022,0.0,0.0,24.937914,0.0,56.534008,11.60276,0.0,0.0,33.58244,64.35873,107.656555,0.0,38.542168,0.0,0.0,0.0,24.370007,0.0,29.264462,0.0,0.0,0.0,24.182074,0.0,8.945134,0.0,0.0,64.66377,0.0,38.37002,55.040707,0.0,0.0,0.0,0.0,8.514078,0.0,0.0,23.365145,0.0,0.0,12.831852,0.0,0.0,26.519892,12.671396,26.975502,0.0,0.0,41.15843,55.817055,0.0,0.0,0.0,0.0,21.933245,0.0,101.5407,0.0,0.0,0.0,0.0,0.0,0.0,0.0,0.0,24.51287,0.0,13.120358,31.366116,35.340218,0.0,29.462074,23.680347,10.043237,0.0,0.0,0.0,0.0,27.403507,38.373093,19.556074,78.27884,94.42293,69.91589,55.567272,80.06037,73.40968,53.38519,67.87915,7.713899,15.911516,42.359108,13.910954,97.611374,108.053856,177.02565,40.06627,23.30169,28.27057,40.617752,25.266775,44.84468,48.361446,80.05263,62.237408,46.26568,54.343735,32.138184,20.79481,82.75582,0.0,36.057396,0.0,52.651844,17.893787,39.8118,37.17339,0.0,37.9333,48.686096,67.97805,17.40537,16.428173,21.333931,54.749233,41.913998,23.118114,33.31212,57.991493,0.0,43.191555,35.15463,0.0,22.691128,0.0,32.948517,24.32473,0.0,0.0,31.366116,0.0,0.0,11.010739,25.645025,33.29292,31.548098,8.970669,0.0,20.031782,15.302912,0.0,27.225481,24.309397,9.913411,20.905203,21.16662,18.797915,23.849047,23.86237,37.31135,39.102016,20.85011,0.0,16.058222,17.480844,0.0,42.40239,58.617588,9.4992285,22.852633,29.275412,0.0,28.082468,0.0,27.381031,0.0,0.0,37.835175,59.271893,0.0,37.775833,52.89864,31.101088,39.947205,0.0,0.0,0.0,0.0,0.0,56.527924,56.099514,61.02642,109.488205,37.234978,0.0,0.0,0.0,21.346052,56.91322,0.0,0.0,0.0,0.0,0.0,0.0,0.0,0.0,0.0,33.51664,14.773876,36.16601,11.298843,0.0,22.691128,0.0,0.0,0.0,31.578331,0.0,0.0,0.0,0.0,0.0,0.0,0.0,0.0,0.0,0.0,0.0,37.507095,39.1684,0.0,54.263405,0.0,61.211056,0.0,0.0,46.877304,63.353664,24.441732,35.142876,0.0,40.026314,20.561216,36.06463,17.516283,26.822893,6.7449656,13.276871,27.12685,45.804527,19.02151,27.75158,16.089018,0.0,30.803831,0.0,0.0,17.119852,0.0,0.0,0.0,0.0,29.462074,31.389109,0.0,0.0,29.406105,0.0,0.0,60.422432,11.616472,56.25236,0.0,18.186125,18.649576,0.0,0.0,46.489853,29.406105,18.011051,0.0,0.0,0.0,0.0,0.0,0.0,0.0,0.0,0.0,0.0,22.784313,12.307455,25.776606,35.709496,17.840876,0.0,0.0,29.033548,0.0,0.0,0.0,0.0,79.11386,56.265446,0.0,18.867313,44.409683,63.212696,0.0
C10x29_C10x30,59.72233,0.0,0.0,0.0,33.043575,12.689987,0.0,37.826202,62.966778,47.24803,31.037245,0.0,40.908676,0.0,0.0,43.63872,125.623116,54.85594,38.703224,14.866539,22.60068,48.968872,0.0,34.760414,0.0,0.0,35.942307,0.0,0.0,28.24099,0.0,0.0,17.011171,29.63019,0.0,30.883684,0.0,21.861643,0.0,22.786491,0.0,0.0,0.0,0.0,0.0,0.0,0.0,0.0,15.87395,0.0,25.437428,0.0,33.28138,0.0,0.0,49.867043,31.097916,31.097916,0.0,0.0,50.199192,24.400085,32.68392,20.82032,26.686312,0.0,0.0,0.0,45.619377,22.243505,0.0,53.318165,0.0,0.0,81.056305,120.34781,0.0,35.686344,0.0,0.0,0.0,0.0,74.43495,46.975414,0.0,31.959654,48.96269,0.0,0.0,0.0,0.0,34.602684,12.792927,0.0,0.0,0.0,33.495163,13.334126,0.0,0.0,0.0,0.0,18.344624,0.0,23.487871,43.474525,0.0,43.474525,14.823042,14.823042,0.0,0.0,0.0,31.023523,0.0,0.0,0.0,28.381594,62.630905,29.81685,0.0,0.0,25.284157,35.606106,0.0,52.459835,0.0,0.0,18.755404,19.460045,26.10149,70.02234,27.249893,27.205704,0.0,33.21416,0.0,0.0,113.707535,40.113235,0.0,15.892229,0.0,0.0,7.8664007,26.18552,29.896214,0.0,40.731094,0.0,0.0,60.299034,0.0,11.47461,0.0,15.9053,0.0,33.999165,47.36774,6.239824,48.862183,38.16647,51.889267,73.53789,51.999138,32.92808,14.269203,27.007782,0.0,0.0,6.6774883,0.0,25.858229,0.0,0.0,42.62201,0.0,21.153841,41.106197,22.381378,0.0,42.790924,43.614666,0.0,29.374985,34.3992,54.5073,60.135036,0.0,0.0,0.0,0.0,31.763044,167.72795,0.0,0.0,41.39281,0.0,0.0,22.00175,0.0,56.663532,0.0,0.0,22.9279,21.418774,32.20356,51.464577,0.0,0.0,33.153534,0.0,22.851868,0.0,57.07096,42.876022,22.167686,0.0,0.0,10.067371,38.705845,38.59835,10.574972,10.574972,0.0,31.66777,0.0,15.338066,0.0,0.0,0.0,19.982042,19.982042,63.745167,13.925019,0.0,0.0,20.89596,30.577019,15.769798,56.746845,51.733063,51.733063,20.368372,0.0,20.691116,18.336378,49.239822,0.0,114.04867,13.807588,42.512726,50.94044,0.0,26.99859,0.0,37.111904,0.0,14.904779,0.0,26.956743,22.406708,33.345802,43.95674,11.237346,44.625507,0.0,25.614723,49.161083,15.906903,75.401924,81.17512,78.64466,22.106615,73.46345,36.724075,51.201977,45.104267,39.488808,132.4538,74.93657,44.785004,46.086227,59.792427,45.666138,22.94922,62.00594,10.067371,111.03504,119.5365,33.495163,108.18047,75.39879,66.41945,48.4024,0.0,0.0,28.503166,23.63012,32.897175,0.0,0.0,37.327602,0.0,23.57688,0.0,20.113308,30.058119,53.318165,15.450126,14.51334,29.652668,50.439503,31.078241,16.45957,32.087513,4.910153,35.230022,28.190195,38.880802,26.714443,0.0,0.0,55.375767,30.058119,32.087513,26.902191,28.381594,14.44673,26.3495,31.561956,0.0,59.305336,31.329285,0.0,0.0,0.0,0.0,0.0,0.0,0.0,0.0,0.0,0.0,0.0,0.0,0.0,0.0,0.0,0.0,0.0,20.8997,0.0,0.0,0.0,26.72369,43.14512,18.747845,57.30164,0.0,0.0,53.337036,39.86993,0.0,18.258575,16.45957,22.150993,25.900068,0.0,0.0,0.0,0.0,0.0,4.957027,21.036863,19.130478,27.26204,16.781832,0.0,0.0,0.0,24.966032,27.968718,0.0,0.0,0.0,0.0,0.0,0.0,0.0,0.0,0.0,0.0,0.0,0.0,0.0,0.0,0.0,0.0,0.0,0.0,22.932528,14.129985,0.0,20.89596,26.99859,32.20356,29.374985,42.790924,41.39281,42.876022,22.167686,57.07096,0.0,0.0,0.0,42.22316,0.0,0.0,0.0,0.0,0.0,0.0,0.0,0.0,0.0,0.0,40.23124,46.273586,23.797794,37.327602,44.31121,13.641642,11.480894,23.818607,24.590775,33.85376,40.0102,0.0,39.841805,0.0,5.2029824,22.833069,52.522457,0.0,0.0,0.0,0.0,0.0,0.0,35.652447,0.0,0.0,0.0,53.583748,19.296957,52.522457,0.0,0.0,0.0,0.0,0.0,48.227573,0.0,30.22897,15.664642,0.0,0.0,0.0,0.0,0.0,0.0,0.0,0.0,34.986073,0.0,0.0,17.282505,59.6351,0.0,0.0,0.0,0.0,22.887424,17.282505,16.102386,13.802681,45.78713,19.295023,24.848846,45.51106,0.0,55.19685,0.0
C10x29_C11x29,42.09893,0.0,0.0,0.0,17.26055,13.107404,0.0,48.326344,45.44243,63.555603,22.399237,0.0,164.23376,36.47857,0.0,0.0,138.90616,77.72815,0.0,24.838966,37.761143,63.235825,0.0,47.05994,32.19634,0.0,0.0,0.0,35.703396,0.0,0.0,0.0,0.0,32.785614,32.290398,4.267034,0.0,25.201992,0.0,20.250406,25.669538,0.0,17.670467,0.0,0.0,0.0,0.0,0.0,14.949933,0.0,36.008385,0.0,0.0,44.261497,0.0,35.937897,20.33995,20.33995,0.0,0.0,0.0,80.21366,27.42389,0.0,20.408789,28.110748,31.172768,0.0,55.923923,17.801357,0.0,32.257793,0.0,0.0,49.039536,114.67373,0.0,28.662338,26.350155,9.680213,43.365936,0.0,57.395424,47.131634,0.0,0.0,27.661753,31.117868,0.0,0.0,27.31246,36.780582,37.739166,37.169125,0.0,0.0,0.0,13.856699,0.0,0.0,11.639169,18.526611,29.319004,0.0,55.14792,0.0,34.64616,66.70258,57.019142,45.28605,0.0,28.600426,14.300213,23.534668,0.0,0.0,0.0,26.93861,59.4466,23.130512,31.654669,0.0,31.654669,0.0,0.0,0.0,50.93359,16.212639,0.0,0.0,29.834497,68.41559,0.0,29.60362,0.0,0.0,0.0,0.0,125.65983,39.736355,16.739435,0.0,0.0,0.0,0.0,0.0,0.0,27.470568,66.099266,0.0,75.68044,53.514156,0.0,0.0,0.0,38.18149,0.0,0.0,38.384068,0.0,37.504047,0.0,50.665146,62.958035,43.88697,25.675348,0.0,30.027111,0.0,0.0,0.0,20.886816,0.0,0.0,18.27875,0.0,35.834625,0.0,37.927216,0.0,0.0,0.0,31.420624,0.0,0.0,62.06913,0.0,91.69211,27.15524,22.458342,0.0,0.0,22.716467,94.04285,1.4512299,42.99721,0.0,0.0,19.727205,49.739452,0.0,30.257425,0.0,0.0,0.0,31.728098,0.0,9.857972,0.0,0.0,31.17687,0.0,62.811058,48.0537,0.0,0.0,0.0,0.0,9.79521,0.0,0.0,46.45849,0.0,0.0,18.61791,0.0,0.0,34.730225,0.0,0.0,14.42557,0.0,34.945175,21.203777,0.0,0.0,0.0,0.0,31.240725,0.0,75.72011,0.0,0.0,0.0,0.0,0.0,13.70909,0.0,0.0,76.05341,0.0,39.463974,41.49415,23.453876,0.0,17.316607,37.571636,18.798292,12.315585,0.0,25.784197,21.39101,34.069607,33.35388,0.0,48.00246,52.3682,53.377403,50.708603,32.63396,60.49579,45.860348,38.86572,22.972986,15.305767,48.85399,7.074305,49.079765,73.62676,171.0709,47.52815,60.566536,34.02788,0.0,0.0,0.0,13.092327,31.587116,72.64501,115.448456,92.441696,96.666595,80.30803,73.0793,0.0,0.0,0.0,19.076542,9.236421,18.297884,23.751858,0.0,31.71904,11.028944,38.7345,5.835648,20.549887,19.578661,32.257793,32.19584,21.39101,30.586092,40.091656,0.0,26.374931,30.723507,30.403133,26.759165,35.007595,24.870275,22.050995,0.0,0.0,45.106995,19.578661,30.723507,9.01357,26.93861,23.149538,14.521205,22.072552,0.0,61.172184,0.0,0.0,0.0,0.0,0.0,0.0,0.0,0.0,0.0,0.0,0.0,0.0,0.0,0.0,0.0,0.0,0.0,0.0,70.45273,0.0,0.0,20.676136,12.138209,29.425297,15.887702,19.555119,0.0,0.0,72.16031,65.104416,0.0,28.784292,26.374931,29.467436,32.57435,0.0,0.0,0.0,0.0,0.0,28.663277,29.736753,24.96176,44.78886,24.73451,0.0,0.0,0.0,42.32109,57.40022,0.0,0.0,0.0,0.0,0.0,0.0,0.0,0.0,0.0,45.756744,15.496104,48.064774,14.520339,30.156754,26.888813,0.0,54.620754,75.05584,52.467743,0.0,0.0,0.0,0.0,0.0,0.0,0.0,0.0,0.0,0.0,0.0,23.776848,41.633636,0.0,88.828255,31.286016,40.623306,0.0,5.395961,49.99851,56.56541,42.67334,65.610245,16.474604,31.587116,24.409683,46.232445,26.37286,31.71904,9.232036,22.63934,29.617842,44.40972,22.82063,30.74063,33.931995,0.0,0.0,0.0,0.0,0.0,52.270336,0.0,0.0,18.062988,17.316607,20.676136,0.0,33.423687,11.272621,0.0,0.0,47.03445,30.71617,81.71547,0.0,14.381662,12.037136,0.0,0.0,48.310482,11.272621,22.631046,0.0,0.0,0.0,0.0,0.0,0.0,0.0,0.0,0.0,0.0,0.0,0.0,12.090158,54.69937,0.0,0.0,0.0,22.891968,0.0,0.0,0.0,0.0,43.86794,61.866898,0.0,37.731644,39.97932,79.97116,0.0
C10x29_C9x29,54.103832,0.0,0.0,0.0,0.0,0.0,0.0,23.727137,68.80586,51.629475,30.065968,0.0,8.994517,0.0,0.0,56.293636,126.38722,34.895733,51.825806,19.449505,29.960392,69.47,0.0,56.722015,0.0,0.0,47.646603,0.0,0.0,37.43742,0.0,0.0,35.6599,18.03089,0.0,30.018215,0.0,17.429585,0.0,19.132019,0.0,0.0,0.0,0.0,0.0,0.0,0.0,0.0,0.0,0.0,31.18853,0.0,27.337276,0.0,0.0,52.95328,46.83457,46.83457,22.00116,0.0,54.42555,56.135605,27.461668,0.0,0.0,0.0,0.0,0.0,45.62891,17.3313,0.0,50.118755,0.0,0.0,5.191231,50.118755,0.0,34.253315,0.0,16.434294,17.964096,0.0,50.12265,31.632076,0.0,48.853065,41.12411,28.34173,0.0,0.0,0.0,0.0,22.20779,0.0,0.0,0.0,40.873924,34.407333,0.0,0.0,0.0,0.0,15.025376,0.0,54.479,46.36762,0.0,74.24383,34.38134,34.38134,0.0,0.0,0.0,10.408424,0.0,0.0,0.0,9.522055,17.995546,35.5349,0.0,0.0,37.81532,44.922413,0.0,68.954414,0.0,0.0,24.862936,25.797039,28.269503,76.82639,13.496002,11.360825,0.0,29.272419,0.0,0.0,127.05698,45.473164,0.0,27.396633,0.0,0.0,20.827225,0.0,0.0,0.0,34.754036,0.0,0.0,33.09391,0.0,0.0,0.0,19.286026,0.0,0.0,66.41871,31.591152,0.0,36.893738,68.98053,85.298416,59.752056,13.517495,18.915844,15.923204,0.0,0.0,28.771088,0.0,27.186848,0.0,0.0,55.45392,0.0,27.500051,48.317085,37.256596,0.0,51.921112,61.99584,0.0,55.3926,9.836617,15.586624,96.2281,0.0,0.0,0.0,0.0,45.67642,84.67979,0.0,0.0,54.872017,0.0,0.0,40.44896,0.0,58.15618,0.0,15.621176,26.90235,13.365273,47.313168,37.300587,0.0,0.0,0.0,0.0,32.757713,0.0,73.775696,56.838223,45.523945,0.0,9.281394,10.258118,54.50727,40.746876,0.0,24.448534,11.321795,41.980106,0.0,0.0,0.0,0.0,0.0,0.0,46.196968,73.25003,0.0,0.0,0.0,0.0,35.449055,22.626522,0.0,76.32166,76.32166,31.169928,0.0,27.428999,18.457045,69.6328,0.0,39.40293,46.808403,0.0,61.07004,0.0,35.967754,0.0,31.614124,0.0,17.36302,0.0,0.0,27.187988,35.449055,49.419827,40.015102,50.23045,14.706844,54.479,39.57315,20.929417,33.81287,50.12265,60.94398,35.18938,39.40293,47.845955,30.018215,44.794476,62.103783,107.23978,63.5166,45.677612,65.3294,0.0,0.0,0.0,82.6281,22.734678,52.50482,77.48245,54.39775,61.185112,46.61246,69.24586,62.90543,0.0,0.0,58.616318,30.936676,9.763818,29.930622,0.0,64.246956,28.834158,39.33762,19.28579,0.0,14.616049,50.118755,39.031883,27.187988,39.57315,40.532337,22.84438,46.68721,25.888348,44.13354,32.83488,0.0,0.0,26.512177,0.0,0.0,61.07004,14.616049,25.888348,19.211622,9.522055,24.574816,28.727442,24.103582,0.0,79.1463,53.429283,0.0,0.0,0.0,0.0,0.0,0.0,0.0,0.0,0.0,0.0,0.0,0.0,0.0,0.0,0.0,0.0,0.0,0.0,0.0,0.0,0.0,25.871511,0.0,18.150005,38.68608,0.0,0.0,30.936676,27.911665,0.0,44.510414,46.68721,47.845955,15.402605,0.0,0.0,0.0,0.0,0.0,24.065971,33.330166,7.1403856,39.33762,27.187988,0.0,0.0,0.0,28.944035,51.493763,0.0,0.0,0.0,0.0,0.0,0.0,0.0,0.0,0.0,0.0,0.0,0.0,0.0,0.0,0.0,0.0,0.0,0.0,50.23818,18.73129,0.0,0.0,35.967754,47.313168,55.3926,51.921112,54.872017,56.838223,45.523945,73.775696,0.0,0.0,0.0,87.82801,0.0,0.0,0.0,0.0,0.0,0.0,0.0,0.0,0.0,8.6352,45.883778,46.680653,53.71033,64.246956,39.40293,22.885668,23.089506,62.103783,22.64618,31.362299,22.332607,0.0,0.0,0.0,0.0,0.0,0.0,0.0,0.0,0.0,0.0,0.0,0.0,64.99383,0.0,0.0,0.0,37.954086,22.371668,32.757713,0.0,0.0,0.0,0.0,0.0,28.545311,0.0,18.116129,26.714642,0.0,0.0,0.0,0.0,0.0,0.0,0.0,0.0,0.0,0.0,0.0,22.910402,77.0943,0.0,0.0,0.0,0.0,40.16773,22.910402,41.95659,18.297403,47.639248,37.24793,0.0,38.46135,0.0,77.229675,0.0
C10x30_C10x31,76.72222,0.0,0.0,0.0,45.267834,0.0,0.0,0.0,41.43025,0.0,0.0,0.0,20.788502,0.0,0.0,25.536734,152.42561,0.0,11.014226,27.734314,0.0,75.124725,0.0,0.0,0.0,27.307903,55.14025,27.307903,0.0,34.481136,0.0,40.64628,9.66992,0.0,0.0,0.0,0.0,33.339012,27.958624,39.63069,0.0,46.111736,62.824005,0.0,0.0,19.257727,46.111736,0.0,0.0,27.234537,0.0,7.9993753,73.30435,0.0,0.0,0.0,65.0822,57.562103,44.63977,0.0,30.836206,0.0,78.44043,57.57392,0.0,0.0,0.0,0.0,0.0,0.0,0.0,0.0,0.0,0.0,0.0,196.66348,0.0,0.0,0.0,0.0,0.0,0.0,61.565376,0.0,0.0,58.36085,0.0,0.0,0.0,0.0,0.0,48.904396,0.0,0.0,0.0,27.342821,20.417435,0.0,0.0,0.0,0.0,0.0,0.0,0.0,19.677841,35.777454,0.0,43.486458,0.0,0.0,0.0,0.0,0.0,0.0,0.0,0.0,0.0,50.74748,50.74748,0.0,0.0,0.0,28.7785,0.0,36.07933,54.549885,0.0,0.0,43.48643,44.21847,0.0,111.85602,65.7285,0.0,0.0,55.59708,33.034943,0.0,215.39302,0.0,0.0,60.826157,0.0,0.0,25.141483,74.384636,75.00191,0.0,33.22808,39.61724,0.0,54.73366,0.0,0.0,0.0,3.4445655,0.0,69.729744,23.850483,42.433273,0.0,66.98376,0.0,129.06209,91.26067,0.0,29.775517,0.0,0.0,0.0,27.1488,0.0,5.195078,0.0,0.0,71.11514,0.0,19.456078,0.0,62.842747,50.193176,54.733772,0.0,0.0,40.906624,62.355976,0.0,34.1608,0.0,0.0,0.0,0.0,0.0,159.67766,0.0,0.0,43.046345,0.0,0.0,0.0,0.0,60.38954,0.0,50.100914,20.027548,0.0,81.440056,0.0,15.626743,0.0,30.377064,30.377064,0.0,0.0,17.981333,10.828166,35.86115,27.335245,0.0,9.827837,43.938805,0.0,18.296598,22.238985,0.0,43.857822,0.0,0.0,0.0,0.0,21.338848,37.13679,45.13869,0.0,21.945074,17.774853,51.173923,0.0,0.0,16.223171,59.463657,54.282543,54.282543,45.00172,69.18852,25.14415,61.305576,37.64274,0.0,80.45908,47.27913,0.0,65.045265,0.0,0.0,0.0,40.05551,0.0,95.04979,73.35619,33.684048,19.365568,0.0,0.0,0.0,0.0,0.0,0.0,0.0,0.0,0.0,0.0,0.0,0.0,0.0,0.0,0.0,0.0,0.0,110.765015,60.71381,47.501305,35.99098,150.00381,85.482254,0.0,44.71581,9.827837,73.868126,58.36085,20.417435,47.27913,9.66992,65.7285,55.541683,31.340012,26.924692,72.86495,49.004738,19.78564,19.307055,0.0,84.28834,28.834394,48.55479,19.080664,37.522438,10.000437,84.05107,27.892876,26.594654,50.945786,94.66145,52.123238,44.792957,59.86095,65.94411,7.077929,34.25714,41.457348,44.195354,0.0,0.0,65.045265,0.0,0.0,0.0,0.0,0.0,0.0,0.0,0.0,0.0,0.0,26.471296,18.485136,26.350159,13.958356,35.94119,38.765778,52.292706,52.1824,38.939056,26.99602,30.319407,62.431435,31.668941,46.46445,19.679407,15.110104,45.525047,0.0,0.0,0.0,0.0,76.10478,59.75321,29.937725,43.0718,0.0,0.0,114.66174,63.83124,0.0,0.0,0.0,0.0,0.0,0.0,0.0,0.0,0.0,0.0,0.0,0.0,0.0,0.0,0.0,0.0,0.0,0.0,72.72181,81.46813,0.0,0.0,0.0,0.0,0.0,0.0,0.0,0.0,0.0,0.0,0.0,0.0,0.0,0.0,0.0,0.0,0.0,0.0,0.0,0.0,0.0,0.0,0.0,81.440056,40.906624,54.733772,43.046345,10.828166,35.86115,17.981333,0.0,0.0,0.0,0.0,0.0,0.0,0.0,0.0,0.0,0.0,0.0,0.0,0.0,0.0,0.0,0.0,0.0,0.0,0.0,0.0,0.0,0.0,0.0,0.0,32.150555,0.0,77.474304,0.0,0.0,42.741127,16.548237,0.0,0.0,0.0,0.0,0.0,0.0,0.0,0.0,0.0,0.0,125.15736,31.565464,54.285942,0.0,13.461007,33.957832,0.0,0.0,61.580162,0.0,33.684048,25.421606,0.0,0.0,0.0,0.0,0.0,0.0,0.0,0.0,40.13385,0.0,0.0,22.067991,32.332096,0.0,0.0,0.0,13.461007,73.868126,0.0,36.161793,37.125256,0.0,0.0,0.0,0.0,0.0,35.55332,0.0
C10x30_C11x30,36.656254,0.0,0.0,0.0,57.048817,0.0,0.0,0.0,49.32323,52.615604,0.0,0.0,107.141464,0.0,0.0,27.718988,123.59674,56.614487,47.590622,17.322632,0.0,70.39486,0.0,0.0,0.0,30.788115,35.05732,30.788115,0.0,38.593136,0.0,35.985962,4.2511234,34.765087,0.0,0.0,0.0,38.237534,21.356834,21.356834,0.0,45.50231,61.99371,0.0,0.0,10.841894,45.50231,0.0,0.0,15.332754,30.120998,31.178785,46.83324,0.0,0.0,0.0,40.08524,0.0,0.0,0.0,43.80841,32.507904,50.27307,26.53604,0.0,0.0,0.0,0.0,0.0,26.62324,0.0,0.0,0.0,0.0,0.0,271.71747,0.0,27.148005,0.0,0.0,17.398727,0.0,53.207806,51.402653,0.0,50.56321,0.0,0.0,0.0,0.0,0.0,43.41316,23.386532,0.0,0.0,24.207817,40.843452,0.0,0.0,0.0,0.0,0.0,0.0,0.0,19.228188,39.75954,0.0,48.326565,18.575842,18.575842,0.0,0.0,0.0,19.777195,0.0,0.0,0.0,0.0,52.833603,34.984097,0.0,0.0,25.478888,23.981504,0.0,35.67853,0.0,0.0,31.543428,22.223793,28.589542,53.246956,30.570791,0.0,0.0,13.573118,0.0,0.0,162.12366,0.0,0.0,17.04828,0.0,0.0,50.115795,32.35163,24.872168,0.0,46.11941,0.0,0.0,44.159016,0.0,16.866526,0.0,4.355213,0.0,0.0,66.279755,7.3211823,52.70779,44.275143,0.0,85.307884,60.321777,44.60109,59.820606,0.0,0.0,0.0,0.0,0.0,16.61709,0.0,0.0,72.58456,0.0,27.677694,0.0,51.060596,55.048027,43.221943,0.0,0.0,36.623074,82.890816,0.0,84.13686,0.0,0.0,0.0,51.690723,0.0,184.1696,0.0,0.0,28.305994,0.0,0.0,26.493773,0.0,57.2854,0.0,36.44251,22.735537,23.810583,6.4603124,0.0,31.012188,0.0,26.894167,26.894167,38.93793,0.0,35.988514,37.10056,0.0,24.20111,0.0,10.381002,66.19644,45.259285,0.0,0.0,0.0,43.27349,0.0,17.185268,0.0,0.0,0.0,0.0,7.7489357,0.0,52.938194,15.736868,43.16844,38.387363,0.0,41.458233,52.961735,33.78826,33.78826,46.010197,57.943897,36.045288,41.51424,43.768295,17.046349,92.89994,11.006604,49.88016,3.423719,0.0,9.991072,0.0,0.0,11.513307,52.795444,51.830788,25.162766,26.27093,0.0,0.0,0.0,0.0,0.0,0.0,0.0,0.0,0.0,0.0,0.0,0.0,0.0,0.0,0.0,0.0,0.0,94.35745,55.36062,51.911366,37.892117,49.744335,37.546715,33.73305,82.630905,10.381002,119.24511,125.91026,57.28507,122.18095,85.15672,70.029785,66.42977,56.36805,36.572586,45.51087,30.60797,38.3321,12.059032,0.0,52.961735,18.009733,21.688261,11.917629,0.0,35.024006,62.94638,19.228188,17.42789,33.157326,55.457848,36.212666,25.49522,30.637428,81.03164,22.639622,49.109173,47.096893,33.10563,0.0,0.0,3.423719,0.0,0.0,0.0,0.0,0.0,0.0,37.031628,0.0,0.0,0.0,0.0,15.8605995,31.870335,38.3321,33.157326,42.21345,46.29706,42.546955,36.943886,23.667028,30.056713,52.907608,16.879221,42.25387,17.423056,0.0,40.30535,38.15039,0.0,0.0,31.947178,31.335892,58.957096,18.491852,49.616844,0.0,0.0,132.12389,73.55227,0.0,0.0,0.0,0.0,0.0,98.18835,66.47064,0.0,0.0,0.0,0.0,0.0,0.0,0.0,0.0,0.0,0.0,0.0,0.0,47.493656,0.0,0.0,0.0,0.0,0.0,0.0,0.0,0.0,0.0,0.0,0.0,0.0,0.0,0.0,0.0,0.0,0.0,0.0,0.0,16.578705,0.0,38.387363,9.991072,6.4603124,36.623074,43.221943,28.305994,37.10056,0.0,35.988514,0.0,0.0,0.0,55.066555,0.0,0.0,0.0,0.0,0.0,0.0,0.0,0.0,0.0,0.0,0.0,0.0,0.0,0.0,0.0,0.0,0.0,0.0,0.0,0.0,20.555126,0.0,36.927116,17.74107,0.0,18.773357,60.75658,0.0,0.0,0.0,0.0,0.0,0.0,0.0,0.0,0.0,0.0,158.9487,0.0,72.163185,0.0,11.917629,0.0,0.0,0.0,64.84837,0.0,29.88689,0.0,0.0,0.0,0.0,0.0,0.0,0.0,16.01853,0.0,2.2662923,0.0,0.0,16.854074,60.187637,0.0,0.0,19.063421,11.917629,54.47144,5.489064,57.24296,48.696495,0.0,0.0,16.30657,51.11264,0.0,79.35459,0.0
C10x30_C9x30,40.428654,0.0,0.0,0.0,27.666895,14.998733,0.0,0.0,46.759155,0.0,32.077976,0.0,3.584333,0.0,0.0,39.17611,115.33844,0.0,58.955254,0.0,0.0,48.051723,0.0,39.23407,0.0,0.0,40.87775,0.0,0.0,0.0,0.0,0.0,53.784985,0.0,0.0,36.502487,0.0,22.303965,0.0,36.91426,0.0,27.645025,0.0,0.0,0.0,0.0,27.645025,0.0,18.761969,0.0,0.0,0.0,46.366356,0.0,0.0,51.357048,42.01227,42.01227,72.423035,0.0,40.341137,0.0,38.630253,32.862873,31.541468,0.0,0.0,0.0,0.0,26.290365,0.0,63.849884,0.0,0.0,0.0,63.849884,0.0,26.917532,0.0,0.0,0.0,0.0,0.0,0.0,0.0,85.270195,57.87069,0.0,0.0,0.0,0.0,0.0,0.0,0.0,0.0,0.0,32.759113,22.232769,0.0,0.0,0.0,0.0,0.0,0.0,0.0,31.005714,0.0,40.592537,0.0,0.0,0.0,0.0,0.0,0.0,0.0,0.0,0.0,0.0,38.218987,0.0,0.0,0.0,25.8446,38.081005,32.17772,48.719677,0.0,0.0,16.709366,30.488699,0.0,67.57003,47.37966,32.155357,0.0,47.63373,40.249588,0.0,144.65082,0.0,0.0,52.21058,0.0,0.0,53.39606,34.88,53.36971,0.0,29.024183,33.846954,0.0,42.967915,0.0,18.217352,0.0,3.34591,0.0,52.743706,39.84032,57.66039,0.0,54.705997,0.0,108.01722,76.379715,50.383778,45.07331,30.590097,0.0,0.0,27.073898,0.0,16.121214,0.0,0.0,79.50438,0.0,34.50162,0.0,58.957478,0.0,45.153294,0.0,0.0,69.19606,13.068883,0.0,45.8133,0.0,0.0,0.0,0.0,38.84262,124.96599,0.0,0.0,35.722347,0.0,0.0,0.0,0.0,54.870422,0.0,41.238895,18.299097,0.0,59.381107,0.0,0.0,0.0,0.0,0.0,0.0,0.0,57.7861,43.619114,61.156715,0.0,0.0,0.0,59.337643,0.0,0.0,12.745652,0.0,32.342552,0.0,0.0,0.0,0.0,0.0,8.189455,36.987144,0.0,44.934536,0.0,0.0,35.02801,0.0,37.68157,0.0,79.15715,79.15715,67.592735,0.0,19.99437,41.16181,65.0058,0.0,75.689354,77.16949,0.0,41.946465,0.0,24.460363,0.0,44.631073,0.0,52.347237,49.769196,31.861103,18.6536,23.77261,31.467651,0.0,32.32779,0.0,21.04278,37.157314,11.340217,53.210777,57.87069,49.610195,22.232769,52.372948,29.603172,36.502487,32.155357,39.217937,96.75141,54.46614,31.487309,85.206085,106.73942,84.4294,36.434704,65.64509,0.0,94.75533,103.05349,39.591103,93.26337,65.00197,57.260803,75.67261,36.744766,0.0,63.758972,44.869545,54.900215,17.677856,0.0,77.63889,26.401247,44.457565,17.470568,34.356163,51.343204,92.27582,30.411016,26.958174,53.699738,72.77192,35.1463,39.28818,52.75288,66.69551,44.425808,16.123762,32.082966,36.605106,0.0,0.0,41.946465,35.526726,36.502148,0.0,0.0,0.0,0.0,0.0,0.0,74.31463,42.243565,0.0,0.0,0.0,0.0,0.0,0.0,0.0,0.0,0.0,0.0,0.0,0.0,0.0,0.0,0.0,0.0,0.0,0.0,0.0,0.0,0.0,31.585651,35.925087,22.158724,56.429447,0.0,0.0,31.0473,17.283775,0.0,30.277563,27.185299,29.603172,30.612183,0.0,0.0,0.0,0.0,0.0,5.066903,14.8065195,19.55452,30.762234,18.6536,0.0,0.0,0.0,22.729275,45.734337,0.0,0.0,0.0,0.0,0.0,0.0,0.0,0.0,0.0,0.0,0.0,0.0,0.0,0.0,0.0,0.0,0.0,0.0,27.346157,0.0,0.0,35.02801,24.460363,59.381107,69.19606,45.153294,35.722347,43.619114,61.156715,57.7861,0.0,0.0,0.0,55.462543,0.0,0.0,0.0,0.0,0.0,0.0,0.0,0.0,0.0,0.0,40.27093,53.957577,38.18713,53.72192,52.372948,10.941054,13.569664,39.217937,12.419127,40.012924,27.341166,0.0,22.692553,0.0,6.1495843,42.2147,36.11026,0.0,0.0,0.0,0.0,0.0,0.0,51.74083,0.0,0.0,0.0,48.3604,22.729275,36.11026,0.0,0.0,0.0,0.0,0.0,60.36234,0.0,18.892447,30.525187,0.0,0.0,0.0,0.0,0.0,0.0,0.0,0.0,27.76599,0.0,0.0,23.319666,52.44228,0.0,0.0,0.0,0.0,78.404,17.81221,73.09868,45.10585,0.0,0.0,0.0,0.0,0.0,34.850216,0.0
C10x31_C10x32,82.39343,0.0,39.5814,0.0,25.512323,0.0,0.0,33.443996,34.3669,0.0,0.0,0.0,0.0,0.0,0.0,0.0,127.62282,0.0,0.0,16.81629,0.0,62.44919,0.0,49.067455,0.0,28.234177,0.0,28.234177,0.0,0.0,0.0,7.224394,0.0,0.0,0.0,0.0,0.0,47.21306,26.44283,37.48209,0.0,0.0,44.85752,0.0,0.0,37.689606,0.0,0.0,0.0,93.78487,0.0,48.727177,0.0,0.0,0.0,0.0,79.32332,70.15769,36.16269,0.0,0.0,0.0,59.32958,0.0,42.381092,0.0,0.0,38.231255,0.0,39.1051,0.0,0.0,88.843094,115.550354,88.843094,204.38678,0.0,0.0,0.0,0.0,0.0,0.0,122.28569,0.0,70.89906,0.0,0.0,0.0,0.0,0.0,0.0,69.217766,0.0,0.0,0.0,0.0,0.0,0.0,0.0,60.49415,0.0,0.0,0.0,0.0,62.174,0.0,0.0,14.393568,0.0,0.0,0.0,0.0,0.0,0.0,25.206768,0.0,0.0,30.916681,30.916681,0.0,0.0,0.0,23.295097,0.0,25.699974,0.0,0.0,0.0,0.0,0.0,0.0,60.90467,0.0,0.0,0.0,0.0,64.101555,60.11447,237.08632,60.11447,0.0,0.0,0.0,0.0,0.0,48.24448,0.0,0.0,43.859386,54.986095,0.0,83.44511,0.0,82.61434,0.0,12.44875,128.94823,93.10485,17.973227,0.0,0.0,0.0,65.34592,92.41308,76.26024,0.0,0.0,0.0,0.0,0.0,0.0,0.0,0.0,0.0,0.0,0.0,0.0,0.0,22.566795,0.0,122.75466,0.0,52.124317,50.115913,0.0,72.05025,50.115913,0.0,0.0,0.0,0.0,49.020134,0.0,160.54884,0.0,0.0,0.0,0.0,0.0,0.0,0.0,44.294453,0.0,0.0,0.0,0.0,0.0,82.833405,7.1286426,0.0,53.04906,0.0,0.0,0.0,0.0,0.0,0.0,41.019135,0.0,0.0,0.0,0.0,0.0,36.437008,0.0,0.0,0.0,0.0,0.0,0.0,0.0,0.0,37.613564,35.131546,0.0,22.607338,0.0,0.0,0.0,0.0,97.34756,0.0,0.0,0.0,113.41303,0.0,0.0,0.0,28.260996,59.614536,0.0,0.0,45.443893,0.0,0.0,0.0,40.176785,0.0,0.0,0.0,0.0,0.0,0.0,0.0,0.0,0.0,0.0,0.0,0.0,0.0,0.0,0.0,0.0,0.0,0.0,0.0,0.0,0.0,0.0,99.28709,0.0,0.0,69.04229,0.0,128.27426,165.22868,45.89032,23.723614,187.35999,169.86314,49.286057,155.30241,87.09179,158.66335,48.878864,38.557373,51.870686,65.079315,0.0,56.016872,79.94117,0.0,77.46632,20.280825,54.682568,30.752275,24.497347,103.40222,87.35189,12.445121,0.0,81.22655,98.23002,101.29082,62.16965,61.3707,45.022156,40.514072,34.066135,33.060734,0.0,0.0,45.692497,41.79344,0.0,0.0,0.0,0.0,0.0,0.0,0.0,22.566795,0.0,0.0,17.282364,13.475309,51.13029,39.518734,57.303623,52.669666,0.0,65.14002,40.754635,17.582977,48.377228,43.300247,31.751894,47.157322,34.04021,28.622606,24.483383,0.0,0.0,0.0,0.0,36.037395,45.478733,31.76914,46.007538,0.0,0.0,27.372938,0.0,0.0,21.989561,0.0,10.033484,28.935951,0.0,0.0,0.0,0.0,0.0,0.0,0.0,0.0,0.0,0.0,0.0,0.0,0.0,17.282364,52.601177,69.324936,63.408794,90.764404,84.19056,0.0,36.76776,26.235075,58.50529,0.0,0.0,0.0,0.0,0.0,0.0,0.0,0.0,0.0,0.0,0.0,0.0,0.0,0.0,0.0,0.0,0.0,0.0,0.0,0.0,0.0,0.0,0.0,0.0,0.0,22.749393,0.0,0.0,0.0,0.0,0.0,0.0,0.0,0.0,40.183,0.0,0.0,0.0,0.0,0.0,0.0,0.0,0.0,0.0,0.0,0.0,50.792595,0.0,63.972786,96.22086,60.822083,64.13713,0.0,0.0,0.0,0.0,0.0,0.0,0.0,0.0,0.0,0.0,0.0,102.36749,0.0,35.56289,0.0,21.695087,9.473519,0.0,0.0,57.121643,42.356762,0.0,31.816025,37.55494,31.463364,21.352228,0.0,0.0,0.0,6.964269,0.0,30.3649,0.0,0.0,35.566948,41.99577,0.0,0.0,36.56012,21.695087,0.0,0.0,0.0,0.0,46.085907,0.0,0.0,0.0,0.0,0.0,0.0
C10x31_C11x31,29.380991,0.0,0.0,0.0,31.299849,0.0,0.0,0.0,0.0,0.0,0.0,0.0,0.0,0.0,0.0,0.0,178.81622,0.0,0.0,0.0,0.0,47.67829,0.0,47.151592,0.0,61.81397,0.0,61.81397,0.0,0.0,0.0,43.21206,0.0,0.0,0.0,0.0,0.0,31.3847,39.038097,39.038097,0.0,0.0,86.0089,0.0,0.0,28.830574,0.0,25.295626,0.0,63.879772,0.0,68.1061,0.0,0.0,0.0,0.0,55.506218,21.822584,0.0,0.0,0.0,0.0,52.600044,0.0,52.600044,0.0,0.0,0.0,0.0,15.026433,0.0,0.0,0.0,115.80629,0.0,386.1517,0.0,0.0,0.0,0.0,0.0,0.0,137.43759,0.0,0.0,0.0,0.0,0.0,0.0,0.0,0.0,40.324703,0.0,0.0,0.0,0.0,0.0,0.0,0.0,55.15756,0.0,0.0,0.0,0.0,61.45064,0.0,0.0,52.447414,0.0,0.0,0.0,0.0,0.0,0.0,0.0,0.0,0.0,46.618576,46.618576,0.0,0.0,0.0,37.87062,0.0,49.923405,0.0,0.0,0.0,0.0,0.0,0.0,99.01216,0.0,0.0,0.0,0.0,28.667168,0.0,280.38367,0.0,0.0,0.0,0.0,0.0,0.0,49.69387,32.53439,48.057777,55.48624,25.805647,0.0,74.90083,0.0,29.043667,89.00326,0.0,0.0,72.435936,24.371927,0.0,0.0,0.0,0.0,108.94176,85.468605,0.0,0.0,0.0,0.0,0.0,46.80629,0.0,0.0,0.0,0.0,0.0,0.0,0.0,0.0,0.0,165.53963,0.0,0.0,0.0,0.0,62.875824,0.0,45.61179,0.0,77.13387,0.0,41.811115,0.0,152.29913,0.0,0.0,0.0,0.0,0.0,0.0,0.0,0.0,0.0,0.0,0.0,0.0,0.0,0.0,66.571205,0.0,49.759655,30.030323,0.0,0.0,0.0,0.0,0.0,22.37253,0.0,0.0,0.0,0.0,0.0,30.991028,0.0,0.0,0.0,0.0,0.0,0.0,0.0,0.0,62.9028,0.0,0.0,35.1783,64.62695,0.0,0.0,0.0,115.932625,0.0,0.0,0.0,145.25856,0.0,62.608585,0.0,37.772038,96.914795,0.0,0.0,0.0,0.0,0.0,0.0,38.71892,0.0,95.16988,76.99623,34.099274,22.8216,0.0,0.0,0.0,0.0,0.0,0.0,0.0,0.0,0.0,0.0,0.0,0.0,0.0,0.0,0.0,0.0,0.0,102.366936,0.0,0.0,56.205208,65.06878,104.42414,58.087334,30.918158,12.697941,96.03638,89.47732,0.0,83.1248,46.615425,84.92374,54.630157,41.79597,123.06371,78.89215,32.539265,95.050934,54.160545,0.0,69.9662,10.4819565,46.03375,26.817308,34.722874,92.762245,107.35133,37.08592,28.386816,93.334305,63.30167,80.08461,43.244015,67.02968,93.27235,34.04431,43.830265,50.920864,46.24095,0.0,34.06667,41.134167,0.0,0.0,0.0,0.0,0.0,0.0,0.0,0.0,0.0,0.0,0.0,6.4569745,68.71615,95.050934,93.334305,98.96502,50.464367,58.234097,64.32713,46.43046,71.51691,56.4236,44.465183,57.44608,0.0,30.115326,25.72439,0.0,0.0,0.0,19.62941,55.49961,69.97324,0.0,41.458187,0.0,0.0,117.046455,0.0,0.0,21.681036,32.98646,9.89271,33.91797,0.0,0.0,0.0,0.0,0.0,0.0,0.0,0.0,0.0,0.0,0.0,0.0,0.0,73.84945,70.03617,59.12984,62.519135,86.05415,83.00932,46.649902,50.329502,25.866983,57.68443,52.20082,0.0,0.0,0.0,0.0,0.0,0.0,0.0,0.0,0.0,0.0,0.0,0.0,0.0,0.0,0.0,0.0,0.0,0.0,0.0,0.0,0.0,0.0,0.0,0.0,19.622522,0.0,0.0,0.0,0.0,0.0,0.0,0.0,0.0,31.129524,0.0,0.0,0.0,0.0,0.0,0.0,0.0,0.0,0.0,0.0,0.0,9.084704,0.0,43.639847,44.652554,0.0,52.21207,20.681139,0.0,0.0,0.0,0.0,27.760178,0.0,0.0,0.0,0.0,0.0,101.79085,33.02648,39.338238,0.0,0.0,0.0,0.0,0.0,66.26057,0.0,34.099274,0.0,0.0,0.0,0.0,0.0,0.0,0.0,0.0,0.0,30.3571,0.0,0.0,26.817308,29.924189,0.0,0.0,57.705875,0.0,0.0,0.0,0.0,0.0,0.0,0.0,0.0,0.0,0.0,45.899433,0.0
C10x31_C9x31,43.750084,0.0,0.0,0.0,25.752682,0.0,0.0,0.0,30.601305,0.0,0.0,0.0,20.265491,0.0,0.0,25.582716,112.678215,0.0,23.037073,19.60121,0.0,40.207554,0.0,0.0,0.0,33.78267,55.239536,33.78267,0.0,34.54322,0.0,16.797737,35.571453,0.0,0.0,31.85548,0.0,22.493656,18.863533,46.365982,0.0,46.194767,0.0,0.0,0.0,0.0,46.194767,0.0,41.36903,0.0,0.0,46.193386,73.43634,0.0,0.0,0.0,60.80869,60.80869,103.698,0.0,30.89173,0.0,28.538692,55.988754,0.0,0.0,0.0,0.0,0.0,0.0,0.0,0.0,0.0,0.0,0.0,212.32382,0.0,0.0,0.0,0.0,0.0,0.0,39.23859,0.0,0.0,67.21442,60.192863,0.0,0.0,0.0,0.0,48.21711,0.0,0.0,0.0,17.580757,20.454197,18.317451,0.0,0.0,0.0,0.0,0.0,0.0,8.658509,35.490982,0.0,65.54274,0.0,0.0,0.0,0.0,0.0,0.0,32.43879,0.0,0.0,31.721384,31.721384,0.0,0.0,0.0,24.683681,25.185406,36.14429,54.648106,0.0,0.0,43.56473,43.558266,0.0,78.715004,54.848755,49.118977,0.0,57.476387,82.48601,0.0,208.48021,0.0,0.0,54.41477,0.0,0.0,27.011353,64.58347,75.32228,0.0,13.734659,51.909576,0.0,26.131012,0.0,45.77516,0.0,0.0,0.0,57.464024,0.0,51.812992,0.0,65.97118,0.0,84.55355,133.89368,0.0,29.82913,26.713032,0.0,0.0,13.595589,0.0,5.204432,0.0,0.0,68.22963,0.0,22.438143,0.0,65.920906,44.501465,50.419918,0.0,0.0,49.058975,33.786644,0.0,0.0,0.0,0.0,0.0,0.0,0.0,134.41512,0.0,0.0,28.342295,0.0,0.0,0.0,0.0,30.581541,0.0,51.246746,21.601568,0.0,59.910183,0.0,25.39874,0.0,0.0,0.0,0.0,0.0,24.595419,10.847664,48.049744,32.039154,0.0,0.0,40.84636,0.0,18.329542,33.849964,0.0,39.327263,0.0,0.0,0.0,0.0,13.274873,10.155395,59.33839,0.0,21.984589,39.72847,61.69598,0.0,0.0,18.420145,61.89564,54.114494,54.114494,54.83557,22.919403,23.604963,52.460815,40.380447,29.175817,91.511024,63.765038,0.0,40.464584,0.0,5.4008207,0.0,0.0,0.0,81.439095,62.77285,0.0,0.0,0.0,0.0,0.0,0.0,0.0,0.0,0.0,0.0,0.0,0.0,0.0,0.0,0.0,0.0,0.0,0.0,0.0,79.34414,0.0,0.0,53.92743,150.64456,100.19223,91.55032,35.97662,0.0,77.29661,67.21442,20.454197,63.765038,35.571453,54.848755,58.27304,30.22781,66.021935,57.951134,39.059727,104.13815,58.76271,0.0,77.661255,15.963901,49.343422,0.0,23.849316,116.87557,122.781136,50.934116,34.07518,101.95839,73.011765,96.44545,51.909576,55.17319,46.943,40.961716,29.477201,36.037865,0.0,0.0,0.0,64.84602,0.0,0.0,0.0,0.0,0.0,0.0,0.0,0.0,0.0,0.0,23.849316,27.73168,9.094208,44.800068,64.77623,82.06239,28.334013,30.733994,51.90175,45.496662,0.0,38.55589,13.516052,33.992706,34.416325,24.766953,24.036432,0.0,0.0,0.0,0.0,10.274186,52.280094,0.0,41.887913,0.0,0.0,24.373674,0.0,0.0,0.0,0.0,0.0,0.0,0.0,0.0,0.0,0.0,0.0,0.0,0.0,0.0,0.0,0.0,0.0,0.0,0.0,65.518715,81.61482,0.0,0.0,0.0,0.0,0.0,0.0,0.0,0.0,0.0,0.0,0.0,0.0,0.0,0.0,0.0,0.0,0.0,0.0,0.0,0.0,0.0,0.0,5.4008207,59.910183,49.058975,50.419918,28.342295,10.847664,48.049744,24.595419,0.0,0.0,0.0,0.0,0.0,0.0,0.0,0.0,0.0,0.0,0.0,0.0,0.0,0.0,36.579346,61.102024,43.506275,48.461426,57.103825,4.6607513,21.13907,22.026058,19.344961,59.034477,41.110195,0.0,62.727516,42.912575,41.8131,50.096115,0.0,0.0,0.0,0.0,0.0,0.0,0.0,0.0,0.0,0.0,0.0,39.030426,28.438904,28.662033,0.0,0.0,0.0,0.0,0.0,68.54599,0.0,0.0,46.480705,0.0,0.0,0.0,0.0,0.0,0.0,0.0,0.0,18.526546,0.0,0.0,0.0,37.440567,0.0,0.0,22.71458,0.0,77.29661,0.0,49.84819,37.192104,0.0,0.0,0.0,0.0,0.0,32.071037,0.0
C10x32_C10x33,0.0,0.0,103.272606,11.6383,31.57345,0.0,0.0,50.19793,0.0,0.0,0.0,0.0,56.463535,0.0,41.435913,0.0,114.5894,0.0,0.0,0.0,0.0,78.91199,44.097492,0.0,0.0,0.0,0.0,0.0,0.0,0.0,0.0,0.0,0.0,0.0,0.0,7.753086,47.679165,87.1447,0.0,0.0,0.0,0.0,81.78501,0.0,0.0,0.0,0.0,0.0,40.892506,76.425804,0.0,0.0,0.0,0.0,0.0,89.69538,0.0,0.0,0.0,0.0,0.0,0.0,105.20144,0.0,0.0,0.0,0.0,48.06945,0.0,48.123924,0.0,0.0,101.87858,89.91439,101.87858,122.85037,0.0,25.585032,0.0,0.0,0.0,0.0,105.27526,0.0,50.719585,0.0,34.177494,0.0,0.0,88.26573,0.0,88.26573,0.0,0.0,0.0,0.0,0.0,0.0,0.0,41.834267,0.0,0.0,0.0,0.0,48.327423,0.0,0.0,42.3767,0.0,0.0,0.0,0.0,0.0,32.40795,29.56193,45.831768,64.8159,36.258385,36.258385,0.0,0.0,0.0,13.028453,0.0,0.0,0.0,0.0,0.0,0.0,0.0,0.0,53.834362,0.0,38.066643,0.0,0.0,0.0,86.35054,116.37496,86.35054,0.0,0.0,0.0,0.0,0.0,37.805344,0.0,0.0,0.0,0.0,0.0,0.0,0.0,0.0,0.0,19.724869,120.64471,34.732265,22.464983,0.0,0.0,0.0,82.15839,128.70515,55.36259,0.0,0.0,53.177948,0.0,0.0,0.0,0.0,0.0,0.0,0.0,0.0,0.0,0.0,20.074738,0.0,102.37551,0.0,73.05983,0.0,0.0,0.0,0.0,35.31,0.0,0.0,0.0,38.54911,0.0,104.91459,0.0,0.0,0.0,0.0,0.0,0.0,0.0,68.51744,46.17061,0.0,0.0,0.0,0.0,85.61132,0.0,0.0,42.701782,0.0,0.0,0.0,0.0,0.0,0.0,43.749638,0.0,0.0,0.0,0.0,0.0,47.70465,33.73228,0.0,0.0,0.0,0.0,0.0,28.626112,0.0,38.558994,74.16302,0.0,0.0,17.709196,0.0,0.0,0.0,134.84158,0.0,0.0,0.0,0.0,0.0,61.35849,0.0,0.0,53.988537,0.0,0.0,50.76031,0.0,0.0,0.0,63.20302,0.0,141.50726,86.913536,45.49645,14.630509,0.0,0.0,0.0,0.0,0.0,0.0,0.0,0.0,0.0,0.0,0.0,0.0,0.0,0.0,0.0,0.0,0.0,161.74986,76.419754,45.845734,0.0,0.0,93.40354,0.0,44.4734,120.24271,241.74286,143.41443,44.397068,160.1914,32.533237,159.73393,27.532318,0.0,0.0,0.0,0.0,0.0,0.0,0.0,0.0,0.0,0.0,0.0,0.0,0.0,0.0,0.0,0.0,0.0,0.0,0.0,0.0,0.0,84.21525,73.06265,61.43451,59.621376,0.0,0.0,0.0,21.282572,0.0,0.0,0.0,0.0,0.0,0.0,0.0,20.074738,68.581154,22.738321,0.0,0.0,0.0,0.0,0.0,0.0,0.0,0.0,0.0,0.0,0.0,0.0,0.0,0.0,0.0,0.0,0.0,0.0,56.53865,66.08974,0.0,57.34284,59.10397,40.511654,30.333345,47.069084,54.030685,0.0,0.0,0.0,56.065872,66.565735,29.959751,53.155163,0.0,0.0,0.0,0.0,0.0,10.240124,63.350227,76.41093,58.549232,20.690666,57.34284,121.69673,30.333345,150.00473,98.134514,54.516678,70.41621,56.80973,13.123251,67.49767,33.601444,0.0,36.605183,54.647266,0.0,0.0,0.0,0.0,0.0,0.0,0.0,0.0,0.0,0.0,0.0,0.0,0.0,0.0,0.0,0.0,0.0,0.0,0.0,0.0,0.0,0.0,0.0,0.0,0.0,0.0,0.0,0.0,0.0,0.0,0.0,0.0,0.0,41.54734,28.655375,31.251873,71.859924,38.828808,59.11903,38.175663,36.531326,30.717255,26.275114,26.108871,61.758316,53.38817,0.0,0.0,29.612206,27.790861,46.70177,26.275114,0.0,0.0,0.0,0.0,0.0,38.41249,0.0,0.0,89.59075,0.0,55.11097,67.08415,0.0,0.0,0.0,0.0,0.0,19.289762,44.795376,70.97749,0.0,0.0,3.3421183,55.778385,91.59327,0.0,0.0,0.0,34.887142,0.0,23.266773,0.0,0.0,46.565533,56.065872,0.0,0.0,46.268173,53.104473,0.0,0.0,0.0,0.0,53.7571,78.049545,0.0,0.0,0.0,89.59075,0.0
C10x32_C11x32,0.0,0.0,30.800638,8.143179,14.697218,0.0,0.0,42.541695,22.896517,11.855582,16.766325,0.0,45.56459,0.0,28.992212,0.0,156.38301,0.0,0.0,9.3843975,12.173848,55.79572,30.854488,46.488308,0.0,32.503696,0.0,32.503696,0.0,0.0,0.0,0.0,0.0,0.0,0.0,0.0,53.42066,12.261506,23.601437,23.601437,0.0,0.0,32.650623,0.0,0.0,17.197918,0.0,0.0,16.325312,60.138714,0.0,42.4911,0.0,0.0,47.290077,62.75878,43.87632,0.0,0.0,0.0,0.0,0.0,72.641205,0.0,60.523758,0.0,0.0,52.29537,0.0,44.6149,24.671604,0.0,37.458138,105.646935,37.458138,183.10478,0.0,17.118885,10.5323515,0.0,0.0,0.0,84.24362,0.0,26.283867,0.0,26.254555,0.0,0.0,61.041924,0.0,89.315056,0.0,0.0,0.0,0.0,0.0,0.0,0.0,28.409853,0.0,0.0,0.0,0.0,48.624657,0.0,16.148592,33.786858,0.0,0.0,0.0,0.0,0.0,20.008097,20.654108,28.295723,40.016193,25.332735,25.332735,0.0,16.403275,0.0,28.299013,0.0,0.0,0.0,0.0,0.0,0.0,0.0,0.0,58.083656,0.0,26.634773,0.0,0.0,0.0,24.813824,193.82527,24.813824,0.0,0.0,0.0,18.321754,0.0,50.229305,14.795166,0.0,41.93206,0.0,0.0,60.091805,0.0,35.643616,0.0,11.236694,79.101074,60.51628,33.574635,0.0,0.0,0.0,36.354435,65.83019,37.06853,0.0,0.0,38.634697,0.0,0.0,0.0,0.0,0.0,0.0,0.0,0.0,0.0,0.0,20.930532,0.0,151.18806,0.0,29.64288,33.745472,0.0,48.514923,33.745472,17.766483,0.0,0.0,0.0,34.446114,0.0,98.81634,0.0,0.0,0.0,0.0,0.0,0.0,0.0,22.354504,32.305023,0.0,0.0,0.0,0.0,0.0,26.91277,0.0,23.416477,0.0,0.0,0.0,0.0,0.0,0.0,22.145315,0.0,0.0,0.0,0.0,0.0,37.209923,23.602072,0.0,0.0,0.0,0.0,50.738785,0.0,0.0,33.995808,28.976576,0.0,9.478862,15.412918,0.0,8.022645,0.0,125.88223,0.0,0.0,0.0,80.64646,0.0,42.931805,0.0,24.77979,55.789124,0.0,0.0,28.894876,0.0,0.0,0.0,49.72595,0.0,94.51986,60.812366,55.75613,16.847775,0.0,0.0,0.0,0.0,0.0,0.0,0.0,0.0,0.0,0.0,0.0,0.0,0.0,0.0,0.0,0.0,0.0,121.22268,52.852966,29.669271,0.0,29.590332,90.92031,71.28723,37.37788,66.322525,125.66613,72.09379,37.3727,70.24861,19.872698,73.13785,66.862854,26.13387,45.360367,34.713017,0.0,44.227077,42.84944,0.0,41.328197,10.411882,29.892149,0.0,13.67084,57.48795,52.231308,15.963885,10.783961,50.750774,53.552288,53.18146,34.69402,24.65957,29.689589,42.68701,42.98499,41.716362,0.0,0.0,74.50695,52.186882,0.0,0.0,0.0,0.0,0.0,0.0,0.0,20.930532,48.17572,21.70715,13.67084,0.0,43.41519,44.227077,50.750774,45.690964,0.0,50.792126,34.453754,13.908634,43.73534,34.251724,25.973991,36.41932,22.484343,22.641293,0.0,0.0,69.095924,79.3525,0.0,49.779503,41.021225,41.474476,60.062637,32.933674,37.804626,0.0,0.0,0.0,54.75075,68.055115,10.885265,50.950077,0.0,0.0,0.0,0.0,0.0,22.37917,48.38414,53.463814,40.128944,14.477011,34.02155,84.124985,41.049507,27.009644,41.609024,48.71416,52.073544,52.022816,10.136854,70.174706,70.01054,0.0,36.939663,112.378334,0.0,0.0,0.0,0.0,0.0,0.0,0.0,0.0,0.0,74.704285,0.0,0.0,0.0,0.0,0.0,0.0,0.0,0.0,0.0,0.0,0.0,29.225481,36.343662,0.0,0.0,0.0,0.0,0.0,0.0,0.0,0.0,0.0,0.0,29.059278,24.15282,14.756322,52.130848,26.63755,39.23124,25.582594,21.343506,21.492495,0.0,24.671564,41.041656,17.955242,0.0,15.458419,25.333256,19.444933,45.460155,0.0,0.0,0.0,19.557182,36.265026,0.0,22.227312,0.0,35.87774,68.4255,0.0,55.907906,11.533932,48.811134,0.0,0.0,0.0,0.0,13.496816,61.868633,45.876747,0.0,0.0,25.504946,39.482338,28.848091,0.0,0.0,0.0,26.948036,23.340836,29.051294,0.0,0.0,0.0,47.912853,0.0,0.0,40.26877,26.68897,0.0,0.0,0.0,0.0,34.125233,36.94321,0.0,0.0,0.0,68.4255,0.0
C10x32_C9x32,0.0,0.0,46.099903,0.0,32.38366,0.0,0.0,28.089182,30.534477,0.0,0.0,0.0,0.0,0.0,0.0,0.0,152.54286,26.96559,0.0,15.942949,33.818874,82.8145,0.0,0.0,0.0,0.0,0.0,0.0,0.0,0.0,7.2800956,0.0,0.0,0.0,0.0,0.0,63.635906,62.400475,0.0,40.09597,0.0,0.0,0.0,0.0,0.0,0.0,0.0,0.0,0.0,29.040543,0.0,0.0,0.0,0.0,0.0,0.0,74.54743,83.21321,55.65179,0.0,0.0,0.0,110.40406,0.0,20.768232,0.0,0.0,61.193775,0.0,66.21943,0.0,0.0,93.76648,121.95377,93.76648,121.241066,0.0,21.03726,0.0,0.0,0.0,0.0,89.6479,0.0,51.976257,0.0,0.0,0.0,0.0,0.0,40.821987,70.70575,0.0,0.0,0.0,0.0,0.0,0.0,0.0,52.21193,0.0,0.0,0.0,0.0,14.064514,0.0,0.0,27.494497,0.0,0.0,0.0,0.0,0.0,30.43085,59.007195,0.0,0.0,51.165516,51.165516,0.0,0.0,0.0,35.01182,0.0,0.0,0.0,0.0,0.0,0.0,0.0,0.0,53.209023,0.0,0.0,0.0,0.0,73.2584,35.976723,275.02747,35.976723,0.0,0.0,0.0,0.0,0.0,34.873096,29.521597,0.0,0.0,58.940918,0.0,76.55241,0.0,36.65221,0.0,25.5855,25.356916,49.831654,32.23133,0.0,0.0,0.0,47.09742,66.605804,96.42798,0.0,0.0,0.0,0.0,0.0,0.0,0.0,0.0,0.0,0.0,0.0,0.0,0.0,30.89218,0.0,102.521515,0.0,41.42323,14.233896,0.0,20.463676,14.233896,0.0,0.0,0.0,0.0,0.0,0.0,101.0101,0.0,0.0,0.0,0.0,0.0,0.0,0.0,72.651146,0.0,0.0,0.0,0.0,0.0,104.23912,0.0,0.0,22.99851,0.0,0.0,0.0,0.0,0.0,0.0,0.0,0.0,0.0,0.0,0.0,0.0,29.868391,0.0,0.0,0.0,0.0,0.0,0.0,31.492655,0.0,31.380623,70.18261,0.0,0.0,0.0,0.0,35.99936,0.0,112.688065,0.0,0.0,0.0,68.47903,0.0,74.38092,0.0,0.0,51.817577,0.0,0.0,0.0,0.0,0.0,0.0,53.36446,0.0,168.522,105.35965,0.0,0.0,17.415615,38.238163,19.306622,54.933693,31.59954,20.617077,63.516,46.46763,57.467014,36.394176,39.63536,0.0,34.809586,7.069301,7.2800956,35.74432,24.672153,129.75624,0.0,0.0,0.0,59.043194,100.88475,73.30442,67.29824,126.508446,174.63243,124.52702,93.84903,107.50527,85.03467,94.104454,52.99628,0.0,0.0,59.086124,0.0,73.89535,74.34082,0.0,69.92908,12.546507,15.765182,29.155182,23.225094,100.5056,80.842255,27.494497,18.320637,84.70359,88.75494,99.36951,58.940918,55.932972,0.0,0.0,0.0,0.0,26.970156,0.0,91.280304,42.832157,0.0,0.0,38.073837,30.43085,44.197556,38.953903,0.0,30.89218,0.0,0.0,0.0,0.0,0.0,0.0,0.0,0.0,0.0,0.0,0.0,0.0,0.0,0.0,0.0,0.0,0.0,0.0,0.0,0.0,78.36343,87.42031,41.335403,65.94582,61.3702,46.589504,67.47014,0.0,0.0,16.5359,0.0,0.0,48.491253,62.50478,22.68173,48.382645,0.0,0.0,0.0,0.0,0.0,0.0,0.0,0.0,0.0,0.0,0.0,0.0,0.0,121.19816,0.0,0.0,83.67506,76.705635,90.24589,49.3786,20.76239,9.236277,49.267723,104.88503,0.0,0.0,0.0,0.0,0.0,0.0,0.0,0.0,0.0,0.0,0.0,0.0,0.0,0.0,0.0,0.0,0.0,0.0,0.0,0.0,0.0,0.0,0.0,0.0,0.0,0.0,0.0,0.0,0.0,0.0,0.0,0.0,0.0,53.31641,0.0,0.0,0.0,0.0,0.0,0.0,0.0,0.0,0.0,0.0,0.0,47.784042,0.0,68.13295,0.0,47.476837,50.442375,0.0,0.0,0.0,0.0,0.0,0.0,60.947086,0.0,76.12953,0.0,0.0,61.5478,51.755272,0.0,0.0,0.0,0.0,0.0,0.0,61.230064,45.403233,0.0,43.139824,32.1208,49.993904,76.99456,0.0,0.0,0.0,16.689178,0.0,0.0,0.0,0.0,29.155182,68.57699,0.0,0.0,0.0,0.0,0.0,0.0,0.0,0.0,61.398083,43.83024,0.0,0.0,0.0,0.0,0.0
C10x33_C11x33,0.0,0.0,26.420061,0.0,0.0,0.0,0.0,31.784185,16.955772,30.911827,43.715923,23.979084,63.719448,40.4255,25.202385,14.255171,122.56308,0.0,0.0,27.389671,19.579575,27.880915,20.076323,16.132746,11.012276,0.0,11.012276,0.0,16.137548,15.843108,0.0,0.0,0.0,0.0,0.0,0.0,38.80497,70.53145,0.0,43.352745,36.5425,9.075141,34.31143,0.0,0.0,0.0,9.075141,0.0,16.54476,30.916553,0.0,0.0,0.0,0.0,19.108068,49.265045,49.314144,28.365644,0.0,0.0,0.0,15.4211645,45.971703,18.157692,26.600626,18.157692,26.608545,57.681774,0.0,55.10558,39.680096,29.68933,31.90636,61.51012,31.90636,88.726006,0.0,12.956823,0.0,3.9118028,0.0,0.0,110.76855,26.643373,55.215965,26.643373,48.57315,15.719884,0.0,40.529514,0.0,55.030064,13.973982,0.0,0.0,0.0,13.973982,25.475763,0.0,27.71839,0.0,5.8566794,0.0,5.372709,22.33678,5.372709,0.0,20.313221,0.0,5.372709,19.005474,18.341433,0.0,23.644238,0.0,33.438,47.288475,32.613834,38.908054,0.0,0.0,0.0,8.632343,0.0,8.333213,26.052717,0.0,0.0,18.415577,14.694681,0.0,0.0,0.0,0.0,0.0,32.53149,46.006474,17.862732,96.09151,17.862732,0.0,4.6928234,0.0,29.46744,8.356325,0.0,0.0,0.0,33.347717,0.0,29.332964,65.1925,20.741537,0.0,27.610603,10.257173,71.52639,0.0,25.132881,0.0,25.179379,14.469118,41.283844,58.38418,35.170914,0.0,28.255156,51.511566,0.0,0.0,0.0,0.0,8.999975,0.0,0.0,33.24417,0.0,0.0,29.743332,22.855476,77.862434,12.801277,23.873112,17.145208,0.0,14.513049,17.145208,32.590767,0.0,5.6714473,28.031363,25.541725,30.198101,52.652046,0.0,0.0,20.142464,0.0,0.0,0.0,0.0,8.890621,16.208363,2.1106758,17.43671,0.0,28.408339,28.408339,0.0,0.0,27.842188,0.0,0.0,0.0,0.0,10.81943,11.774685,42.38331,23.978891,23.978891,0.0,0.0,8.66881,32.77517,23.972485,0.0,0.0,0.0,26.774742,127.48649,25.583332,18.745836,70.87454,7.761958,0.0,0.0,32.073116,19.090612,19.090612,13.349383,76.66805,18.441114,0.0,0.0,0.0,13.468009,0.0,22.262285,0.0,54.91803,15.932593,15.932593,34.19839,0.0,15.804839,0.0,80.25657,0.0,91.40715,35.43362,52.06406,0.0,19.090612,0.0,9.373707,32.53149,23.978891,5.372709,22.339226,18.415577,35.29485,26.643373,15.811359,13.973982,15.932593,10.81943,0.0,0.0,0.0,121.580246,58.20294,45.257637,0.0,0.0,0.0,0.0,44.23688,106.83077,157.24565,121.59588,71.06778,70.98291,34.462788,0.0,27.99291,22.225983,0.0,38.70335,0.0,47.52147,46.665905,28.367067,32.06018,6.8007336,31.125275,0.0,33.189346,47.977474,51.615383,9.340543,0.0,38.837112,60.956802,44.02079,36.0595,22.437855,0.0,34.027245,50.920055,40.96248,0.0,0.0,16.880829,0.0,0.0,0.0,0.0,0.0,0.0,0.0,0.0,29.743332,52.252213,55.77296,0.0,0.0,0.0,0.0,0.0,0.0,0.0,0.0,0.0,0.0,0.0,0.0,0.0,0.0,0.0,0.0,0.0,0.0,63.936314,70.94979,53.463646,0.0,0.0,36.44554,81.43873,43.12864,47.356667,0.0,0.0,0.0,72.42706,61.50642,32.08366,57.126507,0.0,0.0,0.0,0.0,0.0,35.993103,52.29905,58.718964,46.159004,0.0,0.0,96.44522,59.979435,27.62169,70.22935,36.121456,39.06399,37.640778,8.695154,42.972157,39.67437,0.0,0.0,53.70123,0.0,0.0,0.0,0.0,0.0,0.0,0.0,20.142464,0.0,0.0,23.12227,0.0,19.090612,15.804839,28.408339,0.0,12.801277,20.142464,10.81943,11.774685,0.0,0.0,0.0,0.0,0.0,27.97566,23.16064,18.793625,0.0,23.170195,15.85495,0.0,48.7761,24.926363,43.715572,0.0,60.606968,0.0,33.61973,29.046486,16.407726,24.553333,0.0,31.788618,41.667496,40.63461,0.0,0.0,0.0,0.0,0.0,0.0,0.0,0.0,0.0,0.0,28.826042,29.491514,18.40191,105.381874,73.96203,0.0,56.528496,53.996403,25.870903,15.932593,0.0,0.0,0.0,23.581577,49.302208,74.50818,0.0,23.844442,12.941542,59.77277,21.215992,27.064568,0.0,13.468009,23.11539,0.0,0.0,0.0,0.0,0.0,61.837406,19.705114,0.0,29.650665,25.89399,35.29485,0.0,15.811359,19.264519,19.84134,52.69979,0.0,15.811359,0.0,84.358055,46.136078
C10x33_C9x33,0.0,103.54473,80.50683,0.0,47.175144,0.0,0.0,36.506622,66.0232,44.48987,62.918175,0.0,67.43714,0.0,17.806461,0.0,91.88672,0.0,0.0,0.0,54.716957,0.0,0.0,25.7246,0.0,0.0,0.0,0.0,0.0,0.0,0.0,0.0,0.0,0.0,0.0,35.785202,44.082516,75.275116,0.0,0.0,0.0,37.693092,37.693092,0.0,0.0,0.0,0.0,0.0,0.0,37.693092,0.0,0.0,0.0,0.0,0.0,49.12704,0.0,0.0,0.0,0.0,0.0,0.0,0.0,0.0,42.41624,0.0,0.0,100.52089,0.0,0.0,0.0,0.0,102.28004,0.0,102.28004,123.33449,0.0,25.313398,9.137943,0.0,0.0,0.0,126.05077,0.0,82.01333,0.0,55.264847,0.0,0.0,75.13627,0.0,75.13627,0.0,0.0,0.0,0.0,0.0,37.73373,0.0,0.0,0.0,66.78468,41.409054,0.0,49.693504,0.0,15.010188,43.57457,0.0,0.0,0.0,0.0,0.0,36.933006,31.730194,52.231163,73.86601,53.730175,48.554745,55.509464,0.0,0.0,0.0,0.0,0.0,0.0,0.0,0.0,0.0,0.0,0.0,28.515314,0.0,20.163372,0.0,0.0,0.0,0.0,139.66417,0.0,0.0,0.0,0.0,0.0,0.0,0.0,0.0,0.0,72.82667,51.49623,0.0,0.0,0.0,0.0,0.0,20.082785,0.0,0.0,0.0,0.0,0.0,0.0,53.145473,83.255005,35.812183,0.0,0.0,91.20772,0.0,0.0,0.0,0.0,0.0,0.0,0.0,0.0,0.0,0.0,58.41034,0.0,45.79918,0.0,42.20863,0.0,0.0,0.0,0.0,49.205788,0.0,0.0,0.0,0.0,57.59775,25.434929,0.0,0.0,0.0,0.0,0.0,54.999878,0.0,64.80926,43.67185,0.0,0.0,0.0,0.0,111.96187,0.0,0.0,41.638298,0.0,0.0,0.0,0.0,0.0,0.0,59.21458,0.0,0.0,0.0,0.0,0.0,0.0,0.0,0.0,0.0,0.0,0.0,113.13611,47.55784,0.0,83.23364,72.64261,0.0,0.0,41.651054,0.0,78.948845,0.0,101.41265,0.0,0.0,0.0,0.0,0.0,0.0,0.0,0.0,56.188972,0.0,0.0,29.826372,0.0,0.0,0.0,78.75252,0.0,82.20553,43.30273,54.310368,0.0,40.971775,0.0,0.0,78.45997,66.31743,21.227612,77.27821,55.708317,93.89321,64.066345,50.679886,11.323873,35.82963,36.27537,0.0,0.0,0.0,168.04604,42.547234,68.89454,0.0,0.0,0.0,0.0,42.56966,228.78615,257.92462,206.866,141.24397,148.72237,133.95027,75.47503,49.477367,0.0,0.0,0.0,0.0,0.0,0.0,0.0,0.0,0.0,0.0,0.0,0.0,0.0,0.0,0.0,0.0,0.0,0.0,0.0,0.0,0.0,59.8518,82.0449,55.446384,25.308844,0.0,0.0,0.0,22.485382,0.0,0.0,0.0,0.0,0.0,0.0,0.0,58.41034,54.64395,47.33611,0.0,0.0,0.0,0.0,0.0,0.0,0.0,0.0,0.0,0.0,0.0,0.0,0.0,0.0,0.0,0.0,0.0,0.0,57.952164,69.63249,23.250708,0.0,50.72736,0.0,0.0,43.161964,42.45335,0.0,0.0,0.0,46.512592,61.040237,41.31702,74.66251,0.0,0.0,0.0,4.2209563,40.727764,0.0,0.0,60.0381,92.38668,0.0,0.0,93.87542,0.0,169.0064,54.62433,0.0,0.0,0.0,0.0,0.0,0.0,0.0,0.0,0.0,0.0,0.0,0.0,0.0,0.0,0.0,0.0,0.0,0.0,0.0,0.0,0.0,28.97142,0.0,51.351665,0.0,29.903694,27.20883,25.65056,29.320456,0.0,0.0,61.08182,0.0,0.0,0.0,0.0,0.0,0.0,0.0,0.0,0.0,0.0,57.559048,61.120876,17.30823,76.35238,31.352621,44.462685,39.731606,41.02245,27.723192,0.0,0.0,52.45467,72.16456,0.0,0.0,0.0,0.0,0.0,0.0,0.0,0.0,0.0,0.0,0.0,37.69735,0.0,79.999306,0.0,0.0,68.968704,66.8285,0.0,0.0,0.0,0.0,0.0,32.046944,47.385258,60.439865,0.0,0.0,64.35147,78.34713,92.63623,0.0,0.0,0.0,0.0,0.0,0.0,0.0,0.0,0.0,58.85518,0.0,0.0,21.99554,0.0,0.0,0.0,0.0,0.0,76.2324,40.647892,47.768356,0.0,0.0,47.385258,0.0
C11x13_C11x14,12.858021,21.526169,9.8291,0.0,27.632595,0.0,0.0,0.0,22.095205,0.0,34.216534,0.0,73.34484,36.11667,13.18916,20.68557,59.901093,0.0,96.33904,28.388515,21.6993,32.87556,17.98001,24.82978,25.427572,0.0,25.427572,0.0,32.762047,47.326607,0.0,0.0,16.548382,0.0,0.0,11.701473,27.148396,0.0,0.0,32.438923,45.180454,22.180765,22.165134,0.0,15.673116,0.0,17.49361,24.271315,15.673116,42.03915,0.0,0.0,29.692108,21.478346,0.0,33.26127,0.0,0.0,52.179188,0.0,54.770695,24.7639,34.862656,37.796616,26.330566,37.796616,48.69889,0.0,16.56987,64.445114,21.257137,0.0,0.0,16.076448,16.076448,41.42726,26.638325,43.367714,33.90216,0.0,0.0,53.114384,55.677258,0.0,0.0,43.21273,30.556013,0.0,0.0,0.0,29.118515,60.68672,0.0,0.0,0.0,0.0,31.413157,22.212458,0.0,0.0,21.84903,46.58983,21.84903,0.0,43.50193,14.303833,31.592754,56.963108,0.0,0.0,0.0,0.0,12.966676,12.966676,0.0,0.0,0.0,20.080133,47.62055,14.571766,43.502167,0.0,76.66151,0.0,54.761677,21.433584,0.0,14.588262,28.021622,2.4689155,0.0,30.373728,56.940598,40.263084,0.0,13.966694,17.995327,34.771984,130.85812,20.093897,9.126743,29.432467,26.984035,0.0,31.279787,0.0,22.021528,0.0,11.76582,6.3593135,0.0,0.0,0.0,23.777998,0.0,23.64644,0.0,14.185139,15.961339,76.158356,34.43407,22.899069,16.192087,70.56092,0.0,30.569036,44.504414,31.469372,0.0,0.0,0.0,18.288237,43.99863,28.321077,13.021072,10.403122,0.0,26.256674,18.566273,32.997562,23.56418,29.743748,21.032005,29.585136,42.434204,0.0,30.005514,107.82826,34.873943,0.0,0.0,0.0,16.64052,82.09117,6.0939784,13.703325,26.767876,0.0,25.747826,28.76843,0.0,8.898936,56.400276,35.572247,40.010315,35.015015,13.74732,9.720823,0.0,0.0,63.68665,0.0,0.0,20.277624,10.467205,17.713186,0.0,31.17091,0.0,29.268013,34.096413,0.0,0.0,0.0,0.0,23.056013,0.0,0.0,0.0,111.37048,22.33093,20.156506,31.870234,39.238346,27.099535,0.0,23.9339,49.67177,35.12324,0.0,42.35535,32.87321,93.67797,58.004807,0.0,26.386976,26.334406,25.217749,0.0,21.853449,4.7295365,0.0,12.624349,0.0,21.457163,23.841272,43.949158,0.0,45.932693,17.178818,51.468834,38.87183,0.0,0.0,0.0,0.0,0.0,0.0,0.0,0.0,0.0,0.0,0.0,0.0,0.0,0.0,0.0,0.0,0.0,34.721863,0.0,0.0,55.11324,72.116165,127.7134,77.868256,39.449608,31.52387,35.387787,46.54339,33.834354,28.587774,17.823862,61.32935,21.478346,22.191813,0.0,23.328579,21.663319,0.0,3.826815,11.315857,30.410538,40.118855,30.237068,12.986146,45.95064,39.529118,21.032312,13.232272,25.140282,41.969887,18.502981,14.571766,8.319691,14.872564,57.031097,25.86347,8.526022,35.0575,15.476007,0.0,88.07692,43.511486,0.0,0.0,32.213833,16.222975,0.0,4.0309143,45.181084,0.0,64.16096,0.0,0.0,0.0,0.0,0.0,0.0,0.0,0.0,0.0,0.0,0.0,0.0,0.0,0.0,0.0,0.0,0.0,0.0,0.0,49.474293,0.0,55.11324,67.13776,38.7189,108.29709,68.46142,0.0,32.498108,76.88656,78.938385,0.0,38.638634,0.0,21.512323,45.899757,0.0,0.0,0.0,0.0,0.0,0.0,21.042439,50.32642,20.797436,21.559008,0.0,0.0,0.0,70.52474,55.45187,10.9246025,9.337139,35.467987,0.0,6.3593135,37.6866,40.079834,14.084206,28.633171,0.0,0.0,0.0,0.0,0.0,0.0,0.0,26.767876,10.467205,0.0,17.4917,0.0,53.500263,23.11099,16.509792,45.704857,32.036274,28.831032,19.078445,12.224839,28.697115,35.584858,0.0,0.0,0.0,63.99938,27.646387,42.719315,8.706335,68.16448,22.82248,15.925204,46.87038,0.0,20.69561,24.109806,20.30271,16.96757,23.244871,21.853449,31.111729,18.65841,20.277624,28.291563,23.3328,51.660503,52.333614,9.233712,40.249233,14.99287,38.998806,44.4089,0.0,0.0,0.0,0.0,0.0,0.0,0.0,67.478676,0.0,0.0,87.24967,0.0,0.0,0.0,0.0,0.0,0.0,36.394558,27.17616,24.014647,18.433176,0.0,28.494247,24.899422,16.85414,0.0,0.0,0.0,0.0,0.0,0.0,0.0,0.0,22.195673,36.30457,0.0,0.0,11.291154,18.086914,32.855427,14.037776,52.904427,19.867199,14.46376,18.115204,24.899422,0.0,13.441369,36.446575,0.0
C11x13_C12x13,16.296766,42.806377,0.0,0.0,63.0503,7.0089703,0.0,0.0,0.0,0.0,44.092354,0.0,41.81451,46.208916,33.4797,16.34369,61.89492,0.0,41.349033,67.849365,19.556229,22.731163,24.839245,26.574873,35.127995,16.07336,35.127995,0.0,45.260517,52.387146,0.0,0.0,16.5985,0.0,0.0,11.736912,36.13467,0.0,11.576771,26.815323,71.72491,0.0,27.97718,0.0,0.0,16.152632,16.152632,16.152632,16.152632,0.0,0.0,13.432979,35.196255,0.0,0.0,34.220577,0.0,0.0,41.505398,0.0,53.1716,24.04089,18.561552,48.116356,21.700203,48.116356,61.995316,0.0,0.0,48.277412,38.723564,0.0,7.94326,7.0107403,7.0107403,18.982935,22.453823,37.589672,21.813272,0.0,37.589672,33.34622,79.9017,0.0,0.0,55.51967,39.258335,0.0,0.0,33.92113,0.0,67.42102,0.0,0.0,0.0,0.0,29.21794,20.660204,0.0,28.091463,0.0,46.89032,33.135746,0.0,52.961437,36.800236,29.482916,65.74001,19.04638,0.0,0.0,0.0,0.0,0.0,13.363388,18.898685,0.0,14.19142,29.881443,0.0,34.850533,0.0,43.25063,0.0,56.04743,35.189064,0.0,0.0,29.813925,9.744152,0.0,56.771324,40.143387,40.143387,0.0,40.88743,52.681236,19.79368,100.17373,17.079453,0.0,29.119438,0.0,0.0,22.59671,0.0,0.0,0.0,0.0,0.0,0.0,0.0,0.0,27.699785,27.699785,0.0,0.0,10.122789,24.119322,24.017105,16.88701,25.828514,0.0,25.828514,36.527035,37.754646,61.172165,43.255257,0.0,0.0,0.0,0.0,61.064785,48.922733,0.0,20.923866,16.311752,26.772429,18.930965,17.807384,0.0,45.182163,31.948614,47.44802,59.224068,0.0,41.87774,135.65201,0.0,17.31238,0.0,0.0,42.765884,63.82462,0.0,0.0,42.92151,0.0,0.0,42.41224,0.0,0.0,37.689095,60.252754,34.390373,36.181313,12.022877,0.0,0.0,0.0,91.57975,0.0,0.0,0.0,47.62146,12.026913,8.902459,0.0,0.0,24.473461,17.076925,0.0,0.0,0.0,0.0,4.8400044,0.0,0.0,0.0,80.90876,0.0,5.7053165,5.7053165,31.955244,12.349805,0.0,0.0,21.977898,0.0,29.009666,25.968046,17.527178,0.0,27.195356,0.0,18.805862,43.227215,13.564114,0.0,31.85099,22.52205,0.0,0.0,0.0,0.0,0.0,71.02814,0.0,46.609325,20.05156,30.322561,31.81655,0.0,0.0,0.0,0.0,0.0,0.0,0.0,0.0,0.0,0.0,0.0,0.0,0.0,0.0,0.0,0.0,0.0,0.0,0.0,0.0,60.506325,100.88659,128.25363,57.719624,27.613432,26.359774,49.07181,59.798893,31.469938,51.2691,17.877844,91.38224,0.0,12.597909,0.0,31.418613,51.25225,74.28958,0.0,22.561369,40.598278,61.56716,46.72155,0.0,50.907497,76.340225,0.0,31.195576,34.89582,35.10895,0.0,0.0,0.0,43.167828,62.509403,27.952576,17.077845,57.262054,0.0,0.0,118.75012,39.64251,32.95777,18.63651,0.0,0.0,0.0,0.0,12.601324,0.0,57.02135,30.388363,21.977898,0.0,4.0540333,32.07246,15.157314,12.022877,0.0,0.0,10.357516,13.375028,24.222305,21.761477,0.0,8.902459,16.138428,9.859899,0.0,31.236147,64.14492,20.497112,60.506325,94.60696,11.855541,111.882744,97.554535,0.0,0.0,59.29791,92.967636,0.0,30.549461,0.0,17.008621,48.76748,24.429111,6.787653,0.0,0.0,0.0,3.9594333,26.040464,37.29606,11.368081,22.497698,20.79945,45.881474,4.6957464,40.317703,48.92148,28.076061,10.898548,0.0,27.750772,0.0,19.331501,44.809334,8.505779,18.938808,0.0,0.0,0.0,0.0,0.0,0.0,0.0,42.92151,47.62146,0.0,0.0,0.0,0.0,0.0,0.0,63.788815,48.66462,46.22972,0.0,0.0,51.291924,37.62381,0.0,0.0,0.0,0.0,0.0,71.98212,64.4122,10.072488,0.0,35.06632,31.16279,0.0,17.30535,17.076925,20.923866,18.2536,17.527178,22.52205,43.179325,13.297752,33.67346,24.317665,17.807384,62.132336,41.22871,17.271078,30.755173,17.465696,42.141502,53.955734,0.0,0.0,43.955795,39.87311,42.141502,0.0,0.0,53.015224,0.0,0.0,92.48861,0.0,0.0,0.0,0.0,12.349805,0.0,65.17766,0.0,0.0,0.0,0.0,0.0,0.0,0.0,0.0,0.0,0.0,0.0,0.0,0.0,0.0,0.0,0.0,30.549461,0.0,0.0,0.0,0.0,45.560215,0.0,21.761477,60.871,24.391682,0.0,0.0,0.0,0.0,66.587906,0.0
C11x14_C11x15,5.0569963,8.466136,3.8657367,0.0,70.15988,0.0,0.0,0.0,16.141193,0.0,24.996178,0.0,119.20915,23.405338,18.70854,0.0,64.31624,18.23386,121.5305,24.681711,0.0,48.982216,0.0,36.994587,0.0,15.644075,0.0,0.0,34.66556,0.0,0.0,13.456055,0.0,0.0,13.8617325,15.357311,11.270468,0.0,28.513248,28.513248,29.798594,26.061682,14.590993,17.809769,10.31739,17.288548,0.0,15.977463,10.31739,27.673779,0.0,24.14367,0.0,23.558788,0.0,40.09622,0.0,0.0,51.160362,0.0,9.85097,6.13531,35.660244,0.0,53.824924,0.0,25.237368,8.899783,31.537151,50.779133,0.0,0.0,34.4943,0.0,0.0,64.79412,7.987134,46.266613,50.662975,0.0,0.0,0.0,60.683903,0.0,0.0,0.0,26.600632,30.796915,0.0,0.0,41.468384,103.09896,0.0,25.034174,0.0,24.301525,0.0,24.231316,50.333878,0.0,28.415623,64.82444,28.415623,0.0,39.588753,0.0,26.873747,48.45453,0.0,0.0,0.0,0.0,28.056644,28.056644,0.0,0.0,0.0,43.448387,34.3919,13.27187,50.864296,0.0,107.02459,0.0,40.262016,0.0,17.236261,5.8559074,0.0,0.0,0.0,19.345257,0.0,19.345257,0.0,0.0,35.961205,41.481533,166.3138,0.0,0.0,0.0,17.792364,0.0,0.0,0.0,0.0,0.0,30.284683,0.0,0.0,25.833042,0.0,44.185455,24.241144,45.23529,0.0,15.181022,21.319422,60.85278,37.89989,0.0,0.0,72.64017,0.0,33.05948,0.0,29.955389,0.0,0.0,0.0,17.048065,0.0,26.400555,38.612976,0.0,0.0,0.0,0.0,0.0,36.99787,0.0,0.0,50.877384,0.0,0.0,0.0,62.24278,11.879625,3.1308227,0.0,0.0,25.577269,107.42709,18.828121,8.31766,0.0,0.0,35.100925,25.735785,0.0,0.0,0.0,0.0,0.0,8.995056,0.0,0.0,0.0,0.0,52.675346,0.0,0.0,13.578873,0.0,0.0,0.0,90.82865,0.0,0.0,0.0,0.0,0.0,0.0,0.0,0.0,0.0,0.0,0.0,147.22742,27.970026,0.0,55.139606,0.0,0.0,0.0,84.61392,0.0,0.0,0.0,57.16009,0.0,81.26074,0.0,92.06813,0.0,47.784695,0.0,0.0,17.818235,0.0,0.0,33.87154,21.181917,0.0,27.421675,50.549294,0.0,56.470432,30.325113,60.099167,12.434292,0.0,0.0,0.0,0.0,0.0,0.0,0.0,0.0,0.0,0.0,0.0,0.0,0.0,0.0,0.0,0.0,0.0,79.36719,0.0,0.0,55.84749,44.5675,174.9163,112.45311,78.70071,40.422924,38.60216,49.85032,37.293106,27.423082,23.635607,71.937416,23.558788,23.627153,0.0,15.503239,21.423004,28.79922,3.3637037,9.946441,26.730335,32.167915,26.577858,11.414597,39.235,35.94783,0.0,11.630936,21.962227,27.857967,15.853831,11.178584,0.0,17.17461,16.336254,24.109604,37.374172,30.557878,20.9268,0.0,98.585,113.327736,0.0,0.0,10.621304,25.01605,0.0,50.058796,31.589376,21.350199,0.0,0.0,39.235,17.447552,11.356796,28.79922,27.857967,11.178416,32.82595,17.822973,24.955746,21.765877,23.81446,33.187973,16.1547,5.1503983,35.026466,21.456152,8.511243,0.0,42.27815,27.458189,45.414326,100.75236,61.558407,148.28288,72.595406,18.26672,10.208351,83.54431,132.37334,0.0,43.367004,33.67299,17.117702,34.168346,0.0,0.0,0.0,0.0,0.0,11.9728365,26.073431,39.366547,29.75459,24.587275,0.0,0.0,0.0,73.671524,56.652943,0.0,0.0,0.0,0.0,0.0,0.0,0.0,0.0,0.0,26.828835,22.699892,19.490927,36.1549,47.026825,36.082455,22.10302,0.0,0.0,0.0,39.294006,0.0,59.14494,29.503693,24.061026,49.483593,37.619625,32.811043,24.235666,34.69946,18.913628,44.22054,0.0,0.0,0.0,21.411802,25.964842,19.426151,14.159826,40.42446,11.382687,26.431637,31.253225,0.0,26.264925,15.658127,9.197366,8.31766,25.055979,17.818235,17.048065,26.427528,13.578873,26.803425,13.793617,20.81995,0.0,31.106236,34.914467,7.2801905,82.778786,29.738337,0.0,0.0,0.0,0.0,45.414326,43.516293,6.5960813,98.599915,0.0,0.0,96.63308,0.0,0.0,0.0,12.778933,24.66937,0.0,27.970026,33.673653,99.84656,21.524065,0.0,16.292559,18.535437,27.90871,0.0,0.0,0.0,0.0,0.0,0.0,0.0,18.07214,30.017498,40.74731,0.0,0.0,30.663021,18.628536,0.0,0.0,0.0,0.0,0.0,0.0,18.535437,0.0,18.661705,49.653038,0.0
C11x14_C12x14,26.021265,73.781555,33.689526,0.0,56.189198,0.0,0.0,0.0,27.032852,0.0,41.86295,0.0,40.49449,22.154783,15.775546,0.0,65.63059,0.0,50.9203,35.68726,0.0,36.572662,14.540204,46.73314,0.0,22.1522,0.0,0.0,25.883104,0.0,0.0,15.231843,0.0,0.0,0.0,13.459492,7.8286824,0.0,16.498837,20.967064,49.708706,17.15969,14.878762,0.0,10.520874,19.570108,0.0,16.292576,10.520874,28.219572,0.0,23.811085,0.0,41.129284,19.965078,63.692616,0.0,0.0,51.522667,9.749286,53.991898,29.82523,62.026302,0.0,66.391624,0.0,43.897087,22.860374,20.035692,57.063362,22.310057,0.0,0.0,13.735853,0.0,39.92058,41.143425,37.114822,40.641563,0.0,0.0,0.0,78.61464,0.0,0.0,0.0,37.743893,0.0,18.020111,0.0,39.237812,93.68671,0.0,0.0,0.0,26.894623,0.0,23.740221,54.978634,0.0,34.50484,71.86819,34.50484,0.0,41.358337,0.0,30.74994,55.443478,0.0,0.0,41.974087,0.0,13.880993,13.880993,0.0,0.0,0.0,21.49604,17.015352,13.734436,45.135086,0.0,85.64644,27.528633,35.727013,0.0,0.0,15.824544,0.0,0.0,0.0,29.59626,0.0,29.59626,0.0,0.0,26.437725,18.916935,126.11262,0.0,21.32319,0.0,23.967827,0.0,0.0,0.0,22.680391,3.5907466,24.27365,0.0,0.0,14.544031,5.433451,38.262093,22.80128,31.537113,0.0,0.0,14.478369,11.0286255,50.579247,0.0,0.0,0.0,0.0,34.173824,0.0,38.55175,0.0,0.0,0.0,47.231907,0.0,73.14312,25.210249,0.0,0.0,0.0,0.0,0.0,0.0,0.0,0.0,73.67884,0.0,0.0,0.0,107.816475,14.459063,12.854892,0.0,0.0,27.967636,88.62542,15.7602625,8.481705,0.0,16.766626,25.29192,28.64061,2.2152686,23.138603,29.958662,0.0,0.0,29.46253,0.0,0.0,0.0,0.0,88.42356,0.0,0.0,22.024317,0.0,0.0,0.0,51.05324,0.0,0.0,0.0,0.0,0.0,0.0,0.0,0.0,13.929476,0.0,0.0,89.07981,24.49214,0.0,21.09242,0.0,0.0,0.0,32.708015,0.0,0.0,0.0,42.962425,0.0,28.440073,0.0,0.0,0.0,35.810425,0.0,0.0,14.701073,0.0,0.0,13.756913,21.250372,0.0,33.536316,61.821064,0.0,30.409462,24.862234,40.6915,67.111,0.0,0.0,0.0,0.0,0.0,0.0,0.0,0.0,0.0,0.0,0.0,0.0,0.0,0.0,0.0,0.0,0.0,44.608173,31.569582,17.80745,73.14156,74.27381,209.17526,125.300804,33.135662,47.308388,46.51019,65.51766,52.616993,36.320976,29.799778,108.08885,41.129284,20.956831,0.0,30.457691,31.760187,41.42855,4.8387895,14.308256,38.452393,51.178238,38.23305,16.420242,58.101967,56.041775,26.594164,16.731453,15.5268545,53.068535,23.395967,13.598056,10.519774,27.415432,32.13809,66.796005,29.769629,33.403866,8.572911,0.0,97.72296,53.078487,0.0,0.0,31.643433,18.771383,12.866833,56.146355,16.779757,16.02025,0.0,0.0,45.72003,19.750097,12.855546,32.59984,41.75926,12.6536255,21.956156,0.0,10.527828,23.089884,20.099346,48.69551,0.0,5.8300934,15.396527,22.273798,9.634466,0.0,29.367208,42.041233,0.0,75.553894,0.0,107.57025,134.05864,10.2841835,32.16491,70.77924,127.726456,0.0,7.146916,18.957932,0.0,61.1883,0.0,0.0,0.0,0.0,0.0,27.641459,27.128834,49.81043,15.882913,37.22096,0.0,0.0,0.0,47.32544,59.489765,16.045065,10.851144,30.30415,0.0,5.433451,32.0935,35.280205,19.381426,24.464426,0.0,0.0,0.0,0.0,0.0,0.0,0.0,0.0,0.0,11.61956,23.359743,16.533367,0.0,34.65965,0.0,77.60013,55.12545,38.680946,0.0,28.338816,35.921963,41.43795,0.0,16.766626,0.0,30.009596,26.048756,45.39933,27.85643,31.962633,11.945364,22.651518,25.931099,0.0,20.947239,0.0,11.789853,8.481705,8.769226,14.701073,47.231907,21.050306,22.024317,15.326565,0.0,21.052832,0.0,22.383562,47.933403,24.31126,63.874153,48.234238,0.0,0.0,0.0,0.0,40.023018,44.51795,0.0,74.802635,0.0,0.0,140.54535,0.0,0.0,0.0,0.0,0.0,73.508194,24.49214,35.036697,81.570854,14.573357,0.0,20.028969,33.193058,14.381224,0.0,0.0,0.0,0.0,0.0,0.0,0.0,0.0,14.689584,35.010468,0.0,13.007776,14.794473,18.346151,0.0,0.0,0.0,0.0,0.0,0.0,33.193058,0.0,18.843548,51.662895,0.0
C11x15_C11x16,0.0,24.306124,6.8856053,0.0,49.611847,0.0,0.0,0.0,0.0,0.0,26.698288,0.0,45.504158,0.0,0.0,27.91526,74.13246,38.872307,0.0,41.131355,0.0,30.485197,0.0,52.80191,0.0,32.03574,30.165562,0.0,0.0,45.997482,0.0,17.863436,14.506952,0.0,20.46484,0.0,17.743073,33.64272,29.06022,0.0,0.0,13.941672,0.0,15.99674,0.0,12.042668,11.339643,0.0,0.0,0.0,0.0,13.684616,12.885736,0.0,0.0,41.869778,0.0,0.0,67.37726,3.1265798,0.0,0.0,41.80112,14.389585,72.401665,0.0,0.0,12.265838,0.0,30.454535,0.0,0.0,0.0,0.0,0.0,66.47899,0.0,58.583385,78.18455,0.0,0.0,40.29658,66.81648,0.0,0.0,30.875286,0.0,51.49688,0.0,0.0,69.34111,109.29526,0.0,37.56978,0.0,28.283283,26.632164,0.0,23.232115,0.0,0.0,66.6309,28.8359,20.255507,41.2755,19.073032,39.300293,72.18595,0.0,0.0,0.0,0.0,0.0,43.500813,28.8799,0.0,0.0,25.944937,0.0,0.0,79.04661,0.0,88.52915,0.0,38.362526,21.495913,30.32411,0.0,14.004709,0.0,0.0,26.280872,28.061398,0.0,0.0,4.366666,4.366666,19.459055,111.58803,0.0,0.0,12.831907,0.0,0.0,33.681973,0.0,18.471922,20.672838,43.969063,0.0,0.0,41.189022,18.308325,55.8251,47.875256,39.21272,0.0,0.0,37.10807,0.0,0.0,24.224277,0.0,121.01539,0.0,43.34597,31.83881,0.0,0.0,0.0,0.0,0.0,19.10382,21.805975,0.0,10.1086445,0.0,18.307383,0.0,22.586414,0.0,11.743036,0.0,37.601456,31.3643,38.561253,0.0,23.427748,0.0,36.20246,0.0,0.0,0.0,178.57135,0.0,0.0,15.853471,0.0,0.0,0.0,0.0,0.0,0.0,17.459442,32.559776,0.0,0.0,0.0,0.0,0.0,49.712933,0.0,0.0,0.0,0.0,0.0,27.380484,132.40036,0.0,28.867266,23.602564,0.0,0.0,29.007868,0.0,23.409243,0.0,0.0,0.0,26.893192,0.0,21.704462,82.14516,0.0,14.7188425,0.0,93.86406,30.479061,0.0,5.1981144,48.727833,20.616892,0.0,39.71421,75.56138,14.280446,57.33673,30.241957,0.0,12.301445,13.134867,0.0,0.0,0.0,22.479303,0.0,38.91316,0.0,69.432304,36.38702,44.481842,37.314358,0.0,0.0,0.0,0.0,0.0,0.0,0.0,0.0,0.0,0.0,0.0,0.0,0.0,0.0,0.0,0.0,0.0,69.38885,0.0,0.0,103.63348,25.900845,89.84735,78.2765,104.72133,38.234123,19.423923,50.46633,35.273773,33.99003,25.262714,42.111534,0.0,34.359253,50.92843,23.282473,22.010704,40.00737,8.163946,8.494617,37.520885,10.498913,25.674574,19.4586,16.574694,35.121853,0.0,30.153719,26.514427,40.803104,20.355717,16.850853,9.468875,19.339994,0.0,0.0,0.0,0.0,34.79541,0.0,36.5398,91.67502,0.0,0.0,20.977657,39.30228,14.273889,33.83857,0.0,32.97003,92.323494,0.0,32.368675,23.872955,47.45992,40.00737,46.161747,31.3413,37.78556,30.181547,32.656372,22.995693,15.011136,45.840263,28.484587,29.077997,21.912745,45.69306,21.508322,0.0,58.3077,43.98731,96.69479,33.064922,58.5772,132.59137,53.336258,20.760675,16.885605,85.74857,126.46801,0.0,27.459406,20.760675,16.959356,28.3458,0.0,0.0,0.0,0.0,0.0,7.958277,23.007336,24.428036,33.343197,34.433907,0.0,0.0,0.0,60.857906,50.071335,0.0,0.0,0.0,0.0,0.0,0.0,0.0,0.0,0.0,33.295948,20.763748,14.260183,44.91475,56.02451,26.949604,20.14531,0.0,0.0,0.0,0.0,19.313944,37.472885,32.993748,47.245544,56.959972,49.22796,34.66494,25.690613,33.6633,32.42279,72.85879,16.52121,36.13088,0.0,0.0,0.0,0.0,0.0,0.0,0.0,0.0,0.0,0.0,0.0,0.0,0.0,0.0,0.0,0.0,0.0,0.0,0.0,0.0,0.0,0.0,47.75901,56.99717,33.912605,71.54706,64.07719,30.269154,0.0,0.0,0.0,0.0,81.14586,26.558321,1.7610418,79.82143,0.0,0.0,63.773434,37.472885,0.0,0.0,21.784399,38.35732,0.0,0.0,34.0399,104.084465,0.0,0.0,7.710507,13.739533,28.727627,29.587872,24.86055,15.165793,0.0,32.777977,0.0,0.0,33.36411,30.944027,25.856384,0.0,0.0,89.299164,25.270603,14.6653185,0.0,43.164204,14.670384,0.0,0.0,0.0,0.0,0.0,32.70646,0.0
C11x15_C12x15,8.326272,34.96817,0.0,0.0,56.12136,0.0,0.0,0.0,0.0,0.0,31.767483,0.0,67.742256,40.921677,0.0,0.0,48.63472,75.16783,0.0,48.60035,0.0,41.70824,0.0,87.81553,0.0,56.687447,0.0,0.0,54.152992,0.0,0.0,23.885557,0.0,0.0,22.86531,0.0,17.56526,18.114157,31.746233,23.357546,30.326883,23.615076,0.0,16.137833,0.0,0.0,0.0,15.589214,0.0,27.001308,0.0,23.59457,0.0,0.0,0.0,51.132427,0.0,0.0,75.71704,0.0,0.0,6.4047213,27.820017,0.0,58.574265,0.0,36.12085,43.075928,22.832823,43.410213,0.0,3.0822775,2.7397852,0.0,0.0,82.406425,10.176008,37.50087,54.866505,0.0,0.0,38.79648,68.150536,0.0,0.0,0.0,0.0,26.98551,0.0,56.381924,36.33628,57.273144,0.0,19.018192,0.0,48.765118,0.0,0.0,59.69889,0.0,0.0,53.230232,0.0,18.255016,47.180325,0.0,39.327442,89.743286,0.0,0.0,0.0,0.0,0.0,11.073995,0.0,44.04108,0.0,31.141745,62.28349,0.0,50.62188,0.0,124.84498,32.528984,0.0,0.0,23.84735,0.0,0.0,0.0,0.0,0.0,0.0,0.0,0.0,0.0,0.0,14.272509,141.13402,0.0,0.0,0.0,0.0,0.0,0.0,0.0,29.64142,16.261957,41.3659,0.0,0.0,24.487879,0.0,62.674587,34.384705,48.376514,0.0,0.0,18.337826,0.0,39.564133,0.0,0.0,65.96943,0.0,19.959145,0.0,0.0,0.0,0.0,0.0,0.0,0.0,39.689228,0.0,0.0,0.0,0.0,0.0,0.0,0.0,0.0,0.0,45.530743,0.0,34.20318,0.0,35.05327,0.0,19.286396,0.0,0.0,0.0,154.04117,0.0,0.0,0.0,0.0,0.0,0.0,0.0,0.0,0.0,0.0,0.0,15.986999,0.0,0.0,0.0,0.0,45.004574,0.0,0.0,0.0,0.0,0.0,0.0,106.502495,0.0,0.0,0.0,0.0,0.0,20.766403,0.0,0.0,0.0,0.0,0.0,86.276695,0.0,0.0,30.998579,0.0,0.0,0.0,87.13931,0.0,0.0,0.0,52.087296,0.0,0.0,0.0,14.658563,0.0,37.2972,0.0,0.0,0.0,0.0,0.0,0.0,0.0,0.0,0.0,40.036762,0.0,44.70918,23.800972,23.12268,37.537327,21.765284,9.201783,14.957925,23.11753,20.61429,12.477174,33.379627,10.000849,2.9932668,18.033909,30.82382,19.018192,12.53334,7.288138,9.315268,22.414558,10.657516,86.60025,0.0,0.0,57.466297,41.56242,136.09991,87.88067,38.993202,66.8248,9.703194,58.460037,61.650764,40.628998,30.197054,72.660675,0.0,28.52495,0.0,36.52253,40.987236,31.407007,33.721684,19.77668,40.736355,50.026646,29.327944,12.091063,41.06193,59.642624,32.981976,23.539177,11.22648,62.973316,20.482851,19.651667,26.603613,30.229046,9.066293,11.169677,20.326529,20.960608,24.36134,0.0,45.46829,63.284695,0.0,0.0,13.798572,16.204979,18.765995,60.332565,0.0,32.183285,97.67366,27.746887,55.80902,26.438606,59.276363,42.6866,85.589714,34.76445,59.94329,29.19925,41.483986,31.499475,22.44622,79.03629,37.30226,47.9562,28.640507,52.11987,27.327255,0.0,31.407007,47.8218,64.0007,27.549314,17.01144,108.56628,95.09602,20.631535,16.612001,102.4078,116.38514,0.0,27.014475,20.631535,10.663078,21.284382,0.0,0.0,0.0,0.0,0.0,14.212173,24.842653,28.673922,25.30894,34.639664,55.09863,53.44698,22.397663,47.279613,56.571514,0.0,0.0,0.0,0.0,0.0,0.0,0.0,0.0,0.0,16.854734,17.4346,14.1470585,30.853096,31.006147,41.08598,23.33488,0.0,0.0,0.0,0.0,0.0,31.844198,48.249496,19.836329,68.97153,45.368843,23.053074,10.663078,28.431374,15.592723,49.571953,19.966848,0.0,0.0,53.31384,25.256556,17.949215,22.20779,75.50264,17.85222,23.280432,50.837555,0.0,0.0,0.0,0.0,0.0,0.0,0.0,0.0,0.0,0.0,0.0,0.0,51.765156,46.253826,54.714783,63.886642,45.275444,97.063515,10.657516,0.0,0.0,30.780762,17.550104,53.251247,39.543846,1.7325072,107.8053,0.0,0.0,96.801796,31.844198,15.592723,0.0,0.0,7.4105105,0.0,0.0,21.415487,23.30098,0.0,0.0,0.0,0.0,0.0,18.156439,24.888979,29.739197,0.0,38.782543,0.0,0.0,6.408987,12.817974,34.83418,0.0,0.0,43.617134,15.460164,0.0,0.0,0.0,0.0,0.0,0.0,0.0,0.0,0.0,32.971092,0.0
C11x16_C11x17,15.809106,0.0,20.81664,0.0,32.11934,0.0,19.188934,0.0,0.0,0.0,27.314749,0.0,79.97154,0.0,0.0,0.0,100.1945,0.0,0.0,0.0,0.0,30.019447,0.0,55.90118,0.0,26.183464,24.654928,0.0,0.0,23.606773,17.250336,4.4909377,4.228766,0.0,5.965486,21.863699,27.154331,0.0,0.0,0.0,0.0,19.55717,0.0,21.125378,0.0,15.903608,14.97519,0.0,0.0,0.0,0.0,28.593649,26.924412,28.379128,0.0,36.160168,0.0,0.0,86.7711,32.44296,0.0,16.492329,39.877457,23.538181,74.258446,0.0,0.0,0.0,0.0,32.540653,0.0,0.0,17.266432,0.0,0.0,59.89733,26.522615,39.994736,24.997063,24.997063,0.0,6.404235,72.27908,0.0,57.081066,30.480217,41.76933,0.0,36.02603,0.0,53.6998,53.6998,0.0,9.256958,12.170782,6.9688234,6.5619984,15.425689,0.0,0.0,25.128677,90.45939,54.081894,33.830574,68.937996,31.855618,65.639015,118.93844,0.0,0.0,0.0,0.0,22.898323,49.22231,29.176628,0.0,0.0,0.0,0.0,0.0,43.928276,0.0,46.94325,0.0,21.319063,0.0,0.0,10.44105,0.0,25.417776,0.0,63.95476,15.412883,36.445568,0.0,0.0,0.0,23.550814,124.63839,0.0,0.0,0.0,32.147133,0.0,23.967394,0.0,37.282803,49.364437,28.577185,0.0,0.0,30.056538,15.028269,29.555952,39.13367,32.44312,0.0,18.000103,29.761911,0.0,14.219787,34.659042,0.0,149.48512,0.0,39.864063,36.61427,43.31815,0.0,0.0,0.0,20.240196,37.000324,0.0,39.90529,18.537155,0.0,21.840895,0.0,0.0,0.0,6.022247,0.0,37.826954,17.287067,105.19587,0.0,31.768566,19.553505,51.88263,0.0,0.0,0.0,143.49628,21.588043,17.524265,19.324467,22.894007,23.658857,0.0,21.677074,0.0,0.0,4.2881703,26.999023,25.55298,26.137453,0.0,0.0,0.0,15.122089,0.0,0.0,20.395304,24.558596,13.241041,21.719692,86.5806,0.0,13.473067,0.0,0.0,26.70049,99.69088,23.259726,16.649132,24.875086,0.0,0.0,83.52126,0.0,6.8512907,28.71247,0.0,27.376926,0.0,23.531086,18.082924,0.0,41.876217,79.467,0.0,0.0,28.024303,0.0,28.37365,44.97148,33.711292,0.0,51.620632,0.0,0.0,0.0,12.511106,27.31879,23.748646,46.816097,0.0,59.197266,28.177593,62.58558,54.010937,18.405367,0.0,25.392908,45.831024,19.573725,26.973005,42.019825,10.103508,0.0,32.95577,30.485153,12.170782,23.209677,13.496428,17.250336,28.755348,19.735958,50.8967,0.0,0.0,95.973915,0.0,0.0,0.0,76.5502,49.77911,0.0,83.81178,30.952244,59.025917,43.87036,73.129456,0.0,70.85081,66.459366,0.0,0.0,0.0,0.0,0.0,0.0,0.0,0.0,0.0,0.0,0.0,0.0,0.0,0.0,0.0,0.0,0.0,0.0,0.0,0.0,0.0,0.0,0.0,36.194572,0.0,18.73372,90.719864,0.0,0.0,0.0,38.415356,0.0,18.269672,0.0,0.0,72.78047,39.24481,19.204014,29.01248,0.0,34.979572,30.442566,27.757898,18.358816,18.547781,6.3956084,20.52253,11.3442,21.343342,29.044502,23.066252,39.29424,30.132734,26.08116,0.0,46.46472,30.119379,63.231644,0.0,18.330175,55.876236,18.269672,0.0,20.99928,78.78607,116.16109,0.0,26.007732,0.0,14.061948,29.044502,33.833122,51.239338,0.0,0.0,0.0,0.0,23.79352,24.890917,31.749401,33.64689,0.0,0.0,0.0,38.43277,45.818832,0.0,0.0,0.0,0.0,0.0,0.0,0.0,0.0,0.0,0.0,38.620407,26.150215,51.651447,39.533657,52.196056,40.026474,0.0,0.0,0.0,0.0,27.972517,30.431986,35.677563,50.042076,62.544216,52.141834,31.079096,22.315397,28.3653,32.632023,25.716007,16.567904,30.145687,0.0,0.0,0.0,0.0,0.0,0.0,0.0,0.0,0.0,0.0,24.808445,12.007091,14.949948,21.492847,45.923153,29.41678,24.823832,55.925377,25.014065,35.13774,13.551813,0.0,44.45391,23.173227,0.0,47.48683,40.076717,0.0,0.0,0.0,0.0,0.0,53.06373,36.70498,0.0,27.90029,0.0,0.0,86.461006,51.184895,54.885235,0.0,0.0,0.0,0.0,0.0,23.79352,46.577522,0.0,0.0,30.997133,36.219784,36.874863,38.172398,17.681332,30.132734,0.0,26.989191,0.0,0.0,27.80377,77.999504,24.489456,0.0,21.04115,71.01556,45.20935,13.861038,20.89083,20.097363,27.348946,0.0,0.0,0.0,0.0,17.158745,42.665745,0.0
C11x16_C12x16,13.446376,0.0,14.667668,0.0,28.49487,12.736554,15.470402,0.0,0.0,8.538536,25.82193,6.037657,68.38976,0.0,0.0,16.981768,67.79215,36.397457,36.397457,41.0767,0.0,28.236029,0.0,43.34658,0.0,39.810184,28.236029,0.0,0.0,23.41534,13.9074745,27.822485,13.000341,0.0,18.339476,15.835826,22.321692,20.206387,0.0,0.0,0.0,18.463717,0.0,20.618256,0.0,0.0,14.615706,0.0,0.0,0.0,0.0,19.951294,11.838961,0.0,0.0,46.98226,0.0,0.0,47.186447,19.69459,2.2101352,1.8982505,36.968548,36.968548,60.851185,0.0,0.0,21.970617,0.0,35.198563,0.0,11.460502,13.920451,0.0,0.0,42.726856,4.0189476,19.501488,45.46072,16.055288,0.0,32.145584,74.10318,0.0,32.072327,42.854607,21.08445,30.320082,36.828163,0.0,7.2413216,30.320082,0.0,15.424472,8.955607,17.916067,10.933977,10.197354,12.060824,0.0,0.0,63.264942,37.79653,22.0424,65.83792,38.074726,53.7117,144.10188,0.0,0.0,0.0,0.0,0.0,23.377787,0.0,0.0,0.0,0.0,0.0,0.0,51.137367,0.0,79.08736,0.0,40.383617,19.372986,27.329313,0.0,0.0,14.124181,0.0,34.352345,14.992594,25.811434,0.0,21.02829,63.28406,20.351963,106.61303,0.0,0.0,0.0,0.0,0.0,9.9012,0.0,31.15127,48.92604,20.219194,0.0,0.0,15.167356,7.049704,44.632164,31.097408,44.228306,0.0,14.51195,19.04639,13.347784,11.464202,12.651589,0.0,157.96126,51.921818,32.31128,31.015852,32.08642,0.0,0.0,0.0,0.0,36.165432,0.0,0.0,18.270412,0.0,5.7714834,0.0,0.0,0.0,15.077082,0.0,29.434505,29.484497,86.90465,0.0,30.531864,0.0,34.1889,0.0,0.0,0.0,173.51439,0.0,0.0,8.829282,17.824755,0.0,0.0,17.476376,0.0,0.0,11.89909,17.505823,15.079394,0.0,0.0,0.0,0.0,16.089409,0.0,0.0,0.0,18.390175,6.069409,20.228167,105.19795,0.0,12.491927,0.0,0.0,15.667945,59.298676,11.243169,5.5488133,21.025364,0.0,0.0,71.37622,0.0,0.0,43.891766,0.0,11.089706,0.0,92.88598,16.60604,0.0,24.41031,71.02338,12.92458,32.600086,10.446243,0.0,25.475477,52.380203,15.742813,0.0,28.356754,11.592319,0.0,0.0,0.0,19.119234,0.0,47.761635,0.0,63.928127,12.604999,25.670546,41.441456,13.042548,9.972946,17.188969,34.37629,16.587397,13.372277,35.578926,8.1455965,7.910416,18.516968,24.47841,8.955607,18.711983,13.268258,13.9074745,22.668339,16.74518,29.478607,0.0,0.0,78.064835,0.0,0.0,0.0,13.620693,34.8768,16.83366,56.760075,18.830137,39.343975,29.241976,47.662643,0.0,59.931267,87.06807,25.45864,23.889715,38.282623,7.993391,8.317154,35.21284,24.525358,21.618326,19.052086,16.402498,30.49779,17.506565,16.817171,18.96407,44.744583,20.22451,17.529028,11.57188,22.325718,0.0,0.0,0.0,0.0,26.092325,0.0,0.0,63.77526,19.965082,14.615315,15.547574,0.0,8.287346,18.27854,0.0,32.281246,135.30058,69.4671,26.092161,34.089344,68.7712,60.89781,71.177124,48.81439,58.884956,31.487303,50.862633,35.81603,15.062125,48.97008,38.204903,16.497534,27.886028,70.068016,33.49943,0.0,49.042618,43.58777,70.04938,15.547574,17.309872,46.71418,18.27854,16.953928,28.080336,58.3057,87.11983,0.0,28.331757,15.167356,21.87094,31.479298,31.058842,49.532578,0.0,0.0,0.0,6.6584373,20.049625,28.055862,31.645344,27.759985,0.0,0.0,0.0,44.295544,67.49038,0.0,0.0,0.0,0.0,0.0,0.0,0.0,0.0,0.0,0.0,15.644158,25.773922,43.75381,14.73643,51.018276,35.938046,0.0,0.0,0.0,0.0,0.0,29.70726,38.812466,55.577686,67.04353,57.909714,40.77838,30.221367,25.553818,38.140816,30.41281,28.30145,13.225682,0.0,0.0,0.0,0.0,0.0,0.0,0.0,0.0,0.0,0.0,18.887335,8.696709,0.0,3.8336244,31.88202,21.306507,15.871994,39.880875,19.066994,24.817621,9.815547,0.0,39.973694,40.04243,25.907917,48.97831,50.882725,19.496431,0.0,0.0,10.737737,20.83385,64.473976,19.647936,4.3875027,52.446156,0.0,25.32409,65.73896,38.507797,49.439724,0.0,0.0,0.0,0.0,0.0,39.379883,42.049614,0.0,0.0,0.0,22.116766,19.551039,41.71313,34.657486,57.733215,0.0,50.703396,0.0,0.0,22.95787,37.416786,22.558325,0.0,2.262393,78.82858,38.42756,12.709636,0.0,18.526247,23.615171,0.0,0.0,0.0,0.0,0.0,17.163198,0.0
C11x17_C12x17,12.84469,0.0,32.472263,0.0,11.708939,8.2794695,12.099744,0.0,0.0,0.0,30.29245,0.0,74.88141,47.522892,0.0,0.0,114.33994,0.0,31.352844,30.922523,0.0,30.814144,0.0,44.593822,21.08514,29.906096,0.0,21.08514,51.64783,0.0,16.237663,15.759163,0.0,11.110917,20.982025,18.567707,20.500793,0.0,0.0,0.0,0.0,29.582624,0.0,26.235807,23.216957,6.5837626,0.0,0.0,23.216957,0.0,19.198383,27.230017,0.0,14.14063,0.0,18.017733,0.0,0.0,103.861435,36.78166,0.0,0.0,29.535742,0.0,65.290764,20.21037,49.50509,0.0,0.0,30.643625,0.0,0.0,14.047968,9.612577,0.0,41.99484,32.251102,6.8571076,9.411646,0.0,0.0,6.655038,86.94833,20.58907,52.11599,0.0,40.15931,0.0,60.272957,0.0,0.0,41.242867,0.0,12.616839,0.0,0.0,0.0,11.165069,15.71121,22.582062,26.267921,83.13018,77.391174,28.387587,81.05927,0.0,50.444836,114.08433,0.0,20.014524,0.0,0.0,9.083425,39.67591,11.573935,0.0,0.0,0.0,0.0,0.0,33.26743,16.58521,0.0,16.58521,0.0,0.0,16.15898,0.0,0.0,0.0,18.110119,45.352993,0.0,26.466404,0.0,0.0,0.0,28.02681,114.20619,0.0,0.0,0.0,18.358757,0.0,0.0,0.0,33.265244,47.110584,0.0,0.0,0.0,9.405208,5.8895655,40.76662,56.819424,0.0,0.0,16.943417,21.874296,17.008177,24.856009,0.0,0.0,200.07079,46.306004,0.0,0.0,42.405075,24.01074,24.01074,0.0,42.963253,0.0,0.0,0.0,0.0,0.0,0.0,0.0,0.0,0.0,0.0,0.0,30.960558,0.0,81.57346,0.0,45.133133,28.30197,57.184937,0.0,0.0,20.649454,127.71915,10.051998,18.210552,0.0,0.0,9.648786,0.0,23.279549,0.0,0.0,0.0,0.0,6.769555,0.0,0.0,6.1622066,0.0,0.0,0.0,14.550706,36.05836,0.0,0.0,0.0,66.2298,10.483105,0.0,0.0,0.0,0.0,68.75747,31.910711,0.0,20.305239,13.894231,0.0,52.58922,0.0,0.0,0.0,0.0,0.0,0.0,44.207787,0.0,0.0,0.0,60.17373,0.0,22.369434,0.0,0.0,0.0,41.153103,0.0,21.111364,37.437435,0.0,14.94932,0.0,7.914019,0.0,28.537106,70.06236,17.195393,53.99823,22.656141,54.272373,45.34758,28.613329,39.042805,43.525806,55.85177,21.31897,40.702545,61.66616,0.0,21.93287,41.87097,30.809114,0.0,30.401693,27.413708,22.595722,36.829655,29.591053,16.884642,0.0,0.0,74.67851,0.0,0.0,0.0,49.80442,26.53531,27.29942,72.36568,20.119066,37.840397,33.458363,45.841156,0.0,61.89226,66.99482,25.396713,18.704967,31.032251,11.034821,8.973723,22.369434,4.692101,17.690153,17.195393,14.069934,26.793177,9.612577,20.014524,4.632191,30.322891,14.782481,17.251064,5.8895655,14.1144085,0.0,0.0,0.0,0.0,41.69936,0.0,19.001114,44.52614,26.793177,14.1144085,0.0,0.0,0.0,0.0,31.032251,0.0,115.28308,59.911114,19.956081,31.221945,38.95326,44.014576,43.008453,33.396328,30.048191,21.98246,27.370216,26.365072,8.531463,21.48751,31.457075,15.870851,24.65984,38.36249,20.637985,0.0,26.176579,35.18981,63.392696,0.0,13.894231,41.22673,15.929455,13.278627,34.687614,81.71711,81.147125,0.0,0.0,9.405208,21.526655,35.417694,31.49354,64.01706,18.704967,20.101948,14.601369,12.155934,30.232779,0.0,28.653547,32.065582,0.0,0.0,0.0,33.41073,51.283417,14.601369,14.88429,18.489832,16.591246,5.8895655,22.054882,38.68593,18.226807,7.954152,0.0,17.536823,23.665302,37.473614,10.130329,48.54967,42.041622,18.58856,14.550706,0.0,0.0,0.0,30.45714,47.65119,50.96975,45.8598,41.772648,40.238594,29.180214,28.044989,45.944912,19.478214,23.197432,12.294307,0.0,34.464157,53.920303,52.51139,23.261173,37.108936,33.019238,32.780148,33.318897,0.0,15.3201685,0.0,20.94223,18.210552,32.691036,21.847164,42.963253,39.52731,36.05836,32.343163,0.0,0.0,38.002087,35.32821,0.0,47.505802,44.89126,0.0,0.0,0.0,0.0,0.0,62.568237,43.968567,0.0,15.883798,0.0,0.0,82.93601,54.17587,56.02706,0.0,17.195393,26.545008,0.0,0.0,30.232779,17.910044,0.0,0.0,23.47575,37.79194,32.373917,39.2585,19.706873,38.36249,0.0,39.546963,0.0,0.0,39.48007,40.79612,0.0,0.0,19.901941,60.63716,46.255566,0.0,0.0,0.0,0.0,0.0,0.0,0.0,15.14966,18.98734,23.72721,0.0
C11x19_C12x19,0.0,0.0,0.0,29.863688,25.116262,14.466458,0.0,0.0,0.0,43.715916,30.91182,38.218327,61.575138,0.0,0.0,17.511118,52.5645,0.0,0.0,18.785433,0.0,16.729103,16.84824,0.0,23.742918,16.84824,23.658525,0.0,29.113388,16.096651,0.0,22.53347,15.93357,0.0,0.0,0.0,0.0,38.457024,29.227337,38.32033,47.155716,0.0,42.4589,0.0,55.510822,48.961514,34.621017,0.0,17.504803,44.410427,20.508003,25.984524,28.797613,24.036661,0.0,6.910038,12.890168,9.114726,12.293887,5.993547,45.826225,26.457783,0.0,18.281567,0.0,20.726992,0.0,10.017322,0.0,18.789194,18.923002,0.0,0.0,26.918509,0.0,41.431747,18.050802,0.0,0.0,0.0,0.0,0.0,110.9798,29.72049,0.0,41.73391,42.03112,0.0,0.0,0.0,12.622639,17.851107,26.671692,0.0,0.0,26.671692,37.452747,37.719467,80.55208,23.566801,89.45893,96.716324,63.369003,20.047148,32.100155,16.346458,0.0,37.881535,0.0,0.0,0.0,16.726849,26.819578,0.0,16.726849,0.0,0.0,0.0,57.427948,21.633074,26.08091,0.0,47.820023,0.0,30.115639,39.77012,0.0,60.99891,24.799526,37.693417,7.6979017,18.833775,12.850983,10.886477,0.0,8.583806,12.139334,0.0,142.58453,0.0,22.36524,9.092743,4.7729735,0.0,16.228577,0.0,41.459736,27.144049,18.612497,32.009834,10.556269,45.59112,24.440214,38.07908,55.97778,0.0,0.0,0.0,56.620457,25.159014,14.525565,31.865543,0.0,78.517815,39.02716,0.0,24.61366,24.788948,0.0,16.152542,20.930737,0.0,0.0,0.0,42.164818,20.09571,0.0,15.072641,0.0,17.81935,45.530403,33.483025,0.0,0.0,16.803352,16.86329,0.0,65.74896,84.47497,4.9895244,0.0,0.0,0.0,99.435486,92.38105,0.0,10.851072,0.0,52.14689,23.727972,0.0,0.0,0.0,38.83225,8.967238,24.737396,28.270046,0.0,0.0,0.0,0.0,0.0,27.95853,96.56642,39.259743,26.057104,35.760853,0.0,13.564355,19.047247,19.323498,13.761085,26.09565,60.47446,0.0,8.525008,0.0,6.0710206,11.445737,51.755352,0.0,8.912947,20.655,0.0,44.50482,0.0,0.0,21.20138,0.0,39.276024,33.914463,17.270365,0.0,4.693158,11.991536,17.664137,15.006128,18.124252,0.0,23.533436,16.346489,9.618788,0.0,100.059395,40.679836,72.77983,65.49859,22.6311,16.50672,34.594814,37.647953,49.651276,26.151201,35.5209,32.74837,10.587839,23.49415,20.047148,13.533094,30.589397,16.348614,51.477398,11.314561,46.19672,20.047186,32.140575,19.540787,15.760328,48.42559,99.792046,0.0,0.0,80.12926,41.75499,40.13539,38.35026,57.143364,30.116344,24.767452,65.98711,59.217987,32.997555,32.16403,25.941414,19.666382,46.670452,44.803753,18.124252,0.0,25.184586,8.652568,0.0,0.0,0.0,10.666225,31.77889,21.20138,14.903267,16.904375,0.0,34.983963,0.0,21.409756,30.37745,26.135921,14.153184,34.546696,0.0,21.63406,19.763645,24.550535,7.6969957,20.935099,0.0,16.50672,23.08418,15.097902,0.0,18.612497,8.782485,17.808191,10.422832,15.605697,0.0,21.734426,37.423206,6.112892,27.566858,15.605697,27.33059,11.96638,25.541262,23.844685,15.345735,22.22336,6.532465,27.961498,25.466822,0.0,12.579382,27.95853,13.2893,0.0,0.0,0.0,21.351658,8.585719,51.65174,12.420308,26.135921,18.536966,0.0,123.92612,0.0,55.085472,32.009834,31.913305,31.011219,0.0,0.0,0.0,0.0,0.0,0.0,21.573172,15.890706,13.037803,24.737396,0.0,0.0,0.0,42.478455,54.0846,0.0,20.999424,14.857889,53.499474,41.618813,26.569931,51.01523,40.264843,0.0,0.0,0.0,0.0,0.0,0.0,0.0,0.0,12.30256,39.399788,4.4536834,16.067167,0.0,0.0,0.0,0.0,0.0,0.0,0.0,0.0,0.0,0.0,0.0,0.0,57.96418,0.0,26.089706,50.059242,32.223465,34.710903,11.287955,32.065,25.575499,6.690572,10.7771845,19.182894,19.461113,20.238825,0.0,0.0,13.60302,0.0,17.789932,39.53933,0.0,17.94625,36.229374,20.347687,14.019003,27.171144,0.0,39.851585,0.0,24.72037,20.935099,0.0,0.0,36.72868,0.0,0.0,36.328735,30.509073,0.0,39.295383,23.233593,39.399788,0.0,47.78616,63.27579,0.0,0.0,61.072636,68.25365,21.968435,20.393707,0.0,0.0,0.0,29.589138,8.525008,17.664137,27.121094,0.0,0.0,0.0,22.6311,71.414375,31.80361,13.154623,0.0,0.0,84.50717,13.254197,31.77889,9.172975,25.320555,0.0,0.0,18.031843,6.532465,62.6233,57.25181,0.0
C11x21_C11x22,0.0,0.0,0.0,7.4079943,18.959496,0.0,48.687386,0.0,21.746832,0.0,45.047966,0.0,59.31262,0.0,28.616747,11.207145,81.300934,0.0,0.0,31.846584,36.121704,0.0,0.0,0.0,33.826485,53.775944,33.826485,0.0,0.0,11.890925,0.0,0.0,0.0,0.0,0.0,0.0,19.51273,0.0,41.457478,26.077843,0.0,21.15941,25.267395,0.0,13.542396,0.0,0.0,0.0,0.0,0.0,0.0,16.75974,10.542317,17.84256,0.0,38.55764,0.0,0.0,19.82034,29.32332,0.0,43.11533,11.487668,10.406232,14.588665,12.151856,0.0,18.725132,18.725132,22.573011,0.0,0.0,53.85175,0.0,62.182644,100.16721,0.0,24.052767,21.019234,0.0,38.238094,29.725687,113.446,0.0,20.055273,32.923725,52.340782,0.0,0.0,0.0,0.0,0.0,0.0,0.0,0.0,21.180098,13.322837,21.180098,33.85559,0.0,23.95446,81.94922,46.549477,7.9171724,27.280373,7.9171724,6.918659,26.040554,12.586393,0.0,0.0,0.0,3.9643974,0.0,7.7038107,0.0,3.7477138,0.0,6.730776,23.189028,17.712618,0.0,25.049425,0.0,36.538193,13.803697,0.0,25.428019,29.097836,0.0,0.0,42.046104,24.057137,38.24504,0.0,39.55771,69.13738,35.78522,102.565445,41.321213,0.0,0.0,7.210659,0.0,15.603572,32.765934,22.49588,21.053791,29.48204,0.0,0.0,37.36486,19.430746,44.4708,0.0,0.0,24.977972,5.509148,8.904991,12.892537,16.404362,20.297525,54.38786,59.08998,0.0,21.035658,31.573242,50.193836,0.0,0.0,0.0,27.308485,31.249695,0.0,4.4797807,19.363867,0.0,14.610855,27.82724,0.0,0.0,21.604824,46.994072,24.908358,28.503176,0.0,0.0,41.785683,25.601717,41.434963,0.0,9.327021,9.327021,28.474892,20.34673,20.155916,23.33428,0.0,15.371193,40.484787,0.0,37.54843,34.072,0.0,8.114331,0.0,0.0,42.582153,0.0,0.0,0.0,0.0,0.0,28.459064,14.0863905,0.0,18.22309,32.23503,0.0,21.561451,25.584047,0.0,7.4609346,24.943193,19.374622,19.305706,0.0,0.0,5.022591,40.606625,9.664148,35.83954,117.88066,46.248066,36.45224,0.0,9.924029,19.79169,73.57091,28.718758,67.10836,14.163335,14.163335,21.239866,21.239866,25.716604,2.1260939,33.877052,0.0,48.700397,27.864462,0.0,3.5872643,17.912268,20.497398,14.5278015,27.637,0.0,0.0,18.785982,0.0,0.0,47.87527,16.49224,31.081688,52.533863,28.634275,10.51425,28.77512,38.64283,3.6353812,43.72373,56.101543,20.094856,37.00487,17.412304,43.35667,31.948622,44.466064,68.35107,27.932697,12.175538,79.73818,26.442165,50.968056,52.27198,0.0,54.314594,0.0,82.93685,33.561028,70.19226,0.0,60.60137,37.101437,0.0,21.647314,45.46477,5.795369,26.330833,14.18669,11.668697,42.356884,24.052767,10.900404,52.979977,64.863556,15.859683,54.823135,7.9171724,0.0,37.11268,31.310808,41.26217,17.957067,18.65151,29.574152,36.94825,0.0,37.009956,10.552679,0.0,55.44587,21.682856,0.0,0.0,10.154246,3.7477138,8.019127,17.667536,0.0,14.610855,46.876915,29.249561,31.464014,32.585915,62.88721,41.859673,34.446102,0.0,45.31317,40.455338,34.34646,37.09588,31.935312,6.757959,21.550964,28.970316,49.67947,40.883194,22.39396,12.422435,37.237423,35.98816,26.083223,22.335308,0.0,77.07235,38.86156,10.680955,13.960518,17.43883,67.16928,6.269677,0.0,14.402098,18.920652,30.667933,8.1382885,17.073904,0.0,0.0,0.0,40.165344,46.60267,33.09245,22.57989,0.0,15.371193,33.8279,24.295918,64.38234,43.595383,0.0,0.0,0.0,0.0,0.0,0.0,0.0,0.0,0.0,0.0,0.0,0.0,0.0,0.0,0.0,0.0,23.33428,28.459064,34.179817,0.0,11.156829,47.87527,16.566261,27.709759,0.0,30.580755,22.726988,17.412304,15.589897,44.466064,11.33421,10.019262,27.96321,34.165955,0.0,0.0,0.0,0.0,0.0,0.0,0.0,0.0,26.800985,34.2775,40.672462,30.783875,36.667553,22.516285,44.29777,49.67947,40.883194,22.39396,12.899828,0.0,35.309288,7.491986,44.0339,39.94688,57.183144,43.361477,0.0,0.0,0.0,63.71427,15.946888,32.615593,19.835976,0.0,17.13048,0.0,0.0,52.03755,36.785454,34.165955,0.0,23.659386,73.400955,0.0,29.11339,60.974342,53.129196,0.0,0.0,0.0,0.0,0.0,16.62448,19.305706,25.716604,23.517672,18.061073,21.682856,0.0,60.840744,33.649456,0.0,4.4604173,0.0,37.824795,83.93911,0.0,10.230524,4.2509336,13.556122,0.0,30.505161,13.556122,0.0,0.0,46.60267,0.0
C11x21_C12x21,0.0,0.0,0.0,0.0,26.966164,0.0,25.70342,20.927933,22.527624,14.65512,47.45507,27.683315,60.88636,0.0,32.51124,17.047344,81.664764,11.486599,11.486599,24.268995,46.483192,0.0,0.0,21.970058,21.180996,42.28499,20.005304,0.0,0.0,27.001728,0.0,31.65508,22.11462,0.0,0.0,23.525934,32.44424,24.27945,21.993027,21.993027,0.0,11.4211235,19.781967,0.0,19.17395,22.800724,10.787171,0.0,16.94541,3.4563465,0.0,17.615765,17.615765,25.262321,0.0,27.343834,5.4549246,0.0,33.882248,19.076887,26.65885,50.974834,0.0,12.303606,13.582703,12.303606,0.0,0.0,0.0,0.0,0.0,0.0,30.665123,33.072258,24.934961,110.20369,0.0,21.106037,19.569853,30.515373,44.28708,35.351208,98.63878,0.0,0.0,24.130463,37.906193,0.0,0.0,0.0,0.0,47.526424,0.0,0.0,0.0,24.310896,11.501643,18.067764,24.822449,0.0,19.23055,87.46018,46.410446,0.0,23.70528,5.799133,6.4415827,22.242065,14.577468,0.0,0.0,0.0,0.0,0.0,45.788605,0.0,0.0,0.0,45.788605,17.64825,19.681778,0.0,36.914436,0.0,39.363556,9.027599,0.0,17.530521,30.544466,28.65276,0.0,32.944126,18.890858,23.295015,0.0,30.866476,68.57197,27.334528,101.58405,31.563194,0.0,0.0,0.0,0.0,17.642843,28.878944,13.48431,17.167782,24.071428,0.0,0.0,26.834257,19.985353,18.399458,23.425589,0.0,35.35601,0.0,29.305683,18.099802,34.608936,25.956902,57.310825,61.732647,0.0,17.389635,22.104021,34.722885,0.0,16.938637,0.0,43.422577,24.429333,0.0,0.0,20.015781,0.0,14.984104,33.08374,11.732369,11.732369,20.475752,45.20887,8.2806835,7.454811,7.454811,0.0,30.666409,29.899715,38.396507,0.0,0.0,0.0,83.60116,0.0,17.196543,14.317822,0.0,19.825012,23.274338,0.0,29.618422,46.241375,17.45193,3.878232,0.0,14.126572,27.924234,0.0,0.0,0.0,0.0,0.0,36.829388,27.077938,18.12136,10.134951,28.627052,0.0,24.988049,16.806816,0.0,14.90043,55.039593,0.0,16.281673,0.0,0.0,4.2320485,43.939445,17.03592,26.251574,100.68561,2.828367,24.2101,0.0,13.135765,28.390104,62.683147,28.623365,69.19361,23.51812,23.51812,18.360912,16.181164,22.58046,12.444182,29.014523,0.0,33.24347,21.293034,0.0,9.656511,30.619219,17.226225,0.0,28.334892,0.0,9.136736,16.764418,13.45487,0.0,42.288204,26.23939,23.422592,47.36604,37.220707,8.899038,27.953058,45.497215,13.525463,37.029316,38.94209,17.649805,31.716831,26.992496,32.940617,28.138695,40.33368,83.957214,33.16262,13.507199,65.08422,33.475754,50.253147,45.677948,0.0,38.873512,9.080294,81.85594,39.01615,41.228645,50.80271,50.304058,0.0,22.880487,19.888615,36.226032,14.822804,23.033503,9.009976,5.5810328,23.51812,37.306908,10.386135,34.22598,35.21374,9.136736,58.458332,12.279885,0.0,27.633736,27.421951,33.93808,13.417129,28.929317,23.112432,44.79953,0.0,44.710274,9.825018,0.0,34.080112,31.960617,0.0,0.0,0.0,0.0,0.0,0.0,0.0,14.984104,18.455395,12.322878,35.14973,36.41088,65.242134,22.991632,27.583504,29.859177,15.757152,39.853985,30.139305,30.263422,25.11596,43.497738,26.498888,10.134951,51.636005,22.58046,43.79571,3.6453512,21.72754,7.1885605,20.495287,23.58894,31.13246,74.08328,58.73737,0.0,0.0,43.056255,89.10739,31.960617,27.265667,24.875881,33.59771,41.601604,0.0,0.0,0.0,0.0,0.0,24.220778,47.2396,0.0,21.878685,0.0,12.389078,30.264454,19.09613,69.54127,67.32789,0.0,19.254597,0.0,0.0,0.0,13.059702,23.384691,18.677734,30.177042,0.0,0.0,0.0,0.0,0.0,0.0,0.0,15.159266,27.077938,25.693968,0.0,0.0,31.341574,18.238594,14.956777,7.8929234,22.604435,15.159266,20.00528,11.188593,29.892994,17.053696,0.0,24.204966,29.892994,0.0,0.0,0.0,0.0,0.0,0.0,0.0,0.0,14.262182,24.988049,26.401583,20.015781,15.197832,23.51812,21.293034,38.375683,22.58046,32.5488,3.878232,11.732369,24.153017,0.0,42.79243,36.64048,31.202204,28.98471,0.0,0.0,15.895436,54.285194,38.31078,25.771942,25.813488,0.0,20.570835,0.0,28.773033,52.108494,31.341574,29.892994,0.0,45.531086,67.0536,19.921846,26.597107,49.184387,63.262737,9.971972,0.0,0.0,0.0,0.0,20.035795,16.281673,22.58046,30.044666,15.231998,15.980309,0.0,25.193453,61.99215,0.0,0.0,0.0,23.596188,67.14246,9.080294,22.82096,26.143696,22.438362,0.0,45.95863,22.438362,0.0,0.0,34.16126,0.0
C11x22_C11x23,0.0,25.18489,0.0,9.27034,27.598791,0.0,43.484486,0.0,10.3586235,27.73485,27.73485,0.0,58.45073,0.0,36.57746,12.761041,92.55145,1.29507,1.29507,29.058294,33.20942,34.990574,0.0,23.855074,29.073463,17.421425,32.70494,0.0,0.0,18.335379,0.0,14.621906,15.989837,0.0,0.0,14.621906,43.371,43.145767,16.43814,40.553772,0.0,15.409587,17.08219,0.0,9.862408,8.646866,11.5172615,0.0,8.646866,8.646866,0.0,21.288717,21.288717,22.777882,0.0,47.887344,0.0,0.0,0.0,13.549428,8.400048,19.9223,10.799637,10.094191,0.0,8.973355,0.0,17.49458,17.49458,19.117393,0.0,0.0,60.656116,59.331795,70.03965,121.67272,11.024326,36.336708,0.0,0.0,0.0,0.0,102.10795,0.0,32.791824,30.649817,26.522188,0.0,0.0,0.0,0.0,33.66006,0.0,0.0,0.0,19.924452,19.924452,19.924452,25.809246,0.0,20.085197,67.7957,35.367737,0.0,19.059343,7.6797676,0.0,8.216479,0.0,0.0,0.0,0.0,18.551855,0.0,31.49744,0.0,0.0,0.0,31.49744,21.232838,0.0,0.0,29.934084,0.0,0.0,14.450177,0.0,22.650663,25.31184,14.774728,0.0,39.385933,23.858587,12.607076,0.0,39.889034,46.515965,65.27762,168.16913,75.37611,4.9586496,4.347496,9.058359,0.0,15.135682,40.04055,21.401505,37.099567,12.684516,0.0,11.855947,33.156597,0.0,23.469194,56.843155,0.0,22.808826,5.158811,27.962276,10.940402,25.947231,20.640985,56.527206,62.958923,18.59462,29.938452,29.304205,21.665495,0.0,28.806263,0.0,27.188944,29.898186,0.0,27.047052,19.870623,0.0,15.91156,40.5638,0.0,0.0,21.646208,43.696365,81.05684,34.17684,46.798187,93.596375,42.23989,21.279865,92.103355,15.821196,0.0,18.637232,81.50064,14.357073,27.26133,25.957613,0.0,14.824072,20.281954,0.0,13.884093,31.20325,14.466029,11.82668,23.201614,15.082678,10.430916,0.0,0.0,0.0,0.0,0.0,11.33859,23.450153,7.6270213,20.454693,29.65855,0.0,21.443197,23.769331,0.0,15.321625,27.220394,27.170113,18.726803,0.0,0.0,4.8342595,40.593155,0.0,34.76485,51.27312,56.42809,34.36557,0.0,9.55191,21.468355,39.77713,34.7038,64.48776,16.750471,16.750471,25.174498,25.174498,23.82426,17.272766,34.09978,0.0,39.37408,23.85141,0.0,3.4527533,0.0,21.831938,22.899853,28.393797,0.0,7.3917947,21.248146,0.0,16.587355,27.992868,41.02897,35.766823,46.29467,41.32669,0.0,35.299934,38.273468,28.393919,51.115242,26.706816,38.399666,37.77884,14.699281,28.180267,24.297155,19.159136,63.686287,30.42615,30.944172,52.378998,0.0,0.0,0.0,0.0,30.122765,14.732766,47.19238,19.932293,36.72468,24.619999,36.735733,47.36384,17.638466,0.0,60.495422,14.032656,50.308743,13.88283,0.0,40.13867,37.40457,17.20261,27.666101,34.805054,17.712746,61.28481,12.312031,23.442097,43.89032,48.691578,50.879635,19.007189,29.005049,18.09276,47.092636,25.489254,32.35118,0.0,0.0,65.3731,28.42894,0.0,0.0,19.61284,0.0,12.684516,28.853407,0.0,14.811926,52.001507,29.342424,14.5246725,0.0,24.020935,20.994595,18.316092,3.8088624,34.17684,19.27776,15.955786,25.957613,18.456081,13.857376,13.047812,20.454693,23.837908,9.999175,9.941109,12.1805725,37.324486,40.87847,38.56051,30.824854,32.80071,53.340183,0.0,16.491749,0.0,20.496428,83.48528,15.360216,15.664998,0.0,16.622602,28.436867,0.0,16.433685,0.0,0.0,0.0,53.572834,33.01887,38.505913,16.235489,23.45806,0.0,0.0,0.0,35.578037,31.393253,0.0,41.93551,7.45448,0.0,21.078981,23.06018,56.62791,41.630314,54.42329,0.0,0.0,0.0,0.0,0.0,0.0,0.0,35.204636,20.846304,27.771984,0.0,17.647064,25.88443,21.831938,15.082678,60.906574,28.434818,46.25908,13.59212,36.452328,23.450153,0.0,0.0,29.106497,13.612313,0.0,0.0,0.0,0.0,0.0,0.0,0.0,0.0,19.569849,21.443197,23.769331,19.870623,23.901373,16.750471,19.602322,23.837908,9.999175,9.941109,11.82668,0.0,23.297806,8.430903,42.01609,28.826475,35.810387,29.65855,0.0,0.0,0.0,34.448006,47.61746,71.833984,11.287568,0.0,23.64039,30.355686,0.0,72.4387,36.617386,39.99763,0.0,18.463074,36.767258,0.0,0.0,33.01887,28.451748,0.0,0.0,0.0,0.0,0.0,20.077446,13.830104,9.999175,0.0,3.9381275,13.654654,10.515309,41.28469,27.324947,0.0,21.117416,0.0,31.371313,42.827847,14.732766,17.25704,22.172234,13.385304,0.0,0.0,13.047812,0.0,0.0,47.109234,0.0
C11x22_C12x22,17.68999,14.9115505,0.0,5.37964,28.60701,0.0,41.878696,28.159811,0.0,29.696468,21.992836,0.0,53.993458,55.17573,50.96708,14.090102,82.489876,7.7806044,7.7806044,41.04552,55.017483,25.116648,24.27903,31.896667,35.301712,23.294222,23.294222,0.0,42.052513,15.420957,14.519316,13.611492,13.47193,0.0,0.0,13.611492,24.807306,35.17565,25.688873,33.50456,0.0,12.389934,23.87263,0.0,14.197581,9.8041725,7.445137,0.0,9.8041725,7.445137,0.0,13.50274,13.50274,21.938774,0.0,18.554726,6.6624227,0.0,15.548677,15.530841,12.403058,29.416197,7.6754656,7.1185455,9.747391,13.327174,15.875751,13.902733,13.902733,7.1661925,16.225315,32.718994,37.74446,59.253662,43.583546,73.74388,0.0,17.85831,14.043965,0.0,40.674587,35.375072,102.6266,0.0,26.680773,24.744858,28.254934,0.0,0.0,0.0,0.0,0.0,0.0,0.0,13.821655,12.957453,8.965064,12.957453,25.862377,0.0,22.771292,87.48631,53.51527,9.113324,33.021126,9.113324,4.62269,25.166656,13.388386,0.0,0.0,0.0,0.0,0.0,21.747969,0.0,10.579851,0.0,19.001078,12.937931,11.581934,0.0,23.477169,0.0,43.65013,8.5354805,0.0,26.446524,25.795708,13.670513,0.0,55.572765,25.07318,25.07318,0.0,21.83866,60.570606,24.519596,86.0081,28.312794,0.0,3.7432878,9.866571,6.126303,17.127827,20.648506,9.341548,11.8787155,25.960814,0.0,0.0,28.043228,20.748247,15.619129,19.86129,0.0,4.641189,6.1314907,12.064411,8.882652,21.066889,8.6827545,23.778511,53.486206,17.424868,15.618216,14.966681,26.057064,0.0,34.808186,0.0,40.353233,9.412079,0.0,6.1298246,22.117249,0.0,15.944331,43.664993,0.0,0.0,17.931025,49.10574,21.067806,8.883039,36.65466,24.327007,26.02315,31.50611,37.698074,0.0,6.231833,16.938854,58.458527,0.0,27.579973,13.32164,0.0,16.22482,12.569291,0.0,27.937708,54.1007,14.584697,13.072178,0.0,0.0,0.0,0.0,0.0,67.736015,0.0,0.0,29.102472,12.215061,7.3955507,5.8449907,23.578474,0.0,20.646132,20.800634,0.0,9.263451,27.940733,9.988178,18.193237,0.0,0.0,11.171636,37.774147,12.372984,18.669033,59.901436,28.96945,19.338522,0.0,18.767738,25.032782,68.554535,12.390155,78.966225,21.793468,21.793468,17.148375,17.148375,22.470615,8.567667,31.823305,0.0,43.98132,19.843378,0.0,0.0,26.912712,0.0,0.0,26.454634,0.0,4.944255,15.795648,0.0,0.0,42.444923,22.89489,33.21346,58.64593,35.007034,15.452312,31.668503,43.738518,2.8949122,48.559288,36.2059,22.268843,34.59915,12.539701,23.392885,42.51342,34.53858,95.19194,24.331036,9.680982,47.033314,20.888334,28.681765,34.925434,0.0,33.12011,3.5974422,60.343536,27.672989,42.995583,29.06981,34.541744,11.906385,0.0,11.51769,47.373077,12.837661,51.77578,6.6706605,4.2114563,28.424,53.280693,13.006934,42.773758,46.42728,6.448515,82.28574,17.53779,0.0,49.432728,44.734325,52.85061,15.95966,41.316048,27.891794,67.85224,24.228605,62.67632,7.050754,3.2705834,35.483166,20.3355,0.0,0.0,18.81009,10.579851,13.194054,21.93203,0.0,15.944331,41.68284,7.120921,25.032782,18.584633,34.123997,19.30019,18.426783,12.839265,23.536015,22.129393,17.931025,20.759632,23.649418,21.353186,14.046372,15.047407,27.866016,22.470615,20.096779,12.076438,25.74991,0.0,28.52076,41.37473,43.148705,66.03768,48.241756,13.194054,13.369771,18.836592,86.08885,18.745337,0.0,26.669128,16.118128,11.316658,13.753817,0.0,0.0,0.0,0.0,42.60098,41.86125,16.156042,26.670502,0.0,13.049702,35.55436,22.572866,61.31754,41.335144,17.024975,35.00162,11.391373,2.1943743,0.0,24.726643,55.336063,35.210003,51.278843,0.0,0.0,0.0,0.0,0.0,0.0,0.0,32.197678,31.16961,17.211071,0.0,16.774275,34.277267,23.486158,16.225502,29.743422,24.55287,26.234793,10.126694,19.016022,25.397118,9.866824,6.694353,29.579718,16.726027,31.974901,34.336426,10.719588,21.163536,34.577194,9.183465,0.0,22.06443,19.395075,20.646132,20.800634,22.117249,19.045414,21.793468,20.13202,27.866016,22.470615,20.096779,13.072178,0.0,20.184757,0.0,36.530647,37.145027,30.941769,35.436474,0.0,0.0,0.0,59.369972,44.36541,44.81617,32.52911,27.361996,37.53938,16.877596,0.0,60.111217,34.277267,31.298443,0.0,22.549002,40.331055,0.0,23.959986,28.87161,35.801037,0.0,0.0,0.0,0.0,0.0,18.706251,18.193237,22.470615,13.575597,16.750826,13.434232,0.0,23.795385,32.2736,0.0,22.352484,0.0,24.09832,57.913254,0.0,8.581993,21.353186,5.192472,24.755484,41.43572,5.192472,0.0,0.0,28.87161,0.0
C11x23_C11x24,4.1726894,25.42766,0.0,27.202965,44.084698,0.0,21.944204,0.0,0.0,7.3190074,13.496178,0.0,65.749886,0.0,33.96342,18.670774,124.610054,15.972871,0.0,29.419403,37.35666,18.447388,0.0,31.941902,15.3278265,24.478804,44.771816,18.441664,0.0,10.734087,0.0,4.7130547,8.6201935,0.0,3.550687,0.0,52.741108,40.11052,0.0,33.398678,0.0,14.650543,12.859293,7.424316,7.424316,9.854771,18.02441,0.0,0.0,0.0,0.0,0.0,0.0,11.900667,0.0,73.60714,16.788666,0.0,9.283873,0.0,0.0,19.017147,14.038646,13.570986,11.5883665,11.664628,0.0,29.26,29.26,7.9066806,0.0,0.0,0.0,0.0,24.07642,118.927795,30.865807,33.662663,0.0,0.0,0.0,0.0,89.70883,0.0,33.25247,55.19304,0.0,0.0,0.0,0.0,23.992222,34.302685,0.0,13.20094,0.0,17.522453,32.04863,0.0,0.0,28.183685,13.388462,58.125156,39.37345,4.2528825,24.383682,10.324951,0.0,9.359216,0.0,0.0,0.0,0.0,0.0,27.659298,51.16896,0.0,43.2801,0.0,38.860416,0.0,0.0,0.0,15.668668,3.2875068,15.566228,30.121428,12.407118,17.05118,41.39607,30.140497,0.0,30.547531,31.580856,0.0,0.0,62.343563,22.51275,56.282234,206.49187,64.98912,3.732819,9.062365,6.8190374,25.555304,21.825832,34.308044,26.834038,46.919575,17.603489,0.0,0.0,35.486317,11.206291,32.33998,62.19652,0.0,0.0,38.396786,63.646896,0.0,26.88855,43.02618,25.62796,103.71483,30.149248,32.92884,47.599762,0.0,0.0,33.448425,7.3550777,21.414345,51.988754,0.0,17.801853,40.814716,0.0,27.051716,50.35147,0.0,0.0,26.109636,41.132835,57.668407,58.40158,62.979927,66.58974,30.666367,17.778065,70.75687,12.4740095,8.820456,8.820456,86.21576,10.807853,17.161638,53.120853,0.0,11.805005,0.0,0.0,0.0,28.493196,26.090065,22.33924,22.504171,0.0,9.826663,15.208705,0.0,66.4241,0.0,0.0,9.568517,23.230001,15.898543,36.561714,2.0353596,0.0,44.69839,52.862175,0.0,20.447374,10.981509,20.262651,10.558285,0.0,0.0,10.332064,33.344772,0.0,47.028843,39.113068,57.317356,51.410416,8.438281,9.508835,27.915592,15.613213,37.567047,56.710247,34.89078,0.0,37.21933,0.0,20.843302,21.162352,39.722828,15.518267,42.024364,43.44592,0.0,0.0,11.010626,26.731087,10.447243,34.31403,0.0,20.967058,47.53231,16.720423,20.409824,11.498528,31.272375,28.678263,25.679527,18.411419,7.725676,22.959852,17.05118,19.004875,27.448645,17.890928,22.717773,17.895521,6.548664,27.19754,13.008263,9.568517,74.71871,36.03973,29.715397,31.418869,0.0,0.0,0.0,31.958881,19.721708,33.134037,47.85532,39.607285,26.0145,47.41753,13.008263,57.389008,50.007908,14.77429,41.011555,14.046956,37.40002,10.549503,7.3676715,28.359814,25.496212,34.172787,16.683805,22.690264,32.80837,47.510456,12.168366,20.464363,36.163036,30.454277,52.983154,17.650528,29.406387,0.0,37.090733,14.870397,27.043495,6.486705,61.427677,72.95737,17.693136,0.0,0.0,9.139316,33.288593,13.575783,0.0,18.952852,25.341413,81.995804,63.07067,15.262734,14.615111,34.086082,25.157337,20.023935,0.0,31.930819,21.42506,14.275333,29.043604,20.07857,15.80835,14.870499,19.989965,28.424633,11.395988,12.700906,0.0,67.06079,57.111828,21.777946,13.066864,41.13503,38.245636,12.607708,17.650528,16.95684,30.047344,58.96406,5.0432634,13.112397,15.848088,6.548664,11.203028,25.996927,17.207136,0.0,0.0,0.0,46.883785,28.78563,23.916685,48.198822,28.863852,0.0,0.0,0.0,42.81567,45.45179,23.391964,42.857048,0.0,35.112694,22.560076,33.7157,50.47875,0.0,24.869516,21.77411,21.176125,16.811722,19.606506,15.33077,21.414345,8.585427,12.9385605,0.0,23.450903,37.2783,0.0,22.690264,21.727478,4.9133315,47.469788,21.22235,43.17752,12.922604,29.717978,18.881735,0.0,0.0,7.544157,0.0,0.0,0.0,0.0,0.0,0.0,0.0,0.0,0.0,0.0,0.0,0.0,0.0,0.0,0.0,0.0,0.0,0.0,0.0,0.0,0.0,22.358343,0.0,45.412773,25.11739,28.826748,20.499002,0.0,0.0,0.0,13.521439,48.079266,39.42385,27.043495,0.0,27.592323,20.408903,0.0,56.774208,27.780664,23.11772,0.0,0.0,29.951017,0.0,9.442963,22.199432,23.371355,16.720423,0.0,0.0,0.0,0.0,10.447243,4.3489933,8.585427,19.85871,4.19255,17.693136,0.0,14.643957,11.023688,11.232336,26.063438,0.0,23.17626,33.362095,0.0,20.525911,28.913528,27.198193,16.112926,37.626217,0.0,0.0,0.0,31.672745,19.864391
C11x23_C12x23,0.0,22.609093,0.0,27.074423,35.979282,0.0,26.969543,18.347267,0.0,17.081926,0.0,0.0,67.93392,0.0,42.814648,17.90723,86.24209,0.0,0.0,40.355217,37.228428,40.19066,21.677588,33.175854,35.610188,0.0,37.56535,0.0,0.0,18.591198,0.0,0.0,22.825651,0.0,17.75982,0.0,62.175426,46.108997,0.0,45.018658,0.0,16.804226,15.087446,0.0,0.0,0.0,14.1019125,0.0,0.0,0.0,0.0,0.0,17.53701,21.198753,0.0,63.461384,0.0,0.0,16.73419,0.0,0.0,34.843426,0.0,0.0,11.431904,13.279045,0.0,22.003145,22.003145,0.0,0.0,0.0,41.039246,74.109665,47.388042,99.332054,36.028027,36.439667,0.0,18.684225,23.127005,16.353262,91.85101,0.0,31.594358,29.530571,0.0,0.0,0.0,0.0,23.720314,33.913925,0.0,23.207224,0.0,0.0,16.980824,0.0,0.0,29.512398,19.806662,61.74184,43.76541,0.0,16.779448,0.0,0.0,10.251527,7.612449,0.0,0.0,22.432362,17.676117,31.135683,36.89129,0.0,33.88025,0.0,28.0172,0.0,0.0,0.0,7.8503065,0.0,35.326168,22.277771,16.496511,21.581442,24.104565,26.079424,0.0,41.86759,25.458288,0.0,0.0,39.62914,97.45578,31.476892,171.5582,36.346386,0.0,15.964605,8.630762,16.542793,26.383778,36.92498,28.099758,48.239918,17.279512,0.0,12.455462,18.845713,11.000049,34.879715,30.419264,0.0,0.0,28.31353,38.34551,0.0,28.739588,21.325417,37.667103,63.81273,28.32357,35.62453,23.644182,0.0,0.0,42.352554,0.0,28.033175,21.540884,32.028976,17.868357,37.096283,0.0,27.369528,48.34282,0.0,0.0,16.99959,30.026392,34.713406,22.693521,94.3988,40.083588,36.076244,22.50145,61.281204,10.502153,0.0,20.133823,78.68543,0.0,26.797314,25.23266,0.0,6.641378,0.0,0.0,0.0,35.056454,20.41231,16.447542,20.910769,0.0,0.0,0.0,0.0,70.71526,0.0,0.0,10.809118,12.70538,12.438681,14.291096,31.101656,0.0,29.3438,45.986908,0.0,16.585474,17.744576,29.41132,21.163263,0.0,0.0,20.996471,38.90058,0.0,20.4678,54.09815,42.349445,20.517365,0.0,35.272923,22.063805,38.97132,19.187654,80.62435,30.652119,0.0,19.79227,0.0,23.164488,33.946236,38.10645,0.0,50.048386,24.762096,0.0,0.0,13.935996,0.0,19.54265,39.322456,0.0,21.30965,33.582207,20.081783,21.892092,19.48566,23.1352,21.772978,34.99849,25.91499,5.3828144,24.896618,21.581442,16.010616,29.46563,20.229313,20.311989,22.650114,10.985226,20.158484,22.483498,11.220763,74.410835,17.264389,15.734754,51.550453,0.0,0.0,0.0,25.57193,44.06154,41.27085,75.95408,52.358574,58.3856,40.068512,32.07484,49.478706,37.18961,0.0,63.46532,22.629934,53.95449,12.222645,8.660678,44.888947,41.211697,41.119125,26.967455,39.778297,22.066847,69.99742,13.565178,26.791702,53.75133,56.027275,57.93453,18.240587,31.957253,13.994861,48.554886,24.78337,31.927174,6.632938,34.68627,51.586376,7.8936954,0.0,0.0,26.897873,24.00008,13.325932,14.736497,0.0,17.395153,85.30772,28.181175,0.0,0.0,0.0,0.0,0.0,0.0,0.0,0.0,0.0,0.0,0.0,0.0,0.0,0.0,0.0,0.0,0.0,10.563837,42.525074,38.272217,31.101656,38.457016,32.372627,43.94588,25.78386,13.325932,39.88024,57.21234,81.07935,3.8409379,18.466888,15.5564165,15.535455,0.0,14.07818,4.109368,0.0,0.0,0.0,35.285442,38.09833,14.813457,55.087303,26.82015,0.0,0.0,0.0,44.471523,29.473413,33.50232,44.75252,19.93038,39.39217,0.0,35.60541,81.72157,50.595383,53.660557,22.349411,31.90332,16.084118,30.39395,30.556946,32.028976,12.415341,45.923294,20.287302,19.522175,0.0,19.064146,26.291832,13.935996,4.139225,36.57272,20.257175,30.067924,14.82227,22.228838,15.140079,0.0,0.0,22.203169,11.220763,0.0,0.0,0.0,0.0,0.0,0.0,0.0,0.0,0.0,0.0,0.0,0.0,0.0,0.0,0.0,0.0,0.0,0.0,0.0,0.0,29.793413,8.032925,50.577545,34.553955,32.18006,31.101656,0.0,0.0,0.0,33.750153,42.53251,75.29812,18.433163,0.0,29.626165,20.775768,0.0,85.328476,40.74172,27.8997,0.0,0.0,21.95125,0.0,13.641193,29.38137,26.464907,17.396475,0.0,0.0,0.0,0.0,0.0,0.0,0.0,0.0,3.752229,5.005739,0.0,0.0,20.379946,15.8190975,25.319714,0.0,27.9396,33.35739,0.0,0.0,22.905851,0.0,36.818115,59.628223,0.0,0.0,0.0,29.38137,50.69975
C11x24_C11x25,24.688196,0.0,0.0,26.17385,46.729443,0.0,0.0,0.0,0.0,11.348439,24.869265,0.0,34.1745,0.0,34.86219,39.06539,92.412964,0.0,0.0,32.276764,15.249569,15.299436,0.0,24.728285,24.788328,23.728245,34.66075,14.276881,0.0,20.789707,0.0,40.179253,44.487232,0.0,18.324442,0.0,33.683086,38.31996,32.813496,13.04995,0.0,0.0,0.0,0.0,0.0,0.0,0.0,0.0,0.0,0.0,0.0,48.392708,36.811523,29.580809,0.0,100.18301,25.519928,12.057215,15.160967,13.962885,0.0,29.926659,18.375353,41.629215,29.69985,18.733671,0.0,0.0,0.0,7.636229,0.0,0.0,0.0,0.0,9.806285,67.84455,43.77197,50.67771,0.0,17.071066,0.0,0.0,115.552155,0.0,30.96293,59.691433,0.0,0.0,0.0,0.0,20.83634,19.443718,0.0,8.589044,0.0,36.148434,20.852081,0.0,0.0,0.0,18.021738,90.99414,49.52992,11.692289,36.407703,28.385998,0.0,17.352125,0.0,0.0,0.0,33.116596,25.646759,19.518362,42.52179,0.0,22.216076,0.0,87.44176,0.0,0.0,0.0,23.924025,9.766942,0.0,74.402214,30.646523,14.07776,25.649597,36.02961,0.0,28.52372,30.233551,0.0,0.0,37.013195,0.0,0.0,237.10289,19.809557,7.625111,18.51189,18.91534,28.07161,29.758482,0.0,31.189896,59.726364,16.66419,0.0,0.0,13.057913,13.057913,31.130545,59.61271,0.0,0.0,31.622059,76.78313,0.0,11.670647,31.070576,12.798076,78.52814,21.771734,62.54157,48.671673,0.0,0.0,31.231045,20.373852,21.406116,0.0,30.243536,23.461514,75.900475,0.0,52.2988,21.542053,24.651976,0.0,1.7006456,0.70050174,0.0,25.544752,65.47779,10.52197,0.0,21.787994,36.15393,2.8422205,2.0097535,2.0097535,97.17433,8.06598,23.02574,46.471172,0.0,16.237547,0.0,0.0,0.0,32.673645,41.057114,13.197842,25.987333,36.014267,14.834399,10.991622,0.0,99.17899,12.721046,0.0,12.7165,30.872526,21.96184,66.36838,2.0989845,0.0,45.544926,46.29258,0.0,0.0,0.0,0.0,43.488316,0.0,0.0,17.080658,18.062666,0.0,62.312782,38.091286,28.161306,60.98615,15.684132,14.413662,37.85825,15.593943,13.546477,47.323517,41.055565,0.0,58.39377,0.0,36.429684,50.248734,13.343347,0.0,49.85216,52.84051,0.0,0.0,4.3882337,10.65355,24.884382,44.7282,0.0,60.181988,30.865387,49.238647,40.072857,25.265705,62.51942,45.414272,34.6626,23.88314,15.445094,48.21954,30.154186,37.99436,49.02023,24.43057,46.700825,34.296776,9.046157,51.908314,12.453302,12.7165,41.73111,19.665178,42.03495,5.3188086,29.27138,0.0,13.788146,57.24093,19.312479,30.723148,39.63893,37.7634,27.733192,41.9743,12.453302,29.580809,20.909908,31.434605,11.633022,25.920748,11.19367,11.643513,11.270491,35.793144,41.169853,34.62979,4.949884,33.005653,48.890987,20.755678,24.747536,42.185677,0.0,31.123995,33.369274,0.0,53.23996,7.4198127,0.0,28.082422,22.4932,16.208218,55.383823,46.566338,62.108097,0.0,0.0,17.40053,16.041918,0.0,16.950377,5.288593,0.0,0.0,71.135796,19.556736,0.0,26.830334,20.418453,37.32399,7.6031775,56.06882,32.163982,32.983574,30.303442,18.202415,0.0,15.335345,31.625141,35.49089,11.752224,8.46822,0.0,18.712605,41.42168,4.0804815,16.237547,17.912985,16.74176,15.81748,0.0,6.2441106,62.45061,68.5675,29.86087,11.973131,0.0,9.046157,0.0,57.517334,18.810318,0.0,0.0,0.0,75.48599,40.95887,43.23712,68.581764,41.070168,0.0,0.0,0.0,56.42811,23.272741,0.0,0.0,0.0,0.0,0.0,0.0,0.0,0.0,0.0,19.068071,25.1204,31.263662,20.048029,24.05259,0.0,15.005512,31.657278,8.846545,0.0,56.44746,20.943047,30.771824,8.659385,29.273003,20.763203,1.3823134,37.77255,17.850952,53.945335,25.093708,0.0,0.0,8.790683,0.0,0.0,0.0,0.0,0.0,0.0,0.0,0.0,0.0,0.0,0.0,0.0,0.0,0.0,0.0,0.0,0.0,0.0,0.0,0.0,0.0,50.496025,0.0,60.418674,31.602676,0.0,3.869349,0.0,0.0,0.0,0.0,0.0,7.4095197,20.817478,0.0,15.448189,20.196415,0.0,43.582664,34.978867,28.524456,0.0,2.5061362,26.919601,0.0,36.643383,20.624252,16.554636,30.840616,23.469353,0.0,0.0,0.0,13.617941,17.912985,15.005512,14.791529,24.823847,0.0,0.0,9.871699,3.470689,12.830684,25.4217,0.0,16.858406,35.244694,21.712557,5.677632,59.31141,0.0,13.575545,17.24078,0.0,0.0,23.763853,22.503002,55.016045
C11x24_C12x24,22.428108,22.128246,0.0,22.865152,42.942726,0.0,24.321291,0.0,0.0,0.0,0.0,0.0,45.4551,0.0,28.207159,36.816456,100.66703,14.609721,0.0,47.13337,22.26876,23.598728,0.0,38.142323,5.712889,29.230524,53.46273,22.02148,0.0,6.0207286,0.0,29.405144,53.78211,0.0,22.153034,35.148914,86.259056,46.254295,9.467553,19.522753,0.0,13.400245,12.708644,6.790714,6.790714,9.01375,16.486181,0.0,0.0,0.0,0.0,28.827942,52.726406,31.262165,0.0,51.693787,9.813592,0.65512145,16.585989,11.893116,0.0,16.341467,12.552585,0.0,13.221549,10.66915,0.0,25.604465,25.604465,7.908492,0.0,0.0,0.0,28.239185,13.618306,72.46765,33.618065,28.560686,0.0,0.0,0.0,0.0,82.94084,0.0,16.064796,30.970285,44.67523,0.0,0.0,0.0,15.057418,14.05104,0.0,9.999005,0.0,13.272323,24.275122,35.78462,0.0,24.176321,14.003091,56.174786,42.244324,6.6008873,26.480114,16.025328,0.0,11.498542,0.0,0.0,0.0,58.026646,26.229864,36.72032,39.469715,0.0,36.72032,22.727667,26.229864,0.0,0.0,0.0,14.331479,0.0,11.92283,67.44087,27.779127,5.3900456,13.085703,30.78526,0.0,46.214283,48.8587,0.0,0.0,59.518223,13.414559,0.0,196.01103,20.601755,6.3206115,15.344888,0.0,29.241304,62.02689,26.039186,38.892315,83.05322,19.13677,0.0,0.0,28.577223,12.785625,21.987312,64.275894,0.0,0.0,34.383553,51.097527,0.0,23.59417,46.102287,18.989689,109.51984,32.304737,62.398777,28.068514,44.164524,0.0,46.626022,13.347875,8.584762,20.841688,26.167242,23.090105,58.884254,0.0,44.50434,18.33149,21.872564,0.0,16.008137,6.593806,0.0,38.745045,77.921814,15.959215,23.680834,16.67215,50.683945,18.65078,13.188092,13.188092,87.33621,14.309729,14.388862,49.79678,0.0,10.207045,0.0,0.0,0.0,39.56687,49.413757,15.300665,18.782246,30.080185,12.39013,21.49502,0.0,103.177925,25.719896,0.0,5.3790264,13.058951,14.541738,34.876823,9.19247,0.0,27.787449,50.76179,0.0,27.546448,12.159145,29.88316,34.393295,0.0,0.0,19.569736,36.53525,0.0,6.4970665,48.053516,24.849787,39.022945,32.48883,17.013092,33.418842,13.765335,45.971165,52.73301,31.913149,0.0,50.248173,0.0,0.0,60.919987,26.51578,15.569224,44.17185,44.09382,0.0,0.0,3.8360887,9.313078,17.786812,58.42088,0.0,55.98322,43.95001,36.278763,18.555164,13.765335,21.718187,20.809036,24.515757,11.445745,6.6008873,25.500422,5.3900456,0.0,12.756766,10.882727,9.999005,18.162394,5.989791,22.153034,20.125063,5.3790264,45.368984,15.905649,22.50119,24.994158,0.0,0.0,0.0,49.977177,22.478416,30.306324,46.506004,37.25106,29.871908,36.58931,20.125063,0.0,59.407864,8.303087,24.971146,35.14162,21.243507,8.506601,20.080359,27.822584,23.202293,59.37588,6.8856435,29.13528,45.479965,28.824083,13.971233,19.533476,53.973404,29.050293,68.61142,10.317382,43.926296,0.0,24.843271,8.22644,22.01362,13.021362,39.684532,41.09055,32.874306,0.0,0.0,10.938105,28.108528,0.0,9.675003,10.036766,21.636751,77.29198,41.74557,18.271612,5.0918865,32.541336,13.322444,33.848347,16.446215,21.183691,0.0,8.752381,27.22618,16.540352,14.44534,0.0,19.068758,11.395105,0.0,7.139927,0.0,31.230255,43.749397,10.802513,10.207045,14.166716,22.753204,9.028363,10.317382,14.510322,88.3508,103.20343,0.0,0.0,0.0,5.989791,0.0,36.987495,0.0,0.0,0.0,0.0,12.745476,20.915777,22.390009,46.387074,15.260417,0.0,0.0,0.0,49.403435,37.010303,19.084316,36.22455,9.612966,32.16946,20.634764,32.86388,44.457024,24.40353,25.120945,20.908953,16.073683,24.254625,11.561517,20.697393,8.584762,0.0,18.02937,5.038261,0.0,44.40443,17.171545,27.163397,7.5698266,24.44968,31.492622,13.0116825,40.475655,11.819769,28.348469,10.614534,0.0,0.0,8.607376,0.0,0.0,0.0,0.0,0.0,0.0,0.0,0.0,0.0,0.0,21.59352,19.437925,29.148428,37.225994,21.243914,28.695955,35.133694,11.633944,8.382991,16.494322,8.628535,17.368507,0.0,78.50647,47.125446,13.516643,9.19247,0.0,0.0,0.0,0.0,0.0,32.44988,20.373627,0.0,31.246964,20.180595,0.0,74.64516,31.066332,12.139669,0.0,0.0,17.22493,0.0,14.054473,19.169542,33.484966,22.723194,13.772836,0.0,0.0,0.0,17.786812,14.166716,0.0,23.654907,15.499976,13.174305,14.221123,0.0,11.131231,10.043338,22.134268,0.0,29.703407,21.269855,0.0,0.0,26.420578,0.0,11.978793,23.694418,0.0,0.0,0.0,20.915777,33.07364
C11x25_C11x26,19.277939,0.0,0.0,0.0,58.534916,0.0,0.0,0.0,0.0,0.0,40.764988,0.0,0.0,0.0,25.405975,28.725779,95.93752,0.0,30.167934,25.693739,0.0,14.542877,0.0,45.297432,47.908524,45.8597,31.346437,0.0,0.0,22.352642,0.0,36.205803,0.0,0.0,36.173313,0.0,34.79023,29.165094,24.688263,22.505299,0.0,7.948898,0.0,0.0,7.014083,11.629202,7.948898,9.909815,0.0,0.0,0.0,35.424793,4.7813244,39.79086,0.0,128.48631,19.662073,15.238078,27.71568,39.82413,27.877487,31.326807,2.7634883,45.301823,65.46378,69.23733,0.0,0.0,0.0,13.805867,0.0,0.0,0.0,0.0,0.0,64.5228,31.908203,75.04295,0.0,23.23065,0.0,0.0,133.6294,0.0,0.0,25.032,0.0,0.0,0.0,0.0,0.0,0.0,0.0,23.622747,0.0,23.643965,0.0,0.0,19.819067,0.0,22.929302,104.57595,59.53305,17.093086,126.09794,31.333073,0.0,22.94468,0.0,0.0,0.0,31.28868,27.609032,0.0,45.775196,0.0,0.0,0.0,87.30743,0.0,0.0,0.0,22.752735,0.0,24.709372,30.574669,51.89955,24.307392,27.547005,23.217606,0.0,48.24788,16.767776,0.0,0.0,17.869188,38.326454,0.0,241.08093,0.0,9.636722,0.0,23.905476,0.0,17.223534,0.0,21.716757,34.654854,0.0,0.0,0.0,0.0,0.0,18.528673,66.854836,0.0,0.0,0.0,61.074074,14.59648,16.402523,18.626814,0.0,88.71866,18.626814,69.94996,23.31277,0.0,0.0,17.002825,25.748762,14.337831,11.759821,20.789547,31.460564,49.58449,0.0,13.947074,0.0,15.899531,0.0,0.0,0.0,0.0,18.86741,35.204212,0.0,0.0,27.535975,38.3055,0.0,7.030366,7.2488327,121.59082,10.193899,18.74171,30.197542,0.0,26.273205,0.0,0.0,0.0,27.3258,12.131315,15.035588,25.975697,0.0,0.0,0.0,0.0,149.37999,0.0,0.0,28.098064,31.842886,12.938832,24.257881,0.0,0.0,30.32553,26.980898,0.0,0.0,0.0,0.0,17.374352,0.0,0.0,21.451717,0.0,0.0,18.490816,64.728546,0.0,11.078166,0.0,0.0,14.413094,0.0,17.292614,116.70832,28.999922,23.695189,22.277617,0.0,33.208138,62.34125,15.947824,0.0,84.32495,0.0,0.0,0.0,22.386322,25.3699,25.069538,16.913773,0.0,77.18913,28.538267,40.144833,36.26515,61.922607,77.23379,110.87858,59.085865,51.434235,40.881443,34.14599,34.375843,51.539764,103.85833,82.72974,51.549004,84.8888,32.34704,78.93655,48.570503,39.736664,0.0,21.670343,15.443542,16.56382,38.43429,10.158291,37.79865,49.675797,46.34821,24.215822,48.797558,24.220161,39.88478,37.088127,25.627136,42.183907,17.502102,39.15151,25.521215,23.183937,9.141566,15.713604,8.683457,28.999922,49.05032,40.581966,13.1828,25.890682,38.20749,14.575315,31.333073,36.26515,17.869505,28.063503,28.791014,0.0,41.019238,0.0,0.0,0.0,0.0,0.0,0.0,37.704674,0.0,0.0,0.0,0.0,0.0,0.0,0.0,0.0,0.0,0.0,0.0,28.402023,37.116055,27.100897,13.37407,26.143007,26.78244,35.204212,33.299374,16.406624,44.17887,49.074516,45.4481,8.828042,48.194828,20.294966,48.58335,46.586,0.0,16.708443,41.601444,3.0978422,0.0,0.0,0.0,0.0,0.0,0.0,103.98551,102.1819,0.0,0.0,0.0,0.0,0.0,59.241577,0.0,0.0,0.0,0.0,68.143875,74.08485,31.720264,80.07226,77.166824,0.0,0.0,0.0,38.518814,52.884182,0.0,0.0,0.0,0.0,0.0,0.0,0.0,0.0,0.0,31.951353,45.853382,45.469326,37.57123,44.565025,20.276752,13.556125,46.152607,48.66728,0.0,41.06938,20.85167,14.413094,25.3699,0.0,18.86741,0.0,30.197542,12.938832,24.257881,31.842886,0.0,0.0,32.80084,0.0,0.0,0.0,0.0,0.0,0.0,0.0,0.0,0.0,40.308598,0.0,0.0,0.0,0.0,0.0,0.0,0.0,0.0,0.0,0.0,0.0,80.979126,0.0,40.53341,19.127506,0.0,2.4754283,0.0,0.0,0.0,20.06524,25.069538,17.967068,0.0,0.0,0.0,0.0,0.0,48.22843,28.402023,59.4107,0.0,0.0,62.242195,0.0,23.207716,0.0,0.0,24.868124,29.660898,0.0,0.0,0.0,32.347855,33.739677,12.368575,24.988031,0.0,0.0,0.0,16.450785,0.0,21.554842,31.927292,0.0,0.0,53.05333,0.0,13.1828,31.065096,6.034223,0.0,0.0,0.0,0.0,38.682533,0.0,33.518612
C11x25_C12x25,38.382416,0.0,0.0,28.089424,55.06025,0.0,0.0,0.0,0.0,0.0,4.2554502,0.0,36.70183,0.0,23.87378,29.78725,85.58865,0.0,40.701424,33.603825,0.0,22.873978,0.0,40.40422,49.484863,47.368618,32.37783,0.0,0.0,0.0,0.0,43.83135,29.960003,0.0,0.0,0.0,67.56714,37.1808,29.154762,22.52991,0.0,8.329576,0.0,0.0,7.349992,12.1861315,8.329576,7.349992,0.0,0.0,0.0,50.81941,34.736546,31.355568,0.0,106.193695,20.571955,0.0,26.196465,50.498817,34.572285,40.359707,29.301638,31.738628,39.60656,48.507935,0.0,0.0,0.0,12.176855,0.0,0.0,0.0,0.0,0.0,74.54836,37.04767,40.82157,0.0,24.21902,0.0,0.0,82.37833,0.0,0.0,16.323515,0.0,0.0,0.0,0.0,36.435574,0.0,0.0,0.0,0.0,30.297922,20.70951,0.0,14.385119,0.0,22.249943,110.83026,52.469894,19.980106,107.273994,24.406246,0.0,23.712833,0.0,0.0,0.0,44.497856,39.26477,21.291521,65.10017,0.0,21.291521,0.0,133.8719,0.0,0.0,0.0,32.75718,0.0,0.0,49.763237,0.0,16.409412,18.596407,17.69268,0.0,52.614613,25.284891,0.0,0.0,35.59167,0.0,0.0,214.3821,0.0,10.801762,12.241386,14.500462,29.435509,37.57083,0.0,27.222378,83.41634,0.0,0.0,0.0,0.0,0.0,22.78775,57.387268,0.0,0.0,0.0,94.62303,0.0,0.0,28.64023,0.0,136.41211,28.64023,70.259544,12.404223,0.0,20.243368,43.21487,0.0,8.38839,9.506368,31.933445,39.668972,39.446686,0.0,28.52178,0.0,16.22083,0.0,7.292279,0.0,0.0,20.2439,39.910805,0.0,0.0,31.539408,46.247036,0.0,0.0,7.5959835,128.5065,17.38346,23.328627,45.498276,0.0,0.0,0.0,0.0,0.0,41.456955,40.959007,8.985873,39.644115,32.67761,0.0,0.0,0.0,147.1805,0.0,0.0,14.934,16.924356,7.8028517,14.27024,0.0,0.0,0.0,38.553097,0.0,0.0,0.0,0.0,11.729401,0.0,0.0,0.0,0.0,0.0,17.384335,59.970264,0.0,27.007065,0.0,0.0,30.60127,0.0,25.75892,108.41304,24.665396,28.908726,44.428223,0.0,16.64391,62.4162,1.0724334,0.0,65.74186,31.593428,0.0,0.0,23.938875,27.129372,14.639976,23.46342,0.0,80.185104,43.993507,33.50681,19.784498,57.838566,65.654526,58.541016,67.270775,32.057796,46.12953,53.169918,35.14852,22.581493,44.86166,41.747635,39.14244,59.713806,15.458323,56.626522,47.79023,31.988228,0.0,24.226837,23.903088,4.840483,49.963497,0.0,34.372982,47.790596,39.04243,27.501465,54.635952,31.651512,48.28601,45.78956,38.644325,73.01419,29.175394,0.0,26.743443,21.993382,22.982096,9.400476,19.017101,28.908726,32.58414,35.33375,11.171419,30.60127,39.56819,20.079634,24.406246,33.95931,28.13118,29.44228,35.392384,0.0,39.868523,0.0,0.0,0.0,0.0,0.0,0.0,41.013767,43.633835,0.0,0.0,28.374416,23.908697,0.0,25.503082,0.0,0.0,0.0,0.0,44.769524,39.690147,52.070457,33.622704,41.155792,47.807198,29.616737,0.0,10.668571,66.563774,45.86038,18.764328,26.378288,20.877298,13.907774,24.349964,24.760258,0.0,42.005386,30.568916,4.3106174,0.0,0.0,0.0,0.0,0.0,0.0,81.653404,86.27811,0.0,0.0,0.0,0.0,0.0,66.66756,0.0,0.0,0.0,0.0,26.80629,89.71916,78.75949,105.593636,59.12526,0.0,0.0,0.0,62.22755,53.672394,0.0,0.0,0.0,0.0,0.0,0.0,0.0,0.0,0.0,0.0,0.0,0.0,0.0,0.0,0.0,0.0,69.537575,25.866447,0.0,66.77554,28.23619,30.60127,27.129372,32.67761,20.2439,7.292279,45.498276,7.8028517,14.27024,16.924356,0.0,0.0,36.31891,0.0,0.0,0.0,0.0,0.0,0.0,0.0,0.0,0.0,41.894547,0.0,0.0,0.0,0.0,0.0,0.0,0.0,0.0,0.0,0.0,0.0,102.6023,0.0,72.00043,35.87676,0.0,4.3106174,22.221539,0.0,0.0,0.0,0.0,5.5595737,0.0,0.0,0.0,19.663631,0.0,39.13873,57.094166,31.57653,0.0,0.0,0.0,0.0,41.76124,22.080706,0.0,0.0,0.0,0.0,0.0,0.0,33.897015,35.48105,25.641832,0.0,0.0,0.0,0.0,13.940787,4.742928,21.472559,0.0,0.0,0.0,49.10229,0.0,11.171419,12.825964,18.030327,0.0,0.0,0.0,0.0,0.0,31.226831,65.826614
C11x26_C11x27,0.0,0.0,0.0,0.0,55.07755,0.0,0.0,0.0,5.0059724,0.0,71.25967,0.0,25.123339,54.627254,46.891987,0.0,99.39233,0.0,33.41992,19.29511,0.0,43.662445,0.0,43.662445,0.0,43.662445,0.0,0.0,52.355354,0.0,0.0,20.538994,0.0,0.0,14.219084,14.12867,0.0,26.427847,21.773638,21.182055,26.10863,0.0,7.665124,7.665124,7.665124,11.072018,0.0,0.0,7.6163845,7.6163845,0.0,14.160904,0.0,44.609486,0.0,109.59578,30.917002,23.96063,0.0,34.95973,24.472332,43.36922,63.100895,0.0,63.100895,0.0,75.66388,0.0,0.0,15.836285,0.0,0.0,0.0,0.0,0.0,51.213722,0.0,111.36643,35.44374,78.74796,35.44374,0.0,116.34631,0.0,0.0,0.0,24.690248,0.0,0.0,0.0,0.0,0.0,0.0,20.827904,0.0,20.131523,0.0,0.0,16.271627,0.0,24.996994,114.78232,79.14124,31.658863,112.663536,0.0,28.024855,42.49686,28.024855,0.0,0.0,52.461246,33.510418,31.388687,40.08658,0.0,0.0,0.0,93.56176,0.0,11.626458,0.0,39.522327,0.0,30.32255,0.0,34.71059,27.117855,0.0,0.0,0.0,80.03923,0.0,0.0,0.0,0.0,35.19976,0.0,140.14029,0.0,15.258576,0.0,21.242626,0.0,0.0,0.0,17.061008,27.780008,58.436268,0.0,0.0,0.0,0.0,27.958378,28.675976,0.0,0.0,0.0,23.456356,0.0,0.0,0.0,0.0,47.146496,0.0,101.342896,0.0,24.408989,0.0,0.0,9.998576,15.58502,0.0,22.597948,37.386246,0.0,18.327366,0.0,0.0,0.0,14.977064,0.0,0.0,0.0,0.0,33.59208,0.0,7.526286,24.505121,29.07054,0.0,0.0,26.621712,122.945564,0.0,18.205357,0.0,0.0,28.71186,0.0,0.0,6.5898814,20.971205,0.0,0.0,33.78361,0.0,0.0,0.0,0.0,154.04878,0.0,0.0,31.887873,0.0,0.0,0.0,0.0,0.0,0.0,0.0,0.0,0.0,24.17725,13.958741,0.0,0.0,0.0,31.194572,15.141308,32.108543,0.0,27.985828,0.0,0.0,0.0,0.0,0.0,0.0,0.0,100.06388,0.0,25.330116,0.0,24.89774,0.0,25.421019,0.0,0.0,0.0,0.0,0.0,16.395926,30.183374,0.0,16.966145,0.0,0.0,52.209354,0.0,0.0,0.0,71.24208,31.970528,34.290455,68.51891,74.222084,75.71834,24.673367,83.687416,43.84995,78.193436,82.618576,45.450165,18.567875,35.822273,22.29878,78.01762,98.408,71.044495,0.0,0.0,7.95517,43.706932,21.988695,45.11658,53.07392,60.626804,20.602781,49.380497,21.354637,26.258942,28.25734,36.656372,22.172087,14.49098,16.299711,36.45284,31.415512,21.527416,21.292799,10.585634,41.532066,55.12475,52.596214,32.330654,29.78728,38.90283,29.06864,39.381123,47.77724,24.214165,46.29381,19.650059,22.605291,34.428547,7.407678,9.888147,32.022614,11.063351,0.0,0.0,27.714209,28.591307,0.0,0.0,0.0,0.0,0.0,0.0,0.0,0.0,0.0,0.0,31.555696,41.25854,30.349508,22.80546,24.890432,10.506508,27.676178,34.44686,0.0,37.98163,44.672207,46.47232,18.303919,44.792076,21.30362,46.255604,43.588467,36.39959,0.0,0.0,13.975957,0.0,0.0,0.0,0.0,0.0,0.0,63.5391,62.437027,0.0,33.561462,0.0,21.473244,10.014377,32.28591,35.01705,0.0,0.0,0.0,75.6082,115.38526,90.566,168.00885,83.5301,0.0,0.0,0.0,43.95915,58.91189,0.0,0.0,0.0,0.0,0.0,0.0,0.0,0.0,0.0,24.846941,22.635763,48.673737,25.729378,25.057066,22.040546,32.022614,0.0,0.0,37.50187,38.842354,0.0,0.0,0.0,0.0,0.0,0.0,0.0,0.0,0.0,0.0,43.843616,29.87338,0.0,0.0,20.31895,38.00947,33.81177,12.830475,55.724655,21.610659,44.36696,52.970055,31.93654,30.313402,24.68895,48.36424,0.0,29.367605,13.129471,9.825273,31.818993,25.74892,8.954695,14.977064,6.857879,0.0,31.222597,9.604184,11.9915695,0.0,0.0,0.0,0.0,23.085098,16.966145,13.975957,0.0,0.0,15.2382,0.0,0.0,47.413498,31.555696,45.43261,0.0,43.39863,39.7674,0.0,69.447075,34.386925,24.118649,37.937115,14.760144,0.0,0.0,0.0,21.89184,29.806547,17.496292,6.0261197,0.0,0.0,0.0,35.434834,43.39863,28.168139,37.394566,0.0,0.0,115.05423,0.0,0.0,0.0,0.0,0.0,0.0,0.0,0.0,38.29123,21.58757,19.777004
C11x26_C12x26,0.0,23.573586,0.0,0.0,49.387325,0.0,0.0,0.0,0.0,0.0,14.773201,0.0,0.0,0.0,43.116974,0.0,95.99463,0.0,64.90364,10.378905,0.0,52.51677,0.0,36.661556,0.0,29.699701,0.0,0.0,0.0,0.0,0.0,25.482449,0.0,0.0,22.22321,0.0,0.0,50.36036,50.36036,12.768406,0.0,0.0,0.0,14.595957,10.320901,16.73659,0.0,10.320901,0.0,0.0,0.0,48.85985,0.0,49.56257,0.0,213.49066,32.125416,24.534678,26.86198,72.01268,65.82601,65.82601,57.528526,0.0,49.21436,0.0,0.0,0.0,0.0,15.259718,0.0,0.0,0.0,0.0,0.0,67.840096,0.0,57.613487,0.0,40.738888,74.64613,0.0,117.33966,0.0,0.0,0.0,0.0,0.0,0.0,0.0,0.0,0.0,0.0,17.40473,0.0,19.957293,0.0,0.0,30.63847,0.0,34.050194,163.79713,107.803955,41.568714,145.47302,0.0,0.0,52.3789,37.520523,0.0,0.0,0.0,41.222057,0.0,61.03308,0.0,0.0,0.0,115.09282,0.0,0.0,0.0,52.054905,0.0,56.531403,0.0,47.122585,25.46161,0.0,0.0,0.0,52.901707,0.0,0.0,0.0,0.0,48.716614,0.0,187.12492,0.0,15.584872,0.0,29.411184,0.0,0.0,0.0,31.539602,39.469822,0.0,0.0,0.0,0.0,0.0,18.20253,68.885315,0.0,0.0,0.0,38.13268,0.0,15.17946,0.0,0.0,66.19499,0.0,59.29436,0.0,0.0,0.0,0.0,8.029761,11.779026,0.0,20.289438,52.21908,0.0,0.0,0.0,0.0,0.0,0.0,0.0,0.0,0.0,0.0,32.96344,0.0,0.0,22.738981,39.468895,0.0,13.580304,31.055302,164.3763,10.822491,26.962353,0.0,0.0,0.0,0.0,0.0,0.0,20.229195,0.0,0.0,59.74494,0.0,0.0,0.0,0.0,156.05719,0.0,0.0,33.098095,0.0,0.0,0.0,0.0,0.0,0.0,0.0,0.0,0.0,40.88697,23.606104,0.0,0.0,0.0,35.72537,0.0,0.0,0.0,10.010904,0.0,0.0,0.0,0.0,0.0,0.0,0.0,149.37192,0.0,37.99812,0.0,0.0,0.0,33.18791,0.0,0.0,80.314224,0.0,0.0,0.0,41.07053,0.0,0.0,0.0,0.0,98.09614,22.976109,0.0,0.0,96.5089,89.35729,53.62479,72.17461,53.003254,89.68565,85.404526,75.511505,0.0,72.34114,57.69801,36.49888,75.23235,87.84294,46.60355,49.55435,98.15902,0.0,0.0,0.0,0.0,55.818756,9.972,36.613598,45.89636,53.003254,0.0,49.177784,12.307002,25.367485,24.704105,28.092169,70.09206,19.22925,19.396637,26.718447,35.499577,15.315474,26.326044,13.087893,37.99812,82.699905,67.98966,22.08602,19.57716,37.03682,19.800222,41.568714,59.74494,9.65856,40.69887,24.294987,0.0,33.13981,0.0,0.0,0.0,0.0,0.0,0.0,34.531685,32.166363,0.0,0.0,0.0,0.0,0.0,0.0,0.0,0.0,0.0,0.0,52.770294,66.60084,39.464497,43.61994,46.69851,29.163929,32.96344,20.14683,0.0,49.514904,42.441853,29.316607,18.071617,0.0,19.101114,40.497974,53.672565,50.464046,0.0,0.0,0.0,0.0,0.0,0.0,0.0,0.0,0.0,72.11229,85.37676,0.0,0.0,0.0,0.0,0.0,58.2562,39.395584,0.0,0.0,0.0,62.451626,132.9864,79.034256,77.629486,108.54625,0.0,0.0,0.0,67.567924,63.686077,0.0,0.0,0.0,0.0,0.0,0.0,0.0,0.0,0.0,44.336914,43.147762,64.64065,24.105305,30.656502,16.658058,35.318233,0.0,0.0,0.0,24.98284,27.980026,0.0,0.0,0.0,0.0,0.0,0.0,0.0,0.0,0.0,0.0,0.0,34.82345,0.0,0.0,0.0,0.0,0.0,0.0,0.0,0.0,0.0,50.16004,0.0,0.0,0.0,0.0,0.0,0.0,0.0,0.0,0.0,0.0,0.0,92.69311,0.0,45.981888,17.578407,5.296663,0.0,0.0,0.0,0.0,32.541695,0.0,18.761456,0.0,0.0,0.0,0.0,0.0,36.89663,52.770294,53.672565,0.0,47.737976,58.56954,0.0,98.55913,25.983103,26.618221,19.722046,38.81168,0.0,0.0,0.0,27.2828,36.781357,52.411007,18.480621,0.0,0.0,0.0,35.16823,43.072105,39.754894,35.692673,0.0,0.0,119.62506,0.0,0.0,0.0,0.0,0.0,0.0,0.0,0.0,14.902515,0.0,47.598198
C11x27_C11x28,0.0,0.0,0.0,0.0,43.449814,0.0,0.0,25.645206,4.9249387,32.02769,15.969967,0.0,57.874214,53.563686,19.363155,0.0,54.368496,58.733803,0.0,33.454975,9.431622,31.838247,0.0,31.838247,0.0,31.838247,0.0,0.0,47.433807,0.0,0.0,7.36701,0.0,7.2957106,10.46549,5.0677285,17.414488,27.287262,22.481703,21.870882,24.05443,0.0,0.0,0.0,0.0,0.0,0.0,0.0,0.0,0.0,9.787024,23.880375,0.0,40.194466,0.0,25.694578,42.434105,0.0,0.0,22.857393,0.0,41.726105,24.697443,0.0,24.697443,0.0,49.402565,0.0,22.315338,7.1844916,0.0,0.0,0.0,0.0,32.956955,94.41272,0.0,7.1190906,65.23006,41.60078,79.51588,0.0,65.855156,25.583315,0.0,0.0,13.622263,0.0,0.0,0.0,19.16473,22.183014,14.870375,21.331133,0.0,4.0851526,0.0,2.8101556,0.0,0.0,36.749397,65.94641,52.645737,0.0,87.47371,0.0,36.569946,32.98322,44.579006,25.493668,0.0,97.94933,48.974667,59.700443,4.5837774,0.0,0.0,31.233828,5.0923715,12.089936,31.055182,0.0,40.762547,0.0,47.85324,0.0,26.729267,37.17124,0.0,0.0,18.8442,39.140297,0.0,34.273987,0.0,0.0,59.122433,0.0,133.9116,37.452587,18.174063,0.0,27.677038,0.0,0.0,0.0,17.058826,36.090134,49.903454,0.0,0.0,62.43239,0.0,31.76475,53.484596,34.224228,0.0,11.7939005,20.608786,0.0,17.058622,0.0,19.051836,39.020542,10.999582,32.98764,0.0,4.2705383,0.0,0.0,0.0,22.573074,0.0,0.0,52.333984,0.0,22.986382,0.0,28.91921,0.0,25.873705,0.0,0.0,0.0,0.0,3.289829,0.0,75.737686,35.492794,15.163819,0.0,27.556164,44.1186,91.669716,0.0,26.368324,0.0,0.0,24.402067,23.539047,0.0,13.47927,29.154106,0.0,0.0,37.95642,0.0,12.297306,0.0,0.0,89.84661,0.0,27.169954,38.97453,0.0,0.0,0.0,0.0,16.233791,0.0,0.0,19.381548,0.0,18.234686,14.094109,0.0,0.0,23.411943,35.208992,80.15597,15.414298,0.0,16.888441,40.408752,0.0,0.0,0.0,0.0,36.934258,0.0,88.47211,0.0,0.0,0.0,13.436592,0.0,16.626947,0.0,0.0,11.659479,0.0,0.0,14.447296,43.342716,0.0,18.724157,15.919694,25.341124,20.268438,0.0,0.0,0.0,36.934258,30.658823,26.674313,53.672478,64.198685,45.879154,37.780506,53.8678,49.91166,40.538074,43.51707,23.562872,19.055128,29.423424,11.560429,63.96713,75.26083,155.6004,0.0,0.0,18.831154,69.06069,32.43566,24.725088,39.710896,68.79611,53.485962,62.666065,36.42483,20.419714,17.870768,68.54797,0.0,30.98722,0.0,43.71393,15.377669,34.744835,35.720284,0.0,35.16147,6.233975,49.039505,5.846968,0.0,17.748466,47.998226,34.764675,19.038645,28.627968,46.991867,21.407476,44.0182,30.211397,6.6048474,22.573074,25.047955,7.5719385,0.0,0.0,0.0,14.447296,0.0,0.0,15.562535,31.233828,0.0,39.343166,11.249683,0.0,8.548274,15.781399,0.0,22.32561,41.805874,35.715206,29.427505,5.9186735,2.7104573,34.699,17.149025,42.144966,38.3596,31.288033,28.813232,0.0,14.966588,33.88953,58.6212,38.144154,11.912524,26.892706,16.950417,18.013502,24.791393,19.646074,45.53938,0.0,0.0,56.52982,56.122467,0.0,29.267859,53.91106,27.306223,34.330067,0.0,0.0,0.0,0.0,0.0,81.25707,52.032196,72.56184,111.74066,43.38116,0.0,0.0,0.0,65.29423,33.64965,0.0,0.0,0.0,0.0,0.0,0.0,0.0,0.0,0.0,27.80228,21.259624,44.02946,29.0059,18.201937,22.573074,25.047955,0.0,0.0,28.465624,29.019417,19.48065,0.0,0.0,0.0,0.0,0.0,0.0,0.0,0.0,0.0,45.464973,22.907875,0.0,41.7937,57.91295,75.071785,29.796642,11.439931,68.2348,30.929178,10.217649,46.03734,0.0,34.398056,16.293816,31.069534,15.053248,24.862913,10.209857,10.29544,23.312435,40.325226,14.328415,25.873705,18.409157,0.0,35.22295,18.28101,4.8546443,0.0,0.0,0.0,0.0,33.436058,18.724157,16.950417,0.0,0.0,46.596725,0.0,0.0,38.551537,29.101818,71.15173,0.0,36.351128,21.259624,0.0,33.339348,69.47002,60.823116,32.725334,0.0,0.0,0.0,0.0,0.0,0.0,0.0,28.749739,0.0,0.0,18.698906,4.1344314,32.78586,24.564518,29.208414,0.0,0.0,65.23172,0.0,0.0,0.0,0.0,47.072365,25.24068,9.645822,27.463339,53.18091,91.55131,0.0
C11x27_C12x27,0.0,0.0,0.0,0.0,38.64515,0.0,0.0,0.0,5.471483,0.0,17.631336,0.0,30.67273,62.56449,56.770653,0.0,103.121,34.747925,37.38986,18.884977,0.0,37.83711,0.0,37.83711,0.0,37.83711,0.0,0.0,45.37023,0.0,0.0,22.189604,0.0,0.0,15.3617935,15.264114,19.116096,36.247017,29.863554,29.052172,35.809196,0.0,7.502196,7.502196,7.502196,10.836674,0.0,0.0,7.4544926,7.4544926,0.0,30.258186,0.0,26.208302,0.0,83.916756,30.259838,0.0,0.0,36.874214,33.92836,33.92836,41.291557,0.0,41.291557,0.0,49.51244,0.0,0.0,14.080627,0.0,0.0,0.0,0.0,0.0,119.95955,0.0,47.005688,29.291813,38.41078,106.48218,0.0,74.9775,0.0,0.0,0.0,8.319954,0.0,0.0,0.0,0.0,24.350567,0.0,8.899248,0.0,12.854669,0.0,8.842662,15.266117,0.0,33.711823,116.10353,38.25352,31.88668,90.6855,0.0,26.331446,26.164013,62.01031,0.0,0.0,87.13468,43.56734,52.134544,62.93158,0.0,0.0,0.0,69.91417,0.0,35.25489,0.0,60.813084,0.0,72.01815,0.0,25.1468,29.883009,0.0,0.0,0.0,29.670933,0.0,25.687717,0.0,0.0,26.043573,0.0,166.3858,0.0,27.350483,0.0,14.495875,0.0,0.0,0.0,14.977021,51.652966,25.970572,0.0,0.0,42.328304,0.0,48.026466,34.868557,39.36406,0.0,0.0,23.034595,0.0,18.423353,0.0,0.0,70.47583,0.0,43.636833,0.0,7.7680683,0.0,0.0,0.0,8.562097,0.0,19.682293,44.00682,0.0,9.993401,0.0,0.0,0.0,19.749878,0.0,0.0,0.0,0.0,30.363564,0.0,47.83642,0.0,26.955532,0.0,0.0,51.404686,107.16276,0.0,40.57347,0.0,0.0,13.198692,0.0,0.0,33.498207,54.35768,0.0,0.0,30.863153,0.0,0.0,0.0,0.0,139.47649,0.0,0.0,25.286676,0.0,0.0,0.0,0.0,0.0,0.0,0.0,0.0,0.0,18.86922,0.0,0.0,0.0,0.0,33.708183,42.28535,14.753348,0.0,14.85683,0.0,0.0,0.0,0.0,0.0,0.0,0.0,93.76125,0.0,26.156729,0.0,28.754923,0.0,0.0,0.0,0.0,0.0,0.0,0.0,10.295712,39.97958,0.0,0.0,19.912535,0.0,53.61881,0.0,0.0,0.0,60.13051,38.846977,45.146606,27.853188,32.96815,48.83111,51.086964,55.417408,17.94455,31.998808,53.471325,18.002117,0.0,15.570149,28.488123,47.942173,46.89361,97.374146,0.0,0.0,0.0,78.5341,0.0,50.756943,40.40156,32.96815,17.94455,31.998808,18.002117,0.0,30.528229,51.375435,0.0,34.015053,0.0,67.15749,37.516792,46.15056,17.389318,0.0,38.25647,54.754818,52.930786,49.899883,45.563564,46.952385,61.25783,37.001503,30.863153,38.710865,56.63718,15.121713,22.1248,36.328228,5.751878,8.562097,27.077127,12.7074585,0.0,0.0,0.0,23.17154,0.0,0.0,0.0,0.0,0.0,0.0,0.0,0.0,0.0,17.323435,46.836082,57.74918,18.415588,47.439476,39.792,17.651913,25.016237,45.23096,0.0,21.219803,39.736835,41.649197,39.298336,40.83774,12.367666,39.112015,36.52577,53.059296,17.567223,26.88469,0.0,20.320446,25.028288,15.657614,41.341877,0.0,0.0,73.468124,100.62587,0.0,17.50714,0.0,12.095092,46.822746,0.0,0.0,19.19165,41.658512,29.254938,50.090717,67.779785,91.968414,86.97257,32.89512,0.0,0.0,0.0,76.169495,63.421326,0.0,0.0,0.0,0.0,0.0,0.0,0.0,0.0,0.0,26.363764,19.936373,39.697372,7.817779,28.938934,8.562097,27.077127,0.0,0.0,31.838268,0.0,21.039148,0.0,0.0,0.0,0.0,0.0,0.0,0.0,0.0,0.0,36.215977,34.634754,0.0,0.0,56.160843,69.246666,40.643032,9.962544,49.941284,12.172493,42.102478,51.15374,32.09378,11.953493,26.196127,39.444954,40.31548,27.05141,0.0,8.507655,26.904955,25.125889,8.0418415,19.749878,38.72611,0.0,47.493202,26.224752,18.767218,0.0,0.0,0.0,0.0,32.424477,0.0,0.0,0.0,0.0,30.700348,0.0,0.0,41.10582,56.847496,44.333305,0.0,62.385963,35.025005,0.0,53.367714,65.84424,61.523945,8.756224,0.0,0.0,0.0,0.0,21.426512,26.931223,22.93944,34.35009,0.0,0.0,20.526018,35.284546,35.284546,32.15687,37.719555,0.0,0.0,122.29762,0.0,0.0,0.0,0.0,0.0,0.0,0.0,0.0,24.87326,45.254684,0.0
C11x28_C11x29,39.602394,0.0,0.0,0.0,67.07665,0.0,0.0,47.97425,23.520119,31.239668,24.722713,0.0,78.6186,84.739944,0.0,0.0,159.28221,54.241127,0.0,0.0,28.431534,44.25052,0.0,37.375748,16.634966,37.375748,0.0,0.0,84.0319,0.0,0.0,4.4904995,0.0,7.2009835,6.084504,0.0,28.178978,30.515406,20.657429,0.0,46.444107,0.0,20.42215,20.42215,20.42215,15.732864,0.0,0.0,0.0,15.075545,22.4726,21.004293,0.0,47.690556,0.0,41.887238,0.0,0.0,0.0,0.0,0.0,44.242783,0.0,0.0,0.0,30.790882,0.0,0.0,52.150406,11.671411,0.0,0.0,0.0,0.0,46.823063,113.46248,0.0,37.522858,23.762537,15.154672,45.089638,0.0,78.48689,32.508858,0.0,0.0,0.0,0.0,0.0,0.0,27.109764,31.379324,0.0,29.4454,0.0,22.684217,0.0,0.0,0.0,0.0,0.0,19.670052,47.495853,0.0,96.7782,0.0,46.593174,42.023384,46.593174,35.54735,0.0,83.71276,41.85638,41.85638,32.24542,0.0,0.0,26.694107,28.274954,22.958853,22.326372,0.0,29.305248,0.0,24.324251,0.0,57.61374,8.103823,0.0,0.0,53.401875,108.953224,0.0,0.0,0.0,0.0,32.663094,0.0,143.73863,37.54802,27.28825,0.0,24.07838,0.0,0.0,0.0,22.881685,41.953384,62.556934,0.0,71.618034,50.641598,0.0,14.275151,26.173376,58.220013,0.0,5.915346,16.553112,0.0,35.999367,0.0,51.632652,55.439037,29.81013,40.787586,0.0,0.0,0.0,0.0,0.0,32.085117,0.0,0.0,47.18448,0.0,53.431614,0.0,39.2951,0.0,29.116732,0.0,45.080315,0.0,0.0,21.795761,26.396818,172.32147,0.0,0.0,0.0,27.341738,52.3988,98.33675,0.0,49.74282,0.0,0.0,12.345497,27.013214,0.0,24.568176,0.0,0.0,0.0,23.305124,0.0,31.624212,0.0,0.0,30.252552,0.0,60.403214,61.21201,0.0,0.0,0.0,0.0,51.44466,0.0,0.0,26.800121,0.0,0.0,0.0,0.0,0.0,26.6739,30.131927,114.9735,30.487179,0.0,23.619354,0.0,0.0,0.0,0.0,0.0,31.008875,0.0,114.99426,0.0,0.0,0.0,24.837564,0.0,11.84605,0.0,0.0,29.28161,0.0,14.351965,28.574593,23.871237,0.0,31.302515,29.013472,15.662036,18.152632,0.0,13.206573,13.71373,31.008875,30.117304,0.0,33.11695,25.085882,51.467922,50.160194,8.9516735,52.260365,41.740368,32.001232,32.526085,13.930735,54.17577,6.438767,39.529057,67.616234,147.69084,38.59469,18.324017,17.684881,33.770523,0.0,21.06835,35.218407,126.013176,78.14159,79.63012,0.0,35.15499,17.638735,130.80734,0.0,20.051308,0.0,0.0,0.0,0.0,0.0,0.0,0.0,0.0,0.0,0.0,0.0,0.0,0.0,0.0,0.0,0.0,0.0,0.0,0.0,0.0,35.137573,32.085117,36.943184,28.585014,19.772467,0.0,0.0,28.574593,0.0,0.0,7.8733993,26.694107,22.83737,21.211452,37.262753,0.0,33.520958,15.162906,21.62609,18.38998,23.096294,0.0,34.98253,22.055237,18.409567,31.016779,31.43974,39.113106,36.171898,22.318174,32.775192,13.597292,24.717808,28.460377,47.156654,48.400288,0.0,29.7209,0.0,9.113394,26.926245,10.405276,24.552076,0.0,0.0,38.159058,48.63568,0.0,0.0,0.0,0.0,0.0,0.0,0.0,0.0,0.0,0.0,26.667936,34.465797,18.15424,42.19946,27.234524,0.0,0.0,0.0,56.654568,44.471123,0.0,0.0,0.0,0.0,0.0,0.0,0.0,0.0,0.0,39.929653,36.0111,63.270664,41.681194,33.646313,32.085117,36.943184,54.244278,72.17859,0.0,50.185547,0.0,0.0,0.0,0.0,0.0,0.0,0.0,0.0,0.0,0.0,11.584335,51.332256,0.0,85.42304,48.62194,41.346195,42.95266,60.86006,50.17796,84.947655,79.485504,53.780598,34.858913,0.0,0.0,0.0,0.0,0.0,0.0,0.0,0.0,0.0,0.0,0.0,4.94382,0.0,30.485514,0.0,0.0,0.0,50.266563,0.0,0.0,28.07189,31.302515,0.0,0.0,0.0,17.185015,0.0,0.0,41.45765,25.60392,78.582924,0.0,20.37094,45.458065,0.0,0.0,64.75198,64.737144,22.463093,0.0,0.0,0.0,0.0,0.0,0.0,0.0,17.348827,0.0,0.0,32.24742,0.0,14.554766,39.655342,3.806506,0.0,0.0,33.519054,0.0,0.0,0.0,0.0,20.966072,61.40776,25.769808,37.505295,39.293133,90.627945,0.0
C11x28_C12x28,0.0,0.0,0.0,0.0,49.290974,0.0,0.0,36.34333,0.0,37.360397,25.655796,0.0,81.14939,92.77093,24.14287,0.0,117.20738,51.86033,0.0,0.0,16.952232,38.03883,0.0,21.78766,42.925163,21.78766,0.0,0.0,48.985203,0.0,0.0,8.605632,0.0,7.7872567,11.170598,0.0,27.545803,26.860073,13.339929,0.0,29.992167,0.0,0.0,0.0,0.0,0.0,0.0,0.0,0.0,0.0,17.244925,19.057222,0.0,35.750694,0.0,31.4003,0.0,0.0,0.0,0.0,0.0,34.805103,29.507332,0.0,26.097008,33.29774,58.67391,0.0,67.14357,15.040273,0.0,0.0,0.0,0.0,82.655174,149.24452,0.0,98.58125,39.049366,24.903917,47.601437,0.0,58.425232,19.608898,0.0,0.0,0.0,0.0,0.0,0.0,13.856912,32.617702,14.286768,20.493963,0.0,15.788187,0.0,0.0,0.0,0.0,31.205645,64.81692,42.0272,0.0,136.45898,0.0,65.69721,59.25372,80.085335,45.79889,0.0,81.278015,40.639008,49.539223,31.307573,0.0,0.0,25.917719,0.0,10.735353,39.494507,0.0,46.842735,0.0,43.02868,0.0,43.41479,51.120956,0.0,0.0,44.082047,85.16302,0.0,0.0,0.0,0.0,48.423313,0.0,185.12967,58.372074,28.64949,0.0,26.038738,0.0,0.0,0.0,41.67874,46.117233,69.160576,0.0,0.0,66.745804,0.0,38.6451,38.6451,70.447235,0.0,13.935358,25.695978,0.0,44.845955,0.0,52.6518,61.484467,30.398531,103.48124,0.0,0.0,0.0,0.0,0.0,23.059622,0.0,0.0,57.920414,0.0,39.592632,0.0,68.59518,0.0,43.682537,0.0,4.972653,0.0,0.0,3.2383256,0.0,78.02025,0.0,30.980583,0.0,19.330326,75.22976,130.74562,0.0,46.19139,0.0,0.0,13.350615,43.30564,0.0,0.0,21.33922,0.0,0.0,0.0,0.0,15.332845,0.0,0.0,88.425545,0.0,35.33586,50.688297,0.0,0.0,0.0,0.0,16.219765,0.0,0.0,38.99562,0.0,19.454374,15.03684,0.0,0.0,23.849384,43.57585,40.31298,0.0,0.0,17.870903,0.0,0.0,0.0,0.0,0.0,38.04679,0.0,74.209946,0.0,0.0,0.0,0.0,0.0,34.139355,0.0,0.0,22.686161,0.0,0.0,0.0,44.109524,0.0,26.746157,50.304634,26.83736,40.822014,0.0,0.0,0.0,38.04679,27.32547,47.3672,49.09616,25.70105,72.57069,50.764427,56.469418,25.184805,31.071308,33.501877,22.638117,0.0,15.920828,12.339308,69.85026,55.99149,143.25351,0.0,0.0,0.0,39.80247,15.72239,30.002312,39.065556,39.730152,38.93211,48.031796,34.995293,0.0,19.074804,107.978516,0.0,0.0,0.0,0.0,0.0,0.0,0.0,0.0,0.0,0.0,0.0,0.0,0.0,0.0,0.0,0.0,0.0,0.0,0.0,0.0,0.0,0.0,18.881739,23.059622,16.0342,25.510715,0.0,0.0,0.0,0.0,0.0,0.0,8.514418,25.917719,0.0,36.31873,31.08027,0.0,21.31873,19.676971,26.534445,33.9812,34.24045,34.346546,35.40393,10.693374,0.0,52.13123,3.4680085,39.946873,51.701378,23.364748,23.611574,12.304147,17.764725,12.352466,39.049366,46.188084,39.064556,33.82958,0.0,15.076226,32.07402,23.677464,42.014584,0.0,0.0,55.03717,67.89376,0.0,0.0,0.0,0.0,0.0,0.0,0.0,0.0,0.0,0.0,29.793818,0.0,24.948013,31.290615,0.0,0.0,0.0,0.0,69.513145,58.51484,0.0,0.0,0.0,0.0,0.0,0.0,0.0,0.0,0.0,55.93811,25.829168,66.73097,37.028706,34.97454,23.059622,32.308247,60.018955,80.499535,0.0,37.533875,0.0,0.0,0.0,0.0,0.0,0.0,0.0,0.0,0.0,0.0,41.91499,69.28189,0.0,60.90948,59.6574,76.39993,61.883686,32.704132,52.530968,24.963871,55.828712,79.98349,34.195362,0.0,0.0,0.0,0.0,0.0,0.0,0.0,0.0,0.0,0.0,0.0,0.0,0.0,28.629324,10.542408,29.018753,20.251554,0.0,0.0,0.0,34.443214,26.746157,20.251554,0.0,0.0,39.865173,0.0,0.0,74.00264,30.924253,71.33596,0.0,48.596645,32.605057,0.0,41.569027,50.67714,54.956135,8.155865,0.0,0.0,0.0,0.0,0.0,0.0,0.0,29.329638,0.0,0.0,26.00845,0.0,34.72166,35.11806,9.820455,0.0,0.0,79.96262,0.0,0.0,0.0,0.0,39.00159,32.699696,21.366167,21.142815,23.070438,36.761192,0.0
C11x29_C11x30,23.628815,0.0,0.0,0.0,130.30925,0.0,0.0,0.0,55.34687,73.51229,0.0,0.0,101.14638,91.217224,0.0,0.0,133.09679,96.28045,0.0,28.701546,0.0,100.27868,0.0,0.0,30.927513,41.469013,0.0,41.469013,34.29636,0.0,0.0,4.9305787,0.0,35.22386,34.69182,0.0,0.0,39.382313,14.589019,14.589019,52.18583,0.0,39.005745,50.21436,39.005745,0.0,0.0,0.0,0.0,0.0,50.93777,23.633966,0.0,47.573692,0.0,0.0,31.899157,0.0,0.0,0.0,0.0,69.41876,40.323566,0.0,0.0,35.529476,39.3996,0.0,0.0,0.0,0.0,0.0,0.0,0.0,0.0,163.18301,0.0,30.299326,0.0,0.0,0.0,0.0,86.75964,71.244774,0.0,0.0,0.0,0.0,0.0,0.0,0.0,42.79522,45.64483,44.955376,0.0,24.90732,0.0,0.0,0.0,0.0,0.0,0.0,0.0,0.0,41.824787,0.0,26.276028,54.609276,43.243946,34.345436,0.0,93.96986,46.98493,77.325745,0.0,0.0,0.0,0.0,56.630005,8.097439,22.61951,0.0,22.61951,0.0,0.0,0.0,28.224398,27.039831,0.0,0.0,31.53091,64.33098,0.0,0.0,0.0,0.0,0.0,0.0,151.45287,0.0,19.000181,0.0,20.364557,0.0,0.0,0.0,0.0,23.610815,58.770935,0.0,48.911663,61.812447,0.0,0.0,11.976267,35.452404,0.0,0.0,27.926098,0.0,43.63699,0.0,0.0,72.11104,44.56988,41.542225,0.0,0.0,0.0,0.0,0.0,3.9427516,0.0,0.0,51.721172,0.0,39.533966,0.0,0.0,0.0,49.39129,0.0,0.0,0.0,0.0,49.718655,0.0,140.94797,13.313418,29.201082,0.0,38.609406,0.0,122.22358,1.6885458,8.978235,0.0,0.0,22.942873,45.642086,0.0,61.475384,0.0,0.0,0.0,32.96669,0.0,0.0,26.326382,0.0,36.877357,8.923955,34.532703,26.419298,0.0,0.0,0.0,0.0,8.526132,0.0,0.0,75.14676,0.0,0.0,0.0,0.0,0.0,47.441353,0.0,29.213602,0.0,0.0,27.563293,0.0,0.0,34.47174,30.755005,0.0,0.0,0.0,55.028015,0.0,0.0,0.0,0.0,0.0,17.747808,0.0,11.714437,91.93513,0.0,45.0607,3.4689002,9.4917345,0.0,38.22197,42.213924,0.0,34.102432,0.0,0.0,38.508053,0.0,0.0,0.0,0.0,0.0,0.0,0.0,0.0,0.0,0.0,0.0,0.0,0.0,0.0,0.0,0.0,0.0,122.48738,61.311222,47.64951,27.74472,0.0,0.0,0.0,108.99887,20.884672,152.73233,174.51334,111.80653,110.37572,86.280495,77.23465,47.5438,0.0,26.382275,39.63703,15.274388,21.143295,28.610502,0.0,47.44183,20.10029,43.30786,13.72934,0.0,22.623236,38.659813,38.61459,25.545885,32.05578,39.990376,0.0,32.48909,26.180794,50.984196,32.30181,39.309856,30.149408,20.062449,0.0,0.0,3.4689002,0.0,0.0,0.0,0.0,0.0,0.0,25.447048,0.0,0.0,0.0,0.0,20.543043,33.94407,21.143295,32.05578,24.2167,20.213745,29.533348,33.92256,45.209938,39.66154,17.452488,27.993935,14.929857,27.140207,33.02842,55.814236,36.53143,0.0,0.0,16.85834,14.123139,33.951954,18.485777,30.285866,0.0,0.0,64.473175,76.90583,0.0,0.0,0.0,0.0,0.0,71.23373,61.058422,0.0,0.0,0.0,0.0,0.0,0.0,0.0,0.0,0.0,0.0,0.0,73.37419,42.636467,0.0,0.0,0.0,0.0,0.0,0.0,0.0,0.0,0.0,74.01169,58.420273,80.61111,65.829834,59.202785,5.075733,34.98998,35.312,41.26472,0.0,21.633293,0.0,0.0,0.0,0.0,0.0,0.0,0.0,0.0,0.0,0.0,31.0607,46.603367,0.0,48.836617,56.995956,16.440168,9.156213,88.30721,92.485916,41.384773,73.33064,70.529564,41.130573,0.0,0.0,0.0,0.0,0.0,0.0,0.0,0.0,0.0,0.0,0.0,23.845076,0.0,0.0,0.0,0.0,0.0,84.13479,0.0,0.0,32.906628,38.22197,16.85834,0.0,0.0,7.0676627,0.0,0.0,83.48353,43.012302,84.13479,0.0,13.72934,45.37997,0.0,0.0,86.664215,38.746895,55.722332,0.0,0.0,0.0,0.0,0.0,0.0,0.0,28.38962,0.0,0.0,0.0,0.0,19.416218,84.261154,0.0,0.0,17.271078,13.72934,0.0,0.0,0.0,0.0,0.0,0.0,51.457775,69.79499,35.88003,72.68162,0.0
C11x29_C12x29,0.0,0.0,0.0,0.0,115.20794,0.0,0.0,71.69525,56.29725,74.7746,0.0,0.0,159.70413,70.78571,0.0,0.0,102.64738,75.54556,0.0,0.0,59.78491,95.898674,0.0,0.0,87.053,0.0,0.0,0.0,24.026173,0.0,0.0,0.0,0.0,8.296792,7.4173603,0.0,25.043465,24.409113,0.0,0.0,0.0,0.0,0.0,25.98738,0.0,0.0,0.0,0.0,0.0,17.369663,39.709187,0.0,0.0,36.818386,0.0,0.0,0.0,0.0,0.0,0.0,0.0,52.36924,39.081333,0.0,0.0,35.47648,38.725628,0.0,0.0,25.36842,0.0,0.0,0.0,0.0,64.098175,150.6056,0.0,31.256119,28.734695,0.0,47.29031,0.0,55.089226,45.173077,0.0,0.0,0.0,0.0,0.0,0.0,0.0,32.619858,50.66804,38.763664,0.0,0.0,0.0,0.0,0.0,0.0,0.0,0.0,0.0,0.0,75.275475,0.0,40.92647,82.054825,67.354996,53.49505,0.0,80.08095,40.040474,65.896866,0.0,0.0,0.0,0.0,48.25999,0.0,18.053562,0.0,26.21309,0.0,0.0,0.0,73.314026,24.884157,0.0,0.0,60.763145,119.230095,0.0,0.0,0.0,0.0,0.0,0.0,177.34943,55.45019,27.104345,0.0,34.209568,0.0,0.0,0.0,28.681559,28.681559,62.46653,0.0,22.450432,15.874853,0.0,16.44747,28.280333,43.43524,0.0,6.8155127,15.232904,0.0,41.477566,0.0,62.829132,72.049675,0.0,41.31596,0.0,0.0,0.0,0.0,0.0,24.568457,0.0,0.0,41.747803,0.0,46.525005,0.0,40.45395,0.0,30.948326,0.0,72.67798,0.0,0.0,20.456549,42.653843,154.12334,0.0,14.67749,0.0,35.12215,54.436172,98.449776,0.0,35.75086,0.0,0.0,32.48439,74.03805,0.0,56.455566,0.0,0.0,0.0,20.941898,0.0,51.10064,0.0,0.0,20.332903,0.0,64.6424,49.454765,0.0,0.0,0.0,0.0,38.318134,0.0,0.0,56.477222,0.0,0.0,0.0,0.0,0.0,41.477764,0.0,92.33695,36.67357,0.0,34.97848,34.00829,0.0,0.0,0.0,0.0,50.10633,0.0,91.83796,0.0,0.0,0.0,28.617214,0.0,26.269428,0.0,0.0,19.751825,0.0,10.066108,42.162064,27.87965,0.0,10.517183,51.38615,0.0,56.979427,0.0,0.0,12.323107,40.911644,37.298145,0.0,54.310146,60.160595,66.99748,66.17899,39.18769,72.64488,49.0311,46.67094,39.28548,18.379555,70.31283,8.495006,51.82391,89.1078,82.231895,19.55522,56.075672,27.270117,0.0,0.0,0.0,94.44025,93.85987,44.333508,110.650986,124.11084,24.656828,20.322906,148.8387,46.919987,28.336206,0.0,0.0,0.0,0.0,0.0,0.0,0.0,0.0,0.0,0.0,0.0,0.0,0.0,0.0,0.0,0.0,0.0,0.0,0.0,0.0,23.659527,24.568457,28.003485,14.495962,0.0,0.0,0.0,50.32868,0.0,0.0,0.0,0.0,0.0,0.0,28.064087,0.0,38.622,17.470318,0.0,0.0,0.0,0.0,0.0,0.0,0.0,0.0,0.0,0.0,0.0,0.0,0.0,0.0,0.0,0.0,0.0,49.87791,21.259499,30.930458,16.56996,8.566769,26.33693,13.454252,27.630886,0.0,0.0,56.131603,66.95572,0.0,0.0,0.0,0.0,0.0,39.43977,56.94211,0.0,0.0,0.0,0.0,0.0,0.0,0.0,0.0,0.0,0.0,0.0,61.871876,48.960896,0.0,0.0,0.0,0.0,0.0,0.0,0.0,0.0,0.0,50.81086,45.82447,76.89132,46.323467,42.81525,32.904976,51.484524,71.271645,110.03136,0.0,58.50239,0.0,0.0,0.0,0.0,0.0,0.0,0.0,0.0,0.0,0.0,10.039685,59.545826,0.0,91.41816,0.0,48.28897,15.238164,40.979504,59.586834,26.597303,59.481693,51.20256,29.56615,0.0,0.0,0.0,0.0,0.0,0.0,0.0,0.0,0.0,0.0,0.0,16.149118,0.0,34.253326,5.990516,16.489338,0.0,53.794346,0.0,0.0,0.0,10.517183,16.56996,0.0,0.0,21.603594,0.0,0.0,105.741356,23.876,84.09799,0.0,0.0,19.800716,0.0,0.0,60.06144,53.501526,0.0,0.0,0.0,0.0,0.0,0.0,0.0,0.0,19.581596,0.0,0.0,28.673225,0.0,28.970839,73.35193,0.0,0.0,0.0,26.577274,0.0,0.0,0.0,0.0,66.695045,99.227,36.180294,44.96752,11.137548,66.84988,0.0
C11x30_C11x31,30.794832,0.0,0.0,0.0,57.27017,0.0,0.0,0.0,0.0,56.47244,0.0,0.0,91.16082,0.0,0.0,0.0,193.98627,29.642073,0.0,23.609215,0.0,109.15083,0.0,31.936604,0.0,41.86769,0.0,41.86769,0.0,0.0,0.0,41.879677,0.0,6.7495856,0.0,0.0,0.0,36.176933,46.63771,46.63771,0.0,0.0,83.50283,0.0,0.0,37.055992,0.0,32.512516,0.0,82.1048,69.14968,42.302135,0.0,0.0,0.0,0.0,22.184317,0.0,0.0,0.0,0.0,18.033598,67.516266,0.0,26.858774,0.0,0.0,0.0,0.0,20.81911,0.0,0.0,0.0,72.765686,0.0,223.71663,0.0,12.361885,0.0,0.0,7.922537,0.0,137.67319,38.03042,0.0,0.0,0.0,0.0,0.0,0.0,0.0,39.552437,42.961266,0.0,0.0,51.82128,0.0,0.0,0.0,34.98119,0.0,0.0,0.0,0.0,84.00079,0.0,0.0,71.6937,28.201649,28.201649,0.0,0.0,0.0,14.724255,0.0,0.0,0.0,0.0,0.0,40.748444,0.0,0.0,47.56344,0.0,0.0,0.0,0.0,0.0,0.0,0.0,33.139584,63.434616,0.0,0.0,0.0,0.0,0.0,0.0,191.37743,0.0,0.0,0.0,0.0,0.0,0.0,48.469566,34.2645,50.98352,40.851048,0.0,0.0,70.75609,0.0,17.442144,25.952862,0.0,0.0,26.87315,76.27929,0.0,42.404785,0.0,0.0,90.087555,59.55427,45.94431,0.0,0.0,0.0,0.0,0.0,0.0,0.0,19.018858,0.0,0.0,0.0,0.0,0.0,0.0,148.80418,0.0,0.0,0.0,0.0,92.59802,0.0,58.716316,0.0,50.18879,0.0,68.73854,0.0,192.11594,0.0,0.0,0.0,0.0,0.0,53.189564,0.0,0.0,0.0,0.0,0.0,18.012623,0.0,0.0,16.03691,0.0,48.806694,29.455204,31.260086,0.0,0.0,0.0,0.0,26.095165,19.018625,0.0,0.0,53.61607,0.0,0.0,12.257376,0.0,0.0,54.62593,0.0,9.598719,0.0,0.0,0.0,0.0,0.0,50.261116,61.132355,0.0,0.0,0.0,92.74937,0.0,0.0,0.0,157.72412,0.0,52.670635,0.0,3.4093518,67.878365,0.0,30.646042,0.0,0.0,0.0,0.0,45.130283,20.269222,105.800385,55.207245,46.33502,19.873865,0.0,0.0,0.0,0.0,0.0,0.0,0.0,0.0,0.0,0.0,0.0,0.0,0.0,0.0,0.0,0.0,0.0,84.98044,0.0,0.0,58.96787,68.529,43.522297,34.88429,61.36094,46.58593,151.14847,93.15513,105.23318,75.06717,45.178112,81.17507,56.177185,46.47502,37.691456,56.555508,31.9161,30.135149,22.152529,0.0,55.97493,0.0,62.3383,7.2834754,50.936447,7.2402782,67.4531,50.69511,35.733253,72.97602,90.31674,0.0,40.851048,64.0246,88.55359,33.39232,41.221283,46.151424,32.798653,0.0,30.46197,0.0,0.0,0.0,0.0,0.0,0.0,0.0,41.937927,0.0,0.0,0.0,50.936447,14.692336,27.835443,30.135149,72.97602,25.443073,50.02191,72.07008,55.997868,23.351234,30.11521,80.471016,64.6157,42.81068,21.676655,47.82873,48.61785,44.658073,0.0,0.0,43.236164,60.332054,67.29803,0.0,32.301743,0.0,0.0,105.85373,0.0,0.0,35.271324,31.16111,37.55178,49.28875,64.05566,70.84273,0.0,0.0,0.0,0.0,0.0,0.0,0.0,0.0,0.0,0.0,0.0,67.762924,40.55873,66.58428,41.28584,25.752745,25.35011,44.068466,33.32919,25.371597,36.58606,0.0,0.0,0.0,0.0,0.0,0.0,0.0,0.0,0.0,0.0,0.0,12.063032,0.0,0.0,0.0,0.0,0.0,0.0,0.0,0.0,0.0,0.0,0.0,0.0,0.0,44.20844,0.0,0.0,0.0,0.0,0.0,0.0,0.0,0.0,44.142124,0.0,0.0,0.0,0.0,0.0,0.0,0.0,0.0,0.0,0.0,0.0,0.0,0.0,49.742153,0.0,0.0,21.761148,48.776497,0.0,0.0,44.691074,51.909935,32.37928,0.0,0.0,0.0,0.0,0.0,142.87202,0.0,57.93392,0.0,7.2834754,65.34215,0.0,0.0,48.744244,8.345086,55.034077,0.0,0.0,0.0,0.0,0.0,0.0,0.0,13.080478,0.0,0.0,0.0,0.0,10.300389,35.271324,0.0,0.0,21.220226,12.068575,0.0,0.0,0.0,0.0,0.0,0.0,22.064743,37.93261,0.0,59.648056,0.0
C11x30_C12x30,40.330128,0.0,0.0,0.0,153.95377,0.0,0.0,0.0,0.0,60.90281,0.0,0.0,111.86524,0.0,46.17917,0.0,96.879295,75.434494,0.0,8.306311,0.0,111.28606,39.67584,0.0,56.187725,33.825073,0.0,33.825073,0.0,0.0,0.0,0.0,0.0,0.0,35.76932,0.0,0.0,38.746433,21.641073,21.641073,0.0,0.0,57.393547,51.568104,0.0,48.22246,0.0,55.42807,0.0,68.19686,57.97134,60.007168,0.0,0.0,0.0,0.0,36.21355,0.0,0.0,0.0,0.0,73.91363,43.848415,0.0,0.0,0.0,0.0,0.0,0.0,62.688316,22.349714,0.0,0.0,0.0,0.0,306.71356,0.0,22.995682,0.0,0.0,14.73757,0.0,84.86189,42.641655,0.0,0.0,0.0,0.0,0.0,0.0,0.0,22.091595,65.78096,20.757082,0.0,68.09105,0.0,0.0,0.0,0.0,0.0,0.0,0.0,0.0,50.554817,0.0,0.0,44.627644,30.485909,30.485909,0.0,0.0,0.0,37.44243,0.0,0.0,0.0,0.0,0.0,8.1641245,0.0,0.0,57.681805,0.0,0.0,0.0,35.60061,0.0,0.0,0.0,34.576096,70.29069,0.0,0.0,0.0,0.0,0.0,0.0,142.31796,0.0,0.0,0.0,0.0,0.0,0.0,0.0,61.96682,47.162094,41.814987,0.0,0.0,34.84257,0.0,36.680794,27.91725,0.0,0.0,0.0,54.513424,0.0,18.276604,0.0,0.0,95.00857,55.73376,56.42398,0.0,0.0,0.0,0.0,0.0,0.0,0.0,20.241903,0.0,0.0,0.0,0.0,0.0,0.0,115.961266,0.0,0.0,0.0,0.0,53.94637,0.0,191.55605,0.0,58.683388,0.0,72.18649,0.0,168.38167,0.0,0.0,0.0,0.0,0.0,57.966022,0.0,0.0,33.67402,0.0,0.0,25.504648,0.0,0.0,36.1036,0.0,36.707916,0.0,52.748882,0.0,0.0,0.0,0.0,27.303848,21.198397,0.0,0.0,77.3091,0.0,18.7744,12.825115,0.0,0.0,34.98315,0.0,61.58271,0.0,0.0,28.21505,0.0,0.0,63.36641,25.68677,0.0,0.0,0.0,61.051342,0.0,0.0,0.0,36.40277,0.0,59.986732,0.0,41.580097,70.25458,0.0,34.558334,0.0,0.0,0.0,0.0,48.511375,0.0,70.03349,37.24709,0.0,28.140043,0.0,0.0,0.0,0.0,0.0,0.0,0.0,0.0,0.0,0.0,0.0,0.0,0.0,0.0,0.0,0.0,0.0,34.890766,0.0,0.0,49.15745,0.0,0.0,0.0,127.39171,51.925255,111.322075,104.4503,161.12979,84.65028,35.719913,84.693794,120.89353,75.06254,37.28268,76.16295,18.622637,37.356407,9.701809,0.0,0.0,15.255121,34.33207,0.0,20.06237,46.45957,71.05361,31.556509,18.667843,56.230377,54.888657,8.450831,0.0,25.219698,63.466896,36.071266,59.946323,52.954296,0.0,0.0,0.0,0.0,0.0,0.0,0.0,0.0,0.0,0.0,36.08904,0.0,0.0,0.0,20.06237,36.11124,27.890947,37.356407,56.230377,19.075031,30.130703,53.91944,51.80459,49.743805,44.97422,60.813854,22.492256,30.715363,30.307333,50.36733,54.601315,22.86364,0.0,0.0,0.0,34.22442,43.098522,28.556547,30.353487,0.0,0.0,80.387405,0.0,0.0,0.0,0.0,0.0,0.0,122.677246,7.536257,0.0,0.0,0.0,0.0,0.0,0.0,0.0,0.0,0.0,0.0,0.0,81.45311,81.93245,0.0,0.0,0.0,0.0,0.0,0.0,0.0,0.0,0.0,58.461613,59.995247,82.169304,58.309982,60.79886,18.83227,37.062775,45.367107,54.482037,0.0,43.311256,0.0,0.0,0.0,0.0,0.0,0.0,0.0,0.0,0.0,0.0,0.0,0.0,0.0,74.59818,0.0,0.0,0.0,0.0,0.0,0.0,0.0,0.0,13.703562,0.0,0.0,0.0,0.0,0.0,0.0,0.0,0.0,0.0,0.0,0.0,0.0,0.0,101.75127,42.06636,0.0,0.0,82.30642,0.0,0.0,46.761086,52.14254,0.0,0.0,0.0,0.0,0.0,0.0,259.38196,35.919907,97.75884,0.0,0.0,25.267584,0.0,0.0,71.747696,50.32524,0.0,0.0,0.0,0.0,0.0,0.0,0.0,0.0,12.195295,0.0,0.0,0.0,0.0,6.212203,110.62001,0.0,0.0,33.757927,7.455339,0.0,0.0,0.0,0.0,0.0,0.0,21.729174,58.750656,0.0,87.79725,0.0
C11x31_C11x32,0.0,0.0,0.0,28.063683,33.58725,0.0,0.0,0.0,0.0,28.532654,40.351265,0.0,47.398422,0.0,24.11697,0.0,135.56415,0.0,0.0,14.834635,0.0,64.05646,35.422592,53.37105,0.0,37.925213,0.0,37.925213,0.0,0.0,0.0,10.829808,0.0,0.0,0.0,0.0,32.979565,27.835775,10.392808,10.392808,0.0,0.0,106.86994,0.0,0.0,65.694496,0.0,57.63962,53.43497,180.0263,0.0,20.60676,0.0,0.0,32.23356,42.77724,47.403763,0.0,0.0,0.0,0.0,0.0,36.169136,0.0,30.135683,0.0,0.0,0.0,0.0,17.573772,9.718125,0.0,0.0,83.02705,0.0,173.52524,0.0,13.04176,0.0,0.0,0.0,0.0,111.09023,0.0,0.0,0.0,35.467674,0.0,0.0,33.98256,0.0,49.722454,0.0,0.0,0.0,7.026266,0.0,34.898365,0.0,66.21319,0.0,0.0,0.0,0.0,74.67903,0.0,25.407738,47.685406,0.0,0.0,0.0,0.0,0.0,29.235123,0.0,41.344707,58.470245,41.504448,36.724533,0.0,32.663643,0.0,46.18272,0.0,0.0,0.0,0.0,0.0,0.0,0.0,0.0,59.588524,0.0,28.836468,0.0,0.0,0.0,0.0,149.496,0.0,0.0,0.0,0.0,0.0,0.0,50.767204,14.953605,22.250065,56.19002,0.0,0.0,75.85086,0.0,41.61474,61.920227,0.0,0.0,64.24748,22.81097,0.0,0.0,0.0,0.0,61.592594,39.939983,36.174435,0.0,34.187588,0.0,0.0,0.0,0.0,0.0,37.243713,0.0,0.0,0.0,0.0,0.0,0.0,139.33295,0.0,0.0,0.0,0.0,50.98452,0.0,25.301262,0.0,10.2000475,0.0,56.65779,0.0,122.01304,0.0,0.0,0.0,0.0,0.0,0.0,0.0,0.0,23.850363,0.0,0.0,0.0,0.0,0.0,27.683165,0.0,74.00503,21.094873,0.0,0.0,0.0,0.0,0.0,56.38942,0.0,0.0,0.0,0.0,0.0,47.33208,14.081226,0.0,0.0,0.0,0.0,28.14098,0.0,0.0,41.375004,0.0,0.0,46.25998,34.438957,0.0,0.0,0.0,80.4814,0.0,0.0,0.0,99.20888,0.0,47.493786,0.0,23.908619,45.831173,0.0,0.0,0.0,0.0,0.0,0.0,49.124,0.0,87.99342,52.46797,51.589798,19.161661,0.0,0.0,0.0,0.0,0.0,0.0,0.0,0.0,0.0,0.0,0.0,0.0,0.0,0.0,0.0,0.0,0.0,93.774765,51.04923,28.65446,0.0,29.90721,94.04796,83.22948,33.14823,0.0,133.62999,97.392586,95.829285,60.902287,0.0,79.1836,45.574635,52.904224,45.44729,45.46459,0.0,22.901733,49.6114,0.0,53.11394,12.711825,29.614246,32.522263,9.776119,77.07542,48.240536,10.500474,0.0,49.429375,60.950474,74.45687,43.792515,53.51146,116.13532,9.578839,56.69316,65.86464,0.0,0.0,60.960964,53.073605,0.0,0.0,0.0,0.0,0.0,0.0,0.0,0.0,45.47651,15.884842,9.776119,20.200314,39.219387,22.901733,49.429375,12.153013,20.523993,57.192287,41.87665,0.0,41.94747,33.891266,49.810577,42.90054,42.448353,44.222057,38.514534,0.0,56.06781,50.59828,49.47545,76.07043,84.52808,0.0,55.48152,15.843994,15.697217,22.97386,0.0,0.0,39.99167,32.740494,46.532375,56.728798,0.0,0.0,0.0,0.0,0.0,29.790892,19.432205,22.199217,39.093403,16.465296,51.989952,58.83739,37.918568,59.882774,57.640236,80.12621,42.371353,77.29802,0.0,33.760204,46.638638,0.0,35.661564,0.0,0.0,0.0,0.0,0.0,0.0,0.0,0.0,0.0,0.0,64.56449,0.0,0.0,0.0,0.0,0.0,0.0,0.0,0.0,0.0,0.0,0.0,36.687996,49.056583,0.0,27.42735,0.0,0.0,0.0,0.0,0.0,0.0,0.0,0.0,0.0,0.0,44.79221,53.688404,24.265972,25.69522,22.17892,4.7894197,28.34658,18.203648,0.0,41.356464,8.326408,0.0,15.756965,43.794834,22.9012,47.02398,30.96378,0.0,0.0,32.128548,35.82603,69.96886,35.093998,0.0,0.0,27.481287,0.0,58.94416,26.780394,30.96378,0.0,32.522263,17.273483,0.0,0.0,47.435863,38.194508,43.467506,0.0,0.0,0.0,0.0,0.0,0.0,0.0,10.439865,23.737427,29.32724,0.0,0.0,45.993427,34.997055,0.0,0.0,31.449299,32.522263,0.0,0.0,0.0,0.0,0.0,0.0,0.0,0.0,0.0,34.949833,0.0
C11x31_C12x31,43.667862,0.0,0.0,0.0,48.219097,0.0,0.0,0.0,0.0,0.0,0.0,0.0,56.890118,0.0,39.636917,0.0,107.754295,0.0,0.0,0.0,0.0,93.985725,0.0,49.6634,0.0,65.10686,0.0,65.10686,0.0,0.0,0.0,0.0,0.0,0.0,0.0,6.807758,34.873856,0.0,0.0,27.513823,0.0,0.0,0.0,0.0,0.0,95.027664,0.0,112.02815,58.110943,210.55237,0.0,82.48553,0.0,0.0,37.662968,0.0,37.229977,0.0,0.0,0.0,0.0,21.759312,62.32079,0.0,26.220306,0.0,0.0,0.0,0.0,31.092323,0.0,0.0,0.0,93.94772,0.0,313.26514,0.0,13.1704035,8.098447,0.0,0.0,0.0,74.018875,0.0,0.0,0.0,43.677307,0.0,0.0,0.0,0.0,56.841805,0.0,0.0,0.0,85.105385,0.0,23.371737,0.0,51.97999,0.0,0.0,0.0,0.0,45.3591,0.0,30.174353,51.568924,0.0,0.0,0.0,0.0,0.0,0.0,0.0,0.0,0.0,36.808525,36.808525,0.0,0.0,0.0,96.45787,0.0,0.0,0.0,0.0,0.0,0.0,0.0,0.0,71.609566,0.0,35.804783,0.0,0.0,0.0,0.0,124.74618,0.0,0.0,0.0,0.0,0.0,0.0,47.301437,40.809307,0.0,23.808172,0.0,0.0,21.939528,0.0,44.41893,68.85892,0.0,0.0,57.831833,65.819466,0.0,29.098934,0.0,0.0,80.69391,0.0,42.741318,0.0,42.449,0.0,0.0,0.0,0.0,0.0,52.703487,0.0,0.0,0.0,0.0,0.0,0.0,200.72968,0.0,0.0,0.0,0.0,41.427986,0.0,45.792046,0.0,88.2623,0.0,66.25936,0.0,125.595024,0.0,0.0,0.0,0.0,0.0,0.0,0.0,0.0,38.72811,0.0,0.0,14.45618,0.0,0.0,59.482777,0.0,51.45967,31.056295,0.0,0.0,0.0,0.0,0.0,31.91443,0.0,0.0,0.0,0.0,0.0,61.627052,0.0,0.0,0.0,0.0,0.0,11.989332,0.0,0.0,29.321474,0.0,0.0,50.85972,57.244865,0.0,0.0,0.0,0.0,0.0,0.0,0.0,83.83194,0.0,56.115513,0.0,75.22268,61.82034,0.0,0.0,0.0,0.0,0.0,0.0,19.741787,0.0,104.76544,61.989414,59.565483,20.71949,0.0,0.0,0.0,0.0,0.0,0.0,0.0,0.0,0.0,0.0,0.0,0.0,0.0,0.0,0.0,0.0,0.0,29.984743,0.0,0.0,55.277412,81.618614,50.821404,88.83786,38.4279,27.12821,89.29494,61.76904,91.808266,43.71358,9.627624,50.63561,54.953094,51.947834,77.18403,105.2087,32.558918,42.299374,41.28877,0.0,39.776814,7.990818,54.786236,20.443916,26.470648,82.44817,87.088646,29.773333,20.304567,75.98562,68.66315,40.768658,19.672686,51.09943,0.0,0.0,0.0,0.0,0.0,0.0,35.523064,60.051304,0.0,0.0,0.0,0.0,0.0,0.0,0.0,0.0,0.0,0.0,0.0,58.580505,52.242546,31.783607,75.98562,0.0,51.530514,84.843094,48.17411,69.60711,4.652906,72.025444,0.0,35.715473,26.563602,82.53507,44.303276,0.0,60.626076,44.7133,67.44201,81.43029,94.30546,0.0,58.439568,0.0,0.0,117.11715,0.0,0.0,23.406975,9.662208,48.47162,0.0,31.402025,69.15871,0.0,0.0,0.0,0.0,0.0,0.0,0.0,0.0,0.0,0.0,0.0,43.62871,37.07468,66.967545,51.453365,50.535892,20.247877,13.664425,55.073776,0.0,15.9373865,0.0,0.0,0.0,0.0,0.0,0.0,0.0,0.0,0.0,0.0,67.24606,0.0,0.0,0.0,0.0,0.0,0.0,0.0,0.0,0.0,0.0,0.0,45.93926,52.817135,0.0,33.794464,0.0,0.0,0.0,0.0,0.0,0.0,0.0,0.0,42.868153,19.18254,46.705,61.67713,29.663898,39.776814,30.91017,27.338211,15.109733,30.918531,0.0,49.464764,5.7997584,0.0,27.073963,0.0,0.0,25.410702,35.617645,0.0,0.0,57.81747,64.47134,74.389206,23.953157,0.0,0.0,0.0,0.0,176.64223,0.0,35.617645,0.0,0.0,40.38528,0.0,0.0,37.569794,22.087257,41.559387,0.0,0.0,0.0,0.0,0.0,0.0,0.0,12.769538,30.59744,30.429758,0.0,0.0,35.4099,55.045296,0.0,0.0,21.531677,0.0,0.0,0.0,0.0,0.0,0.0,0.0,0.0,0.0,0.0,32.890865,0.0
C11x32_C11x33,0.0,0.0,37.722176,29.814573,42.359367,0.0,0.0,35.100742,18.891695,19.968172,28.239258,15.489814,36.86249,10.6273775,20.280128,9.736066,66.23782,0.0,0.0,13.275043,0.0,42.44749,29.674654,16.026253,16.277157,11.205236,16.277157,11.205236,23.852783,21.280787,0.0,6.7134748,4.251416,4.251416,0.0,7.7506967,39.465706,30.973005,25.974451,25.974451,0.0,27.015491,102.140594,0.0,0.0,27.701939,27.015491,0.0,49.251556,96.8698,19.403883,9.791982,19.403883,0.0,19.466776,40.70925,32.437,18.657862,0.0,0.0,0.0,11.756527,46.90365,17.98594,0.0,17.98594,26.35686,36.067425,0.0,28.325865,0.0,18.702948,32.258915,47.63268,32.258915,81.220924,0.0,16.528841,12.561236,4.990233,0.0,0.0,72.67458,11.493326,26.72047,11.493326,20.953318,15.781353,0.0,40.687996,0.0,55.24524,7.7842956,0.0,0.0,15.06465,7.7842956,14.191437,0.0,13.544803,0.0,8.93741,5.838432,7.765638,30.840034,7.765638,11.677736,29.360445,0.0,7.765638,17.361172,16.754581,0.0,21.598602,0.0,30.545034,43.197205,29.792173,35.541832,0.0,12.758242,0.0,22.010584,0.0,0.0,19.61431,0.0,0.0,21.138546,11.480466,0.0,0.0,0.0,0.0,0.0,15.396204,21.773521,28.371012,85.74495,28.371012,0.0,16.765362,0.0,0.0,18.767807,0.0,0.0,9.955247,33.84854,0.0,19.467426,48.507504,13.765549,0.0,28.127907,8.562469,64.46074,0.0,41.15874,0.0,14.042886,17.932568,30.930162,63.51246,43.589718,14.64054,10.948822,19.96064,0.0,0.0,7.8511205,0.0,16.781084,0.0,0.0,21.634083,0.0,9.294417,16.031046,25.231052,63.224144,16.923729,29.190115,27.843063,16.142742,45.65857,27.843063,40.260727,0.0,14.321084,35.387356,29.858349,38.122692,122.725845,0.0,0.0,10.786285,0.0,0.0,0.0,0.0,20.16966,21.318956,13.129902,9.117703,0.0,4.770862,8.228802,8.457091,0.0,42.487736,15.90418,16.241302,0.0,16.241302,4.5641885,16.54346,46.0294,11.979417,11.979417,24.846527,24.846527,13.097549,49.519413,36.219597,24.924173,0.0,24.924173,16.364197,16.42137,9.730258,11.259671,42.570736,24.947594,10.373127,31.587801,24.843956,0.0,0.0,6.1852026,80.10262,21.895958,0.0,12.138719,17.16674,17.360085,15.27022,19.749033,14.764087,45.33857,13.706174,13.706174,19.790264,0.0,7.92996,0.0,38.22072,12.76714,104.96034,47.351406,54.04327,11.530024,0.0,19.403883,16.025965,15.396204,11.979417,7.765638,20.473454,21.138546,26.872114,11.493326,14.646007,7.7842956,13.706174,4.5641885,4.251416,0.0,16.241302,103.92709,57.098984,33.25733,0.0,0.0,0.0,0.0,28.13991,61.26879,137.43756,58.782677,39.81282,70.1003,21.74389,0.0,27.523832,18.537498,27.001883,34.334023,0.0,17.484919,36.37535,0.0,38.066483,12.417562,20.428568,22.195885,12.761098,55.091225,32.515385,13.5006895,8.059705,35.593437,40.314857,50.899483,28.005823,40.993103,107.613884,63.446186,65.63528,50.78,0.0,0.0,14.464018,37.475937,0.0,0.0,0.0,0.0,0.0,0.0,0.0,14.805421,47.888107,11.22872,12.761098,5.172159,17.048618,17.484919,24.757742,19.817915,9.793788,25.051783,5.6075644,12.615428,0.0,16.631235,33.34457,13.2795725,13.825738,18.88994,12.163027,0.0,25.013514,51.831257,58.06293,75.06625,87.2512,29.32739,34.944695,28.62321,34.16401,0.0,0.0,11.473923,41.45561,40.055237,25.65597,47.690964,0.0,0.0,0.0,0.0,0.0,10.236968,35.81468,42.360992,30.295712,0.0,55.28613,84.212654,25.102495,35.057224,54.96141,42.22608,51.824604,46.62132,38.540443,56.646664,27.39932,0.0,52.42833,32.165524,0.0,0.0,0.0,0.0,0.0,0.0,0.0,10.786285,16.241302,32.387157,4.19911,0.0,0.0,7.92996,4.770862,16.142742,16.923729,10.786285,4.5641885,16.54346,16.241302,0.0,33.316944,21.443422,23.80024,0.0,11.620678,0.0,41.7103,21.46247,6.6884274,18.440945,0.0,22.143448,21.839504,45.29735,39.440784,14.6554575,39.918205,24.98753,30.593355,31.64892,29.609285,16.622355,45.99837,22.172596,0.0,0.0,0.0,0.0,0.0,29.609285,0.0,0.0,18.255726,38.22953,31.30585,19.626194,22.307056,13.574102,50.649597,16.226576,36.747955,15.216859,45.93734,13.706174,22.113337,17.966784,0.0,10.284702,28.884428,43.309452,0.0,4.80058,19.435013,21.138763,27.56659,7.8348184,24.924173,17.360085,20.534662,16.761293,0.0,0.0,18.709154,48.270203,41.45561,0.0,0.0,23.859615,46.7064,26.872114,12.76714,14.646007,13.270307,28.174526,29.794752,0.0,14.646007,0.0,57.768856,2.933709
C11x32_C12x32,0.0,0.0,0.0,40.247726,56.841125,0.0,0.0,0.0,0.0,11.612154,16.422068,0.0,27.731218,13.547908,12.338052,0.0,70.84824,0.0,0.0,10.879184,0.0,73.13926,40.445293,60.938732,0.0,42.607143,0.0,42.607143,21.56863,0.0,0.0,23.148191,0.0,0.0,0.0,21.973673,70.604095,37.502926,31.450546,31.450546,7.621709,47.9301,100.63819,0.0,0.0,53.008713,0.0,64.82742,50.319096,185.36404,0.0,32.22979,0.0,0.0,42.410564,8.992318,32.54821,0.0,0.0,0.0,0.0,0.0,33.600037,0.0,0.0,0.0,33.600037,0.0,0.0,0.0,0.0,0.0,0.0,79.15303,0.0,132.09428,0.0,30.272558,12.359034,0.0,0.0,0.0,99.96764,0.0,31.538189,0.0,31.154951,0.0,0.0,0.0,0.0,82.06372,0.0,0.0,0.0,32.042385,0.0,30.416582,0.0,60.26352,0.0,0.0,0.0,0.0,40.121758,0.0,19.78595,27.878614,0.0,0.0,22.093472,0.0,0.0,20.722754,0.0,29.3064,41.445507,29.41963,26.031479,0.0,0.0,0.0,65.24103,0.0,0.0,0.0,0.0,0.0,0.0,0.0,0.0,0.0,0.0,0.0,0.0,0.0,0.0,0.0,133.54234,0.0,0.0,0.0,0.0,0.0,0.0,0.0,0.0,0.0,57.209373,0.0,0.0,49.915203,0.0,0.0,48.85599,0.0,0.0,0.0,46.02864,0.0,0.0,0.0,0.0,66.18746,34.60851,17.793007,0.0,31.673595,0.0,0.0,0.0,0.0,0.0,41.32676,0.0,0.0,0.0,0.0,0.0,0.0,155.67484,0.0,0.0,0.0,0.0,33.226906,0.0,22.64015,0.0,30.763493,47.131275,47.154667,0.0,107.98027,0.0,0.0,0.0,0.0,0.0,0.0,0.0,0.0,30.023157,0.0,0.0,0.0,0.0,0.0,34.7356,0.0,35.326847,0.0,0.0,0.0,0.0,0.0,0.0,28.81119,0.0,0.0,0.0,0.0,0.0,73.30998,46.500168,0.0,0.0,0.0,0.0,27.776482,0.0,0.0,24.054298,0.0,0.0,35.44682,41.39904,0.0,0.0,0.0,69.05347,0.0,0.0,0.0,105.82046,0.0,17.225769,0.0,36.3826,38.483437,0.0,0.0,0.0,0.0,0.0,0.0,49.473526,0.0,66.97032,63.71029,72.65726,14.486732,6.9877973,35.330482,25.932426,25.376846,24.193457,14.546352,36.60546,37.435722,47.16396,21.735823,25.09025,14.55768,24.133188,16.088488,7.740956,0.0,29.052284,57.209373,45.812813,19.857674,54.498688,0.0,0.0,0.0,44.627743,56.975533,93.556984,85.55005,83.52252,22.2773,60.338688,0.0,9.580365,31.202826,33.185062,47.581573,14.133516,25.565947,39.087234,0.0,40.904446,18.41208,31.149813,23.85065,20.951008,58.241055,39.13286,14.9244995,15.261065,43.677517,42.951916,54.73921,32.115845,43.66989,110.34596,33.461853,99.11485,86.979034,0.0,8.393179,63.82448,59.293484,0.0,0.0,0.0,0.0,0.0,0.0,14.660825,0.0,41.46136,19.859238,20.951008,25.80051,31.952656,25.565947,43.677517,0.0,27.864607,52.67518,0.0,31.055916,3.787091,31.5222,19.314983,11.814653,17.625216,52.20633,18.384914,0.0,31.962467,77.43591,74.793816,114.70898,122.15795,42.206375,49.051254,0.0,21.454588,47.708164,0.0,0.0,56.832726,0.0,45.94241,37.887897,0.0,0.0,0.0,0.0,0.0,28.763924,39.22603,30.34137,41.817303,20.487331,43.152554,58.64267,0.0,57.556507,69.59832,66.68677,42.453617,70.870026,57.674423,0.0,49.207966,0.0,53.68792,19.457613,0.0,0.0,0.0,0.0,0.0,0.0,0.0,0.0,0.0,76.383415,5.3530755,0.0,6.9877973,14.438827,8.686759,27.74472,30.814632,19.639608,16.088488,30.427864,29.052284,42.476578,65.7767,0.0,29.807528,7.169452,14.814178,14.52551,49.686752,25.742496,16.506725,23.508736,0.0,26.384518,20.748905,56.477898,47.907696,24.644957,10.906539,8.112774,16.730927,49.557426,17.45208,17.508436,42.25964,21.58288,0.0,0.0,0.0,0.0,0.0,17.45208,0.0,0.0,15.768525,41.44949,64.296135,21.59203,0.0,27.598034,55.47398,0.0,38.979404,24.982845,29.052284,0.0,0.0,19.267754,0.0,19.073895,50.158188,25.114801,0.0,0.0,0.0,0.0,0.0,0.0,0.0,0.0,0.0,34.23311,0.0,0.0,23.85065,0.0,49.734806,0.0,0.0,15.596333,40.26384,0.0,0.0,0.0,0.0,0.0,0.0,0.0,0.0,0.0,55.47398,17.078695
C11x33_C11x34,45.035336,20.140413,17.306786,0.0,87.50963,26.581799,26.581799,16.10785,18.146418,0.0,0.0,14.399064,51.543434,33.477993,12.648661,0.0,60.877644,0.0,0.0,32.127316,11.777537,32.732845,21.450294,17.23683,0.0,0.0,0.0,0.0,17.24196,21.92476,4.0302567,4.0302567,5.582922,3.8634245,0.0,18.064507,30.855337,65.17934,24.039488,62.861526,33.996967,50.34973,45.163277,0.0,29.470383,29.470383,40.823914,0.0,22.581638,40.575565,9.955581,10.385487,14.3865185,17.810526,17.073261,29.082224,31.14797,11.418519,0.0,0.0,0.0,11.600738,9.94264,13.773065,9.94264,13.773065,14.061017,16.133602,0.0,18.329517,0.0,22.26123,32.169056,14.236232,22.26123,68.719734,21.613281,48.84396,0.0,8.898384,0.0,0.0,57.103283,24.318605,31.717436,35.142105,24.871775,12.611679,0.0,35.373795,0.0,45.384876,13.365265,0.0,13.9424095,13.9424095,19.313753,20.331423,0.0,25.965374,0.0,45.65325,37.595757,6.737817,40.607952,9.736622,0.0,35.374214,0.0,6.737817,21.043407,21.887753,16.145313,26.179579,0.0,37.023518,52.359158,31.293476,51.741417,0.0,0.0,15.644669,12.72766,0.0,14.997058,22.291754,0.0,14.187796,19.653675,18.00564,0.0,0.0,0.0,0.0,0.0,21.857317,21.390589,13.081679,35.36864,9.052622,9.7764635,13.542869,6.80598,0.0,17.00163,0.0,0.0,0.0,24.846596,25.919533,35.138393,79.26204,44.283154,0.0,28.864225,10.251627,64.53182,22.918314,38.052486,0.0,25.517439,30.23401,20.922167,55.35485,48.406307,19.300535,16.185276,0.0,0.0,0.0,15.279041,17.921381,24.825636,0.0,12.361771,44.306816,0.0,20.49919,14.1855955,31.30354,30.635098,16.82425,11.6425085,18.400944,0.0,0.0,18.400944,26.617687,25.131254,14.744385,30.460636,14.623318,36.509888,75.09105,9.566433,6.000964,16.17371,0.0,28.009289,0.0,0.0,22.7511,26.038195,22.23174,17.065552,0.0,24.694382,17.0887,0.0,17.78132,19.954683,0.0,14.447712,15.071598,20.877966,22.99774,21.91049,27.811666,21.209965,30.6499,34.46008,23.846638,16.508514,31.726276,22.433865,26.544641,0.0,18.369093,15.4367075,66.84762,23.107624,19.63235,31.432468,10.352805,7.321018,0.0,24.63157,16.360468,11.321568,24.9702,32.179543,21.788225,0.0,5.734866,5.612407,23.836367,29.237299,22.417778,0.0,19.716463,19.312695,13.364532,29.931067,8.15701,11.299516,24.296743,41.5803,11.601989,55.58731,46.985973,34.512413,26.370434,20.178005,17.743456,18.260527,26.957483,37.801723,12.008557,39.860237,24.239647,48.97853,43.342136,26.297514,23.820408,23.819103,28.364012,6.885636,0.0,25.749613,111.85023,26.892687,12.9620075,0.0,0.0,0.0,0.0,61.098816,77.76034,100.75167,89.15729,55.24119,48.997276,49.0819,0.0,16.52482,17.791027,0.0,42.317833,0.0,41.290325,55.44131,0.0,41.129433,22.667501,17.113373,31.648445,30.883503,65.53908,60.72523,18.379732,21.19682,61.0082,86.01146,69.406624,67.7777,55.198784,31.746237,24.825636,45.256542,24.874117,12.225288,0.0,13.464979,51.359898,25.063437,21.109104,0.0,0.0,0.0,0.0,15.790235,12.275548,23.656748,21.115553,11.81046,8.15701,15.778584,15.790235,23.33074,17.82663,0.0,23.881485,12.14526,11.675644,7.050584,15.392293,30.490887,15.816968,17.921381,17.207241,15.071598,0.0,22.330763,33.77352,19.245886,67.203445,45.976665,7.971248,44.288692,24.846596,19.957047,0.0,0.0,24.26832,37.913677,36.655754,23.47855,43.12063,0.0,0.0,0.0,0.0,31.097473,7.9235525,16.796694,23.251314,28.030415,37.293427,26.916021,36.930943,20.345873,23.62092,37.032,20.680494,0.0,20.083633,0.0,0.0,0.0,0.0,14.704848,10.575034,0.0,0.0,0.0,0.0,0.0,0.0,0.0,16.17371,20.877966,0.0,0.0,0.0,20.178005,13.936135,30.456547,0.0,20.750004,19.94767,28.364012,27.023064,25.749613,0.0,0.0,47.85347,14.829097,16.702515,11.535753,19.5452,32.409954,21.76799,23.47855,16.87084,38.45261,22.824762,18.22386,15.572689,24.130508,8.771592,14.0160475,0.0,11.861625,22.628271,15.388515,11.517232,0.0,55.1506,0.0,0.0,0.0,0.0,0.0,15.388515,0.0,0.0,16.702515,34.360783,39.331635,0.0,17.644339,60.64576,23.754114,23.750107,54.123875,32.02223,40.8643,13.364532,20.095232,8.774917,0.0,0.0,15.236584,42.878017,0.0,15.642106,10.3803425,21.78676,0.0,23.290981,18.369093,16.494947,0.0,16.793861,0.0,0.0,18.197744,45.278725,35.56919,22.12757,0.0,21.542131,51.97787,39.712135,16.765694,21.322208,42.23757,10.055356,25.116096,0.0,14.755132,9.417263,25.2592,0.0
C11x33_C12x33,31.946428,14.286877,12.880713,31.432602,63.973743,17.951466,17.951466,5.8382654,14.262937,15.075659,21.320202,11.694569,27.440228,41.228287,8.9725,0.0,88.83772,0.0,0.0,25.70652,0.0,38.176186,26.689722,21.447079,14.639861,11.690288,14.639861,0.0,17.563301,14.5950575,4.7960577,7.621507,5.6173196,5.6173196,6.9299297,10.240854,46.118553,63.42785,18.529633,34.392994,27.838623,33.71522,76.43583,28.302143,19.587313,31.126574,20.216759,28.302143,36.85688,68.87303,12.473133,8.644642,12.473133,12.634139,17.183132,36.23125,26.340752,10.530069,0.0,0.0,0.0,10.580445,15.290424,7.052947,11.207974,7.052947,16.83868,14.953521,0.0,28.188297,0.0,8.449252,16.813051,17.505095,14.573301,67.109024,14.742895,25.979864,11.491294,11.948881,0.0,0.0,98.45162,22.955057,44.869835,22.955057,41.849037,0.0,0.0,0.0,0.0,58.31483,14.50104,5.025174,3.4778166,5.5266647,14.50104,26.436638,0.0,24.897806,2.1963782,31.931337,22.077614,3.2360163,13.878904,7.694875,10.465457,17.056627,0.0,3.2360163,11.490739,25.503098,5.973751,32.876457,0.0,46.494335,65.752914,45.348362,54.100243,0.0,5.4332623,5.6496167,18.992249,0.0,18.334124,13.276468,12.827029,12.287872,12.287872,9.220376,9.757457,28.934511,9.757457,17.788681,9.757457,14.087214,19.92233,16.997894,52.25125,16.997894,7.4631004,11.457361,4.8279147,0.0,12.747884,0.0,0.0,16.524076,54.18482,18.386374,0.0,56.37155,26.002258,0.0,28.39345,10.688994,65.37684,15.877945,30.541836,0.0,16.572048,16.9201,29.183853,59.92656,35.182583,13.895577,8.534594,15.559295,0.0,0.0,15.005546,11.20577,19.452751,16.191463,0.0,22.377438,0.0,14.896998,25.694399,16.029999,45.421165,8.952919,0.0,24.022335,13.927575,39.393127,24.022335,27.175474,17.842592,9.910763,28.61601,26.44334,38.144737,51.75106,0.0,4.2568655,13.386484,0.0,19.937237,0.0,0.0,22.923578,24.229797,18.235725,8.738973,12.108454,13.01085,0.0,0.0,8.041523,32.196106,0.0,13.640827,10.532941,13.640827,11.140984,11.782417,24.2824,13.291602,14.866369,18.134941,16.380585,17.234995,65.16234,47.661175,13.59305,0.0,7.6979585,10.269975,55.745625,21.721655,10.096543,38.173164,17.435364,3.7489662,0.0,21.638851,8.377912,6.4639482,12.786806,39.48211,10.568967,0.0,11.387054,38.792618,24.044033,18.702562,14.043093,0.0,31.836218,9.889695,7.4545174,18.137455,5.332599,11.783227,17.544283,29.248182,6.2032766,35.55818,58.84705,46.00492,25.177553,14.420718,12.473133,13.050344,16.709719,25.589163,13.245021,23.031748,21.15085,34.49889,25.073957,15.837655,14.50104,17.02292,19.176735,8.255351,9.757457,18.130125,53.360657,31.01731,14.598308,0.0,0.0,0.0,0.0,32.054512,70.377815,94.555275,121.54493,76.781685,39.470985,29.743193,51.66484,20.586971,18.441753,0.0,33.035805,0.0,33.858753,43.38546,0.0,31.173973,24.921366,16.649773,28.642721,24.711287,52.44078,49.591377,22.696619,17.123941,34.345013,70.435616,47.53844,54.23201,39.851654,77.574265,73.547264,90.90605,75.38751,8.672175,0.0,21.984354,34.649788,17.77909,13.510976,0.0,0.0,0.0,0.0,11.479192,23.72998,41.98885,29.394089,13.313499,8.474135,15.42675,18.241804,18.503782,20.67579,10.21774,25.482124,14.227256,11.0573,7.947865,0.0,34.610744,18.723665,17.8073,5.268618,16.738098,0.0,33.020397,46.12646,45.053234,88.02126,60.01219,7.872751,57.80892,0.0,28.419472,0.0,0.0,12.825118,50.255547,26.002258,19.06509,36.768967,0.0,0.0,0.0,0.0,18.667028,0.0,17.093122,35.238163,30.353962,31.218412,28.43523,66.43958,14.432622,16.755823,23.362787,37.39653,0.0,41.823116,35.597515,0.0,21.250444,0.0,39.705257,7.501544,26.203575,5.416964,32.333656,11.975802,0.0,16.191463,4.7905426,13.386484,13.640827,30.315022,18.131142,0.0,14.420718,11.783227,22.395296,13.927575,15.410468,13.386484,19.176735,20.280823,18.130125,13.530454,33.359116,28.195515,36.56493,20.001987,12.731405,23.406229,34.162476,0.0,26.598732,20.203566,42.488396,16.191057,24.231728,29.863209,35.291668,9.573766,16.782743,13.590223,35.46403,43.83433,24.868397,13.272857,24.306793,30.824202,0.0,0.0,0.0,0.0,0.0,24.868397,0.0,0.0,17.918749,37.523865,19.124033,0.0,13.64101,56.588963,24.173326,3.7908568,36.11881,10.599934,38.582085,7.4545174,10.7443905,5.901758,0.0,22.959385,16.113651,32.579964,0.0,16.123262,11.229796,19.75152,0.0,9.863235,7.6979585,24.044033,12.480632,17.442873,0.0,0.0,21.052494,23.453445,44.19367,15.621102,0.0,21.394442,26.605146,20.042597,9.710792,15.837655,21.779829,7.333109,25.092491,0.0,15.837655,6.6802635,27.571106,32.82788
C11x34_C12x34,0.0,0.0,0.0,16.53981,102.942314,32.10266,32.10266,4.933345,10.896292,14.507253,20.516354,15.409684,49.176846,26.754887,33.251102,0.0,130.47955,0.0,0.0,30.080412,0.0,24.873877,13.302312,16.463501,16.463501,29.107481,16.463501,0.0,32.32471,17.99357,9.863897,17.439377,16.640009,16.640009,0.0,22.1544,66.98978,71.96984,14.864497,35.98492,16.50746,40.666676,84.45031,0.0,23.236532,41.082203,29.69035,0.0,39.52954,41.988495,11.960324,0.0,11.960324,20.648975,28.305471,53.295662,24.513031,10.789096,0.0,0.0,0.0,25.786316,0.0,0.0,0.0,0.0,0.0,0.0,0.0,0.0,0.0,13.443237,14.670777,0.0,13.443237,62.26093,0.0,66.35039,0.0,40.8055,0.0,0.0,81.962296,30.298634,28.871336,30.298634,40.339405,15.547606,0.0,29.274199,0.0,61.260406,23.872389,0.0,5.6840715,10.049441,23.872389,31.783545,0.0,0.0,4.9154196,45.073074,31.372385,15.9163065,43.055965,15.9163065,0.0,45.27185,0.0,15.9163065,7.7248545,40.693172,6.82077,38.310074,0.0,54.17863,76.62015,62.86146,86.32326,0.0,0.0,15.646774,0.0,0.0,26.08305,16.072586,0.0,22.445518,24.03024,8.559914,20.572744,38.735905,20.572744,27.39042,20.572744,14.56816,20.60249,10.9485445,30.123566,2.5604658,9.32929,9.32929,0.0,0.0,17.855669,0.0,0.0,19.234795,40.928078,30.050308,10.623701,68.11332,42.49755,0.0,33.18972,0.0,51.328568,18.303621,34.122734,0.0,29.688128,27.724485,27.724485,82.11601,48.20265,19.204561,0.0,0.0,0.0,0.0,25.092571,0.0,22.585392,0.0,0.0,31.367453,0.0,17.246529,15.076162,19.400158,4.716861,8.2390175,0.0,14.389705,14.389705,34.178936,12.084078,28.67518,29.389883,13.0592,27.425003,0.0,47.5015,127.481926,0.0,0.0,21.07028,0.0,26.498787,0.0,0.0,25.011448,33.300076,24.405905,10.029134,22.250513,10.358082,0.0,0.0,12.275869,0.0,0.0,11.819141,13.978876,13.978876,18.208593,21.57512,21.561607,19.570887,19.570887,27.346848,10.354966,22.15217,63.008945,47.227356,0.0,0.0,0.0,20.193415,84.10643,16.594442,15.501104,44.09086,10.317675,0.0,0.0,20.840868,7.908633,0.0,21.102957,40.761723,15.068204,0.0,5.0794096,7.1833696,27.989235,34.389366,17.84658,0.0,16.479315,8.752211,8.752211,27.19402,0.0,11.458626,23.56326,36.821808,13.116661,24.362064,55.868713,51.0548,37.049667,11.184496,11.960324,0.0,14.56816,24.744295,21.690077,30.239014,31.742758,28.75504,30.298634,23.0331,23.872389,8.752211,25.750837,16.640009,20.572744,19.769117,66.21307,26.470476,15.027752,0.0,0.0,0.0,0.0,29.580988,71.421196,104.93748,110.57062,87.118935,31.939962,60.725372,75.077354,21.288612,20.916918,24.28349,34.292503,0.0,21.301912,46.606815,0.0,21.309658,44.90139,24.408709,38.482647,19.823185,13.70709,36.77267,38.443073,31.466976,42.764427,77.95691,49.943016,75.32184,27.981735,68.80883,64.24119,79.61171,63.478985,0.0,0.0,10.317675,47.592743,0.0,0.0,0.0,0.0,0.0,0.0,8.498584,0.0,40.260033,36.772625,13.982467,0.0,0.0,15.025501,27.724655,18.313095,25.441006,26.590092,14.566587,0.0,0.0,0.0,65.45237,29.221563,0.0,13.118257,24.714663,0.0,22.392307,39.626865,12.9490185,62.513184,0.0,9.414624,32.050785,12.508496,39.83243,0.0,0.0,19.229074,44.442905,52.591583,31.867184,64.790344,0.0,0.0,0.0,0.0,0.0,14.605099,21.993752,45.041615,32.497597,41.89493,29.532084,63.991848,23.588377,15.817266,16.834229,0.0,0.0,0.0,0.0,0.0,0.0,0.0,0.0,0.0,0.0,0.0,0.0,0.0,0.0,0.0,0.0,21.07028,13.978876,0.0,0.0,0.0,13.841042,11.458626,18.127865,25.183683,14.419253,21.07028,31.867184,28.925999,24.464684,0.0,0.0,37.474945,15.831759,15.52794,0.0,31.460045,0.0,0.0,35.75105,0.0,0.0,0.0,26.056551,13.786535,38.666393,10.169513,20.061708,11.652637,30.070045,37.264683,15.735928,13.352724,4.440629,40.616394,0.0,0.0,0.0,0.0,0.0,24.714663,0.0,0.0,16.064117,47.861996,18.312677,0.0,16.366032,59.47223,31.103865,0.0,44.212948,0.0,33.429577,8.752211,22.718723,0.0,0.0,22.093733,19.450115,42.053215,0.0,27.619652,0.0,0.0,0.0,19.556166,0.0,27.989235,0.0,0.0,0.0,0.0,23.196056,37.30862,35.636795,29.496815,0.0,35.486507,35.48251,28.75504,15.352988,23.0331,37.020557,0.0,13.746256,0.0,23.0331,10.918084,38.90023,21.111687
C12x13_C12x14,6.1596565,5.276814,0.0,0.0,48.97087,14.985725,0.0,0.0,0.0,0.0,40.46251,0.0,43.471416,19.656189,23.129759,15.958032,62.213417,0.0,51.296062,54.60939,0.0,42.33083,17.540558,56.376465,0.0,26.72328,14.856071,0.0,20.624872,28.478027,0.0,13.859735,12.583624,0.0,0.0,12.583624,9.924146,0.0,37.00222,83.74905,50.196285,13.655771,17.036858,0.0,0.0,17.384827,9.836235,15.584627,9.836235,26.993364,0.0,25.74736,25.74736,0.0,0.0,0.0,15.7268,0.0,63.417347,2.2028406,57.170574,21.608446,53.27916,31.663855,70.95752,0.0,43.95933,25.472292,20.983644,79.64235,33.00127,0.0,7.421488,5.433987,0.0,16.538141,29.387318,37.82856,24.187145,0.0,37.82856,26.748833,69.62474,0.0,0.0,34.37355,34.37355,0.0,16.384787,41.46627,16.384787,83.32386,0.0,0.0,0.0,22.195343,22.195343,22.195343,43.07997,21.77354,0.0,45.42196,46.269363,0.0,51.598286,10.029934,30.606722,45.293682,14.184469,0.0,11.898559,0.0,0.0,0.0,12.977696,18.353233,0.0,7.2674456,31.888807,23.555782,40.88978,0.0,83.832596,26.945621,54.952686,24.310413,0.0,0.0,11.746161,10.897332,0.0,50.51335,35.71833,35.71833,0.0,9.347313,22.409363,26.119461,133.4656,0.0,0.0,21.073408,0.0,0.0,0.0,0.0,0.0,36.8909,24.944311,0.0,0.0,21.499674,0.0,40.43514,40.43514,0.0,0.0,0.0,7.0694757,11.677917,20.27108,0.0,0.0,35.24257,0.0,32.709892,32.303867,32.303867,0.0,16.60839,0.0,0.0,43.3904,43.3904,0.0,11.022636,33.319267,22.842062,0.0,14.522788,13.773428,29.981476,0.0,42.785233,42.785233,0.0,0.0,103.447296,0.0,22.136324,0.0,0.0,21.223394,101.06551,0.0,0.0,16.285244,26.347023,0.0,31.746204,10.515593,0.0,46.81402,28.7741,15.429943,32.23694,0.0,0.0,0.0,0.0,77.02041,0.0,0.0,0.0,9.885842,0.0,16.244305,0.0,0.0,19.58411,15.955187,0.0,0.0,0.0,0.0,4.522077,0.0,0.0,0.0,71.7509,0.0,0.0,0.0,0.0,15.07296,0.0,0.0,20.534225,0.0,0.0,23.948946,17.250395,63.362957,25.408964,0.0,20.408592,24.367027,14.253194,0.0,19.43753,13.74441,0.0,0.0,0.0,19.867517,0.0,34.566257,0.0,27.359459,23.24434,56.8857,0.0,0.0,0.0,0.0,0.0,0.0,0.0,0.0,0.0,0.0,0.0,0.0,0.0,0.0,0.0,0.0,0.0,0.0,59.401928,14.594665,25.79253,68.52678,94.25961,95.81033,51.03087,26.306667,43.956783,77.69865,81.119545,49.81773,42.15611,28.244104,80.17025,0.0,11.976996,0.0,33.014732,41.86949,37.16105,28.469141,14.114423,39.957165,61.95843,40.47539,0.0,47.563515,44.81136,8.278753,30.728167,53.785114,39.091667,3.654719,29.742912,22.271141,29.140833,7.290832,75.15438,35.34872,48.427757,0.0,0.0,151.86246,54.85075,19.34606,0.0,26.347023,5.3211975,0.0,10.515593,0.0,22.842062,0.0,0.0,20.534225,19.867517,34.140972,37.16105,33.66732,0.0,42.785233,25.38134,29.981476,34.664146,25.46232,21.43384,48.80082,16.244305,43.3904,20.408592,39.76388,24.905886,40.07705,50.76268,47.151226,50.888412,12.8507185,86.406105,119.23018,0.0,0.0,51.367867,90.2989,0.0,17.016577,13.597589,11.603988,43.74749,37.43127,9.845408,0.0,0.0,0.0,2.2989473,24.329935,36.32317,10.621341,0.0,14.523566,35.413406,59.335117,47.24067,54.689503,26.823112,11.489985,0.0,21.509472,0.0,14.387687,35.87487,19.327253,14.679367,0.0,0.0,0.0,0.0,0.0,0.0,0.0,0.0,0.0,26.453844,0.0,6.6262197,28.50793,27.582329,0.0,59.399284,41.623665,22.609013,0.0,22.552177,13.724641,39.057922,0.0,26.347023,0.0,28.50793,27.582329,42.1773,35.23017,29.756876,8.496399,23.985085,21.950796,0.0,19.58411,15.955187,11.022636,12.010969,17.250395,13.74441,43.3904,20.408592,9.885842,15.429943,14.522788,37.42825,19.34606,25.488745,38.632046,25.691988,66.6819,50.411522,0.0,0.0,41.06845,60.068233,66.6819,29.981161,0.0,78.54996,0.0,0.0,71.86502,0.0,0.0,0.0,0.0,15.07296,0.0,25.259424,39.833965,37.781845,0.0,0.0,0.0,0.0,0.0,0.0,0.0,0.0,0.0,0.0,0.0,0.0,0.0,0.0,30.0686,0.0,23.388554,0.0,0.0,34.617157,0.0,21.43384,21.08615,0.0,0.0,38.68182,0.0,0.0,46.64971,0.0
C12x13_C13x13,17.560932,17.560932,0.0,18.093845,20.7104,10.39277,5.712176,0.0,30.820522,21.793402,26.691355,0.0,36.71589,34.31441,20.655272,17.088602,63.08957,7.18782,11.364942,36.376053,11.152046,56.56815,27.072308,21.594286,11.868863,29.859756,29.81481,11.868863,33.610138,48.57389,0.0,0.0,0.0,0.0,0.0,0.0,14.536545,18.222122,45.843323,59.437416,51.601234,9.045056,25.295973,9.948442,7.0346107,17.697716,17.671076,14.604638,12.798816,7.0346107,0.0,29.91778,29.872747,14.4318905,19.8537,24.996767,20.757309,0.0,44.420307,8.563753,17.995869,12.450188,75.19001,39.62965,32.020252,15.776014,44.674374,20.817097,33.383457,97.35629,46.59264,0.0,0.0,0.0,0.0,30.461874,26.843239,38.850494,16.399958,16.859297,30.673916,21.689734,31.687485,0.0,0.0,45.374767,32.86406,12.909891,17.759912,42.072144,17.759912,58.965057,0.0,9.7252655,0.0,17.300697,17.274656,12.511697,17.698423,20.764904,12.157358,25.586468,33.56065,0.0,6.965447,31.23412,17.105059,53.288033,31.99271,0.0,19.103773,0.0,5.47955,0.0,12.627051,17.857347,5.47955,0.0,26.592022,11.049284,22.060528,0.0,49.32884,22.060528,56.381474,30.720509,17.294996,10.073372,25.304502,7.844256,0.0,41.494144,37.758835,27.347988,0.0,34.703117,48.571815,21.450508,57.07984,11.789838,9.838723,24.71506,16.518934,16.518934,24.720936,21.565811,39.60856,41.184467,34.467033,0.0,0.0,0.0,0.0,35.81772,37.2428,0.0,0.0,10.447913,13.8054905,21.453182,13.607455,28.256548,11.248541,36.11857,34.88948,30.42705,49.370598,35.758163,0.0,18.197739,0.0,19.103336,47.987946,39.66066,9.424118,22.020752,18.333073,22.723042,9.045728,9.016707,3.5894268,38.079147,15.158782,36.4069,50.266296,20.010317,20.010317,99.13851,17.299543,33.07744,0.0,0.0,23.385153,73.8775,2.7351782,6.1505036,36.429535,22.344252,16.242302,18.030952,22.165613,18.643648,14.7030945,46.653503,25.812855,18.975967,0.0,0.0,21.691671,0.0,43.816105,20.288227,0.0,14.001947,35.17316,13.157515,6.2749763,37.732563,0.0,21.511612,0.0,0.0,0.0,0.0,0.0,0.0,0.0,0.0,13.883045,48.293503,30.83956,0.0,0.0,14.627755,6.633368,6.5261497,14.8313265,0.0,0.0,21.665901,16.324963,0.0,33.349537,0.0,0.0,15.757276,45.674934,9.714487,17.323753,21.971226,19.993374,0.0,16.983206,0.0,0.0,14.055634,0.0,0.0,55.122368,22.078823,45.767986,40.3763,0.0,0.0,0.0,0.0,0.0,0.0,0.0,0.0,0.0,0.0,0.0,0.0,0.0,0.0,0.0,0.0,0.0,66.70172,23.045835,24.009573,48.03524,17.188263,30.80851,15.543216,13.37557,35.577087,65.16549,75.04329,36.043507,33.06614,20.848639,62.447643,24.996767,8.015615,13.503264,12.614149,35.14855,48.37904,27.60702,0.0,16.655708,38.885303,21.876913,0.0,9.416724,55.171757,24.899395,40.55714,30.948168,44.436436,4.9358625,17.684639,21.16382,38.462067,75.50756,68.69428,22.556387,48.655163,0.0,20.258175,106.56316,37.195133,30.774113,21.45366,22.344252,7.5381207,0.0,22.165613,25.68957,16.457855,13.623172,7.260191,0.0,0.0,34.755432,37.314133,34.27326,0.0,50.342075,21.747316,38.13655,36.48445,28.061203,0.0,47.53482,6.2844357,48.060284,15.781031,35.22618,0.0,57.903175,33.74696,39.6356,74.185616,0.0,102.0707,73.592514,0.0,17.77532,79.08341,123.83648,0.0,0.0,0.0,16.246105,58.604782,16.79939,21.849144,0.0,0.0,0.0,2.573981,16.251373,30.787756,0.0,16.43367,52.932163,65.05543,52.508976,11.809403,22.103165,25.781878,12.548614,0.0,20.674503,0.0,17.618143,36.55211,17.985617,14.109533,0.0,3.734446,12.397218,27.794603,0.0,27.016197,8.871013,14.502094,14.001947,38.347347,0.0,4.828648,7.1265206,16.827389,0.0,24.355038,15.56575,14.502094,5.2378244,20.187864,26.749653,21.828148,0.0,25.324266,28.003895,7.1265206,16.827389,52.09356,59.462105,15.633968,14.832423,26.199434,34.35229,0.0,15.580441,0.0,15.9492035,11.190266,0.0,14.480811,34.756733,11.412687,25.475233,18.695747,6.530626,55.881092,30.774113,0.0,69.03807,0.0,70.995,0.0,0.0,0.0,0.0,56.644306,73.81969,23.435715,0.0,52.981777,9.382735,0.0,44.642662,0.0,14.001947,0.0,0.0,5.4822884,0.0,24.041826,31.97897,40.819107,0.0,0.0,0.0,0.0,0.0,0.0,0.0,0.0,0.0,0.0,8.491603,0.0,0.0,0.0,0.0,14.015758,22.371988,13.504245,0.0,39.402176,0.0,0.0,47.46327,11.961332,0.0,36.08484,0.0,0.0,37.834652,0.0
C12x14_C12x15,0.0,0.0,0.0,0.0,49.986774,0.0,0.0,0.0,0.0,0.0,24.779726,0.0,64.69559,39.29006,23.151642,0.0,60.610527,15.165992,0.0,34.84743,0.0,44.96128,20.107296,62.945057,0.0,42.128407,0.0,0.0,40.244873,0.0,0.0,16.471674,0.0,0.0,0.0,0.0,12.138949,42.762047,74.94326,55.140102,71.5926,0.0,0.0,0.0,0.0,11.625344,0.0,15.877358,0.0,27.50039,0.0,58.595085,0.0,0.0,21.33189,29.13411,14.03722,0.0,74.18048,12.682911,0.0,38.799847,53.885693,0.0,104.41272,0.0,66.75784,25.238382,22.929472,48.72323,16.21825,0.0,17.923512,13.123531,0.0,33.573433,24.640366,30.686039,44.895916,0.0,0.0,31.746206,84.83332,0.0,0.0,0.0,0.0,0.0,14.739581,49.169662,37.289356,40.680798,0.0,18.610117,0.0,47.718758,0.0,0.0,64.70932,23.017546,0.0,61.210426,0.0,21.270039,61.074516,0.0,36.227764,53.61204,0.0,0.0,36.766064,0.0,0.0,0.0,0.0,21.762802,0.0,22.45611,30.777248,15.83178,47.998302,0.0,98.406555,31.630013,31.630013,0.0,20.871418,0.0,0.0,0.0,0.0,0.0,0.0,0.0,0.0,0.0,12.704459,22.470486,110.180466,0.0,0.0,0.0,0.0,0.0,0.0,0.0,28.816648,16.72022,31.287542,0.0,0.0,13.231016,9.849353,41.0448,32.961956,32.087635,0.0,0.0,0.0,0.0,28.106482,0.0,0.0,28.575851,0.0,20.797045,0.0,0.0,0.0,0.0,0.0,0.0,0.0,28.351725,0.0,0.0,0.0,0.0,0.0,0.0,19.122187,0.0,0.0,39.601265,0.0,51.85688,0.0,59.59471,0.0,22.005342,0.0,0.0,0.0,122.74442,0.0,0.0,0.0,16.225042,0.0,14.564818,18.651787,0.0,14.82601,0.0,0.0,53.97589,0.0,0.0,0.0,0.0,74.72737,0.0,0.0,0.0,0.0,0.0,0.0,64.15215,0.0,0.0,0.0,0.0,0.0,12.40571,0.0,0.0,12.168541,0.0,0.0,65.73361,0.0,0.0,27.608538,0.0,0.0,0.0,42.036224,0.0,0.0,0.0,31.419252,0.0,0.0,0.0,31.533089,0.0,27.784334,0.0,0.0,0.0,0.0,0.0,0.0,0.0,0.0,0.0,38.04179,0.0,24.577879,19.48967,38.015198,57.53058,17.217321,22.851837,14.694586,17.037054,16.42068,14.537921,19.355804,13.772676,28.995644,28.6043,17.971619,18.610117,9.158683,0.0,0.0,29.94873,17.265005,62.09919,39.548107,52.011475,90.49011,42.72169,126.51825,84.2208,20.740019,49.584908,87.55706,86.375336,56.19627,31.295065,39.254528,90.43506,0.0,13.561509,0.0,35.94586,28.713793,25.528484,21.055983,9.638952,27.28735,40.935577,27.641254,0.0,32.48184,48.031773,22.442625,40.826103,36.730663,36.516254,6.624432,20.311882,16.843433,18.867968,17.814323,36.691288,15.612671,22.366062,0.0,0.0,66.70332,62.048347,0.0,0.0,30.072098,16.504505,11.556473,50.910267,0.0,36.13246,56.637905,25.26712,44.14745,27.401102,43.685226,14.95543,49.6308,0.0,90.882545,48.407036,66.3736,49.355114,54.355278,46.081573,66.71932,31.590837,94.08124,40.03292,44.269722,0.0,20.387997,35.615864,76.63578,32.807133,23.503141,70.788124,55.54052,11.1474,37.732903,77.83205,143.10178,0.0,24.13386,13.451792,0.0,38.069534,0.0,0.0,0.0,0.0,0.0,10.917915,20.296915,8.1706085,19.751621,24.0969,39.653,49.353844,67.130165,41.196423,46.966732,17.430902,5.859272,19.700432,14.840385,9.849353,34.264324,26.062872,28.363846,14.353172,13.377935,12.638215,9.212714,30.957645,21.30464,36.691288,15.612671,0.0,0.0,9.235717,0.0,9.187459,30.977179,19.226679,0.0,63.770046,46.572723,34.631268,0.0,22.166513,31.062977,45.70406,18.393116,16.225042,0.0,42.173653,26.176016,69.1554,43.636,44.021297,0.0,21.71155,21.9882,0.0,0.0,0.0,0.0,0.0,0.0,0.0,0.0,0.0,0.0,0.0,0.0,44.955563,25.427015,17.255953,57.228203,30.888756,75.10711,17.265005,0.0,0.0,24.348969,26.599617,49.516132,42.19535,0.0,72.236305,0.0,0.0,103.77587,25.190197,25.259964,0.0,0.0,0.0,30.589743,35.560238,33.230938,59.840225,0.0,0.0,0.0,0.0,0.0,27.518602,5.547422,22.842476,0.0,15.488296,0.0,0.0,0.0,0.0,39.512943,0.0,24.42524,20.087431,0.0,0.0,0.0,0.0,0.0,0.0,0.0,16.671532,0.0,0.0,36.5037,0.0
C12x14_C13x14,27.558651,27.558651,0.0,0.0,37.32773,10.895675,0.0,0.0,0.0,16.740602,27.186058,0.0,29.17023,35.77882,15.364619,13.629521,46.103897,25.440603,10.527712,33.874126,0.0,52.926872,25.191614,28.210058,10.293825,29.478827,17.336351,10.293825,37.96318,28.101364,0.0,18.27509,10.747489,0.0,9.260882,8.82337,0.0,0.0,55.561802,54.363483,71.55315,8.639924,13.514431,7.23895,7.054468,14.28508,8.400985,9.448655,6.896959,16.365551,0.0,32.599583,19.171652,27.843174,34.957836,27.843174,12.609666,0.0,48.736187,13.275774,10.573871,23.752829,78.93068,25.853975,62.775948,15.351345,56.61509,13.1343975,26.370415,79.90653,38.033127,0.0,8.525781,0.0,0.0,18.99896,35.161255,31.928057,23.702026,0.0,26.101652,18.456656,35.478165,0.0,0.0,31.088457,25.522703,0.0,23.314556,37.935116,26.75785,45.86354,0.0,11.9863205,0.0,23.65337,13.910428,11.42005,35.77676,26.481627,22.474066,41.87032,60.872623,0.0,21.502052,15.855672,16.71647,40.253323,18.40887,0.0,26.946346,0.0,9.307499,6.5813956,11.08406,19.013983,0.0,12.022434,27.896957,14.2135,26.680767,0.0,61.52326,38.27962,49.009743,19.719563,16.99193,11.299941,13.456808,1.9695672,0.0,67.62148,29.731047,24.408308,0.0,16.591955,32.132286,12.591665,63.317722,0.0,15.6781025,18.670649,15.946129,0.0,0.0,0.0,20.557676,36.168606,32.082607,0.0,0.0,8.459941,4.277714,33.50146,58.941544,0.0,0.0,0.0,10.481191,0.0,13.2241535,0.0,0.0,16.513361,0.0,29.878735,31.347767,25.735588,0.0,9.779694,0.0,30.159304,35.915936,29.485918,20.47269,1.1349345,43.454903,18.297743,0.0,12.403701,0.0,26.671286,0.0,29.890154,36.408325,0.0,0.0,70.16166,9.695107,33.07643,0.0,0.0,21.516596,96.05466,10.56759,8.614171,20.210348,20.394712,16.243954,5.329101,37.056305,0.0,26.25547,28.050446,15.466099,37.409615,0.0,0.0,19.822483,0.0,54.91617,20.10914,0.0,14.003371,16.676254,0.0,8.943281,56.036606,0.0,16.726501,13.627091,0.0,0.0,0.0,0.0,3.86224,4.07192,0.0,0.0,65.82545,0.0,0.0,9.464182,0.0,11.20944,4.6151543,39.55872,17.537981,0.0,10.27221,22.423641,13.986385,11.744637,21.701426,0.0,16.520567,28.715725,12.173444,14.474788,23.154392,10.180261,0.0,0.0,12.902534,15.3652935,22.347252,27.369678,0.0,26.481041,19.46278,43.609875,74.32153,15.112105,16.519804,12.897834,14.296935,14.412871,13.662496,15.5880375,11.595445,24.661575,26.788261,14.963293,11.9863205,8.772115,0.0,9.260882,25.61861,14.369573,47.565147,41.306374,51.112568,64.91986,51.30285,65.284676,48.14958,26.5559,36.588432,62.605736,68.00453,49.40059,34.79115,23.982645,65.035255,0.0,15.152936,11.196006,20.253351,23.748625,15.762767,20.52329,8.658691,23.2696,37.403217,23.136864,8.299199,29.178507,31.022125,11.35909,26.379593,32.995235,30.097435,3.0606816,18.246206,18.789387,16.949135,28.939402,57.776974,26.576181,39.72281,4.375671,0.0,108.88544,33.75321,15.307898,8.363568,23.406778,13.411671,4.9094834,42.529102,0.0,15.021905,0.0,0.0,29.82168,26.12723,28.213053,16.110222,30.760866,0.0,61.908913,35.74521,45.351994,34.365788,33.747173,29.52802,44.03052,19.593279,61.071655,28.091663,28.356396,17.463478,16.838518,37.36115,33.209656,40.119736,8.010132,60.37658,72.89581,0.0,0.0,52.248775,104.59656,0.0,18.519697,14.102731,7.4401608,31.737284,25.565365,12.390143,0.0,0.0,0.0,19.929926,20.611807,22.059843,13.947249,16.65336,33.18424,42.430927,60.29432,13.451112,16.250267,24.420845,14.198081,20.273302,23.28957,5.4687495,38.78649,48.371384,27.608082,19.595234,11.742175,9.6589365,0.9779489,27.011702,18.699657,30.947998,14.235422,12.000322,9.901879,24.111296,11.79588,0.0,18.036793,15.80231,0.0,37.44384,27.429865,20.785168,0.0,9.197644,17.150557,24.583792,0.0,20.394712,0.0,38.404716,33.646954,64.2991,39.393703,38.02653,0.0,31.812115,18.908329,0.0,13.731962,11.187438,0.93174756,8.421837,11.482408,8.357693,29.485918,13.562896,13.69071,12.697209,10.18307,40.74839,15.307898,21.861588,43.42091,0.0,57.449184,25.972338,0.0,0.0,34.996586,53.10508,101.0745,11.768673,0.0,57.506287,0.0,0.0,36.96621,0.0,0.0,0.0,0.0,9.202619,49.850513,23.664051,33.019035,78.91886,6.909666,0.0,0.0,0.0,0.0,0.0,0.0,0.0,0.0,0.0,0.0,33.084564,6.2291217,8.809308,18.610374,0.0,27.007286,12.863368,11.66808,28.620384,0.0,17.365282,25.894129,0.0,0.0,23.980747,0.0,9.673757,38.239178,0.0
C12x15_C12x16,20.7418,0.0,0.0,0.0,21.13928,14.903196,18.102108,0.0,0.0,19.947233,31.539349,14.104825,65.47932,38.241493,0.0,0.0,56.871147,37.438347,31.506794,35.97813,0.0,42.93869,0.0,90.40621,0.0,53.66352,0.0,0.0,55.750576,0.0,18.528688,30.542051,0.0,0.0,21.637434,21.097795,22.85687,100.26882,55.98004,27.959538,0.0,29.786053,9.977344,15.271224,0.0,23.524496,0.0,0.0,14.890359,0.0,0.0,21.373013,0.0,0.0,0.0,61.16555,1.7787002,0.0,55.291092,0.0,12.349728,43.25752,55.67537,0.0,117.22293,0.0,72.28758,21.234953,0.0,24.859652,0.0,12.153685,14.7624235,0.0,0.0,44.023617,23.337933,26.698004,69.60927,21.980072,0.0,44.008068,88.34865,0.0,56.88902,0.0,37.39902,18.168398,22.068169,32.77864,24.85871,27.11959,0.0,15.263284,13.070341,21.544699,0.0,14.882617,64.358696,0.0,0.0,81.498856,45.91516,24.905394,49.300385,0.0,39.393826,57.382465,0.0,0.0,0.0,0.0,0.0,26.06973,0.0,0.0,0.0,0.0,0.0,0.0,86.06296,0.0,71.99867,31.722359,60.76637,0.0,21.952665,0.0,0.0,0.0,0.0,27.562567,0.0,20.709776,0.0,0.0,0.0,18.507467,98.36568,0.0,0.0,0.0,0.0,0.0,0.0,0.0,38.606308,21.664442,17.617794,0.0,0.0,18.262835,0.0,53.18234,37.19117,47.28083,0.0,0.0,25.14591,12.032826,10.3348055,0.0,0.0,72.10381,23.333534,26.851423,0.0,27.498991,0.0,0.0,0.0,0.0,0.0,0.0,0.0,0.0,0.0,0.0,0.0,0.0,0.0,0.0,0.0,38.200123,0.0,112.78492,0.0,45.10177,0.0,21.781786,0.0,0.0,0.0,142.05838,0.0,0.0,0.0,17.537502,0.0,0.0,33.4099,0.0,0.0,0.0,0.0,57.581753,0.0,0.0,0.0,0.0,68.904854,0.0,0.0,0.0,0.0,0.0,0.0,102.13223,0.0,0.0,0.0,0.0,0.0,23.993235,0.0,0.0,13.688171,0.0,0.0,74.1375,0.0,0.0,45.55539,0.0,0.0,0.0,79.54359,0.0,0.0,0.0,34.915688,0.0,0.0,0.0,0.0,0.0,36.547333,0.0,0.0,22.684313,0.0,0.0,0.0,0.0,0.0,0.0,58.17121,0.0,44.194912,11.095091,21.979612,30.311083,12.714895,11.291485,18.296486,27.09233,19.774141,28.691233,22.632212,3.8603578,26.274675,32.844887,23.539553,13.070341,14.968867,7.5507526,18.528688,18.187918,15.581159,37.2776,0.0,0.0,80.572296,21.664442,25.745304,12.4167595,37.005276,35.90266,47.705273,98.527824,27.139017,38.447205,33.641365,54.94595,0.0,0.0,18.401405,19.466291,16.397554,40.27693,11.402756,0.0,38.33492,21.980072,35.74714,11.441767,23.987658,58.956585,12.751415,54.128284,40.43538,30.747646,17.026932,29.149834,11.441072,18.004887,18.927267,27.188232,24.273268,24.043827,13.332292,0.0,4.486296,37.752525,21.44326,8.166766,16.400309,0.0,9.198338,17.027212,0.0,26.825283,86.066444,0.0,29.979073,44.04227,63.878067,50.336937,38.42751,30.250278,62.967773,55.090908,41.412807,22.647194,39.749203,38.80179,48.051903,34.23051,64.10419,57.231308,36.73712,0.0,40.27693,44.08081,117.62615,17.891903,11.269269,55.507164,27.505878,20.414024,34.936058,45.822258,110.586525,0.0,32.765354,18.262835,0.0,21.150846,41.859325,31.743961,0.0,0.0,0.0,16.81741,20.456682,34.90561,0.0,30.441145,21.62541,43.905293,22.452044,40.416245,56.59782,0.0,0.0,0.0,0.0,0.0,0.0,0.0,0.0,0.0,8.8190775,15.819631,13.972505,28.202358,19.634018,37.573975,24.273268,0.0,0.0,0.0,0.0,0.0,27.105568,60.85781,19.459944,87.009155,57.22441,29.07719,11.4527,32.54602,23.63292,59.736202,0.0,0.0,0.0,31.145004,18.591843,56.583252,46.362144,34.746403,18.495491,0.0,62.799946,0.0,22.515942,8.59913,9.290731,11.70653,0.0,17.044386,36.63688,20.189487,3.9186234,18.625135,10.353898,61.338352,42.933277,42.3595,52.331764,51.348824,80.572296,15.581159,0.0,0.0,17.981577,27.650171,56.345364,45.360584,4.628143,45.0623,0.0,16.229458,68.48878,35.135376,10.160788,0.0,0.0,0.0,0.0,0.0,15.845677,45.935966,0.0,0.0,0.0,0.0,0.0,55.36063,22.56311,29.227148,0.0,32.494305,0.0,0.0,6.0648217,12.129643,29.10356,0.0,25.226572,44.338417,10.421234,0.0,0.0,0.0,0.0,0.0,0.0,0.0,0.0,0.0,34.999832,0.0
C12x15_C13x15,14.83315,16.45298,0.0,0.0,48.531498,12.903235,9.393005,0.0,16.518673,20.563683,30.623253,13.101126,46.214592,10.889933,10.890622,0.0,48.216705,74.97691,38.839962,23.925682,17.69461,37.994457,18.427519,55.38396,0.0,36.96753,0.0,0.0,58.486305,0.0,8.46558,25.96169,0.0,8.46558,15.914318,14.230219,13.263377,17.621996,54.041992,33.69717,85.49981,15.744706,22.473425,12.439737,11.461476,20.293463,0.0,0.0,11.123328,13.234571,5.8590407,29.762905,0.0,29.861227,23.760656,55.35843,3.9758887,0.0,45.71815,13.58694,22.336552,37.590626,47.86346,0.0,69.76986,0.0,73.678024,18.38529,32.42863,31.754765,15.401233,11.61688,0.0,10.500975,10.7753935,71.59807,29.133976,38.033962,25.720472,18.394348,18.936747,18.18712,46.61091,19.813868,0.0,0.0,33.306126,15.875113,14.350164,39.147743,25.28439,25.28439,7.0340614,13.2232275,7.0340614,26.750462,0.0,11.823907,33.707436,18.516241,25.899736,41.461887,25.135616,19.349623,32.186653,0.0,18.85684,83.35232,19.349623,13.682249,31.769169,0.0,17.457836,0.0,22.53797,37.895798,0.0,28.629318,54.532333,7.46549,25.659937,0.0,58.68407,55.754066,65.70463,0.0,19.6624,3.469474,0.0,0.0,9.100341,15.297219,0.0,15.297219,0.0,0.0,26.1692,0.0,76.07329,12.275096,11.120364,0.0,19.578878,0.0,0.0,0.0,38.837494,4.2330976,30.090956,6.212593,0.0,16.476809,8.598328,44.65651,43.79455,50.069363,0.0,0.0,0.0,14.83345,24.96351,0.0,10.651153,40.502575,19.889029,39.575283,0.0,22.390932,0.0,2.8648646,0.0,29.106562,0.0,0.0,23.9567,0.0,0.0,0.0,10.870788,0.0,9.43663,0.0,17.106764,0.0,0.0,30.670029,27.656904,32.46176,3.7983751,27.040028,0.0,10.174246,14.388557,101.13531,17.169283,15.917581,0.0,13.052077,16.40321,10.402901,23.74865,13.253164,10.545578,0.0,0.0,52.439068,0.0,0.0,0.0,0.0,42.428894,0.0,0.0,0.0,0.0,0.0,0.0,81.37271,9.808583,0.0,0.0,3.9186592,0.0,19.643406,4.4294596,0.0,9.788865,7.102658,0.0,53.32768,21.022518,0.0,41.15176,12.170044,0.0,0.0,65.03471,0.0,10.070181,0.0,12.828375,0.0,12.607107,0.0,15.5613,0.0,37.157204,0.0,0.0,13.056273,0.0,7.767198,16.023829,20.962894,0.0,30.184471,21.338835,0.0,45.912865,16.352629,37.179535,61.546223,13.386085,11.014323,17.116653,13.9402275,18.43901,25.721056,20.801657,3.7656012,25.629736,37.247795,22.640604,13.2232275,14.60144,0.0,15.914318,17.107595,0.0,56.388126,32.778816,44.41216,51.572666,3.6001515,58.593464,37.246246,12.372431,37.00536,44.647995,64.8871,34.777126,25.436274,27.72336,38.24295,42.230152,5.8346877,41.30571,23.229605,15.0423355,16.661835,13.742738,0.0,10.432646,25.60523,16.141766,0.0,13.616346,30.909466,14.569898,26.1635,21.54098,27.5075,4.3236094,18.664446,20.068283,9.842686,23.734423,57.07155,33.32253,56.2304,19.04449,0.0,36.443874,41.48485,22.204819,7.0708127,14.477409,15.408218,16.134401,26.342085,0.0,11.155834,42.665028,9.639268,21.837278,38.463673,22.741276,26.721497,34.810036,0.0,59.974247,43.292477,41.198914,20.314398,31.787926,36.93456,26.805523,31.668884,51.535503,30.090183,20.874405,16.261969,22.276531,36.091026,43.88593,22.922544,17.19157,51.160263,41.708267,15.56328,19.24353,73.919685,128.46713,0.0,25.756641,15.56328,9.407262,16.427135,27.681265,18.985905,0.0,0.0,0.0,13.845392,25.603992,31.591637,27.105001,36.17128,35.606514,56.898094,64.78713,32.59621,56.77635,14.0221195,6.0989256,15.84782,11.938204,6.0543756,27.531437,24.042074,22.23623,11.54627,7.3666286,4.2183733,9.92826,25.040825,14.626727,31.590868,18.445053,0.0,0.0,10.137967,0.0,9.022932,16.942478,28.98669,0.0,46.53109,31.048004,15.76095,11.568407,23.866056,15.731206,16.384613,9.750404,18.536352,0.0,34.548744,58.72197,71.60799,33.907776,58.434143,0.0,59.045326,50.628788,0.0,16.48774,6.587071,8.877623,15.447965,7.6613607,13.056273,28.247833,16.493143,0.0,15.198453,7.9312525,56.009796,16.936611,37.840073,44.092316,34.11053,70.250824,0.0,16.47925,12.170044,21.822927,53.40891,68.894844,18.040209,4.4984527,45.69492,0.0,12.708659,78.1489,7.120693,12.79239,0.0,0.0,2.2439528,24.038607,16.727674,27.592377,57.80586,0.0,0.0,0.0,0.0,0.0,24.645517,10.044675,13.8759775,14.697491,18.999332,0.0,0.0,0.0,0.0,33.212254,45.2766,20.751755,41.06628,0.0,0.0,0.0,0.0,0.0,13.034071,13.523109,11.044296,12.043611,16.215212,25.768303,0.0
C12x16_C12x17,0.0,0.0,0.0,0.0,20.269379,12.022513,17.569885,0.0,0.0,14.166171,29.18604,10.016995,65.747246,31.933933,0.0,0.0,57.76267,20.19809,20.19809,25.519594,0.0,37.36352,0.0,45.225094,25.566668,25.441017,0.0,25.566668,62.625286,0.0,18.42424,31.520123,0.0,12.607121,18.399303,18.42424,12.874967,69.238556,0.0,18.259327,44.726032,42.939518,0.0,23.006386,0.0,39.412582,0.0,0.0,16.219505,0.0,0.0,36.967533,0.0,0.0,0.0,40.591133,0.0,0.0,58.235023,21.74878,17.387796,25.41079,47.016174,0.0,56.908745,32.171673,78.80418,0.0,0.0,21.284992,0.0,11.657541,0.0,0.0,0.0,26.351189,32.07547,16.948185,0.0,0.0,0.0,0.0,72.43803,35.6197,90.16221,0.0,52.055176,23.085688,26.473686,0.0,0.0,23.085688,8.268728,7.6409645,12.084047,13.089851,0.0,12.084047,41.34108,22.087393,0.0,79.49031,45.258144,41.492016,65.62953,0.0,65.62953,82.91779,0.0,29.842237,0.0,0.0,0.0,27.22263,0.0,0.0,0.0,0.0,0.0,0.0,37.704506,30.396358,0.0,30.396358,26.621973,0.0,0.0,0.0,0.0,0.0,17.395527,46.39718,0.0,25.42209,0.0,0.0,0.0,10.295358,135.37271,0.0,0.0,0.0,0.0,0.0,0.0,0.0,55.90595,54.170673,15.660321,0.0,0.0,18.844885,10.482557,32.382465,43.0127,0.0,0.0,14.857815,20.931406,0.0,0.0,0.0,0.0,132.52342,31.336012,34.069588,0.0,39.004612,16.386261,16.386261,0.0,0.0,0.0,0.0,0.0,0.0,0.0,0.0,0.0,0.0,0.0,0.0,0.0,39.765076,0.0,103.17902,0.0,40.92856,0.0,40.987175,0.0,0.0,21.315105,105.08731,0.0,0.0,0.0,17.465775,0.0,0.0,22.672443,0.0,0.0,0.0,0.0,34.62103,0.0,0.0,0.0,0.0,16.014143,7.8745794,11.147166,0.0,0.0,0.0,0.0,50.098724,10.571973,0.0,0.0,0.0,0.0,66.456215,16.609217,0.0,8.076469,5.526471,0.0,29.457287,0.0,0.0,14.627613,0.0,0.0,0.0,23.8374,0.0,0.0,0.0,45.6747,0.0,22.459463,0.0,0.0,0.0,53.25877,0.0,17.97814,39.013905,0.0,14.627343,0.0,0.0,0.0,0.0,58.716213,6.7034426,60.18869,13.2909355,37.995083,57.06914,28.580442,0.0,41.1267,60.897938,21.4997,60.68868,36.63473,0.0,21.874393,72.43803,31.127552,16.815706,29.746904,16.972523,25.638481,35.376427,22.669441,25.710222,0.0,0.0,84.36363,0.0,0.0,0.0,30.819212,32.647102,33.216076,109.996506,25.5345,45.170414,38.931805,53.718784,0.0,46.160877,68.986824,27.231594,24.747421,29.204617,10.18619,15.246775,22.459463,8.81064,20.258377,17.017857,14.053763,41.07376,17.807552,31.656187,23.69007,23.365217,9.975651,34.028316,7.2285247,10.54861,0.0,0.0,0.0,0.0,33.005898,0.0,2.8377507,39.965107,31.28954,10.54861,0.0,0.0,0.0,0.0,23.669542,18.481249,64.95753,41.331425,0.0,33.086117,0.0,46.457035,37.168056,0.0,34.561386,20.567566,32.247044,21.5552,25.674507,27.13005,46.746136,38.621056,71.887215,61.19341,61.821144,0.0,41.49073,18.368874,55.927303,11.951274,8.883953,37.210167,15.514032,14.457049,24.839285,36.62064,94.623405,0.0,46.37533,7.2285247,14.146207,38.516926,39.390827,40.115498,7.495413,21.709526,15.072056,14.90302,30.50112,15.534578,25.339323,29.631706,0.0,0.0,0.0,24.341831,75.292114,15.072056,0.0,9.656381,17.09493,7.2285247,31.597363,28.218775,22.745218,7.7504854,0.0,19.001163,17.358494,33.771072,21.210958,41.962868,35.72055,11.710749,11.147166,0.0,0.0,0.0,28.934084,36.04691,29.195833,56.020275,39.777306,24.110252,18.70494,42.07716,67.35336,25.773268,0.0,17.331326,0.0,34.42455,41.153732,65.37759,49.51753,37.492485,20.44305,35.87597,69.09347,0.0,15.450044,0.0,18.33197,28.07816,32.8226,21.376623,38.279438,37.403313,25.441324,23.09718,0.0,0.0,53.8357,30.701908,24.01048,57.122074,45.764263,35.97947,0.0,0.0,0.0,24.332895,79.26602,62.927143,14.181986,30.096767,0.0,13.560672,68.75193,53.29125,50.93812,0.0,6.7034426,17.485424,0.0,0.0,23.626064,22.133377,0.0,0.0,20.02482,35.90407,29.785925,48.71885,17.787277,50.4209,0.0,27.150911,0.0,0.0,15.39089,44.57528,31.892962,0.0,38.232765,44.215282,35.281384,0.0,0.0,0.0,0.0,0.0,0.0,0.0,15.306244,0.0,61.915462,0.0
C12x16_C13x16,9.096731,0.0,14.030121,0.0,24.052034,15.925833,0.0,0.0,17.672308,34.439896,47.83924,25.398916,43.06716,37.583076,0.0,9.881084,57.567043,42.506947,31.211494,30.906866,10.768567,17.546976,12.407586,58.157104,19.136538,26.23588,17.546976,19.136538,55.68361,13.347714,12.281109,24.56887,8.751127,10.38451,14.341636,12.676703,27.256577,22.111025,18.737268,25.432848,39.76839,27.985739,12.195804,16.950994,5.466136,29.039003,7.730284,0.0,14.51557,10.932272,8.160004,15.759523,6.8765144,8.67503,0.0,40.67454,1.9642651,0.0,57.58475,24.42875,31.656494,33.578766,22.884012,22.884012,75.846,24.95705,72.62017,12.702176,12.366772,17.729378,7.068268,8.265001,9.180716,5.59181,3.6255708,28.624184,31.749687,9.473283,21.639513,9.747364,0.0,13.68084,59.444626,29.997303,25.279018,25.279018,36.618668,19.622757,14.035352,26.362648,14.909191,24.990273,7.4400992,7.2484674,4.4334493,9.374542,6.269844,9.082368,38.349598,16.532314,9.214444,38.50421,33.57674,10.170565,52.004856,22.115234,31.275663,110.32779,0.0,26.243006,0.0,0.0,0.0,7.74289,0.0,0.0,0.0,0.0,0.0,0.0,34.002575,24.188757,49.930645,35.156918,73.47306,17.080418,19.746403,0.0,0.0,4.7369504,15.045993,32.67031,12.679404,18.367126,0.0,20.552013,74.078285,10.117653,58.23073,8.201458,0.0,0.0,10.391078,0.0,5.90272,0.0,53.537777,37.928688,15.11313,0.0,0.0,21.33275,4.364058,28.774614,47.879345,0.0,16.897282,6.405674,8.59403,0.0,0.0,14.641527,10.353124,92.830894,43.121513,19.043386,18.77129,27.191708,13.677392,12.570205,10.925824,13.870316,19.615587,0.0,8.968263,10.6121435,11.343416,10.556053,7.4642563,0.0,0.0,12.418351,8.781099,14.897255,19.248447,43.98378,13.610708,29.963675,8.36345,34.586834,0.0,0.0,18.0211,154.12573,7.4678206,9.324126,8.037349,8.772284,4.617832,0.0,4.439139,0.0,0.0,6.91144,9.635378,44.69799,9.73267,6.882036,0.0,0.0,29.759825,5.894088,14.025868,8.357815,11.819736,5.2318254,10.7209,66.76214,0.0,0.0,0.0,0.0,9.100533,45.400455,16.501268,3.0233119,5.670834,3.5876079,0.0,32.41142,16.90485,0.0,16.185759,0.97380584,11.218876,0.0,33.921227,9.645412,6.8203363,14.178429,36.247654,15.414433,39.950214,14.894201,21.063581,18.527521,30.319988,9.144019,13.771783,25.867115,10.039073,11.912849,14.686562,7.8317466,11.075762,11.746448,31.865824,5.4594398,37.677494,8.844542,35.681572,51.41147,17.535818,12.501831,25.233702,37.36454,14.7061405,40.206547,22.47761,0.0,13.421254,45.958458,19.563541,11.398875,18.251513,9.511708,15.909966,23.051762,21.488842,38.679146,0.0,0.0,47.118637,11.882461,25.827074,15.065059,36.57067,29.866238,16.490984,56.470154,14.006043,22.426027,24.941317,28.324196,12.268345,29.024767,68.22227,18.55749,13.381172,32.29447,12.812559,9.173731,31.283089,12.272067,29.171339,9.9194565,19.57505,48.808926,10.407296,44.88215,32.99716,25.091518,13.894773,23.787626,14.67083,14.692829,20.57484,30.94684,29.230236,32.38314,34.819817,0.0,3.420287,22.454971,46.419006,13.973398,7.9983196,0.0,4.900891,13.48699,18.882875,15.291283,34.228085,35.24789,14.421623,28.182352,30.728949,26.415825,18.485798,14.552088,29.80258,27.857906,39.72545,12.01728,34.056362,21.89738,38.379814,30.046923,51.032772,37.91111,32.692673,0.0,47.19192,55.255653,76.89026,13.406507,6.2064815,54.28926,22.606428,21.33275,24.721956,36.10503,90.09771,0.0,27.678905,21.33275,11.881932,31.623419,27.327293,27.830034,7.8240943,17.680742,12.275033,12.007448,41.22562,0.0,47.65527,53.90526,14.142745,37.530975,23.84789,46.63846,97.45523,11.281366,0.0,0.0,12.795479,4.364058,24.163908,21.984278,15.457159,0.0,0.0,18.165134,12.268533,21.701193,17.21895,29.789461,22.129927,8.765443,12.890471,0.0,0.0,0.0,26.387798,30.30093,26.626513,52.65966,38.284576,21.988478,14.313162,29.330101,32.33628,18.05125,16.479586,7.1222005,0.0,30.60877,35.147842,55.314587,41.385345,34.14816,16.602686,31.899311,56.55789,0.0,14.7061405,0.0,15.372535,19.101414,22.329031,14.542396,28.414738,26.83859,17.121826,15.973867,0.0,48.717823,15.688943,35.491276,26.076017,50.873505,49.33032,28.34777,0.0,0.0,20.079943,34.583046,82.082886,20.472683,13.161344,24.455715,0.0,21.107756,69.82808,10.752456,48.24909,0.0,5.017497,12.235182,0.0,0.0,36.87671,0.0,13.820509,6.806988,12.572676,22.509657,18.701231,27.830357,9.347608,31.237225,0.0,17.12858,0.0,0.0,12.374895,25.030136,22.038513,17.069277,6.6614995,30.574482,23.537409,7.3822346,4.600723,10.760742,14.59462,4.003243,10.021029,0.0,12.769217,6.903197,31.786898,0.0
C12x17_C13x17,14.620791,0.0,30.46988,4.261273,0.0,0.0,0.0,0.0,0.0,20.817533,36.383255,16.636227,38.695442,64.60643,0.0,2.1155095,69.71223,18.757832,30.496788,31.292183,17.74272,17.43744,0.0,33.63555,33.028416,21.356417,12.330133,21.971516,57.90148,12.891301,25.86325,25.101095,2.4620688,5.03088,2.4620688,25.86325,22.002863,30.939962,11.086349,0.0,0.0,39.801006,11.791688,8.337982,18.644297,25.271563,8.337982,0.0,26.038893,0.0,22.047134,18.688267,10.789676,28.78832,12.874529,44.34536,0.0,0.0,71.95841,6.6964,29.85155,18.632914,25.773643,18.224718,49.715473,48.818092,85.58206,0.0,0.0,16.151085,0.0,8.883864,18.516603,11.359641,9.015449,54.718185,32.141026,0.0,0.0,0.0,0.0,0.0,54.586227,41.140118,31.282103,20.133615,28.057653,22.67065,14.286141,0.0,16.268007,38.68847,11.303754,5.5319586,3.2174635,9.581634,5.5319586,7.7091856,34.781044,6.5486755,39.245533,47.584618,56.590683,51.983635,53.26954,19.647966,39.295933,106.55549,19.647966,40.147766,18.674314,18.674314,29.526684,11.720147,10.031127,0.0,13.204736,0.0,0.0,0.0,25.877321,26.438276,18.29803,26.438276,41.42127,7.08504,7.08504,0.0,0.0,8.941998,19.471443,30.725155,9.529155,13.27957,0.0,8.941198,28.623968,15.67177,101.903114,22.16323,0.0,0.0,19.416523,8.683332,4.5856557,0.0,46.37737,76.30289,25.518787,0.0,0.0,31.915058,14.733276,26.823652,51.841473,0.0,0.0,13.012989,18.438175,0.0,0.0,8.465995,11.972724,74.43615,29.542234,12.371337,17.991274,25.072147,23.897163,23.897163,4.573232,46.30347,20.707542,0.0,9.705006,9.971857,0.0,8.265522,11.689214,0.0,0.0,3.5062673,4.958611,12.832533,12.832533,23.157625,18.147943,31.384363,29.392113,52.557873,0.0,0.0,0.0,115.38522,11.136659,20.502333,6.291294,15.915346,10.689938,0.0,0.0,0.0,0.0,1.6228256,6.041757,24.033176,0.0,0.0,5.340783,0.0,10.637175,0.0,28.034704,30.678717,13.719939,5.010972,11.445217,18.912165,10.418618,5.098781,0.0,0.0,11.377113,61.70073,25.736788,6.300739,6.782896,12.874644,0.0,49.190376,0.0,2.5928192,14.0614605,9.10676,7.604647,0.0,16.201962,7.060864,9.985569,17.663261,14.899426,5.495513,17.60858,11.095123,0.0,14.611243,24.650105,12.643315,19.482454,27.000778,0.0,0.0,0.0,20.612478,9.218181,36.129395,47.241245,11.95331,0.0,15.69257,51.789413,34.358406,21.591236,32.993473,30.147732,27.341064,18.387978,60.081017,33.17244,11.951957,15.963974,61.56607,30.08245,16.916037,16.334005,15.322924,25.86325,29.138962,41.953857,39.140305,0.0,0.0,80.1005,22.308147,18.912165,15.156531,42.003128,38.85518,10.500719,40.496685,11.126963,34.514984,54.650997,19.16691,0.0,40.020058,63.966167,31.53491,26.738005,35.901993,10.462514,10.886286,13.706887,0.0,29.06107,14.590663,17.61118,56.96131,15.900214,49.005886,29.971731,27.057543,11.451693,39.405693,0.0,0.0,15.23155,29.284885,20.663418,17.858826,32.74666,0.0,19.691036,22.872496,51.66205,0.0,4.7806854,13.204736,0.0,5.2812867,32.7458,11.518605,21.379736,49.844933,12.229775,15.966359,15.486611,24.931509,18.789637,0.0,22.2266,22.32155,28.316368,10.896841,21.90375,17.039396,30.701376,21.778902,35.866516,32.581665,32.798306,8.993099,42.011482,37.613503,73.36848,11.369394,14.984376,56.019432,12.559921,16.706758,17.410336,57.125416,80.06049,0.0,29.134623,16.706758,10.239193,30.701376,34.92387,25.553469,21.904943,12.52066,0.0,11.840048,31.353386,15.353742,40.13265,41.390247,0.0,0.0,0.0,37.416725,94.41205,0.0,12.90021,16.025133,4.9517064,0.0,26.49682,38.18736,15.797171,4.753663,0.0,7.604647,9.971857,17.991274,11.095123,20.707542,14.611243,16.852331,36.751255,12.485166,0.0,0.0,21.808691,28.471935,0.0,39.635483,44.596367,19.431742,15.477247,35.350517,51.655117,24.194279,17.060759,13.621748,0.0,33.157345,43.287964,65.58435,50.576763,46.19718,23.53119,0.0,56.69738,10.685958,18.387978,0.0,13.896506,12.777559,7.658396,16.334005,36.012627,33.570953,33.794174,26.346903,0.0,0.0,0.0,18.78288,22.063244,61.43434,41.93067,27.039385,0.0,0.0,11.120594,25.447542,64.687256,26.204535,14.062077,23.982393,9.102645,15.1473465,80.98733,0.0,91.53405,0.0,10.424055,13.551001,0.0,0.0,23.915989,19.665146,26.288876,0.0,2.207068,30.352283,31.118355,42.74888,16.670187,38.657715,0.0,9.617593,0.0,0.0,25.191486,31.72507,22.503983,23.91047,12.774215,25.289309,30.250046,5.220611,5.849846,9.8377,12.04437,9.102153,7.0320163,0.0,20.10191,30.992716,60.363644,0.0
C12x19_C12x20,42.540047,0.0,0.0,0.0,43.42582,18.102446,0.0,0.0,0.0,27.26757,49.28336,73.63043,77.698555,14.415199,0.0,20.106646,133.64145,0.0,0.0,0.0,0.0,0.0,23.086567,0.0,40.424835,36.825733,21.792807,0.0,32.649338,20.406567,0.0,25.461748,15.067803,12.903105,0.0,18.247746,0.0,38.540592,65.12633,0.0,17.842646,0.0,5.6993484,0.0,20.514578,53.00481,31.367292,0.0,29.011995,7.3312798,22.990664,44.66035,26.429192,39.317684,0.0,16.938272,0.0,0.0,27.09941,59.380432,0.0,62.548485,0.0,0.0,0.0,13.452712,10.865155,7.547927,0.0,0.0,19.03143,0.0,6.5724273,24.188906,0.0,45.289898,0.0,0.0,0.0,0.0,0.0,0.0,93.25784,5.055309,0.0,38.442757,35.55618,0.0,0.0,15.989467,1.9626731,23.76626,10.763387,0.0,0.0,57.551155,34.057735,31.500422,0.0,38.21607,73.147484,88.23554,59.77989,20.655855,53.468754,0.0,0.0,45.382893,26.57038,13.28519,0.0,9.921098,42.20715,0.0,13.51406,6.4885144,0.0,0.0,55.062202,11.020219,8.83881,0.0,33.61226,0.0,22.659847,36.63383,0.0,94.414925,15.513358,29.58645,9.874931,26.249567,9.957055,13.965261,0.0,7.9068837,13.257269,14.950613,121.82325,0.0,5.6458983,8.632716,0.0,0.0,5.092672,24.611631,20.393507,44.09825,51.900642,8.338571,24.074831,53.801296,22.267107,20.816202,45.01227,0.0,0.0,0.0,43.35393,0.0,46.19095,29.352615,0.0,79.21506,0.0,0.0,21.425692,28.16075,0.0,17.10245,0.0,0.0,0.0,0.0,30.431578,17.032211,0.0,0.0,0.0,16.41411,0.0,27.054062,0.0,10.122948,15.478233,15.478233,0.0,5.082687,46.61241,19.731323,0.0,0.0,0.0,77.972824,69.06717,0.0,11.070946,0.0,18.825584,24.208769,0.0,0.0,0.0,35.472973,0.0,44.625725,19.851723,0.0,0.0,0.0,0.0,0.0,22.809673,76.10395,30.776533,24.002232,33.32504,30.85858,11.063598,14.5706625,13.005908,13.134812,23.315582,65.435455,0.0,7.8527226,0.0,0.0,14.910227,73.36189,0.0,0.0,49.04413,0.0,39.1547,0.0,26.766327,25.045162,0.0,34.651344,62.776264,14.873929,0.0,4.323054,8.935281,16.271135,0.0,16.74425,0.0,32.434483,9.736881,12.201659,0.0,36.668095,39.98517,58.651905,64.34065,28.73632,13.411907,27.560799,35.46027,31.847221,29.409716,47.683792,29.960966,29.400099,22.946457,27.554148,20.250206,58.691032,26.386692,41.676308,37.25682,36.922447,25.306854,28.70502,26.761684,20.481102,47.308407,120.65429,8.053377,7.10294,78.742096,50.736897,42.35062,51.788517,74.19915,28.313932,32.558884,66.51953,58.931885,31.226458,33.021595,25.2719,31.178038,54.449,33.96013,0.0,0.0,0.0,0.0,0.0,0.0,0.0,0.0,0.0,0.0,0.0,0.0,0.0,0.0,0.0,0.0,0.0,0.0,0.0,20.3965,0.0,0.0,19.86493,6.654788,0.0,18.838207,20.451805,13.411907,10.296171,0.0,12.650214,5.3631034,17.13507,0.0,7.5460253,19.320652,44.904877,42.321606,67.5674,14.17521,48.947113,19.02473,33.54567,26.155296,5.390877,45.716267,18.707811,45.354557,17.963318,46.68016,56.31303,0.0,27.495152,52.00654,7.9493437,0.0,0.0,0.0,27.981777,7.6336575,46.97905,24.232649,15.745223,14.222621,9.911097,140.9198,0.0,38.806366,24.074831,24.002232,27.62448,0.0,0.0,0.0,0.0,0.0,0.0,37.606464,29.11166,16.760174,43.856304,18.825584,25.53177,0.0,47.297497,37.043007,0.0,23.73396,0.0,17.872744,11.992264,25.223196,53.439175,28.79969,0.0,0.0,0.0,0.0,0.0,0.0,0.0,0.0,10.762102,39.93999,34.797016,20.230268,0.0,0.0,0.0,0.0,0.0,0.0,0.0,0.0,0.0,0.0,0.0,0.0,26.623398,0.0,20.053333,15.542297,14.313803,18.55219,25.403965,19.57283,29.863676,17.994951,23.462278,15.64629,18.57543,16.755785,0.0,22.05861,17.255753,0.0,15.049374,32.257748,0.0,15.181611,67.18211,25.36761,25.572546,30.928253,15.272166,29.46522,0.0,37.41834,40.170948,0.0,0.0,47.180683,0.0,0.0,32.48126,0.0,0.0,63.973106,25.045162,39.93999,0.0,58.061066,84.98397,0.0,0.0,108.780266,105.261635,49.114563,0.0,0.0,0.0,0.0,27.331873,0.0,0.0,78.22111,11.48675,17.57188,0.0,28.73632,98.16475,0.0,17.136372,0.0,12.7177,115.65476,0.0,26.7505,0.0,27.62448,0.0,0.0,5.6040735,17.963318,31.993402,75.8142,0.0
C12x19_C13x19,52.6269,0.0,0.0,0.0,47.211735,21.617226,0.0,0.0,0.0,29.822155,37.63376,66.38727,107.03145,0.0,0.0,14.881984,109.00787,0.0,0.0,18.321194,0.0,0.0,26.987995,0.0,47.25628,52.283157,34.215046,0.0,38.16679,16.45675,0.0,12.614985,8.255476,6.5117183,0.0,9.208961,0.0,58.67653,55.38885,17.916042,40.433952,0.0,36.1931,0.0,0.0,0.0,0.0,0.0,0.0,0.0,17.957914,34.789406,22.766819,42.93484,0.0,18.496563,15.226404,0.0,22.65877,41.993553,0.0,53.428528,0.0,7.865606,0.0,10.86362,8.774061,11.841209,0.0,0.0,19.68803,0.0,0.0,25.38445,0.0,66.91769,0.0,0.0,0.0,0.0,0.0,0.0,90.03853,22.371552,0.0,28.362375,31.638151,0.0,20.831089,0.0,3.6769235,22.291378,9.362471,0.0,0.0,18.137674,11.869623,13.240532,0.0,27.78342,56.916367,72.39246,58.71316,0.0,56.22576,17.711264,0.0,45.90435,27.940428,13.970214,0.0,14.841349,39.05845,8.429766,14.841349,0.0,0.0,8.429766,47.592796,20.172428,0.0,0.0,57.087307,0.0,25.223087,31.884045,0.0,86.90069,33.020344,16.89304,12.553467,33.36966,15.915132,17.753284,0.0,16.647896,0.0,0.0,180.0387,0.0,20.61723,7.834092,20.517492,0.0,16.040024,0.0,35.768738,38.82162,22.6375,23.553383,11.756503,29.025345,23.553383,30.973051,76.74404,0.0,0.0,0.0,70.128426,0.0,35.30761,21.934328,0.0,87.40644,0.0,0.0,28.17157,31.425306,0.0,15.996562,0.0,0.0,0.0,0.0,32.780624,22.813833,0.0,9.806278,0.0,15.857934,25.016705,22.417315,0.0,0.0,14.477371,23.435617,0.0,0.0,76.9587,14.712224,0.0,31.995865,0.0,114.15489,56.76771,0.0,0.0,24.457872,0.0,0.0,9.652321,0.0,0.0,0.0,13.395381,72.70382,15.585128,0.0,0.0,0.0,58.79602,0.0,18.499676,61.723747,23.45366,37.114258,26.256872,18.416248,11.024776,13.977075,11.935569,9.414486,18.01389,59.12606,0.0,15.384019,6.6723075,12.13454,13.946094,25.773388,0.0,16.247595,42.110786,0.0,23.184916,0.0,6.902775,9.038988,0.0,25.705006,46.809788,14.745207,0.0,4.043514,6.378851,18.193785,17.820896,15.614772,0.0,22.36958,4.6404214,3.6602516,0.0,83.82923,31.853256,19.317698,25.478283,20.497696,25.197575,47.99945,44.066383,52.474136,36.65965,42.044174,37.32846,22.744345,19.948675,24.197119,21.29933,45.112373,17.870771,43.854183,12.368018,50.38957,21.00075,50.70548,22.055372,21.743242,50.136543,78.0786,0.0,0.0,121.192764,28.352219,47.10226,43.32598,78.17994,22.410633,17.428364,45.47581,49.142124,20.480856,21.50937,25.518082,34.04636,46.908234,50.062466,1.5026363,0.0,25.014997,15.186708,0.0,12.638091,0.0,8.348184,27.399565,21.280394,14.998118,11.652886,0.0,11.590367,9.566124,13.648804,15.61115,17.44664,17.827332,30.891356,0.0,18.664446,19.268806,6.2244725,21.98123,8.401489,15.194292,20.24782,24.067326,0.0,11.706494,9.273243,10.943208,0.0,7.734954,22.04788,40.433014,13.81225,48.67416,25.43923,0.0,23.823,23.815243,22.122509,0.0,34.255333,0.0,43.484875,13.327814,36.671337,40.122467,0.0,27.801466,35.83895,27.154219,0.0,0.0,24.338356,26.172403,17.160831,44.487263,15.476032,0.0,0.0,24.399948,172.00005,0.0,38.795387,39.01187,37.114258,38.326424,0.0,0.0,0.0,0.0,0.0,0.0,26.724085,19.7731,17.730974,37.40493,0.0,0.0,0.0,23.785566,78.932495,27.260609,0.0,30.359339,55.321068,20.735601,25.63997,43.871075,56.585423,27.312819,0.0,0.0,0.0,0.0,0.0,0.0,0.0,10.066197,32.39314,0.0,15.33274,17.20498,0.0,0.0,0.0,0.0,0.0,0.0,0.0,0.0,0.0,0.0,0.0,33.018715,0.0,10.082966,35.53222,15.558241,14.38562,9.729327,41.400852,28.054571,13.650904,24.168085,15.591389,13.314095,25.448767,0.0,16.448236,5.1763773,0.0,20.295116,26.162493,14.942512,17.689482,74.20011,29.996237,8.252546,18.673527,0.0,23.233664,0.0,24.63921,26.18995,0.0,0.0,83.43303,0.0,0.0,17.233828,0.0,18.952768,60.305542,14.632095,37.966213,0.0,52.00618,46.399033,0.0,0.0,98.53937,40.00608,52.35444,0.0,0.0,0.0,0.0,34.396294,9.007775,18.664446,93.13336,10.743987,0.0,0.0,27.399565,88.56308,0.0,16.466892,4.970475,9.753388,82.49685,9.85845,25.986725,8.721964,23.99839,0.0,0.0,18.929344,6.879673,73.38897,77.68211,0.0
C12x20_C12x21,65.20091,0.0,0.0,0.0,65.770676,0.0,16.917595,0.0,18.81213,21.456663,47.201668,44.912575,36.088676,0.0,11.013726,20.334982,127.65663,10.541407,10.541407,36.444225,0.0,0.0,0.0,0.0,30.37953,45.290695,23.04117,0.0,0.0,32.42853,0.0,41.030293,29.0128,0.0,0.0,0.0,19.609756,31.151672,35.465054,29.907038,0.0,9.867482,17.09098,0.0,16.565674,17.00539,11.417874,0.0,17.00539,8.651316,0.0,46.075333,23.440348,22.520182,0.0,29.509665,27.437721,0.0,28.88338,55.08298,19.914982,44.96893,0.0,14.029202,0.0,15.605988,0.0,8.286518,8.286518,0.0,0.0,0.0,12.918999,13.933108,0.0,88.23172,0.0,0.0,0.0,20.300879,0.0,13.3973675,73.26259,0.0,0.0,20.172863,31.000713,0.0,0.0,10.154528,0.0,27.51734,0.0,0.0,0.0,37.065166,18.856518,37.065166,23.783283,22.012924,39.858334,96.69571,49.81666,13.259066,61.59251,13.259066,15.865924,57.974865,36.96055,0.0,0.0,33.441765,34.85302,0.0,33.441765,14.947074,0.0,0.0,69.70604,9.401369,15.742795,0.0,52.927437,0.0,31.48559,14.336244,0.0,53.694633,33.6167,31.441288,0.0,32.49007,21.992937,16.671799,0.0,31.28058,43.00334,9.263435,103.01524,0.0,0.0,0.0,0.0,0.0,20.117275,0.0,29.558613,18.820086,41.81611,0.0,15.298899,41.12544,25.52744,23.188822,0.0,43.18327,28.548536,0.0,23.774261,14.896086,25.254606,31.309706,0.0,92.43235,0.0,0.0,20.764069,40.814728,0.0,15.150513,0.0,17.400824,16.696238,0.0,17.430443,23.25934,0.0,17.461233,0.0,13.377851,3.1583035,23.301462,0.0,0.0,0.0,0.0,0.0,41.580162,37.59457,52.10915,0.0,0.0,0.0,70.40455,39.215343,0.0,12.803166,0.0,19.134369,24.161165,0.0,5.298132,6.042922,22.91985,4.422159,18.463896,20.09077,0.0,0.0,0.0,0.0,0.0,0.0,43.788197,29.482052,21.01466,14.893555,32.00714,0.0,28.612501,16.636719,0.0,18.92004,61.81978,0.0,18.5652,0.0,0.0,22.218699,28.631096,18.590094,13.67475,59.79244,0.0,27.642927,0.0,21.886162,34.759567,0.0,30.959778,57.871864,26.816568,12.410269,23.75016,0.0,25.7474,0.0,35.18496,0.0,35.562412,24.072641,0.0,7.9757767,27.530277,14.377508,36.267643,35.087955,0.0,12.924019,29.343767,17.87219,10.910782,33.789886,41.736244,26.870888,30.407951,27.814308,23.608166,21.282267,49.929047,22.607899,28.081263,35.193966,33.5746,23.40109,23.505415,28.203438,21.379406,40.71735,73.62224,28.393063,15.481493,74.03241,47.399353,56.186695,37.184937,41.013668,41.006153,47.153976,58.56994,70.02756,39.158707,30.237148,31.498182,0.0,58.72663,34.480324,0.39027026,5.611522,29.979977,14.902294,19.469439,29.47577,0.0,27.640017,68.40572,23.7348,21.167154,25.6425,31.491758,25.914322,0.0,24.496105,22.3293,24.954681,19.222614,32.7934,0.0,16.448063,23.116941,7.228886,0.0,33.289948,24.875599,0.0,0.0,0.0,0.0,0.0,0.0,0.0,7.531187,37.570503,36.154438,49.15745,28.261034,44.23742,24.811428,30.961393,39.491264,0.0,15.577823,37.693367,18.106411,38.942924,51.2001,38.253094,29.275396,23.612045,36.412323,44.950504,0.0,17.85099,7.60886,18.913828,14.862567,18.04729,44.597996,33.48149,12.572468,10.45511,66.20801,104.361694,19.087782,19.369896,15.298899,21.01466,27.049023,0.0,0.0,0.0,0.0,0.0,14.584102,35.94203,21.922773,29.199385,27.37633,11.9574795,35.330204,17.59953,61.910713,45.952396,0.0,12.341025,0.0,0.0,13.559376,5.0001287,31.210571,16.588978,0.0,0.0,0.0,0.0,0.0,0.0,0.0,0.0,14.242152,32.795624,18.097115,0.0,30.934668,11.397925,16.39864,22.915049,0.0,21.871809,0.0,15.057149,16.987228,26.082808,0.0,0.0,24.278753,0.0,0.0,0.0,0.0,0.0,0.0,0.0,0.0,0.0,20.201439,21.70431,23.423927,23.243385,0.0,24.394148,20.726469,0.0,16.36569,44.950504,0.0,6.208094,43.5451,18.187307,13.397941,34.2986,0.0,35.038467,0.0,0.0,22.688496,0.0,0.0,43.422707,13.346572,0.0,13.076074,0.0,33.75937,67.06381,43.178753,36.62296,0.0,74.70252,66.30727,12.896541,21.203413,96.2375,38.77724,21.386034,0.0,0.0,0.0,0.0,18.940542,4.018207,8.325875,42.116917,12.439431,12.437799,0.0,37.168934,125.93177,0.0,20.311722,0.0,28.033451,133.78995,12.697285,28.80106,36.203938,27.049023,0.0,0.0,0.0,0.0,18.325018,70.60977,0.0
C12x20_C13x20,56.748623,0.0,0.0,0.0,62.703045,18.196274,0.0,0.0,0.0,25.628952,42.238155,67.298935,69.694176,0.0,14.934925,17.42569,111.77646,0.0,0.0,0.0,0.0,0.0,0.0,0.0,36.267086,83.16004,49.212616,0.0,0.0,37.361847,0.0,15.654169,9.263855,0.0,0.0,8.568254,0.0,48.387024,65.82205,0.0,0.0,0.0,11.786233,0.0,11.513165,0.0,0.0,0.0,0.0,0.0,0.0,56.68943,33.547787,31.22537,0.0,34.1605,0.0,0.0,31.967005,52.75995,0.0,45.62066,0.0,0.0,0.0,14.0632715,0.0,7.27672,0.0,0.0,41.545547,0.0,13.129086,14.367757,0.0,80.96349,0.0,0.0,7.273614,20.934174,10.286443,16.299389,56.235283,0.0,0.0,23.980225,22.179604,0.0,0.0,19.090645,0.0,15.564226,0.0,0.0,0.0,18.752945,11.097654,10.264358,0.0,14.281883,31.4006,86.551704,61.201298,0.0,61.566658,28.317713,18.520117,59.60922,26.1914,0.0,0.0,41.50135,47.618134,0.0,56.53122,27.142372,0.0,0.0,86.50544,0.0,0.0,0.0,63.317013,0.0,34.12437,41.617615,0.0,67.239944,58.602642,34.66117,0.0,32.74534,23.135029,21.397873,0.0,30.11455,39.390537,12.987517,115.57859,0.0,8.404137,7.324584,0.0,0.0,31.301115,21.523008,21.737581,0.0,22.36156,15.2814665,10.99189,25.273111,15.890435,16.981314,49.464718,53.927242,18.018034,0.0,41.386337,0.0,22.159348,36.221497,0.0,111.09083,0.0,0.0,41.57682,38.45491,0.0,0.0,0.0,24.139063,21.038279,0.0,13.362263,29.149792,0.0,14.938867,0.0,16.361687,0.0,17.120832,0.0,8.852573,13.535801,16.814335,0.0,54.03592,33.392097,36.35825,0.0,0.0,0.0,93.75901,30.823215,0.0,5.7327266,0.0,13.298412,0.0,0.0,0.0,17.721401,5.7419877,0.0,57.343388,38.733772,0.0,0.0,0.0,0.0,0.0,0.0,31.864267,22.517866,35.717396,32.809013,29.39463,0.0,27.653448,11.159311,0.0,19.474852,73.29599,0.0,0.0,0.0,0.0,24.289898,45.045692,0.0,26.370316,55.509922,0.0,40.105984,0.0,31.279089,17.0133,0.0,23.539577,61.780704,28.416162,0.0,22.482277,0.0,17.00628,0.0,20.125135,0.0,30.699158,7.3687806,0.0,0.0,37.43152,32.623253,25.897146,42.15835,0.0,10.788197,32.842106,24.66067,24.040691,40.84863,45.16026,21.58621,27.971172,27.279211,18.520117,24.973127,42.746365,24.631742,39.289474,43.82316,48.325806,30.332542,23.359598,33.00327,17.530113,61.36333,70.14002,20.201231,18.18362,85.06302,36.156357,46.476994,37.97137,83.38728,52.315372,29.616035,45.366287,39.34677,24.696693,26.871195,43.767334,0.0,44.793713,49.62669,0.0,0.0,0.0,0.0,0.0,0.0,0.0,0.0,0.0,0.0,0.0,0.0,0.0,0.0,0.0,0.0,0.0,0.0,0.0,22.62277,0.0,11.342865,17.371992,11.106431,0.0,22.728994,44.356567,9.061354,8.672777,0.0,0.0,0.0,0.0,0.0,11.648135,17.8721,42.038944,28.74927,55.127144,50.887913,41.860718,20.61914,65.452774,22.872953,15.379026,28.930977,9.687228,44.611668,23.404036,46.791195,55.441048,35.550728,28.73741,38.05095,6.9517446,0.0,0.0,24.66108,18.327677,7.3697467,43.894474,27.144503,17.348629,13.513539,72.55566,190.94789,38.291927,40.308144,10.99189,35.717396,27.690184,0.0,0.0,0.0,0.0,0.0,0.0,44.224518,16.02494,20.59252,40.948452,0.0,32.801056,31.104986,37.02542,75.43091,0.0,14.097526,0.0,10.616075,14.927422,14.982105,26.938538,0.0,0.0,0.0,0.0,0.0,0.0,0.0,0.0,0.0,4.224715,43.914867,20.686247,14.098937,37.680965,0.0,0.0,0.0,0.0,0.0,0.0,0.0,0.0,0.0,15.042949,0.0,13.613822,0.0,0.0,0.0,0.0,0.0,0.0,0.0,0.0,0.0,49.326084,25.577017,10.321384,26.961002,0.0,26.282461,6.8154764,19.458563,15.72932,20.827053,0.0,15.133124,60.65435,26.23193,21.649057,20.826326,13.355595,21.722609,0.0,28.791428,25.844967,0.0,0.0,60.544857,0.0,0.0,26.408125,0.0,58.54929,42.202484,21.134127,27.971966,0.0,94.63117,87.0487,21.211554,14.419527,141.64746,62.78534,50.93129,0.0,0.0,0.0,0.0,26.253456,5.474257,11.342865,88.53905,21.57386,19.145964,0.0,27.996098,109.91446,0.0,26.148685,0.0,26.45375,94.791306,15.654778,43.599457,13.850088,27.690184,0.0,0.0,0.0,0.0,22.80682,101.62577,0.0
C12x21_C12x22,20.26489,17.082031,0.0,11.524959,26.377892,0.0,43.754963,0.0,8.310398,29.778852,22.747875,17.905018,47.70805,36.633198,15.338035,13.240764,50.56396,8.255636,6.351999,45.144066,30.064402,0.0,14.007433,11.730192,20.61869,48.889572,26.06452,0.0,24.261587,13.703512,21.694664,17.422731,9.288589,0.0,0.0,14.443268,21.032734,22.592543,49.727585,20.972113,0.0,12.705546,19.990837,0.0,10.697106,14.412025,7.6834893,0.0,11.947425,6.078128,0.0,25.30072,13.4885845,13.326858,0.0,13.322072,11.697076,0.0,24.456812,38.996067,8.081518,33.759453,0.0,5.7850733,8.785022,15.253192,18.170084,11.801382,11.801382,0.0,19.32722,17.31119,25.10927,31.350332,28.993689,68.45265,0.0,17.433613,14.385362,22.43117,30.959816,24.11631,90.202995,0.0,0.0,26.961401,41.92357,21.192617,0.0,21.192617,0.0,30.739145,0.0,0.0,10.18049,18.039125,9.617208,14.954253,22.000025,15.6557665,32.90607,79.07636,44.7468,7.788291,32.93892,9.845342,9.319543,34.44924,20.057287,0.0,0.0,8.52311,29.625795,21.078888,33.921036,25.006477,21.078888,25.006477,29.615156,10.679721,22.123087,0.0,41.493267,0.0,44.246174,8.80874,0.0,36.842335,26.463015,12.848364,0.0,49.947876,26.38294,41.024094,0.0,26.07131,49.357895,20.516203,73.32576,23.690073,5.3783216,3.8631268,0.0,0.0,17.597052,16.673586,9.16447,7.5366707,29.377296,0.0,9.83449,36.249863,17.94458,19.439621,15.986745,51.458714,17.673481,13.725367,20.197271,6.192949,21.641188,5.91948,39.211987,62.112724,19.735016,12.638473,19.8424,30.853891,0.0,0.0,0.0,21.645397,15.547399,0.0,24.912374,22.825321,0.0,16.78773,20.973013,0.0,0.0,18.060488,26.20494,9.3730545,9.901874,8.438235,0.0,44.652252,34.718327,28.814524,0.0,0.0,0.0,78.89092,25.533112,10.222739,14.382025,0.0,25.559162,17.611002,0.0,23.852457,24.864632,15.051618,13.490677,0.0,0.0,22.285696,0.0,0.0,64.54594,0.0,0.0,29.586946,10.726038,6.7772694,0.0,31.117216,0.0,21.307106,22.406803,0.0,8.725134,30.52959,0.0,18.775684,0.0,0.0,9.112202,48.872322,7.2182884,23.572256,82.480255,20.338562,24.318855,0.0,24.047117,24.227518,41.38431,16.722746,70.32484,21.019878,16.62806,17.470331,13.820141,23.189999,6.930329,32.84211,0.0,38.726944,20.45594,0.0,0.0,15.864335,11.394993,26.535698,27.931852,0.0,6.5667453,18.686369,6.4496727,0.0,40.679413,23.658625,25.339373,37.124138,33.630424,12.145426,26.95158,39.140717,12.845856,33.260162,44.83806,16.76039,25.234884,25.870277,35.716457,32.546562,41.114788,66.72618,21.045145,9.426778,74.18104,14.695883,54.62449,31.172825,18.806393,62.595528,11.392091,79.20658,28.253208,60.09499,31.674425,77.507195,16.316137,18.806393,34.36392,40.165825,31.784758,19.143179,19.320225,11.96749,43.441494,20.282042,15.967302,53.362156,62.141808,19.59204,43.536304,7.788291,0.0,41.17119,28.469694,40.292164,18.416885,13.157509,28.437752,28.499077,26.454393,33.679436,15.164416,0.0,31.257248,12.731034,0.0,0.0,0.0,0.0,0.0,0.0,0.0,13.280158,16.731194,13.462416,45.443886,21.373743,48.902306,36.70433,26.040192,0.0,18.573078,22.38354,33.876305,26.976559,43.791245,36.86141,0.0,0.0,29.162464,43.497795,20.118977,8.31432,21.89158,13.350225,18.387949,9.822423,0.0,49.076653,36.57246,10.923991,3.894163,28.04624,85.79284,0.0,14.849873,11.540311,18.610035,23.95391,0.0,0.0,0.0,0.0,0.0,32.630295,35.8877,8.165466,20.428316,0.0,17.378113,30.141106,25.214304,74.472145,38.143,0.0,23.642447,4.16647,19.765,13.26193,36.422955,47.012733,26.4936,26.761002,0.0,0.0,0.0,0.0,0.0,0.0,0.0,13.920189,36.311737,19.091713,0.0,24.99807,35.848454,9.943949,19.304602,0.0,22.699581,13.889668,22.798006,12.53709,36.232124,12.975555,13.875718,28.546614,20.913616,42.79764,11.871573,18.578335,21.577793,47.172836,27.217377,16.53831,32.255524,27.785803,33.131435,34.841404,35.49218,11.417611,32.684814,31.807915,24.17539,36.05924,16.678429,20.977297,0.0,18.820387,12.077684,32.93224,32.755585,34.733273,34.064262,0.0,0.0,9.471521,35.839867,21.964653,28.013748,17.479681,24.58299,22.590015,14.585031,0.0,65.419205,38.584713,38.997673,0.0,0.0,59.75021,24.733858,21.366964,71.262886,69.90443,6.4496727,0.0,0.0,0.0,0.0,15.077664,14.852758,18.344763,43.45652,14.953579,12.731034,0.0,17.768684,25.137743,0.0,18.160885,0.0,33.280304,66.23154,0.0,0.0,19.65194,0.0,0.0,27.72592,0.0,0.0,10.464053,49.822063,0.0
C12x21_C13x21,25.543356,0.0,0.0,0.0,51.616886,0.0,28.079523,0.0,17.817253,20.32193,44.705414,38.387844,25.58728,29.352804,0.0,6.7325845,83.91452,15.260107,15.260107,49.751293,0.0,15.458494,14.521597,15.458494,30.614332,55.055847,29.35195,0.0,25.152143,28.019142,21.691713,40.271255,21.469831,0.0,0.0,33.384468,36.23802,20.424767,44.956177,45.03168,33.17842,0.0,8.945988,0.0,11.992045,0.0,0.0,0.0,0.0,0.0,0.0,33.277588,17.741295,19.503187,0.0,29.602066,23.79564,0.0,31.651848,35.210114,16.381573,32.862312,11.407626,7.658559,11.407626,10.558784,18.561073,8.545957,8.545957,21.016886,19.74311,18.180809,4.106202,30.405602,0.0,38.549206,0.0,13.962202,16.707304,26.051785,33.92291,30.180265,94.72877,0.0,0.0,25.778376,40.084023,1.6118534,0.0,32.00024,0.0,2.0118713,0.0,0.0,10.399557,0.0,0.0,0.0,21.843683,14.768816,34.579956,67.426384,35.94561,11.430305,53.097343,14.449288,13.677611,45.353916,27.771349,0.0,0.0,30.71507,47.1337,0.0,57.196716,34.1178,0.0,3.496045,0.0,0.0,18.718256,0.0,46.321754,0.0,37.436512,13.0732765,0.0,51.099632,39.075405,29.807014,0.0,46.985367,24.818117,38.590874,0.0,26.826649,50.787895,18.710537,122.231346,0.0,0.0,0.0,0.0,0.0,21.907187,10.422833,12.263465,10.085221,19.849276,0.0,5.2083416,24.792221,11.7466955,23.017653,18.929245,72.360306,22.888525,6.304278,22.82744,9.109061,18.273264,26.768366,0.0,77.14368,0.0,15.678454,18.849352,29.309755,0.0,13.373685,0.0,17.095943,8.504619,0.0,10.041044,25.72609,0.0,17.098928,0.0,15.3206215,12.119585,9.1015835,0.0,8.400336,8.874274,7.562531,0.0,20.024734,46.570156,29.297014,0.0,0.0,0.0,108.34327,29.0816,0.0,5.575859,0.0,15.655099,8.441389,0.0,0.0,0.0,14.530214,18.844282,15.899514,13.165184,0.0,0.0,0.0,72.42074,0.0,0.0,32.40408,18.658468,22.941269,11.828367,20.612015,0.0,29.900667,15.329532,0.0,8.976167,58.827232,0.0,15.709111,0.0,0.0,18.821238,47.822094,14.392958,23.754063,74.56006,0.0,25.527502,0.0,32.95872,24.531456,0.0,13.660337,50.80344,13.825052,10.936494,7.6714168,6.0685773,27.104662,11.258222,17.173946,0.0,26.677431,3.822477,0.0,10.698271,13.558421,10.367996,23.35484,18.546618,0.0,13.898057,19.573275,11.395183,7.925768,34.55286,24.988834,29.051947,37.785667,42.115463,20.352003,27.506727,55.038197,11.438178,36.309162,33.290695,12.413157,22.852047,32.313065,30.240526,34.956623,28.853745,44.395424,31.370783,4.233724,48.89607,17.712708,32.590458,33.245495,36.633415,78.53161,21.328472,67.70475,19.71491,36.294228,56.388725,65.18272,0.0,35.623543,33.34681,32.267506,35.673786,17.620403,0.0,31.53368,25.975393,33.161785,30.10557,45.637394,46.091267,33.009434,8.150268,27.148245,18.824581,36.692184,45.93744,0.0,11.483136,30.173347,14.465042,13.290797,42.358456,15.071694,14.883796,0.0,26.456957,33.366768,0.0,0.0,0.0,0.0,0.0,0.0,0.0,13.526339,23.53572,33.657986,46.01398,19.447392,50.31911,17.590858,36.63066,24.694115,16.645597,30.805014,17.071964,10.458714,22.062664,34.633987,53.10791,22.186628,15.952229,50.840576,34.997944,6.0190706,13.327624,18.37305,12.1801605,14.576914,17.700428,37.925117,25.432096,5.7853413,0.0,69.02268,100.70364,25.603304,15.535507,6.1117444,22.941269,28.313444,0.0,0.0,0.0,0.0,0.0,24.144478,56.94726,0.0,31.804035,19.886608,11.678602,35.03569,28.671295,75.40641,64.290886,0.0,18.951078,5.309943,18.645248,19.543848,29.711832,35.208145,28.887447,26.136818,0.0,0.0,0.0,0.0,0.0,0.0,0.0,9.230058,23.818045,0.0,0.0,19.578773,22.133947,9.354712,11.878524,8.006974,8.212068,5.0309186,20.699173,10.672357,16.834938,20.760244,14.174301,0.0,0.0,43.811752,12.12703,8.939669,25.054188,48.307663,15.440965,14.178615,32.54083,15.649858,46.49397,23.836622,40.002724,0.0,21.497232,5.943752,13.224237,42.146328,29.012941,29.301872,23.822765,0.0,30.041613,31.03329,23.213778,0.0,22.564135,0.0,6.2289815,12.244144,0.0,0.0,20.708845,0.0,27.713106,21.6037,0.0,23.049767,56.3825,20.905357,15.900482,0.0,59.679043,62.719795,33.907436,16.416262,114.37024,67.61431,18.347221,0.0,0.0,0.0,0.0,1.5599339,12.426904,21.441507,36.42127,12.202189,16.683384,0.0,36.0489,78.34258,13.635157,12.72051,0.0,36.7595,89.25897,8.120749,24.289888,18.464432,28.313444,0.0,0.0,22.397732,0.0,21.172853,80.89152,0.0
C12x22_C12x23,12.844358,34.464905,0.0,0.0,26.457453,0.0,50.848717,0.0,0.0,14.074764,14.074764,0.0,51.27052,28.061106,42.18319,0.0,46.708935,10.686716,0.0,44.909344,31.744293,22.794857,30.799288,38.961292,42.353077,28.873552,0.0,0.0,53.345932,0.0,19.724852,18.491549,0.0,0.0,15.673746,18.491549,26.44649,68.5751,7.0134134,49.534138,12.957776,17.6799,27.817457,0.0,16.54366,11.424262,0.0,0.0,11.424262,0.0,0.0,13.212993,0.0,39.086452,0.0,40.506138,9.849924,0.0,25.88505,32.979847,0.0,31.050722,7.8472204,0.0,13.41258,14.580215,0.0,13.916995,13.916995,6.4979506,7.8534026,27.750069,42.049347,43.862194,46.47727,64.38149,0.0,20.317127,14.760276,17.400194,42.74919,37.179375,92.54571,0.0,24.567574,0.0,25.157482,19.15902,0.0,20.919775,0.0,27.789482,0.0,4.543704,17.205963,16.130156,0.0,16.130156,0.0,22.15751,23.493738,72.72096,57.993984,0.0,28.410658,0.0,0.0,18.669529,0.0,0.0,0.0,0.0,26.316526,17.875153,28.912672,21.166513,20.45967,19.38499,22.957634,0.0,14.721863,0.0,44.187782,0.0,80.278694,0.0,9.332835,23.963194,0.0,0.0,0.0,59.11911,0.0,17.411306,0.0,0.0,83.63497,30.302029,110.595695,33.49292,18.728876,0.0,8.946522,0.0,0.0,18.115265,11.067961,13.982008,22.65908,0.0,0.0,47.765762,14.459314,21.95544,23.794758,0.0,0.0,22.717718,25.96995,0.0,26.418135,0.0,37.156155,59.95763,10.77565,14.728869,0.0,19.6798,0.0,31.894478,0.0,30.182684,0.0,16.210371,44.347225,0.0,0.0,0.0,38.290085,0.0,0.0,0.0,16.991344,41.201504,0.0,22.770071,45.540142,48.08909,21.06281,44.66432,9.815819,7.7700634,21.119946,96.86317,26.577084,21.450321,0.0,0.0,24.866585,0.0,0.0,0.0,50.39714,0.0,0.0,18.634632,0.0,0.0,0.0,0.0,80.12106,0.0,0.0,15.47375,0.0,0.0,0.0,20.884441,0.0,0.0,0.0,0.0,0.0,28.206131,8.25723,0.0,0.0,0.0,0.0,52.521732,0.0,0.0,45.085995,34.675617,0.0,0.0,26.884012,0.0,30.761366,0.0,84.17634,0.0,0.0,0.0,0.0,0.0,0.0,0.0,0.0,48.091183,0.0,0.0,0.0,0.0,0.0,30.362717,18.739935,0.0,6.821689,19.95156,9.074586,9.892631,31.29142,24.012526,37.542377,58.560677,42.027836,0.0,43.723656,30.07308,0.0,45.719746,33.272625,29.314007,36.34313,18.313066,33.605465,31.642298,19.419086,68.95379,10.8837,12.861043,46.3799,24.74871,32.48185,22.637455,17.382639,43.709282,0.0,66.98975,30.176754,53.98255,35.36205,66.36144,41.760952,14.773014,10.371664,57.02494,31.640438,52.11796,17.904003,12.109078,57.83475,52.75911,55.848904,19.360367,48.269043,30.853146,65.7524,18.395205,27.990637,60.808994,70.86319,82.43029,23.595236,42.36712,12.671441,50.750896,21.969309,30.788433,15.332032,0.0,52.811924,5.491691,0.0,0.0,14.059502,9.593288,11.963718,21.501995,0.0,19.200909,45.499992,0.0,17.218235,0.0,32.22326,20.620512,24.059126,0.0,25.490444,11.690884,9.510662,25.478706,21.530739,18.308401,10.149933,15.646329,20.842722,8.63107,10.685433,10.95032,28.771782,19.452702,51.278942,26.568089,29.515968,46.191315,36.751514,31.22305,9.499645,30.980751,67.48579,5.067225,15.131992,8.118676,12.72994,12.822276,12.471284,0.0,0.0,0.0,0.0,22.974138,24.223984,20.161386,33.160778,16.619686,20.000319,41.294247,0.0,72.941246,44.65584,11.721414,54.867897,10.912408,27.160288,33.766483,33.842728,68.55626,51.991947,40.647255,18.832592,28.184547,23.775833,22.719109,19.236607,16.210371,26.552038,32.198483,22.191925,17.621645,0.0,28.05945,26.646507,0.0,0.0,39.44837,14.71846,39.430202,15.594666,24.213863,16.536507,7.70766,6.544625,36.60099,9.545071,31.811907,0.0,0.0,0.0,33.826065,18.617676,31.550644,58.02493,33.18383,23.125992,37.335926,29.510431,14.812569,22.882362,19.997961,20.842722,8.63107,10.685433,13.627618,0.0,24.758377,21.742228,33.302917,40.51411,42.78715,38.499187,0.0,0.0,0.0,26.640125,32.440296,41.724457,15.979246,30.899603,39.202953,36.53101,0.0,131.62912,66.8237,32.61121,0.0,10.832796,23.320053,0.0,20.815071,27.042322,31.853916,10.243197,0.0,0.0,0.0,0.0,0.0,0.0,0.0,21.998177,4.528071,3.6128583,5.336265,18.761806,16.794867,0.0,20.268133,0.0,23.304998,28.178293,0.0,0.0,0.0,0.0,30.169212,46.919735,0.0,0.0,0.0,53.542397,40.435455
C12x22_C13x22,39.47611,0.0,0.0,14.127987,29.158691,0.0,31.298903,0.0,0.0,21.333496,25.333902,0.0,46.243458,63.374443,14.464389,0.0,65.73486,16.476255,1.5116284,88.22553,58.755184,0.0,49.226635,40.748745,28.813715,17.058256,0.0,0.0,69.131004,0.0,19.256626,19.796587,0.0,0.0,13.901677,19.796587,0.0,26.066843,15.649193,41.98141,65.306145,7.7955976,11.765788,8.493917,8.411718,5.0372996,0.0,8.493917,5.0372996,10.092773,0.0,15.328987,0.0,8.197257,0.0,8.494995,23.864744,0.0,18.647806,38.01104,14.910389,35.78762,0.0,0.0,12.949849,9.156926,21.96966,25.302109,25.302109,0.0,12.954219,28.512068,13.529224,35.049267,14.953893,63.52398,0.0,23.45746,18.447195,14.781888,53.42737,42.04213,126.90354,0.0,0.0,0.0,33.62945,0.0,0.0,17.865744,0.0,39.091625,0.0,10.631597,14.726904,0.0,0.0,0.0,0.0,49.208733,36.93808,96.25534,47.072727,0.0,65.72436,0.0,12.315651,35.25393,35.66899,0.0,0.0,0.0,41.626667,25.846622,40.990093,20.32606,25.846622,3.670068,36.313675,0.0,20.412306,0.0,41.376778,0.0,73.509895,0.0,5.581665,40.24711,0.0,0.0,0.0,55.25096,0.0,29.939278,0.0,0.0,106.83735,21.874,82.306404,24.177399,16.201542,0.0,0.0,0.0,0.0,7.4291763,7.0238447,10.687262,25.416945,16.588326,0.0,23.771866,15.365418,8.05224,17.424597,57.065178,17.818384,11.840085,18.00099,12.041496,24.578798,0.0,36.025063,51.795265,18.131067,12.061195,0.0,15.943216,0.0,28.102404,0.0,18.893614,0.0,17.187283,20.693882,0.0,0.0,0.0,54.47937,0.0,0.0,0.0,19.22936,0.0,0.0,0.0,0.0,43.373966,47.85036,31.018694,0.0,0.0,0.0,97.14236,37.31896,31.443216,0.0,48.230392,20.098562,0.0,54.10239,0.0,41.16761,0.0,0.0,17.666946,0.0,3.905637,0.0,0.0,105.91676,0.0,0.0,23.521671,0.0,0.0,0.0,23.54866,0.0,0.0,0.0,0.0,0.0,30.072424,0.0,0.0,49.326214,0.0,0.0,62.11207,0.0,0.0,63.13475,18.720755,0.0,0.0,15.788178,0.0,55.73208,0.0,57.109444,0.0,28.297136,0.0,23.246672,0.0,19.177925,0.0,0.0,30.76785,0.0,0.0,0.0,12.474992,0.0,21.13483,21.341358,0.0,6.036223,27.762299,0.0,9.378912,50.43352,24.782461,41.790054,54.41876,42.986458,28.158102,43.391026,48.15461,0.0,54.368927,47.71926,19.402843,42.160725,21.884682,32.005257,48.403,26.26006,48.062897,20.963118,2.752461,54.97869,15.705794,37.2337,18.005358,15.645145,41.36959,0.0,71.82179,18.465605,40.124184,42.2792,63.940758,8.758157,13.879717,30.308758,38.368996,35.38073,21.63218,17.119766,26.496206,40.59935,69.98588,15.382252,20.466455,83.68611,18.009212,22.454447,46.72373,28.166348,72.00025,108.90599,16.796112,19.338793,68.808205,20.482025,28.558159,35.51103,24.885921,21.52351,0.0,29.185368,15.362876,0.0,0.0,0.0,0.0,0.0,0.0,0.0,27.418945,24.132624,13.630315,31.195236,0.0,17.245869,7.029026,26.83916,2.1861246,0.0,8.25211,10.76336,16.976702,14.147412,29.516357,17.628054,26.424864,13.047029,12.197619,16.242945,6.3186827,0.0,0.0,25.384485,28.701414,29.353527,58.79447,42.13076,24.180246,7.876993,23.040289,60.834953,13.215376,25.699877,9.10681,17.100595,22.269289,0.0,0.0,0.0,0.0,0.0,28.900517,27.912613,0.0,8.60504,15.756636,28.112617,46.28136,31.535297,54.03173,29.664831,0.0,44.830288,7.68242,27.99601,23.771866,24.256826,52.65026,38.06474,28.615986,25.064056,27.212189,23.32989,21.935307,19.56403,17.187283,25.636,26.330446,25.192406,13.395703,0.0,26.105837,48.27696,0.0,3.383191,0.0,16.657104,26.272715,20.948885,40.89445,25.137169,13.685635,15.302429,20.294966,14.509477,55.643032,30.222975,0.0,35.475906,46.61638,20.243214,29.890158,53.742283,30.900227,19.370674,24.650711,33.335335,21.713184,15.134008,16.67242,13.047029,12.197619,16.242945,21.658596,10.056629,0.0,10.818548,17.561956,13.133725,0.0,16.651417,0.0,0.0,0.0,48.2654,2.2867417,30.16274,0.0,45.876717,52.321644,19.987774,0.0,125.62411,51.961876,27.055853,0.0,10.789282,38.496315,22.967508,12.839165,41.991512,64.82917,0.0,0.0,0.0,0.0,0.0,0.0,0.0,0.0,19.760767,11.809256,10.962931,0.0,9.69617,24.762321,0.0,0.0,29.931963,24.265474,28.789324,0.0,0.0,0.0,0.0,37.695007,41.5931,0.0,0.0,9.487851,48.292572,39.040443
C12x23_C12x24,0.0,39.405514,0.0,49.701496,40.727676,0.0,23.976868,0.0,0.0,0.0,0.0,0.0,107.804726,0.0,62.552616,16.07808,104.36206,0.0,0.0,72.92081,0.0,33.308758,26.022825,36.80183,42.74819,0.0,31.847237,0.0,0.0,16.692183,0.0,0.0,6.055356,0.0,33.499905,8.956562,63.199966,40.297356,0.0,45.28206,0.0,12.661459,13.242515,0.0,0.0,0.0,12.661459,13.948247,18.727743,0.0,0.0,0.0,9.896959,39.838535,0.0,53.260796,2.11341,0.0,17.09722,35.15445,0.0,29.390926,0.0,0.0,0.0,0.0,0.0,29.166197,29.166197,8.667896,10.475993,0.0,0.0,29.011192,0.0,106.54165,32.347908,32.7175,0.0,15.561163,19.261333,13.619819,75.31103,0.0,16.632599,28.776665,42.563972,0.0,0.0,0.0,18.660498,31.894785,0.0,18.370626,0.0,0.0,17.87698,26.442095,0.0,35.242886,19.79524,62.983143,41.77294,0.0,26.093884,0.0,0.0,15.209264,11.598187,0.0,0.0,0.0,34.23781,45.675663,32.366463,0.0,63.83419,0.0,0.0,0.0,0.0,0.0,0.0,0.0,26.560682,14.157495,39.20998,6.696768,24.426247,23.415516,0.0,49.893093,22.857826,33.809334,0.0,34.6555,92.8772,0.0,184.98495,0.0,7.334576,14.333886,0.0,9.839849,7.5551844,25.83297,26.940367,53.823425,18.439457,0.0,11.183188,12.319737,12.319737,32.248554,38.89266,0.0,0.0,33.218903,90.00976,0.0,24.801361,20.946033,0.0,71.23544,30.948277,45.362312,22.662233,33.52003,0.0,57.04451,0.0,13.801339,23.099897,25.447544,27.505484,32.270893,0.0,20.365358,0.0,0.0,0.0,15.954088,0.0,0.0,26.764305,62.17876,0.0,53.879433,20.714022,44.791958,0.0,0.0,26.837286,99.83589,14.812135,20.579958,28.237938,0.0,0.0,0.0,0.0,0.0,48.0824,18.327274,15.312879,17.320112,0.0,0.0,0.0,0.0,101.673,0.0,0.0,0.0,12.357345,11.168119,15.121861,38.605865,0.0,27.831427,41.805916,0.0,15.44415,24.890306,21.841326,17.67466,0.0,0.0,16.71041,83.126236,0.0,18.377098,33.126778,0.0,19.662151,0.0,44.070847,21.120323,0.0,8.900659,72.02518,27.521128,0.0,20.062452,0.0,21.565813,38.70938,35.038517,0.0,52.74385,24.884745,0.0,0.0,4.7660813,0.0,25.598618,31.866842,0.0,36.179688,31.93889,21.193213,12.374094,17.48332,31.11573,26.377073,27.096745,0.0,8.201158,32.456306,6.696768,14.375196,17.594254,0.0,16.078785,22.56555,0.0,29.3206,23.643192,0.0,46.33742,15.22576,14.136312,36.911915,0.0,0.0,0.0,45.961674,0.0,37.0552,45.35302,41.446568,58.167618,75.58022,60.945473,0.0,56.331375,0.0,48.55415,52.654686,24.587214,7.8508697,30.605606,27.521128,35.363922,90.49813,8.489482,45.395515,70.416595,29.224207,21.294344,33.987034,84.27296,34.62714,106.40348,11.183188,66.95054,12.283535,25.41464,22.555504,24.729078,13.070282,44.90033,75.87074,10.603966,0.0,0.0,0.0,32.366463,0.0,10.604033,0.0,29.694654,96.98478,51.132927,0.0,0.0,0.0,0.0,0.0,0.0,0.0,0.0,0.0,0.0,0.0,0.0,0.0,0.0,0.0,0.0,0.0,16.91568,65.65485,34.598755,53.04551,0.0,32.213985,46.070435,18.124565,0.0,40.84567,56.31921,65.701096,3.9711,0.0,0.0,0.0,0.0,20.656746,0.0,0.0,0.0,0.0,22.049467,21.010277,22.133593,46.596653,17.499613,0.0,0.0,0.0,81.84373,96.99222,44.656754,75.9399,31.914154,35.20003,0.0,0.0,88.873146,0.0,27.302269,25.904253,23.938747,32.6836,20.233656,31.924637,15.768558,0.0,45.592514,0.0,0.0,0.0,23.240612,21.120323,4.7660813,15.588932,26.909307,15.954088,28.237938,11.168119,19.732851,12.357345,0.0,0.0,24.866913,0.0,0.0,0.0,0.0,0.0,0.0,0.0,0.0,0.0,0.0,41.16585,61.835724,47.732338,23.208202,40.70689,36.80738,34.167385,31.8983,18.277924,22.649496,0.0,16.670755,27.119766,85.82639,56.210808,30.970442,53.04551,0.0,0.0,0.0,0.0,0.0,55.557922,14.656848,0.0,60.548286,29.30049,0.0,108.60638,40.398327,21.634918,0.0,0.0,19.807056,0.0,19.929914,23.44107,40.946384,21.193213,0.0,0.0,0.0,0.0,0.0,0.0,0.0,0.0,4.1533403,0.0,15.58669,0.0,12.200095,13.884699,20.64394,0.0,35.083996,22.217709,0.0,8.489482,20.56611,11.2491255,0.0,0.0,0.0,0.0,0.0,47.58828,58.79251
C12x23_C13x23,21.78495,13.317399,0.0,48.14935,35.56438,0.0,35.753937,0.0,0.0,10.376637,9.300599,0.0,54.37472,26.436121,0.0,0.0,0.0,35.26778,1.7907104,63.98865,0.0,36.90657,52.648796,67.07838,42.34611,30.217916,0.0,0.0,61.115368,0.0,20.035341,19.352451,0.0,0.0,47.26043,28.100254,46.60357,41.357964,20.434406,39.803204,41.328342,11.956136,14.803545,29.197962,0.0,11.956136,0.0,16.754826,17.360617,0.0,0.0,14.211782,0.0,19.648626,0.0,26.268572,13.330201,0.0,14.566844,33.401352,11.614857,27.16598,9.085421,0.0,0.0,16.023533,0.0,31.934855,31.934855,9.283281,0.0,28.570024,0.0,28.570024,0.0,98.58425,0.0,40.809975,0.0,0.0,43.26158,30.590557,100.99953,0.0,28.427217,0.0,36.15833,8.381592,0.0,8.381592,26.362446,16.044634,0.0,41.225212,17.476803,16.881119,0.0,24.511818,0.0,22.506294,24.62911,82.722374,56.55827,0.0,36.32066,0.0,0.0,15.861567,15.293063,0.0,0.0,0.0,16.899012,29.766846,19.690132,19.690132,31.586712,23.548473,23.228813,0.0,0.0,0.0,58.896187,0.0,68.18472,0.0,49.324177,19.816933,0.0,0.0,0.0,56.62556,0.0,30.924007,0.0,0.0,148.30513,0.0,132.82129,0.0,14.874471,0.0,0.0,9.060717,0.0,10.419633,28.089575,30.442776,40.375397,9.577421,0.0,61.198574,22.58645,31.522682,34.163494,0.0,0.0,23.228968,50.16828,10.984836,22.541653,0.0,0.0,72.35459,19.595112,22.207636,0.0,26.192703,27.123627,27.10716,0.0,12.573291,0.0,29.053633,27.639378,0.0,0.0,0.0,0.0,0.0,0.0,0.0,0.0,0.0,0.0,0.0,0.0,55.06176,19.85745,18.184725,0.0,0.0,16.11578,86.10982,14.457887,5.408942,0.0,0.0,0.0,0.0,0.0,0.0,29.088453,0.0,0.0,17.096672,0.0,0.0,0.0,0.0,78.34461,0.0,0.0,7.5378046,0.0,0.0,0.0,32.631023,0.0,0.0,0.0,0.0,0.0,29.034088,18.712458,0.0,0.0,0.0,11.286608,56.280983,0.0,0.0,42.98425,0.0,0.0,0.0,40.85367,0.0,0.0,0.0,41.93572,0.0,25.667522,0.0,0.0,0.0,20.380985,0.0,0.0,64.44977,0.0,0.0,0.0,0.0,0.0,0.0,33.036007,0.0,24.111692,22.97749,0.0,14.051559,27.32418,16.528767,22.3825,34.095165,26.897642,10.813828,33.745422,22.998486,13.795022,30.070808,20.105738,17.476803,28.065575,10.91812,20.035341,24.658413,12.038179,89.547134,0.0,0.0,44.498558,0.0,0.0,0.0,27.710625,36.408474,31.875862,69.48397,23.65649,64.850525,27.119709,56.97766,0.0,42.341194,0.0,45.39643,37.492847,42.708878,10.389004,20.14989,35.969383,75.98985,33.360058,22.260435,67.875854,44.896965,38.6722,26.862576,36.92355,83.82683,88.04454,47.831123,39.67356,62.507584,31.00048,25.670025,24.744083,16.3846,0.0,14.84093,58.55935,8.402712,0.0,0.0,0.0,15.975357,15.0981,13.151992,0.0,24.358025,100.83687,9.643361,15.254532,0.0,32.933056,23.217548,20.420841,0.0,26.67719,10.709553,15.612084,26.664906,26.560757,19.420446,10.6224785,16.374767,20.732485,19.984646,11.627866,15.309805,27.966703,17.846167,54.845448,42.243233,35.523514,49.92072,23.143734,26.11358,34.126736,44.75469,72.12702,0.0,0.0,0.0,0.0,0.0,20.019953,3.7758756,0.0,0.0,0.0,27.334887,22.060534,20.723078,17.48253,19.871908,22.067535,35.691673,12.090107,76.98374,60.2084,23.53257,47.020317,28.884415,50.260677,42.61298,12.666845,55.784035,60.12421,33.76456,73.89472,48.588932,69.45116,44.05221,46.265022,50.6306,48.804302,37.36708,16.294802,0.0,31.462833,27.715609,27.32418,0.0,0.0,26.67719,15.612084,26.664906,10.545984,16.374767,11.627866,0.0,0.0,29.870474,0.0,30.852106,0.0,0.0,22.430021,39.277622,21.329126,25.859015,55.36888,27.419403,37.72487,43.936558,41.294495,22.509577,37.2699,28.018906,30.104101,29.01822,16.88396,18.495352,0.0,25.050827,18.073772,66.028564,46.910023,0.0,43.549633,0.0,0.0,0.0,0.0,0.0,47.198,13.586897,34.32412,38.608017,30.842875,0.0,86.078125,70.52716,19.456026,0.0,8.471391,16.759596,0.0,25.458076,24.612837,30.523447,10.9159565,0.0,0.0,0.0,0.0,0.0,0.0,0.0,0.0,3.9941874,5.328529,16.066935,18.942608,19.51767,15.338394,16.311777,0.0,29.694363,30.098146,0.0,0.0,0.0,0.0,0.0,0.0,0.0,0.0,0.0,45.382645,37.349815
C12x24_C12x25,0.0,37.456665,0.0,33.809658,49.31767,0.0,28.322582,0.0,0.0,0.0,0.0,0.0,65.879196,0.0,67.29855,28.700027,121.35027,23.023329,1.7102197,32.718765,0.0,36.115993,0.0,47.27306,25.65836,33.482635,28.86327,0.0,0.0,0.0,0.0,35.49594,24.794315,0.0,0.0,36.673622,85.63785,42.387478,20.977852,22.627728,0.0,8.025549,8.393855,0.0,0.0,10.586136,8.025549,18.808956,11.870703,0.0,0.0,35.9152,30.19314,0.0,0.0,0.0,23.801466,0.0,23.320168,42.325825,20.054329,58.156834,31.983557,30.580181,0.0,27.18463,0.0,26.737432,26.737432,12.40948,0.0,0.0,0.0,34.397038,0.0,83.64556,38.36506,30.93599,0.0,0.0,0.0,0.0,73.46593,0.0,0.0,27.74835,41.042976,0.0,0.0,0.0,27.319416,0.0,0.0,0.0,0.0,20.07243,19.953623,29.513687,18.948612,56.20873,0.0,73.78826,54.9458,11.099522,62.25893,23.515429,0.0,33.793636,0.0,0.0,0.0,40.42738,0.0,68.31466,40.13165,0.0,68.31466,42.28266,42.28266,0.0,0.0,0.0,26.814358,0.0,22.307749,48.481876,0.0,0.0,17.917645,17.046906,0.0,64.18743,24.362003,36.034184,0.0,30.565,31.96768,0.0,221.0414,0.0,0.0,11.79458,0.0,37.97021,29.31655,16.597115,75.768105,77.7179,0.0,0.0,0.0,0.0,0.0,53.93705,55.325054,0.0,0.0,0.0,43.446556,12.946502,31.56922,23.418232,0.0,80.824745,27.166523,47.060192,20.260168,29.967104,40.60908,44.474598,0.0,0.0,9.1593895,34.554665,0.0,38.48045,0.0,29.25034,0.0,15.628777,0.0,0.0,0.0,0.0,18.05834,44.734936,0.0,34.825947,0.0,41.97314,0.0,0.0,22.652044,88.652596,0.0,0.0,43.837605,0.0,0.0,0.0,0.0,0.0,27.055502,39.464016,9.435755,27.159933,31.48489,0.0,0.0,0.0,120.240974,0.0,0.0,0.0,16.306625,7.5180507,23.07503,3.022707,0.0,13.759144,36.979237,0.0,0.0,19.510626,0.0,18.485537,0.0,0.0,0.0,50.901447,0.0,28.980614,41.647564,0.0,32.62803,0.0,28.741144,29.392822,0.0,22.000982,68.2797,25.789495,22.11699,43.86647,0.0,16.036413,39.07947,0.0,0.0,63.843227,33.436695,0.0,0.0,0.0,26.13916,0.0,20.093409,0.0,59.46231,28.069096,31.632877,18.899342,9.263562,38.739872,33.26359,38.02869,19.246244,11.099522,43.926666,0.0,19.455523,25.165483,18.299519,21.651096,25.133234,10.071952,38.28764,31.004265,9.044939,0.0,23.342567,28.576685,22.657825,0.0,0.0,0.0,60.995064,23.439547,23.69442,42.72491,30.72315,51.48341,46.629612,37.75936,78.322136,43.945354,0.0,27.976118,26.402065,25.687477,6.758116,20.80256,29.91733,23.43173,45.600258,12.486485,34.097397,45.038315,22.443348,27.279278,21.924345,43.926666,28.235317,56.42497,0.0,45.42384,0.0,9.579728,16.77235,23.59097,0.0,0.0,56.566338,47.23903,0.0,0.0,17.551338,44.266502,0.0,0.0,0.0,26.002449,25.78097,43.820866,8.58812,0.0,35.255867,15.646451,40.7238,4.663092,34.78207,17.252459,17.353302,27.627344,19.981289,16.965229,0.0,24.759338,19.448202,0.0,8.385437,0.0,59.128796,0.0,4.533218,0.0,0.0,0.0,0.0,0.0,22.573046,106.54372,131.76726,17.276741,0.0,0.0,0.0,0.0,44.174923,0.0,0.0,0.0,0.0,0.0,0.0,0.0,0.0,0.0,0.0,0.0,0.0,113.90062,91.86395,26.80972,68.33881,38.955757,47.54548,0.0,34.883133,66.31602,29.562723,27.107342,0.0,0.0,0.0,0.0,0.0,0.0,0.0,38.969982,14.495975,0.0,51.150566,22.975689,29.392822,26.13916,31.48489,18.05834,0.0,43.837605,7.5180507,23.07503,16.306625,0.0,0.0,22.465502,0.0,0.0,0.0,0.0,0.0,0.0,0.0,0.0,0.0,36.24708,20.351343,54.69651,56.916977,36.4349,38.14561,49.456688,13.547782,23.719687,24.119358,13.956559,23.116745,32.644176,0.0,79.77967,47.661602,47.41077,4.1532817,9.249408,0.0,0.0,0.0,0.0,23.95897,23.59097,0.0,50.901447,47.34593,0.0,64.95131,64.88741,35.998405,0.0,0.0,0.0,0.0,33.566193,17.539257,35.99276,33.084564,0.0,0.0,0.0,0.0,36.23891,27.343157,0.0,0.0,18.0696,15.358373,0.0,0.0,15.468288,11.381458,0.0,0.0,39.405796,28.497646,0.0,10.763666,23.245996,17.372227,0.0,0.0,0.0,0.0,0.0,47.295124,41.8517
C12x24_C13x24,0.0,28.935926,0.0,61.764767,63.445328,0.0,33.698093,0.0,0.0,0.0,0.0,0.0,104.02906,0.0,0.0,16.608576,124.44792,21.950209,0.0,34.773838,0.0,47.897095,34.865643,49.307465,34.865643,0.0,28.740398,0.0,0.0,16.949087,0.0,0.0,0.0,0.0,37.518284,72.89024,99.496925,43.601734,0.0,22.912079,0.0,10.598638,14.7699175,10.751438,0.0,0.0,0.0,10.751438,20.887817,0.0,0.0,0.0,29.733133,0.0,0.0,0.0,25.109543,0.0,25.886658,44.73599,0.0,44.14461,0.0,0.0,0.0,0.0,0.0,22.118956,22.118956,0.0,0.0,0.0,21.254831,0.0,0.0,61.36085,22.640268,58.812893,0.0,9.003341,0.0,0.0,73.92946,0.0,22.502932,29.591032,44.348827,0.0,0.0,0.0,25.22062,31.551205,0.0,22.206945,0.0,0.0,11.201981,43.143497,0.0,37.217857,0.0,56.07362,51.10081,0.0,51.07239,20.442253,0.0,29.377228,0.0,0.0,0.0,40.704285,0.0,64.53755,0.0,0.0,64.53755,56.724167,56.724167,0.0,0.0,0.0,38.6741,0.0,0.0,20.953363,43.98147,0.0,18.048788,11.153948,0.0,82.848076,36.3878,42.573795,0.0,17.727093,128.07224,33.048325,253.33778,0.0,0.0,14.323979,0.0,8.501433,16.964535,15.53243,70.10602,76.17641,11.809494,0.0,10.720016,26.395464,11.809494,59.398033,64.54123,0.0,0.0,0.0,63.32707,0.0,28.004055,19.69214,0.0,92.07062,22.84404,66.22385,28.79907,42.16822,49.03016,29.041336,0.0,0.0,12.879999,19.751886,0.0,40.644947,0.0,24.362158,0.0,20.387428,0.0,19.240913,0.0,34.823147,9.531157,39.93368,0.0,52.288593,0.0,48.539665,17.967836,0.0,18.22688,89.36311,0.0,0.0,42.582367,0.0,0.0,0.0,0.0,0.0,84.961975,41.80611,9.570029,23.426634,21.404242,0.0,0.0,0.0,74.34444,0.0,0.0,0.0,15.279957,8.176002,13.132828,26.385649,0.0,18.380348,40.27052,0.0,27.053904,38.878723,38.26,19.150383,0.0,0.0,0.0,68.97522,0.0,24.16519,36.68891,0.0,16.364723,0.0,48.833607,22.968615,0.0,36.472603,40.457745,7.724985,0.0,48.41449,0.0,6.9906073,48.31251,13.404672,0.0,85.85072,37.706596,0.0,0.0,0.0,20.788017,0.0,34.121204,0.0,52.936558,34.854496,15.120718,16.301512,0.0,0.0,0.0,0.0,0.0,0.0,0.0,0.0,0.0,0.0,0.0,0.0,0.0,0.0,0.0,0.0,0.0,45.941025,9.973674,15.804829,29.661383,0.0,0.0,0.0,74.9848,28.300734,32.500183,45.562138,29.085482,58.0579,49.13946,56.02731,76.22553,58.8923,0.0,26.176973,29.871387,30.246092,6.363189,33.38409,20.824528,44.54643,42.610905,12.996783,26.64494,40.09554,21.561266,23.714212,18.91071,49.349995,39.49684,52.715515,12.435847,32.858166,0.0,27.134392,0.0,25.876463,0.0,0.0,67.7086,10.51695,0.0,0.0,18.268627,46.677914,0.0,16.159018,0.0,21.657042,47.417145,29.95615,0.0,0.0,0.0,0.0,0.0,0.0,0.0,0.0,0.0,0.0,0.0,0.0,0.0,0.0,0.0,0.0,0.0,0.0,69.62205,28.211964,42.959976,22.854206,33.87252,47.3324,20.215067,9.529691,34.042225,91.690765,110.671104,3.8463664,0.0,0.0,0.0,0.0,0.0,0.0,0.0,0.0,0.0,0.0,0.0,0.0,0.0,0.0,0.0,0.0,0.0,84.05149,92.870026,46.749447,43.466576,46.89434,49.3823,19.059381,17.342154,75.79248,43.620605,37.19785,31.115976,26.699862,35.55128,21.70495,29.024387,19.751886,0.0,37.854122,13.583306,0.0,0.0,31.383812,22.968615,20.788017,21.404242,34.823147,19.240913,42.582367,9.348594,23.915924,15.279957,0.0,0.0,19.292204,0.0,0.0,0.0,0.0,0.0,0.0,0.0,0.0,0.0,0.0,35.206406,60.451897,69.06877,50.04665,40.457745,46.864716,38.373825,0.0,16.545555,22.235891,0.0,37.7768,0.0,103.94103,49.327396,50.949554,39.359436,9.627414,0.0,0.0,0.0,0.0,42.767513,25.876463,0.0,51.748238,27.161203,0.0,97.914536,50.705376,33.73194,0.0,0.0,0.0,0.0,48.572033,26.13513,39.03317,39.24618,0.0,0.0,0.0,0.0,0.0,0.0,0.0,0.0,0.0,3.4192748,0.0,0.0,16.100449,12.277379,0.0,0.0,45.958412,27.990673,21.107744,11.203557,21.353922,18.082195,0.0,0.0,0.0,0.0,0.0,46.183193,60.94651
C12x25_C12x26,0.0,69.4092,0.0,32.072052,48.254097,0.0,0.0,0.0,0.0,0.0,17.474207,0.0,49.153694,0.0,97.6307,0.0,135.84973,0.0,49.099747,63.166702,0.0,61.578667,0.0,42.615166,0.0,30.183533,0.0,0.0,0.0,0.0,0.0,16.941074,0.0,0.0,0.0,0.0,47.40235,62.682495,43.500988,23.808695,0.0,0.0,0.0,0.0,0.0,14.686743,0.0,20.73574,0.0,0.0,0.0,38.36192,0.0,0.0,0.0,114.77048,39.676613,0.0,40.500134,49.0584,64.390526,64.390526,0.0,0.0,91.50318,0.0,0.0,0.0,0.0,13.215876,0.0,0.0,0.0,0.0,0.0,160.36322,0.0,42.959724,0.0,30.377113,35.987972,0.0,105.54502,0.0,0.0,0.0,0.0,0.0,0.0,0.0,54.873684,0.0,0.0,0.0,0.0,9.291571,0.0,0.0,49.12911,0.0,0.0,153.07715,113.50589,0.0,142.89188,0.0,0.0,58.321335,0.0,0.0,0.0,0.0,0.0,55.328403,56.32603,0.0,55.328403,0.0,83.36709,0.0,0.0,0.0,30.617338,0.0,0.0,0.0,0.0,0.0,0.0,0.0,0.0,36.63828,0.0,0.0,0.0,0.0,0.0,0.0,269.59232,0.0,0.0,0.0,0.0,41.11113,0.0,0.0,56.786434,95.0192,0.0,0.0,0.0,0.0,0.0,23.171022,66.87105,0.0,0.0,0.0,59.60896,44.665714,44.665714,0.0,0.0,67.02359,0.0,68.47624,0.0,0.0,41.901157,0.0,0.0,0.0,0.0,23.665262,0.0,0.0,0.0,0.0,0.0,0.0,0.0,0.0,0.0,0.0,0.0,41.681004,0.0,38.581272,0.0,53.889786,0.0,0.0,33.303185,110.59374,0.0,0.0,0.0,0.0,0.0,0.0,0.0,0.0,24.063972,0.0,0.0,41.87555,0.0,0.0,0.0,0.0,151.15756,0.0,0.0,0.0,0.0,0.0,0.0,0.0,0.0,0.0,0.0,0.0,0.0,43.002907,0.0,0.0,0.0,0.0,0.0,57.294983,0.0,0.0,10.528976,0.0,0.0,0.0,0.0,0.0,0.0,0.0,146.71059,0.0,30.056902,0.0,0.0,0.0,67.53411,0.0,0.0,70.42351,0.0,0.0,0.0,0.0,0.0,0.0,0.0,0.0,73.317055,44.486687,0.0,0.0,78.151596,96.673134,107.91733,97.31461,39.924934,0.0,71.00128,31.248238,0.0,79.25181,63.14542,57.899467,97.02332,0.0,88.50155,70.69128,42.47501,0.0,0.0,0.0,4.3464174,53.70681,2.910451,37.796894,54.328915,28.100431,0.0,53.912193,39.386955,66.001526,60.204464,48.08877,116.79984,46.255226,0.0,2.0396369,39.947823,43.70913,0.0,36.168198,30.056902,39.87081,67.20046,21.24667,53.163757,68.04537,34.513958,0.0,32.438103,48.299656,30.399403,67.31198,0.0,73.616806,0.0,0.0,0.0,0.0,0.0,0.0,29.666822,49.718033,0.0,0.0,30.848864,62.12943,0.0,53.794792,0.0,0.0,0.0,0.0,42.978813,58.233955,21.646324,38.277504,40.979015,12.759099,28.926176,17.679306,0.0,37.31068,42.15626,33.813824,15.858259,20.953054,16.761667,42.655853,49.649647,11.204044,53.173786,24.559483,0.0,0.0,0.0,0.0,0.0,0.0,0.0,141.3037,207.08296,0.0,0.0,0.0,0.0,0.0,68.54145,46.863663,0.0,0.0,0.0,0.0,66.44136,85.39134,114.48503,55.26267,0.0,0.0,0.0,107.2478,108.91456,0.0,0.0,0.0,0.0,0.0,0.0,0.0,0.0,0.0,0.0,0.0,0.0,0.0,0.0,0.0,0.0,0.0,0.0,0.0,0.0,34.030296,0.0,0.0,0.0,0.0,0.0,0.0,0.0,0.0,0.0,0.0,0.0,39.486176,0.0,0.0,0.0,0.0,0.0,0.0,0.0,0.0,0.0,67.05582,0.0,0.0,0.0,0.0,0.0,0.0,0.0,0.0,0.0,0.0,0.0,60.17221,0.0,92.49709,39.428204,10.470423,0.0,54.765163,0.0,0.0,0.0,0.0,5.149231,0.0,0.0,57.294983,40.706753,0.0,61.127388,61.930073,71.542366,0.0,0.0,0.0,0.0,57.222248,45.710472,40.51367,0.0,0.0,0.0,0.0,0.0,36.603287,39.359497,0.0,0.0,0.0,0.0,0.0,0.0,45.458633,0.0,0.0,0.0,0.0,111.377235,0.0,0.0,0.0,0.0,0.0,0.0,0.0,0.0,0.0,64.64436,47.996254
C12x25_C13x25,0.0,70.838326,0.0,39.875435,64.72933,0.0,33.245514,0.0,6.2638907,0.0,0.0,0.0,140.30481,0.0,0.0,0.0,125.440315,0.0,61.55191,46.281616,0.0,51.19229,0.0,67.00678,0.0,47.459663,0.0,0.0,0.0,0.0,0.0,15.597489,0.0,0.0,0.0,51.954266,67.54409,42.34626,31.833776,34.337456,0.0,0.0,9.666804,0.0,9.530256,0.0,0.0,0.0,13.670926,0.0,0.0,36.34367,0.0,42.240154,0.0,0.0,46.630096,0.0,34.70064,48.50775,32.619858,47.82256,43.97343,0.0,0.0,0.0,0.0,0.0,34.467155,15.048464,0.0,0.0,32.49021,0.0,0.0,32.955727,0.0,26.322952,0.0,16.819445,23.234247,0.0,96.50794,0.0,46.769936,0.0,47.44005,0.0,0.0,24.66645,38.60376,0.0,0.0,0.0,0.0,18.13275,0.0,28.621765,43.20297,0.0,28.91482,95.46492,70.78673,12.782793,40.056786,0.0,0.0,43.702435,38.57444,0.0,0.0,0.0,47.52701,45.196213,46.011143,47.52701,45.196213,48.207973,48.207973,55.72244,0.0,0.0,0.0,0.0,17.874094,0.0,0.0,21.277018,0.0,0.0,0.0,76.21073,0.0,41.49886,0.0,0.0,63.74181,43.835934,218.38368,0.0,14.005942,0.0,26.411533,28.948078,0.0,0.0,74.949844,134.81654,0.0,0.0,0.0,0.0,0.0,35.050694,105.0881,0.0,0.0,0.0,0.0,30.254255,35.318832,0.0,0.0,65.22178,0.0,41.28077,0.0,36.517673,91.829414,0.0,0.0,10.87668,0.0,0.0,50.79576,0.0,0.0,0.0,0.0,0.0,0.0,0.0,0.0,32.87995,0.0,43.180042,0.0,51.945297,42.890556,48.69996,0.0,0.0,39.895092,85.59806,21.700686,29.90043,0.0,0.0,0.0,58.819275,0.0,8.2458105,40.32564,0.0,0.0,34.250015,0.0,0.0,0.0,0.0,125.34349,0.0,0.0,12.900818,0.0,0.0,0.0,3.4811084,0.0,0.0,0.0,0.0,0.0,30.67638,0.0,0.0,0.0,0.0,0.0,93.484245,9.654027,0.0,49.76826,0.0,0.0,0.0,16.263113,0.0,0.0,0.0,54.016438,0.0,18.576342,0.0,0.0,0.0,58.576515,0.0,0.0,76.86342,0.0,0.0,20.515951,27.080542,0.0,22.0201,0.0,0.0,71.42947,36.250713,0.0,0.0,35.012344,39.593365,44.16398,40.722095,16.901344,27.924328,49.88506,21.277018,0.0,33.189243,27.604382,19.952765,39.705727,39.56556,36.21828,35.34617,50.79446,0.0,0.0,0.0,16.05223,0.0,0.0,0.0,45.735054,25.57079,0.0,51.757668,31.226692,62.14069,56.68273,45.27576,93.489624,33.974815,0.0,17.951399,29.181078,56.541367,0.0,39.238777,18.576342,34.862923,27.447567,19.561615,27.667358,41.17185,0.0,12.782793,29.3387,49.88506,37.672356,42.421856,0.0,27.438555,0.0,11.032519,19.31592,27.1686,0.0,57.320152,104.40934,47.891987,0.0,0.0,0.0,74.38125,0.0,33.522934,0.0,0.0,29.309988,44.56644,25.650023,48.18062,30.11932,52.418716,46.247746,45.565826,15.42817,15.774562,0.0,57.157322,45.155376,17.471691,29.269815,11.337721,0.0,19.184107,47.09084,35.942234,72.81827,21.913479,22.299206,0.0,0.0,0.0,0.0,0.0,0.0,117.75823,122.58297,0.0,12.922337,0.0,8.927608,0.0,43.585495,44.743275,0.0,0.0,0.0,0.0,0.0,0.0,0.0,0.0,0.0,66.27077,21.419985,64.00615,66.93727,0.0,0.0,0.0,0.0,0.0,0.0,0.0,0.0,0.0,0.0,0.0,0.0,0.0,0.0,0.0,0.0,0.0,0.0,0.0,0.0,23.291456,0.0,0.0,0.0,0.0,0.0,0.0,0.0,0.0,0.0,0.0,0.0,0.0,12.900818,0.0,0.0,0.0,0.0,0.0,0.0,0.0,0.0,61.168293,23.437677,61.16354,65.11821,42.891457,43.84573,56.95692,15.602339,27.316837,18.505915,16.073107,25.160255,33.994617,0.0,55.846634,0.0,54.60074,22.299206,20.190178,0.0,0.0,35.012344,22.0201,22.663633,27.1686,0.0,83.75431,17.491508,0.0,44.12109,65.02615,56.15747,0.0,0.0,0.0,0.0,63.711052,84.646324,87.5766,37.234203,0.0,0.0,0.0,0.0,0.0,17.459633,20.692907,0.0,20.809902,0.0,0.0,0.0,17.814095,15.648096,0.0,0.0,45.38179,56.881424,0.0,0.0,0.0,0.0,0.0,0.0,0.0,0.0,15.885792,90.35629,31.43084
C12x26_C12x27,0.0,0.0,0.0,0.0,64.61268,0.0,0.0,0.0,0.0,0.0,46.566864,0.0,61.019386,0.0,124.06766,0.0,117.587135,52.43106,56.136242,10.981109,0.0,54.501198,0.0,38.046867,0.0,32.611115,0.0,0.0,0.0,0.0,0.0,23.049849,0.0,0.0,0.0,0.0,35.711525,52.37893,44.241325,31.718933,0.0,0.0,0.0,0.0,0.0,15.138885,0.0,0.0,0.0,14.506381,0.0,42.812386,0.0,0.0,0.0,85.764755,45.88325,0.0,30.654945,46.46644,60.988503,60.988503,79.09317,0.0,66.80524,0.0,0.0,0.0,0.0,21.175922,0.0,0.0,0.0,0.0,0.0,177.85008,0.0,98.39203,0.0,69.57367,82.4244,0.0,106.36087,0.0,0.0,0.0,0.0,0.0,0.0,0.0,0.0,49.137104,0.0,0.0,0.0,16.904064,0.0,0.0,18.908306,0.0,0.0,124.24807,72.54092,51.069923,139.59753,0.0,0.0,0.0,94.16186,0.0,0.0,0.0,0.0,0.0,54.978783,0.0,0.0,0.0,97.191696,0.0,0.0,23.792473,54.039295,0.0,29.065006,0.0,0.0,0.0,0.0,0.0,0.0,64.32314,0.0,0.0,0.0,0.0,50.102795,0.0,254.12196,0.0,0.0,0.0,0.0,0.0,0.0,0.0,56.261826,77.369225,0.0,0.0,0.0,0.0,0.0,38.30203,73.4502,29.754374,0.0,26.50195,27.80107,38.57755,38.57755,0.0,0.0,69.323555,0.0,85.83015,0.0,0.0,0.0,0.0,0.0,0.0,0.0,20.844765,0.0,0.0,0.0,0.0,0.0,0.0,35.640297,0.0,0.0,0.0,0.0,35.301075,0.0,33.647564,0.0,43.883595,0.0,15.917573,36.400143,145.78664,0.0,0.0,0.0,0.0,0.0,0.0,0.0,0.0,70.14352,0.0,0.0,23.810354,0.0,0.0,0.0,0.0,130.94464,0.0,0.0,0.0,0.0,0.0,0.0,0.0,0.0,0.0,0.0,0.0,0.0,0.0,0.0,0.0,0.0,0.0,41.873962,53.376446,0.0,0.0,0.0,0.0,0.0,0.0,0.0,0.0,0.0,0.0,143.32819,0.0,47.136826,0.0,33.3777,0.0,0.0,0.0,0.0,35.654873,0.0,0.0,0.0,0.0,0.0,0.0,0.0,0.0,60.78685,0.0,0.0,0.0,98.6901,63.41602,74.45967,23.727707,36.79451,75.07362,77.38296,93.71182,16.63134,66.48318,91.56931,27.218935,0.0,0.0,46.98506,85.30609,88.05585,0.0,0.0,0.0,0.0,84.67564,0.0,57.64563,60.045506,25.029999,11.31371,45.226147,18.516077,0.0,31.962269,58.03071,0.0,54.05475,0.0,101.23331,54.188255,68.332596,9.120096,0.0,47.136826,91.31739,72.44644,75.642456,67.135376,56.416122,90.07332,51.069923,23.810354,52.64088,83.459915,0.0,0.0,45.74938,0.0,0.0,0.0,0.0,0.0,0.0,0.0,31.137426,0.0,0.0,0.0,0.0,0.0,0.0,0.0,0.0,39.53615,54.551155,40.95429,54.653698,35.428024,37.38659,41.26,24.904282,29.81669,0.0,0.0,47.246635,42.9087,34.85481,0.0,21.598112,17.277689,42.805347,48.919987,100.50146,35.824574,0.0,0.0,27.623875,4.975891,32.40306,30.189636,0.0,0.0,106.9949,141.06369,0.0,0.0,0.0,0.0,0.0,0.0,0.0,34.76848,74.64614,18.42727,58.127914,71.55716,102.56995,123.42226,45.21401,0.0,0.0,0.0,40.95429,41.579197,0.0,0.0,0.0,0.0,0.0,0.0,0.0,0.0,0.0,0.0,0.0,0.0,0.0,0.0,0.0,0.0,0.0,0.0,0.0,0.0,29.391792,0.0,0.0,0.0,0.0,0.0,0.0,0.0,0.0,0.0,0.0,0.0,19.170765,0.0,0.0,0.0,0.0,0.0,0.0,0.0,0.0,0.0,48.53856,0.0,0.0,0.0,0.0,0.0,0.0,0.0,0.0,0.0,0.0,0.0,0.0,0.0,85.10109,41.553856,0.0,0.0,0.0,0.0,0.0,0.0,0.0,0.0,0.0,0.0,38.752792,0.0,0.0,78.09695,48.487286,57.918163,0.0,4.6026607,44.247345,0.0,99.38883,86.96101,77.66117,0.0,0.0,0.0,0.0,0.0,22.807894,51.400852,52.424374,21.66127,0.0,0.0,0.0,0.0,0.0,32.283817,41.83564,0.0,0.0,105.75428,0.0,0.0,0.0,0.0,0.0,0.0,0.0,0.0,0.0,59.768223,0.0
C12x26_C13x26,55.759735,98.989075,0.0,0.0,42.261223,0.0,0.0,0.0,2.6677706,0.0,66.51941,0.0,81.27279,0.0,88.13279,0.0,100.50677,0.0,109.48975,82.70946,0.0,85.02569,0.0,59.355785,0.0,0.0,0.0,0.0,0.0,0.0,0.0,0.0,0.0,0.0,0.0,0.0,0.0,37.133057,0.0,85.391205,0.0,0.0,0.0,0.0,0.0,0.0,0.0,0.0,0.0,15.605361,0.0,0.0,0.0,0.0,0.0,230.42305,92.91234,0.0,0.0,54.54248,71.58853,71.58853,22.778017,0.0,15.901161,0.0,0.0,0.0,0.0,13.383747,0.0,0.0,0.0,0.0,0.0,95.2225,0.0,44.85741,0.0,24.453384,113.08627,0.0,146.12013,0.0,0.0,0.0,0.0,0.0,0.0,0.0,56.701633,0.0,0.0,0.0,0.0,0.0,0.0,0.0,80.670074,0.0,0.0,115.31959,51.572495,0.0,108.24185,0.0,0.0,51.925594,130.9053,0.0,0.0,0.0,0.0,0.0,0.0,0.0,0.0,0.0,69.73663,0.0,0.0,49.688046,34.980885,0.0,0.0,0.0,0.0,0.0,0.0,0.0,0.0,25.264507,0.0,0.0,0.0,0.0,0.0,0.0,166.4285,0.0,0.0,0.0,0.0,0.0,0.0,0.0,51.878815,120.26084,0.0,0.0,0.0,0.0,0.0,35.23277,81.67346,0.0,0.0,0.0,12.658186,47.02919,47.02919,0.0,0.0,74.83266,0.0,74.33544,0.0,0.0,49.180443,0.0,0.0,0.0,0.0,53.7771,0.0,0.0,0.0,0.0,0.0,0.0,29.94088,0.0,0.0,0.0,0.0,32.96937,0.0,26.29753,0.0,30.599514,0.0,0.0,53.542507,230.02835,0.0,0.0,0.0,0.0,0.0,0.0,0.0,17.176363,112.65901,0.0,0.0,62.08335,0.0,0.0,0.0,0.0,114.50319,0.0,0.0,0.0,0.0,0.0,0.0,0.0,0.0,0.0,0.0,0.0,0.0,22.598507,0.0,0.0,0.0,0.0,0.0,65.01672,25.86196,0.0,0.0,0.0,0.0,0.0,0.0,0.0,0.0,0.0,110.35797,0.0,64.016266,0.0,34.70625,0.0,22.185762,0.0,0.0,84.29685,0.0,0.0,11.495051,0.0,0.0,0.0,0.0,0.0,61.034115,25.092129,0.0,0.0,85.5872,117.99925,92.49588,66.83264,67.40807,0.0,94.00048,0.0,0.0,132.25313,92.54336,33.439713,111.79545,122.514946,86.60134,0.0,140.34094,0.0,0.0,0.0,0.0,51.34001,0.0,29.442894,39.273964,45.85532,0.0,89.96711,29.44248,76.050476,58.911816,39.973915,88.44597,0.0,28.953764,27.61509,29.802303,99.85433,0.0,58.83194,64.016266,32.095753,77.28486,29.636248,58.22193,34.06467,46.876316,0.0,62.08335,63.94519,85.12196,75.81489,0.0,40.780285,0.0,0.0,0.0,0.0,0.0,0.0,65.79904,15.805291,0.0,0.0,31.876497,67.4581,0.0,55.875095,0.0,0.0,0.0,0.0,0.0,0.0,0.0,0.0,0.0,0.0,0.0,0.0,0.0,0.0,0.0,0.0,0.0,0.0,0.0,0.0,0.0,139.7187,0.0,0.0,0.0,0.0,0.0,0.0,0.0,0.0,0.0,62.805298,150.12794,0.0,0.0,0.0,0.0,0.0,0.0,0.0,42.706364,82.41275,0.0,24.148146,46.680813,111.12246,131.66516,105.76734,0.0,0.0,0.0,0.0,0.0,0.0,0.0,0.0,0.0,0.0,0.0,0.0,0.0,0.0,0.0,0.0,0.0,0.0,0.0,0.0,0.0,0.0,0.0,0.0,22.32872,35.830997,0.0,0.0,0.0,0.0,0.0,0.0,0.0,0.0,0.0,0.0,0.0,20.10445,0.0,0.0,0.0,0.0,0.0,0.0,0.0,0.0,0.0,96.51175,0.0,0.0,0.0,0.0,0.0,0.0,0.0,0.0,0.0,0.0,0.0,56.90064,0.0,82.41275,40.25584,9.432255,0.0,39.02067,0.0,0.0,0.0,0.0,0.0,0.0,0.0,57.836514,0.0,0.0,29.570604,48.42084,39.02067,0.0,65.35213,48.762253,0.0,133.14604,64.18448,52.421253,43.220478,0.0,0.0,0.0,0.0,0.0,39.717083,58.422737,0.0,0.0,0.0,0.0,37.731068,40.47346,0.0,0.0,0.0,0.0,84.36923,0.0,0.0,0.0,0.0,0.0,0.0,0.0,0.0,0.0,79.606346,0.0
C12x27_C12x28,0.0,0.0,0.0,0.0,49.314457,0.0,0.0,0.0,0.0,0.0,23.800695,0.0,36.62788,70.45646,55.399452,0.0,112.76967,45.1039,34.03712,23.085289,0.0,43.556664,0.0,23.865368,49.151802,23.865368,0.0,0.0,54.505764,0.0,0.0,9.101856,0.0,0.0,23.144358,0.0,28.78104,34.377804,13.624358,14.047732,43.01956,0.0,9.012801,11.602703,9.012801,0.0,0.0,0.0,0.0,12.474772,0.0,17.53849,0.0,33.210396,0.0,29.129831,42.62789,0.0,0.0,0.0,27.268211,27.268211,47.533295,0.0,29.897638,53.63926,59.482025,0.0,0.0,19.486666,0.0,0.0,0.0,0.0,0.0,185.26318,0.0,139.33604,52.726536,0.0,52.726536,0.0,68.13122,0.0,0.0,0.0,0.0,0.0,0.0,0.0,0.0,36.83845,0.0,13.763348,0.0,15.784933,0.0,0.0,14.69813,0.0,42.289055,67.31348,74.88353,55.193836,159.12846,0.0,29.55837,0.0,107.33594,0.0,0.0,110.395294,55.197647,74.75532,23.79325,0.0,0.0,0.0,0.0,0.0,42.353645,11.092274,72.321625,0.0,13.55038,0.0,30.510313,35.88245,0.0,0.0,0.0,33.665627,0.0,0.0,0.0,0.0,57.051197,0.0,258.74976,0.0,32.857643,0.0,20.069082,0.0,0.0,0.0,47.47097,58.564262,26.579742,0.0,0.0,50.85133,0.0,43.24362,53.34904,38.881844,0.0,29.162092,21.069094,35.134758,35.134758,0.0,0.0,93.48258,0.0,119.58091,0.0,0.0,0.0,0.0,0.0,12.182555,0.0,19.372953,54.61632,0.0,17.510551,0.0,0.0,0.0,31.11064,0.0,0.0,0.0,0.0,28.797752,0.0,48.162914,23.957758,27.775202,0.0,20.444963,58.181065,125.72034,0.0,47.67787,0.0,0.0,15.8563175,0.0,0.0,0.0,92.225555,0.0,0.0,0.0,0.0,0.0,0.0,0.0,87.69228,0.0,0.0,34.172768,0.0,0.0,0.0,0.0,0.0,0.0,0.0,0.0,0.0,0.0,39.84653,0.0,0.0,0.0,46.811337,38.254284,0.0,0.0,0.0,0.0,0.0,0.0,0.0,0.0,0.0,0.0,89.67341,0.0,31.103292,0.0,48.12013,0.0,0.0,0.0,0.0,0.0,0.0,0.0,0.0,49.684036,0.0,13.169247,23.3195,0.0,105.9252,0.0,0.0,0.0,0.0,18.083496,36.025257,41.594883,38.641758,55.193836,36.65403,43.40658,26.047977,23.631367,30.961754,16.275446,0.0,12.108629,9.384695,55.81303,46.224297,125.45257,0.0,0.0,0.0,45.32996,0.0,0.0,33.469227,38.641758,26.047977,23.631367,16.275446,0.0,9.384695,55.81303,0.0,46.18472,0.0,58.546326,11.463106,38.775665,25.133038,0.0,31.103292,23.848545,39.003014,2.3869393,0.0,32.47021,61.66423,55.193836,0.0,36.65403,37.415123,12.937549,26.579742,51.90715,0.0,12.182555,32.529247,7.7055025,0.0,0.0,0.0,29.007782,0.0,0.0,0.0,0.0,0.0,0.0,0.0,0.0,36.880394,46.1043,0.0,21.896574,40.34129,37.607037,35.549347,0.0,0.0,54.202194,3.6679833,44.877777,55.007195,30.028622,25.86955,13.013638,18.789085,17.984018,44.831173,61.904484,52.94613,45.483463,0.0,21.946999,41.078907,47.58682,82.74972,0.0,0.0,129.10553,174.25432,0.0,0.0,0.0,0.0,0.0,0.0,0.0,12.870524,29.070686,23.668488,29.633009,0.0,23.023148,37.827534,0.0,0.0,0.0,0.0,89.02789,69.82857,0.0,0.0,0.0,0.0,0.0,0.0,0.0,0.0,0.0,36.61883,32.30187,59.685154,25.163815,44.756214,15.68331,41.876793,35.886417,53.37499,0.0,0.0,0.0,0.0,0.0,0.0,0.0,0.0,0.0,0.0,0.0,0.0,43.95253,39.493996,0.0,40.38586,69.1555,86.05527,48.826714,0.0,61.59261,14.623487,50.715534,58.389885,49.265427,0.0,0.0,0.0,0.0,0.0,0.0,0.0,0.0,0.0,0.0,0.0,0.0,0.0,71.63607,26.217533,26.924564,0.0,0.0,0.0,0.0,39.92695,13.169247,0.0,0.0,0.0,47.193768,0.0,0.0,60.18204,55.26357,47.299107,0.0,43.675854,25.091597,0.0,30.90441,63.423523,58.298836,0.0,0.0,0.0,0.0,0.0,25.02968,26.092022,18.542868,32.717308,0.0,0.0,24.659039,0.0,0.0,38.34488,21.768887,0.0,0.0,69.52091,0.0,0.0,0.0,0.0,0.0,0.0,0.0,0.0,37.34655,41.61698,0.0
C12x27_C13x27,0.0,37.107437,0.0,0.0,39.65922,0.0,0.0,0.0,0.0,0.0,16.391779,0.0,24.382013,0.0,179.05002,0.0,172.86194,59.748047,64.29077,41.493813,0.0,80.60632,0.0,58.442284,0.0,58.442284,0.0,0.0,0.0,0.0,0.0,33.427727,0.0,0.0,0.0,0.0,39.755333,54.14429,45.73242,47.153545,0.0,0.0,0.0,0.0,0.0,25.00667,0.0,25.783747,0.0,23.961891,0.0,45.090927,0.0,0.0,0.0,74.9483,38.501953,0.0,0.0,0.0,56.486034,56.486034,42.422,0.0,30.757374,0.0,0.0,0.0,0.0,29.41705,0.0,0.0,0.0,0.0,0.0,150.76521,0.0,155.26544,0.0,0.0,187.61043,0.0,94.483246,0.0,0.0,0.0,0.0,0.0,0.0,0.0,0.0,35.818195,0.0,0.0,0.0,0.0,0.0,0.0,46.555893,0.0,0.0,60.401634,19.47002,42.59486,122.804565,0.0,0.0,0.0,122.07093,0.0,0.0,0.0,0.0,65.90556,60.74486,0.0,0.0,0.0,0.0,0.0,0.0,78.92124,19.875454,0.0,29.3337,0.0,0.0,0.0,0.0,0.0,0.0,0.0,0.0,0.0,0.0,0.0,52.66664,0.0,253.13182,0.0,0.0,0.0,0.0,0.0,0.0,0.0,65.81694,74.82747,0.0,0.0,0.0,0.0,0.0,53.070976,60.33654,44.097065,0.0,7.524644,0.0,20.595095,20.595095,0.0,0.0,143.79196,0.0,138.60689,0.0,0.0,0.0,0.0,0.0,0.0,0.0,29.84684,0.0,0.0,0.0,0.0,0.0,0.0,48.689537,0.0,0.0,0.0,0.0,31.26789,0.0,46.60101,0.0,30.485485,0.0,15.253226,31.027683,149.92378,0.0,0.0,0.0,0.0,0.0,0.0,0.0,0.0,176.83545,0.0,0.0,32.034897,0.0,0.0,0.0,0.0,171.1542,0.0,0.0,0.0,0.0,0.0,0.0,0.0,0.0,0.0,0.0,0.0,0.0,0.0,30.043898,0.0,0.0,0.0,39.44827,52.12516,0.0,0.0,0.0,0.0,0.0,0.0,62.0647,0.0,0.0,0.0,147.06816,0.0,51.010715,0.0,66.68912,0.0,0.0,0.0,0.0,28.66041,0.0,0.0,0.0,0.0,0.0,0.0,27.538946,0.0,121.34929,0.0,0.0,0.0,28.373795,46.49212,72.598045,38.398193,28.540827,42.59486,33.42948,29.943,34.989815,32.77159,54.380108,0.0,30.8395,40.575794,34.466484,0.0,41.06754,0.0,0.0,0.0,0.0,51.012398,9.676658,93.66516,41.461723,28.540827,34.989815,32.77159,0.0,30.8395,34.466484,0.0,0.0,0.0,0.0,82.55876,41.896965,71.162476,19.482594,24.728863,51.010715,75.486694,58.442524,61.35638,57.16198,58.997395,70.88201,49.116306,32.034897,45.506027,73.010445,36.28044,0.0,43.608543,0.0,0.0,0.0,0.0,0.0,0.0,0.0,23.195366,0.0,0.0,0.0,0.0,0.0,0.0,0.0,0.0,45.506027,45.2439,27.518658,43.073406,37.24094,69.01776,32.421974,0.0,26.410105,44.509243,15.180241,38.370304,30.155283,52.741188,48.88601,63.820408,28.947308,43.908604,39.829838,90.56123,66.1342,42.649643,4.8715696,24.456057,26.069782,18.433363,34.21061,0.0,43.968414,78.89929,152.15105,0.0,0.0,0.0,0.0,0.0,0.0,0.0,54.53113,98.244675,39.16354,36.833015,32.71916,27.323124,56.68117,31.069418,0.0,0.0,0.0,57.16198,46.434395,0.0,0.0,0.0,0.0,0.0,0.0,0.0,0.0,0.0,0.0,0.0,0.0,0.0,0.0,0.0,0.0,0.0,0.0,0.0,0.0,0.0,0.0,0.0,0.0,0.0,0.0,0.0,0.0,0.0,0.0,0.0,0.0,0.0,46.77166,0.0,0.0,0.0,0.0,0.0,0.0,0.0,0.0,47.06335,0.0,0.0,0.0,0.0,0.0,0.0,0.0,0.0,0.0,0.0,0.0,0.0,0.0,98.244675,32.70893,24.490704,4.668035,0.0,0.0,0.0,0.0,0.0,5.7676296,0.0,0.0,24.837608,0.0,0.0,85.48283,32.58035,47.156002,0.0,20.488333,52.116158,0.0,125.53788,56.02745,52.12516,0.0,0.0,0.0,0.0,0.0,29.63277,28.051907,45.273056,47.04395,17.821297,0.0,0.0,0.0,0.0,72.177246,50.49541,0.0,0.0,60.90516,0.0,0.0,0.0,0.0,0.0,0.0,0.0,0.0,0.0,56.02745,0.0
C12x28_C12x29,0.0,0.0,0.0,0.0,72.99856,0.0,0.0,52.706257,0.0,15.504523,0.0,0.0,55.0858,72.001236,23.572498,0.0,117.17983,56.11397,0.0,0.0,46.085487,51.184914,0.0,0.0,48.455593,0.0,0.0,0.0,54.021427,0.0,0.0,0.0,0.0,8.629568,13.671736,0.0,59.3359,15.872803,0.0,0.0,0.0,0.0,0.0,0.0,0.0,0.0,0.0,0.0,0.0,0.0,18.390497,0.0,0.0,39.86802,0.0,0.0,0.0,0.0,0.0,0.0,0.0,35.46015,67.087814,0.0,0.0,63.51051,40.278877,0.0,0.0,35.695187,0.0,0.0,0.0,0.0,124.721146,198.37456,0.0,78.98046,29.887217,0.0,41.853973,0.0,74.8769,0.0,0.0,0.0,0.0,0.0,0.0,0.0,0.0,46.4128,7.808905,40.4012,0.0,0.0,0.0,0.0,0.0,0.0,0.0,49.14617,56.587505,0.0,102.65682,0.0,42.17775,111.90215,72.68682,50.35515,0.0,83.292915,41.646458,56.402668,0.0,0.0,0.0,0.0,0.0,11.896546,21.016336,0.0,39.145622,0.0,0.0,0.0,53.13552,21.73851,0.0,0.0,48.735054,114.39742,0.0,0.0,0.0,0.0,0.0,0.0,200.8445,89.12289,29.15235,0.0,35.58168,0.0,0.0,0.0,31.604198,38.989655,38.72169,0.0,26.930336,26.232668,0.0,42.25646,52.13119,50.342297,0.0,0.0,37.81722,0.0,45.689972,0.0,61.46067,91.882126,0.0,98.14821,0.0,0.0,0.0,0.0,0.0,29.29093,0.0,0.0,42.531868,0.0,49.528713,0.0,99.41814,0.0,77.73266,0.0,0.0,0.0,0.0,17.318352,0.0,129.14838,0.0,12.289305,0.0,0.0,124.491646,104.994576,0.0,37.580772,0.0,0.0,33.787308,32.945137,0.0,0.0,71.576225,0.0,0.0,0.0,0.0,23.829535,0.0,0.0,67.04695,0.0,38.983387,54.128185,0.0,0.0,0.0,0.0,33.947056,0.0,0.0,43.213596,0.0,37.030167,40.88439,0.0,0.0,21.203276,0.0,50.978443,0.0,0.0,36.381435,35.37233,0.0,0.0,0.0,0.0,59.1304,0.0,58.306805,0.0,0.0,0.0,28.611683,0.0,68.176674,0.0,0.0,13.350784,0.0,0.0,0.0,28.997875,0.0,10.939017,36.463543,29.775646,141.52338,0.0,0.0,0.0,48.279766,33.36894,60.106976,66.13535,61.59579,91.36772,64.417915,76.372246,43.460213,0.0,51.658688,14.168995,0.0,0.0,15.65806,88.428116,70.73404,68.91485,0.0,0.0,17.234564,24.53607,18.519674,32.806004,49.543385,83.15297,58.670338,0.0,19.127832,0.0,21.138039,119.376015,14.618906,72.04073,0.0,0.0,0.0,0.0,0.0,0.0,0.0,0.0,0.0,0.0,0.0,0.0,0.0,0.0,0.0,0.0,0.0,0.0,0.0,0.0,24.138042,29.29093,32.347958,3.9387555,0.0,0.0,0.0,47.653065,0.0,0.0,0.0,0.0,0.0,0.0,37.10834,0.0,40.117718,0.0,0.0,0.0,0.0,0.0,0.0,0.0,0.0,0.0,0.0,0.0,0.0,0.0,0.0,0.0,0.0,0.0,0.0,42.252094,27.547768,65.09785,17.234564,46.76559,46.952435,28.595232,29.512163,0.0,0.0,67.52163,86.180916,0.0,0.0,0.0,0.0,0.0,40.621754,53.9149,0.0,0.0,0.0,0.0,0.0,0.0,0.0,0.0,0.0,0.0,0.0,73.01491,64.87203,0.0,0.0,0.0,0.0,0.0,0.0,0.0,0.0,0.0,68.46286,31.612413,77.20348,48.00926,42.805466,29.29093,32.347958,73.36114,87.343216,0.0,38.29464,0.0,0.0,0.0,0.0,0.0,0.0,0.0,0.0,0.0,0.0,0.0,59.632465,0.0,63.96946,0.0,50.225796,28.959143,41.808315,58.888695,46.331955,68.71689,50.312275,68.07257,0.0,0.0,0.0,0.0,0.0,0.0,0.0,0.0,0.0,0.0,0.0,0.0,0.0,33.43058,0.0,38.77436,23.854652,0.0,0.0,0.0,0.0,10.939017,29.429146,0.0,0.0,37.58334,0.0,0.0,167.47829,26.608248,74.91974,0.0,4.8103747,20.594904,0.0,48.094128,52.351578,46.278168,7.732572,0.0,0.0,0.0,0.0,0.0,0.0,0.0,37.00071,0.0,0.0,66.32089,0.0,66.16918,61.62647,0.0,0.0,0.0,60.702305,0.0,0.0,0.0,0.0,80.043724,50.820217,23.395594,28.470459,11.584266,34.46231,0.0
C12x28_C13x28,0.0,0.0,0.0,0.0,49.82828,0.0,0.0,30.439392,0.0,0.0,0.0,20.513718,50.2882,43.52689,82.2443,0.0,166.20549,63.293877,0.0,18.314398,44.388393,61.03735,10.5935755,0.0,68.878,0.0,0.0,0.0,76.38068,0.0,0.0,0.0,0.0,0.0,24.04254,0.0,61.817688,0.0,0.0,14.429433,0.0,0.0,0.0,0.0,0.0,0.0,0.0,0.0,0.0,0.0,0.0,0.0,0.0,33.771873,0.0,0.0,35.63349,0.0,0.0,32.042404,0.0,0.0,51.515697,0.0,0.0,58.133224,64.46551,0.0,0.0,37.841496,0.0,0.0,0.0,0.0,125.17395,203.49138,0.0,101.5431,37.919205,0.0,63.560562,0.0,30.283691,0.0,0.0,0.0,0.0,0.0,0.0,0.0,0.0,38.61762,0.0,18.179049,0.0,0.0,0.0,0.0,0.0,0.0,17.620012,38.894886,31.20071,0.0,134.3969,0.0,60.88396,115.36966,87.77499,0.0,0.0,80.9982,40.4991,60.116226,40.445007,0.0,0.0,28.598942,0.0,0.0,12.920083,37.941948,38.051445,0.0,0.0,0.0,29.191893,41.322998,0.0,0.0,0.0,27.247719,0.0,0.0,46.65521,0.0,0.0,0.0,281.24387,82.6114,27.87681,0.0,8.30758,0.0,0.0,37.621475,41.346745,26.776737,25.18738,22.21853,23.881432,68.188034,0.0,43.5743,53.756996,46.89404,0.0,0.0,0.0,0.0,0.0,0.0,74.55904,101.78574,30.762636,141.07326,0.0,0.0,0.0,11.750635,0.0,0.0,0.0,0.0,40.392097,0.0,31.276196,0.0,92.24386,0.0,68.997475,0.0,7.662294,0.0,0.0,23.591698,0.0,69.05209,0.0,31.354847,0.0,0.0,15.154766,111.19971,0.0,40.951447,0.0,0.0,32.64617,0.0,0.0,0.0,98.860054,0.0,0.0,0.0,0.0,23.626173,0.0,0.0,101.99947,0.0,0.0,0.0,0.0,0.0,0.0,0.0,0.0,0.0,0.0,0.0,0.0,51.525623,28.007874,0.0,0.0,0.0,0.0,30.055529,0.0,0.0,59.52151,35.070457,0.0,0.0,28.784887,0.0,58.625782,0.0,91.180084,0.0,0.0,0.0,75.36377,0.0,0.0,0.0,0.0,40.65004,0.0,0.0,0.0,28.108334,0.0,29.386223,52.035774,0.0,122.94318,0.0,0.0,0.0,47.867744,35.5825,23.294947,53.072937,62.091522,67.12067,63.86817,68.11631,39.12508,39.091694,50.338238,28.481659,0.0,20.030445,15.524433,92.32754,79.5819,68.39463,0.0,0.0,0.0,0.0,0.0,33.829117,33.817955,0.0,0.0,0.0,0.0,0.0,0.0,0.0,0.0,30.306337,22.491169,55.53059,19.172302,27.906317,18.65306,0.0,18.345108,24.560774,30.95154,27.06804,24.188665,29.736925,51.64606,33.917603,0.0,32.274044,35.829205,0.0,22.21853,32.72675,20.045244,0.0,31.772957,0.0,11.94936,0.0,20.46349,57.16617,0.0,0.0,0.0,0.0,0.0,0.0,0.0,0.0,21.885887,42.51954,0.0,0.0,0.0,0.0,0.0,0.0,0.0,0.0,0.0,0.0,0.0,0.0,0.0,0.0,0.0,0.0,0.0,46.7699,72.63039,73.271324,0.0,45.18612,44.845375,40.141396,56.558792,0.0,0.0,64.0721,130.27853,0.0,0.0,0.0,0.0,0.0,38.057255,26.793594,26.75093,44.725925,24.58701,0.0,0.0,0.0,0.0,0.0,0.0,0.0,0.0,59.24988,58.264286,0.0,0.0,0.0,0.0,0.0,0.0,0.0,0.0,0.0,62.701733,49.759495,83.33461,40.706085,70.095345,0.0,40.90317,77.887535,0.0,0.0,0.0,39.218204,24.188665,29.804585,9.748024,0.0,3.161419,34.39367,10.1218405,0.0,40.21455,35.924496,55.18131,0.0,74.354385,0.0,48.685062,70.12459,34.719383,61.620415,0.0,29.78664,74.12893,54.715195,0.0,0.0,0.0,0.0,0.0,0.0,0.0,0.0,0.0,0.0,0.0,0.0,0.0,49.496944,41.56762,42.906578,0.0,0.0,0.0,0.0,0.0,29.386223,0.0,0.0,0.0,31.391556,0.0,19.147623,160.32045,0.0,0.0,0.0,13.222783,38.652412,0.0,67.19274,0.0,40.92046,7.029422,0.0,0.0,0.0,0.0,0.0,0.0,0.0,0.0,0.0,19.147623,0.0,0.0,92.0711,26.979095,0.0,0.0,0.0,37.87677,0.0,0.0,0.0,0.0,80.24245,50.386517,0.0,0.0,21.307236,0.0,0.0
C12x29_C12x30,0.0,0.0,0.0,0.0,154.85014,0.0,0.0,53.94504,0.0,47.735947,0.0,0.0,68.06127,0.0,13.509973,0.0,81.01095,90.13208,0.0,0.0,0.0,107.75363,38.41646,0.0,67.81715,0.0,0.0,0.0,0.0,0.0,0.0,0.0,0.0,0.0,0.0,0.0,49.725014,34.16978,0.0,0.0,0.0,0.0,0.0,73.17142,0.0,0.0,0.0,0.0,0.0,48.90692,54.690388,0.0,0.0,0.0,0.0,0.0,0.0,0.0,0.0,0.0,0.0,73.31692,35.946705,0.0,0.0,76.05805,0.0,0.0,0.0,17.28131,0.0,0.0,0.0,0.0,137.68921,246.69533,0.0,52.340767,0.0,0.0,0.0,0.0,89.941574,44.118073,0.0,0.0,0.0,0.0,0.0,0.0,0.0,0.0,61.758465,97.84331,0.0,0.0,0.0,0.0,0.0,0.0,0.0,0.0,0.0,0.0,61.2931,0.0,0.0,66.81319,43.39897,30.065447,0.0,0.0,0.0,41.34877,0.0,0.0,0.0,0.0,0.0,7.786723,0.0,0.0,77.69049,0.0,0.0,0.0,51.835144,0.0,0.0,0.0,30.558832,74.85697,0.0,0.0,0.0,0.0,0.0,0.0,130.3227,45.30161,0.0,0.0,0.0,0.0,0.0,0.0,51.07078,38.869274,37.09163,0.0,0.0,16.585312,0.0,73.655914,56.058506,28.120716,0.0,19.695307,18.599413,0.0,17.431736,0.0,88.53436,74.639595,0.0,70.244644,0.0,0.0,0.0,0.0,0.0,0.0,0.0,38.832375,0.0,0.0,0.0,0.0,49.52644,0.0,78.46299,0.0,108.35151,0.0,0.0,34.66264,61.6963,173.47678,0.0,28.622427,0.0,60.95218,112.53909,21.899193,0.0,0.0,0.0,0.0,0.0,46.195248,0.0,0.0,25.15616,0.0,0.0,28.078524,0.0,39.05846,0.0,0.0,18.419386,0.0,38.80825,0.0,0.0,0.0,0.0,0.0,9.734354,0.0,0.0,76.55277,0.0,27.183222,30.01254,0.0,0.0,32.331448,0.0,41.01795,0.0,0.0,27.04545,34.692383,0.0,0.0,0.0,0.0,64.23268,0.0,34.026142,0.0,0.0,0.0,37.160973,0.0,15.579556,0.0,0.0,80.74086,0.0,32.96081,0.0,0.0,0.0,0.0,63.428066,0.0,95.41641,0.0,0.0,21.13353,52.44576,99.23387,63.86345,39.234177,17.662655,54.55274,101.41808,46.39195,85.395355,80.05075,107.18897,112.058655,59.806282,64.479744,0.0,55.447975,70.41627,56.551037,0.0,0.0,25.158175,0.0,0.0,0.0,128.41298,37.72267,115.28185,108.066765,151.27672,80.73717,8.679863,74.853546,93.46263,85.02784,34.47576,0.0,0.0,0.0,0.0,0.0,0.0,0.0,0.0,0.0,0.0,0.0,0.0,0.0,0.0,0.0,0.0,0.0,0.0,0.0,0.0,0.0,0.0,0.0,0.0,0.0,0.0,0.0,0.0,0.0,0.0,0.0,0.0,0.0,34.420757,0.0,59.1875,0.0,0.0,0.0,0.0,0.0,0.0,0.0,0.0,0.0,0.0,0.0,0.0,0.0,0.0,0.0,0.0,0.0,0.0,31.47765,36.44886,53.027824,0.0,26.872133,34.236446,19.359558,28.477005,0.0,0.0,68.32067,47.536568,0.0,0.0,0.0,0.0,0.0,143.46358,88.88413,0.0,0.0,0.0,0.0,0.0,0.0,0.0,0.0,0.0,0.0,0.0,79.31526,114.52004,0.0,0.0,0.0,0.0,0.0,0.0,0.0,0.0,0.0,121.28177,60.065166,101.87016,90.752,55.597878,39.022488,75.17612,81.456985,86.95082,0.0,34.345158,0.0,0.0,0.0,0.0,0.0,0.0,0.0,0.0,0.0,0.0,0.0,0.0,0.0,54.883152,0.0,0.0,0.0,0.0,0.0,0.0,0.0,0.0,91.022285,0.0,0.0,0.0,0.0,0.0,0.0,0.0,0.0,0.0,0.0,0.0,0.0,0.0,64.91445,0.0,71.03993,26.640516,64.324585,0.0,0.0,0.0,0.0,26.640516,0.0,0.0,12.972386,0.0,0.0,170.103,36.087646,64.324585,0.0,0.0,0.0,0.0,27.563913,47.90064,46.196743,32.861748,0.0,0.0,0.0,0.0,0.0,0.0,0.0,63.936188,0.0,0.0,46.64045,0.0,5.9250326,153.8229,0.0,0.0,0.0,5.9250326,0.0,0.0,0.0,0.0,72.04724,65.304726,32.173702,59.074657,0.0,79.51084,0.0
C12x29_C13x29,0.0,0.0,0.0,0.0,81.99815,0.0,0.0,94.235825,39.645016,28.033258,0.0,0.0,100.43097,0.0,3.867909,0.0,106.32943,81.7829,0.0,0.0,53.92953,66.585625,34.418327,0.0,60.443787,0.0,0.0,0.0,0.0,0.0,0.0,0.0,0.0,24.860807,39.386726,5.7505794,31.42423,22.305067,0.0,0.0,0.0,0.0,0.0,23.512,0.0,0.0,0.0,0.0,0.0,15.715147,17.96654,0.0,0.0,0.0,0.0,0.0,0.0,0.0,0.0,0.0,0.0,38.156563,64.62751,0.0,0.0,58.666283,0.0,0.0,0.0,53.785267,8.411251,0.0,0.0,0.0,166.7165,149.43983,0.0,50.473915,0.0,25.519056,40.601387,0.0,70.02932,31.890068,0.0,0.0,28.454844,0.0,0.0,0.0,0.0,18.605331,21.356514,33.834908,0.0,0.0,0.0,32.968933,0.0,0.0,0.0,0.0,0.0,30.53328,91.99488,0.0,0.0,134.77765,62.783863,58.06695,0.0,26.300512,0.0,45.80187,0.0,0.0,0.0,0.0,0.0,11.903176,0.0,0.0,39.213997,0.0,0.0,0.0,23.055666,0.0,0.0,0.0,31.253754,87.40715,0.0,39.08967,0.0,0.0,0.0,0.0,204.47755,97.063385,0.0,0.0,0.0,0.0,0.0,0.0,54.0456,12.878645,29.097464,0.0,8.275647,14.092396,0.0,44.25448,44.25448,54.9324,37.8233,0.0,0.0,0.0,15.055363,0.0,135.19383,113.8788,0.0,106.80692,0.0,38.810535,0.0,0.0,0.0,0.0,0.0,0.0,0.0,0.0,0.0,0.0,125.7624,0.0,69.83483,0.0,100.87998,0.0,0.0,14.43974,36.364666,96.92146,0.0,9.967006,0.0,9.867496,15.29373,54.87202,0.0,0.0,0.0,0.0,0.0,36.350403,0.0,39.540997,42.090473,0.0,0.0,0.0,0.0,16.45432,0.0,0.0,31.710545,0.0,17.161804,0.0,0.0,0.0,0.0,0.0,28.876816,0.0,0.0,45.0584,0.0,0.0,0.0,0.0,0.0,28.190245,0.0,64.74854,11.617634,0.0,79.09288,0.0,0.0,0.0,0.0,0.0,0.0,0.0,55.479836,0.0,0.0,0.0,43.510574,0.0,72.12324,0.0,0.0,74.23544,0.0,30.305109,29.690895,0.0,0.0,0.0,44.673313,0.0,99.10958,0.0,0.0,0.0,0.0,90.05272,27.362646,81.417496,67.70496,103.34637,92.88844,58.65931,70.74854,96.311455,98.83275,111.59034,26.64197,73.88433,19.464054,132.30728,152.104,40.400883,0.0,0.0,8.470159,0.0,0.0,0.0,67.21695,70.73347,81.55202,78.114395,79.400154,74.232056,60.896294,94.14092,43.99557,22.11071,0.0,0.0,0.0,0.0,0.0,0.0,0.0,0.0,0.0,0.0,0.0,0.0,0.0,0.0,0.0,0.0,0.0,0.0,0.0,0.0,0.0,0.0,0.0,0.0,0.0,0.0,0.0,85.75586,0.0,0.0,0.0,0.0,0.0,0.0,31.566599,0.0,27.102537,17.666143,0.0,0.0,0.0,0.0,0.0,0.0,0.0,0.0,0.0,0.0,0.0,0.0,0.0,0.0,0.0,0.0,0.0,35.042824,33.42653,53.55774,11.57387,42.06732,29.851238,19.038906,31.906622,14.333841,39.747597,3.1293142,108.95289,0.0,33.46817,8.275647,21.828836,23.396116,69.67874,43.526134,0.0,0.0,0.0,0.0,0.0,0.0,0.0,0.0,0.0,0.0,0.0,46.299313,110.54801,0.0,0.0,0.0,0.0,0.0,0.0,0.0,0.0,0.0,71.38556,54.791477,101.44455,55.365303,65.09775,34.961285,60.916195,100.594475,44.93853,0.0,25.036896,0.0,0.0,0.0,0.0,0.0,0.0,0.0,0.0,0.0,0.0,0.0,0.0,0.0,71.58101,0.0,0.0,0.0,0.0,0.0,0.0,0.0,0.0,75.86654,20.003168,34.972008,45.66059,27.97612,22.542984,7.871266,23.902523,20.467636,44.93853,16.259096,41.95446,0.0,0.0,50.716965,24.288216,40.1286,38.03773,0.0,0.0,0.0,0.0,8.926658,8.969229,0.0,0.0,21.168682,0.0,0.0,115.152145,21.065723,63.55268,0.0,0.0,0.0,0.0,12.366699,47.61614,40.32393,0.0,0.0,0.0,0.0,0.0,8.926658,26.197725,20.467636,24.190926,20.994633,0.0,0.0,3.9254506,17.327421,93.04884,0.0,0.0,0.0,9.660804,0.0,0.0,0.0,0.0,66.10674,107.68599,27.394657,14.375262,0.0,76.45772,12.5696535
C12x30_C12x31,61.050713,0.0,0.0,0.0,63.817154,0.0,0.0,0.0,0.0,0.0,0.0,0.0,68.82127,0.0,63.91133,0.0,143.49251,0.0,0.0,10.372732,0.0,173.78694,61.958733,0.0,87.74408,30.465929,0.0,30.465929,0.0,0.0,0.0,0.0,0.0,0.0,0.0,0.0,77.48822,0.0,30.95412,37.091537,0.0,0.0,0.0,91.71949,0.0,21.550116,0.0,41.467175,21.50974,30.476465,0.0,47.513176,0.0,0.0,43.490166,0.0,45.233772,0.0,0.0,0.0,0.0,57.749363,0.0,0.0,0.0,0.0,0.0,0.0,0.0,102.34343,36.487606,0.0,0.0,0.0,0.0,228.90155,0.0,26.153975,16.082012,0.0,0.0,0.0,51.853806,0.0,0.0,0.0,51.756657,0.0,0.0,0.0,0.0,33.89212,0.0,66.04199,0.0,59.74233,0.0,59.6304,0.0,0.0,0.0,0.0,0.0,0.0,34.93519,0.0,35.339397,68.67026,0.0,0.0,0.0,0.0,0.0,0.0,0.0,0.0,0.0,49.78457,49.78457,0.0,53.71781,0.0,53.10339,0.0,0.0,0.0,22.289745,0.0,0.0,0.0,0.0,84.05348,0.0,39.893864,0.0,0.0,0.0,0.0,106.189514,0.0,0.0,0.0,0.0,0.0,0.0,0.0,78.19657,73.64359,30.31873,0.0,0.0,38.131115,0.0,97.40237,61.593594,0.0,0.0,0.0,125.23591,0.0,0.0,0.0,0.0,95.259735,0.0,59.501183,0.0,68.10997,0.0,0.0,0.0,0.0,0.0,60.775867,0.0,0.0,0.0,0.0,0.0,0.0,117.1443,0.0,0.0,0.0,0.0,58.39115,0.0,110.820175,0.0,0.0,0.0,78.38435,0.0,152.88594,0.0,0.0,0.0,0.0,0.0,0.0,0.0,0.0,78.27491,0.0,0.0,22.413939,0.0,0.0,32.839542,0.0,40.036373,0.0,0.0,0.0,0.0,0.0,0.0,34.096424,0.0,0.0,0.0,0.0,0.0,39.67715,56.189583,0.0,0.0,0.0,0.0,36.250572,0.0,0.0,40.869568,0.0,0.0,65.863144,37.770992,0.0,0.0,0.0,33.21684,0.0,0.0,0.0,56.13218,0.0,68.22548,0.0,14.132919,78.398254,0.0,0.0,0.0,0.0,0.0,0.0,21.48817,0.0,96.38814,42.897552,53.17103,32.12504,0.0,0.0,0.0,0.0,0.0,0.0,0.0,0.0,0.0,0.0,0.0,0.0,0.0,0.0,0.0,0.0,0.0,34.44264,0.0,0.0,49.19247,0.0,0.0,0.0,45.323822,32.27915,71.215126,73.19496,84.33012,52.62254,0.0,56.418446,69.595634,45.408897,42.79034,73.67191,1.2168771,46.649837,12.115398,0.0,0.0,19.05025,45.891876,0.0,39.17339,37.307766,79.5273,41.86195,26.908466,71.38578,78.865746,0.0,26.380028,42.69407,0.0,0.0,0.0,0.0,0.0,0.0,17.623758,44.976128,0.0,0.0,0.0,0.0,0.0,0.0,0.0,0.0,0.0,0.0,32.691498,21.898882,23.7488,38.930836,59.57381,19.878971,20.65789,52.990864,55.22245,44.420815,48.280052,63.918198,39.175167,31.090319,31.58467,41.822464,56.48114,0.0,55.693542,75.80748,46.81078,22.82514,58.327522,43.810417,54.89744,0.0,0.0,61.365906,0.0,0.0,0.0,0.0,0.0,0.0,169.3273,93.33599,0.0,0.0,0.0,0.0,0.0,0.0,0.0,0.0,0.0,0.0,0.0,62.937443,90.87279,0.0,0.0,0.0,0.0,0.0,0.0,0.0,0.0,0.0,91.85984,42.65412,89.00558,30.028795,34.4972,24.48492,73.092316,98.40679,50.90898,84.44148,0.0,0.0,0.0,0.0,0.0,0.0,0.0,0.0,0.0,0.0,0.0,12.365604,67.7153,0.0,0.0,0.0,0.0,0.0,0.0,0.0,0.0,0.0,0.0,12.92724,22.824802,77.47183,70.983246,25.747108,0.0,37.209755,31.525497,41.744114,56.37532,0.0,82.678345,22.965576,0.0,59.12132,43.8393,0.0,46.031372,35.454,0.0,0.0,71.27134,82.07381,66.20044,34.061295,0.0,0.0,0.0,0.0,154.08531,0.0,35.454,0.0,0.0,40.08069,0.0,12.512485,31.538574,21.909557,37.09792,0.0,0.0,0.0,0.0,0.0,0.0,0.0,12.70928,22.916311,0.0,0.0,0.0,0.0,78.36718,0.0,0.0,42.15613,0.0,0.0,0.0,0.0,0.0,0.0,0.0,0.0,0.0,0.0,51.68172,0.0
C12x30_C13x30,56.59322,0.0,0.0,0.0,135.1458,0.0,0.0,53.18924,0.0,0.0,36.590115,0.0,72.27875,0.0,64.62854,0.0,71.91999,46.857346,0.0,8.009328,17.227222,142.09343,39.805813,0.0,71.742195,0.0,0.0,0.0,0.0,0.0,0.0,0.0,0.0,0.0,13.201921,0.0,0.0,33.25736,0.0,25.095024,0.0,0.0,0.0,0.0,0.0,0.0,0.0,58.34135,48.332516,0.0,0.0,0.0,0.0,0.0,0.0,38.622047,14.291044,0.0,0.0,0.0,0.0,47.33068,0.0,0.0,0.0,0.0,0.0,0.0,0.0,96.756805,26.151981,0.0,0.0,0.0,140.92975,104.26684,0.0,37.398018,0.0,0.0,18.266783,0.0,111.43423,0.0,0.0,0.0,45.19928,0.0,0.0,0.0,0.0,0.0,0.0,39.141994,0.0,0.0,0.0,65.4149,0.0,0.0,0.0,0.0,0.0,0.0,79.691025,0.0,0.0,100.26563,40.140324,0.0,0.0,0.0,0.0,0.0,0.0,0.0,0.0,41.404213,49.978317,0.0,0.0,0.0,60.527637,49.2152,0.0,0.0,20.662306,0.0,0.0,0.0,0.0,62.129253,0.0,31.064627,0.0,0.0,0.0,0.0,125.8052,45.20806,0.0,0.0,0.0,0.0,0.0,0.0,109.64556,11.830853,37.253532,0.0,0.0,37.362236,0.0,51.24082,71.75596,0.0,0.0,0.0,71.006874,0.0,12.899064,0.0,88.10198,100.104485,0.0,58.25078,0.0,60.058174,0.0,26.117393,0.0,0.0,0.0,48.85904,0.0,0.0,0.0,0.0,71.56952,0.0,0.0,0.0,109.899086,0.0,0.0,21.592918,62.490833,118.39215,0.0,40.744625,0.0,20.23683,0.0,130.66411,0.0,0.0,0.0,0.0,0.0,0.0,0.0,0.0,103.40292,0.0,0.0,20.77743,0.0,0.0,0.0,0.0,26.248695,0.0,0.0,0.0,0.0,0.0,0.0,26.327627,0.0,0.0,0.0,0.0,0.0,39.707153,19.120714,0.0,0.0,0.0,0.0,44.193974,0.0,0.0,55.490967,0.0,0.0,0.0,33.451286,0.0,58.951954,0.0,0.0,0.0,0.0,0.0,0.0,0.0,70.382904,0.0,0.0,50.18505,0.0,0.0,0.0,0.0,0.0,0.0,27.167276,0.0,80.44217,34.125084,85.0556,51.389164,48.134068,99.836464,64.68589,47.23073,37.158165,56.766987,96.67615,44.18464,68.563,79.3789,108.56937,114.88152,21.488993,52.442005,0.0,54.55564,89.58356,45.48126,0.0,0.0,45.600784,0.0,0.0,0.0,111.787544,64.652916,119.29541,138.11438,199.8868,37.389526,0.0,94.923454,74.58172,55.15666,32.72829,72.45067,17.946049,30.4036,0.0,0.0,0.0,14.709691,39.36241,0.0,27.408108,43.115173,65.521454,32.323795,20.77743,55.04854,61.5857,8.148681,20.369396,29.03038,0.0,0.0,0.0,0.0,0.0,0.0,0.0,49.16346,0.0,0.0,0.0,0.0,0.0,0.0,0.0,0.0,0.0,0.0,0.0,0.0,0.0,0.0,0.0,0.0,0.0,0.0,0.0,0.0,0.0,0.0,0.0,0.0,0.0,0.0,0.0,28.33881,0.0,0.0,26.583721,0.0,0.0,0.0,0.0,0.0,0.0,37.73931,54.732685,0.0,0.0,0.0,0.0,0.0,111.22295,86.38714,0.0,0.0,0.0,34.878105,25.092587,47.924404,39.745296,20.979536,0.0,0.0,0.0,58.805206,115.10123,0.0,0.0,0.0,0.0,0.0,0.0,0.0,0.0,0.0,55.58152,37.542873,79.02623,46.817276,48.865284,45.456535,48.71136,54.806667,63.667706,0.0,0.0,0.0,0.0,0.0,0.0,0.0,0.0,0.0,0.0,0.0,0.0,0.0,0.0,0.0,0.0,0.0,0.0,0.0,0.0,0.0,0.0,0.0,0.0,63.860424,21.158297,77.98754,68.25993,25.450087,0.0,12.236088,20.819336,47.637215,51.009937,0.0,67.95461,27.26118,0.0,88.89367,0.0,0.0,80.63074,44.33942,0.0,0.0,31.884378,29.200796,0.0,0.0,0.0,0.0,0.0,0.0,125.0957,29.215624,44.33942,0.0,0.0,0.0,0.0,17.095839,7.550929,64.3337,34.38929,0.0,0.0,0.0,0.0,0.0,0.0,0.0,61.63139,21.16469,0.0,0.0,0.0,0.0,79.874756,0.0,0.0,11.80318,25.75947,0.0,0.0,0.0,0.0,70.69049,62.986084,0.0,0.0,0.0,54.27813,0.0
C12x31_C12x32,36.736862,0.0,0.0,0.0,66.205025,0.0,0.0,0.0,0.0,0.0,0.0,0.0,31.281845,45.75794,0.0,0.0,77.810326,0.0,0.0,0.0,0.0,102.53171,0.0,41.16115,0.0,44.843586,0.0,44.843586,41.1734,0.0,0.0,25.886974,0.0,0.0,0.0,25.838474,84.461296,0.0,34.737312,41.62484,0.0,64.41222,64.41222,0.0,0.0,50.954403,0.0,98.0475,50.858936,147.73032,0.0,15.800184,0.0,0.0,36.520947,0.0,34.632145,0.0,0.0,0.0,0.0,0.0,34.585567,0.0,23.571503,0.0,23.57852,0.0,0.0,33.51942,0.0,0.0,0.0,82.41274,0.0,185.16261,0.0,34.35963,0.0,0.0,0.0,0.0,64.13415,0.0,44.021317,0.0,35.82672,0.0,0.0,0.0,0.0,64.381775,0.0,0.0,0.0,19.856903,0.0,19.8197,0.0,50.59392,0.0,0.0,0.0,0.0,43.6216,0.0,28.068386,29.142878,0.0,0.0,12.512314,0.0,0.0,0.0,0.0,0.0,0.0,24.683231,24.683231,0.0,69.74275,0.0,52.591156,0.0,0.0,0.0,0.0,0.0,0.0,0.0,0.0,33.09778,0.0,0.0,0.0,0.0,0.0,0.0,94.4251,0.0,0.0,0.0,0.0,0.0,0.0,0.0,0.0,44.28749,15.477577,0.0,0.0,13.504191,0.0,0.0,120.79415,0.0,0.0,0.0,80.203995,0.0,23.389557,0.0,0.0,58.584175,30.632854,19.663668,0.0,36.784542,0.0,0.0,0.0,0.0,0.0,52.46403,0.0,0.0,0.0,0.0,0.0,0.0,136.1263,0.0,0.0,0.0,0.0,42.91768,0.0,31.644869,0.0,26.639526,52.94767,50.830284,0.0,90.81009,0.0,0.0,0.0,0.0,0.0,0.0,0.0,0.0,48.33955,0.0,0.0,16.824356,0.0,0.0,33.665493,0.0,51.781986,0.0,0.0,0.0,0.0,0.0,0.0,45.38384,0.0,0.0,0.0,0.0,0.0,73.79502,0.0,0.0,0.0,0.0,0.0,31.094566,0.0,0.0,38.138817,0.0,0.0,40.73363,39.010876,0.0,0.0,0.0,42.961777,0.0,0.0,0.0,47.26878,0.0,0.0,0.0,21.333298,44.834026,0.0,0.0,0.0,0.0,0.0,0.0,11.08789,0.0,69.7224,70.40612,20.62436,26.112856,0.0,62.641365,50.0326,30.258026,12.284641,20.635485,51.890152,39.414715,43.57238,30.339077,48.691185,57.832905,9.091123,42.04747,0.0,19.099134,30.385931,22.335733,0.0,0.0,65.47734,0.0,0.0,0.0,53.467213,37.703304,66.11877,50.666634,83.88927,30.09353,36.541122,27.704166,27.539476,53.487305,15.932468,72.42346,22.333588,33.836563,33.161297,0.0,28.673761,25.027151,33.355377,22.064005,27.72869,59.68037,58.291958,21.171923,20.19804,54.67754,54.473377,48.03607,8.688706,41.535015,71.28266,17.95383,46.80069,50.746468,0.0,35.822937,34.78683,62.78366,0.0,0.0,0.0,0.0,0.0,0.0,19.668344,0.0,53.23909,22.2643,23.14051,12.409843,32.274456,28.237738,45.630226,0.0,26.956852,55.85427,18.477455,14.566109,11.51327,30.982439,23.707603,21.818485,27.265081,52.78765,26.312918,0.0,42.879494,109.15945,79.88659,108.516884,131.0404,62.803646,90.24049,0.0,0.0,70.941956,0.0,0.0,20.007547,8.686121,43.127697,0.0,57.108124,60.901554,0.0,0.0,0.0,0.0,0.0,0.0,0.0,0.0,0.0,0.0,0.0,44.54995,53.870564,62.91594,46.25549,53.212784,0.0,12.28403,49.510162,0.0,0.0,0.0,0.0,0.0,0.0,0.0,0.0,0.0,0.0,0.0,0.0,95.769775,12.13064,0.0,0.0,39.164803,0.0,42.91768,33.20662,51.023296,42.04747,23.505795,30.385931,28.576143,92.492905,0.0,37.37514,0.0,40.18293,0.0,73.13572,49.95696,43.140533,44.178223,21.6445,38.537563,26.660261,60.18497,47.63498,28.225677,23.884375,21.27934,27.214,52.68875,26.26362,20.33365,46.840122,19.478426,0.0,0.0,0.0,0.0,0.0,0.0,0.0,0.0,38.068554,45.827713,88.1157,69.025345,0.0,11.700261,0.0,0.0,84.58913,0.0,30.385931,0.0,18.413147,13.17632,0.0,31.32726,18.220966,8.270871,39.51469,0.0,0.0,0.0,0.0,0.0,0.0,0.0,12.12703,33.235027,0.0,0.0,0.0,36.193752,73.167496,0.0,0.0,17.481543,18.413147,0.0,0.0,0.0,0.0,0.0,0.0,0.0,0.0,0.0,62.10071,13.394323
C12x31_C13x31,80.86003,0.0,0.0,0.0,78.44854,0.0,0.0,30.2038,0.0,22.011576,22.011576,0.0,47.582638,0.0,45.463146,0.0,41.296772,0.0,0.0,4.122762,0.0,101.76845,48.689796,0.0,0.0,44.50976,0.0,44.50976,0.0,0.0,0.0,26.979753,0.0,0.0,0.0,0.0,37.303898,0.0,25.94235,25.94235,0.0,69.68729,69.68729,0.0,0.0,0.0,0.0,116.63606,93.528885,0.0,0.0,23.10199,0.0,0.0,39.289227,13.458043,34.819412,0.0,0.0,0.0,0.0,58.097847,0.0,0.0,0.0,0.0,0.0,35.78604,0.0,85.34973,8.554878,0.0,0.0,0.0,52.163364,147.75092,0.0,48.079056,29.563688,0.0,0.0,0.0,56.411236,0.0,0.0,0.0,38.571693,0.0,0.0,0.0,17.907782,50.232735,0.0,0.0,0.0,7.668605,0.0,80.42679,0.0,0.0,0.0,8.327364,8.327364,0.0,41.96984,0.0,24.975359,63.863678,0.0,0.0,0.0,0.0,0.0,0.0,0.0,0.0,0.0,17.216616,17.216616,0.0,43.21368,0.0,45.94527,0.0,45.94527,0.0,0.0,0.0,0.0,0.0,0.0,38.564545,0.0,0.0,0.0,0.0,30.373611,0.0,97.10496,20.43198,0.0,0.0,0.0,0.0,0.0,33.238174,74.31794,52.306736,14.260713,0.0,0.0,20.436674,0.0,82.32472,56.561916,42.05423,26.11257,0.0,63.880585,0.0,29.437197,0.0,18.3157,82.191444,0.0,24.641691,0.0,47.386684,0.0,0.0,0.0,0.0,0.0,60.189526,0.0,0.0,0.0,0.0,16.749258,0.0,91.10122,0.0,29.755629,0.0,0.0,44.267982,38.282536,87.38402,0.0,67.91615,46.5944,0.0,56.984894,105.865715,0.0,0.0,0.0,0.0,0.0,0.0,0.0,0.0,86.633446,0.0,0.0,21.908821,0.0,0.0,30.598475,19.194025,39.966576,28.928947,0.0,0.0,0.0,0.0,0.0,28.3311,0.0,0.0,0.0,0.0,0.0,90.165115,0.0,0.0,0.0,0.0,0.0,22.078445,0.0,0.0,28.892433,24.979418,0.0,29.89854,53.499226,0.0,0.0,0.0,41.335003,0.0,0.0,0.0,50.751278,0.0,35.48035,0.0,24.982063,30.555307,0.0,0.0,0.0,0.0,0.0,0.0,0.0,0.0,74.2686,33.797447,13.767323,32.65525,0.0,64.31238,52.02199,35.122498,6.828352,21.381992,50.99538,41.996372,43.838886,28.739319,51.501297,59.92506,9.50903,33.290585,0.0,0.0,28.724298,18.459808,0.0,0.0,57.43821,0.0,0.0,0.0,62.519054,16.193333,103.96326,68.154854,142.11137,22.550522,0.0,0.0,51.271336,34.578075,39.843967,99.01506,30.271822,29.55097,32.333565,0.0,28.26318,29.225538,51.16168,0.0,26.60709,79.232574,80.95559,28.697258,22.826637,68.44206,62.71502,16.269299,11.79912,34.8905,74.447395,4.1273627,57.176144,55.28666,0.0,36.949543,52.448376,74.11782,0.0,0.0,35.990627,11.093448,0.0,16.755142,22.018084,23.687027,0.0,0.0,26.60709,0.0,24.628769,27.71071,55.76009,18.502605,32.52515,48.639065,0.0,10.64616,23.263155,5.9827104,19.931587,37.6902,36.58706,23.268972,36.060528,0.0,39.642292,69.5819,39.766056,52.276543,78.39019,53.653435,78.855156,0.0,0.0,55.24868,0.0,0.0,0.0,0.0,0.0,0.0,108.84306,96.721664,0.0,0.0,0.0,29.134295,16.637827,26.19033,32.965794,10.4344425,0.0,0.0,0.0,51.22378,65.54873,0.0,0.0,0.0,0.0,0.0,0.0,0.0,0.0,0.0,0.0,0.0,0.0,0.0,0.0,0.0,0.0,0.0,0.0,62.975666,0.0,0.0,0.0,40.581623,0.0,44.267982,34.407898,52.609097,33.290585,14.921291,28.724298,22.935276,59.720505,0.0,0.0,0.0,0.0,0.0,0.0,0.0,0.0,0.0,0.0,0.0,9.164486,99.00192,87.164154,27.059462,28.26318,12.762287,5.5394273,76.737404,38.551533,21.069239,82.15743,22.98999,0.0,33.598858,36.55996,0.0,46.275497,0.0,0.0,24.979418,58.006607,40.858006,43.862354,36.652924,0.0,0.0,0.0,0.0,155.08301,0.0,28.724298,8.223322,0.0,22.58993,0.0,0.0,0.0,0.0,26.081469,0.0,0.0,0.0,0.0,0.0,0.0,0.0,22.15056,42.791943,1.8423533,0.0,0.0,0.0,79.03356,0.0,0.0,30.989847,0.0,0.0,0.0,0.0,0.0,39.57691,28.062498,0.0,0.0,0.0,51.496582,0.0
C12x32_C12x33,24.53215,10.971111,0.0,29.140568,77.105965,21.636456,21.636456,0.0,0.0,0.0,0.0,0.0,22.817663,29.897852,9.4595375,0.0,85.33727,0.0,0.0,0.0,0.0,58.34414,31.009254,38.61016,24.296581,38.61016,24.296581,0.0,58.00729,22.455854,13.365216,21.23892,13.365216,0.0,19.311697,17.057766,43.48053,35.66541,18.025309,33.456917,27.080936,52.832626,80.935555,44.35019,30.693829,48.776146,30.693829,44.35019,39.17394,67.17813,0.0,28.932894,18.206875,3.8197398,32.74511,6.894376,45.460293,0.0,0.0,0.0,0.0,5.9807134,18.753565,7.809653,12.41047,7.809653,18.64529,0.0,0.0,0.0,0.0,0.0,23.483881,9.0984955,0.0,91.03163,19.55566,27.779541,16.873064,15.249821,0.0,0.0,77.225334,0.0,43.474155,14.113943,18.013353,0.0,0.0,10.562436,0.0,25.162825,0.0,24.516283,16.967201,26.962904,16.967201,21.654911,0.0,25.60074,0.0,24.890606,14.370598,0.0,16.921091,7.6545835,7.8197336,23.190964,0.0,0.0,13.585058,0.0,7.062536,9.013778,0.0,12.747407,18.027555,10.152361,9.987934,0.0,27.888418,29.031883,29.662287,0.0,0.0,13.84762,20.008732,20.543058,20.543058,14.851402,0.0,18.833838,0.0,0.0,0.0,17.144857,0.0,15.279986,61.38958,0.0,20.23048,20.23048,0.0,0.0,20.516632,0.0,0.0,28.86102,34.367226,0.0,0.0,20.356874,0.0,0.0,36.20054,26.812717,15.883772,18.412655,35.41745,0.0,11.42982,12.894229,0.0,54.03017,37.399136,15.89795,19.027184,24.284025,0.0,0.0,0.0,12.408029,12.408029,41.61092,8.170254,28.557821,0.0,12.976349,0.0,26.584436,30.141779,9.539747,0.0,15.889698,15.889698,20.732407,0.0,22.388453,9.52153,18.49191,39.78483,27.720509,53.032608,76.81341,0.0,15.129609,16.9966,0.0,20.785162,0.0,0.0,25.506361,23.01864,6.9466352,10.51779,8.70257,0.0,0.0,0.0,14.141067,29.851889,0.0,0.0,12.952134,12.952134,13.059942,11.569539,27.194319,0.0,11.613442,34.758297,0.0,18.053616,54.69674,34.704685,22.010693,0.0,0.0,0.0,27.139307,9.17846,10.017429,30.349642,0.0,11.325258,0.0,28.740364,11.947242,0.0,12.974505,30.776463,11.569428,0.0,16.947403,13.982377,28.39649,12.214761,27.264795,0.0,38.831627,11.006957,0.0,19.448236,15.017688,15.017688,14.382337,25.95916,0.0,63.964905,51.652885,70.80812,36.836845,20.564531,31.339104,39.929512,29.511074,21.870998,13.175669,40.289112,35.360325,42.34521,36.531948,27.710196,29.205276,18.94604,22.479797,23.005259,15.431657,22.294231,51.883316,36.726646,20.283752,20.60264,0.0,0.0,0.0,55.900753,31.724882,65.72628,52.99126,45.33108,29.407164,35.707695,22.384323,24.692215,22.665236,27.067928,80.41959,23.772375,43.001564,36.452183,0.0,34.124912,31.806025,53.344757,28.040277,35.2393,73.236244,69.267494,22.577776,25.668894,69.03927,71.54964,49.091087,0.0,48.39144,88.84949,32.718323,74.877785,64.3472,0.0,22.656506,10.576347,28.703072,24.829412,16.406235,0.0,0.0,0.0,0.0,14.578896,0.0,56.20677,16.061588,18.98559,23.864897,27.245222,23.167603,37.195724,0.0,25.250624,47.298096,15.159793,27.00962,9.446043,25.582615,17.06678,18.385376,19.717834,45.125412,20.582485,0.0,36.918415,75.37124,63.02796,89.37374,94.64337,0.0,20.857512,0.0,16.087559,31.24175,0.0,13.75198,28.543785,20.879856,26.549885,29.157633,0.0,0.0,11.397982,14.522037,25.952763,22.333866,29.78679,22.751242,32.64324,15.70756,37.515835,47.979774,0.0,23.894484,28.180038,39.20272,20.064165,46.31029,37.33671,29.528576,23.53039,0.0,45.264355,8.306379,50.223034,16.364117,41.263824,27.492798,24.487677,17.928633,41.030716,16.9966,12.952134,32.981167,0.0,0.0,20.564531,25.849623,0.0,27.350595,16.42056,29.255878,22.479797,19.9144,22.294231,11.285927,30.97221,29.39466,44.963127,28.523647,35.854237,0.0,80.44593,38.434914,31.180183,44.827938,25.896202,21.739588,14.822013,44.361343,36.447792,19.309628,14.765838,14.047967,15.836126,36.241894,16.530558,13.423652,33.929203,11.431016,0.0,0.0,0.0,0.0,0.0,18.618631,0.0,0.0,16.895952,37.88678,26.753881,36.46291,0.0,18.363441,42.12488,0.0,42.21099,6.9055595,21.15408,0.0,0.0,0.0,0.0,8.283255,21.06244,23.5948,0.0,0.0,0.0,0.0,0.0,0.0,0.0,0.0,13.81967,15.1942,0.0,0.0,20.609697,28.801823,29.993834,0.0,0.0,0.0,21.015005,24.601025,9.506545,16.098614,10.739774,0.0,0.0,0.0,0.0,4.0693116,44.864357,0.0
C12x32_C13x32,34.405453,0.0,0.0,0.0,59.95137,0.0,0.0,0.0,0.0,0.0,0.0,0.0,32.438507,27.095129,18.978191,0.0,55.162197,0.0,0.0,0.0,0.0,57.36754,0.0,47.83793,0.0,43.117466,0.0,0.0,47.85217,0.0,0.0,6.171305,0.0,0.0,6.171305,5.7316384,58.80357,41.20423,31.756388,38.6807,38.6807,101.36762,80.28909,61.879364,0.0,61.879364,0.0,108.26085,57.470844,9.389807,0.0,36.66119,0.0,0.0,48.709534,0.0,27.905428,0.0,0.0,0.0,0.0,10.828519,0.0,0.0,15.2246065,0.0,0.0,0.0,0.0,34.64422,0.0,0.0,0.0,20.612501,0.0,151.6854,0.0,31.3321,36.123802,0.0,0.0,0.0,110.291374,0.0,57.868122,0.0,32.688576,0.0,0.0,0.0,0.0,46.690605,0.0,35.62065,0.0,35.62065,0.0,33.0829,0.0,47.05327,0.0,22.107864,19.932629,0.0,35.96638,0.0,27.53737,7.552476,0.0,0.0,17.3339,0.0,0.0,0.0,0.0,0.0,0.0,23.740816,23.740816,0.0,58.00232,0.0,43.738007,0.0,0.0,0.0,15.491065,0.0,0.0,0.0,0.0,43.827248,0.0,0.0,0.0,0.0,0.0,0.0,118.77842,0.0,0.0,0.0,0.0,0.0,0.0,0.0,0.0,36.21354,17.136011,0.0,0.0,14.593549,0.0,0.0,60.74776,85.780464,0.0,0.0,48.08761,0.0,22.303741,0.0,0.0,67.792465,40.784863,13.136047,0.0,23.49196,0.0,0.0,0.0,0.0,0.0,48.011078,0.0,0.0,0.0,0.0,0.0,0.0,83.072556,0.0,0.0,0.0,0.0,37.780964,0.0,26.92397,0.0,32.304943,51.92888,8.325154,80.04389,68.38054,0.0,0.0,0.0,0.0,0.0,0.0,0.0,0.0,33.777435,0.0,0.0,0.0,0.0,0.0,0.0,0.0,39.34063,0.0,0.0,0.0,0.0,0.0,0.0,35.40427,0.0,0.0,0.0,0.0,0.0,66.97499,0.0,0.0,0.0,0.0,0.0,31.669262,0.0,0.0,33.96662,0.0,0.0,0.0,35.9692,0.0,0.0,0.0,75.47178,0.0,0.0,0.0,21.520842,0.0,17.10324,0.0,0.0,55.186604,0.0,0.0,0.0,0.0,0.0,0.0,24.227007,0.0,52.85247,45.605865,47.66513,61.92474,0.0,60.0565,70.887535,58.188534,38.63947,7.1131353,68.62116,53.259438,77.538795,57.65642,57.404636,58.351936,35.150784,42.65187,10.109518,0.0,43.94367,25.679455,0.0,0.0,93.02262,0.0,0.0,0.0,53.065804,49.502697,62.170223,57.850906,46.78629,32.793354,48.43243,39.689972,36.730568,33.2564,32.771053,50.280178,14.592477,36.078022,32.313946,0.0,22.368614,27.248106,35.16669,17.212296,34.450638,44.955467,42.2825,20.77138,33.028748,59.178276,41.05899,37.728706,10.319197,31.46512,85.78209,35.606277,73.5198,66.08255,0.0,34.602356,35.619793,105.8038,0.0,0.0,0.0,0.0,0.0,0.0,21.353174,0.0,59.178276,34.598843,0.0,29.675106,35.520905,16.457039,41.889454,0.0,29.118048,55.636112,18.597355,34.52402,11.58798,35.042374,20.194042,22.81054,27.442003,56.66222,26.825195,0.0,76.66179,108.15565,0.0,81.03969,121.0042,55.25988,87.51058,0.0,0.0,52.34945,0.0,0.0,35.754242,10.316127,30.09238,36.434826,0.0,0.0,0.0,0.0,0.0,0.0,0.0,0.0,0.0,0.0,0.0,0.0,0.0,39.614155,41.58002,11.773546,18.756645,62.046906,0.0,14.589206,0.0,0.0,29.703302,20.127174,64.73775,22.078138,53.541687,25.294,33.640965,27.442003,56.66222,0.0,0.0,88.40314,18.650772,0.0,0.0,48.612247,0.0,47.699703,30.465237,56.555492,42.65187,37.367065,43.94367,17.111423,74.80304,0.0,53.65039,34.450638,23.015236,0.0,42.757732,4.148694,30.101337,32.417664,35.805305,33.336304,21.906828,60.125584,49.727177,17.51318,22.368614,19.928902,25.486933,52.62539,24.914066,19.043226,48.133068,16.208448,0.0,0.0,0.0,0.0,0.0,0.0,0.0,0.0,75.77089,53.300854,0.0,33.46171,0.0,38.94931,0.0,0.0,51.323105,0.0,34.80596,0.0,0.0,0.0,0.0,27.20226,40.210712,27.533125,36.558727,0.0,0.0,0.0,0.0,0.0,0.0,0.0,18.645222,56.008083,0.0,0.0,6.7260118,32.234333,42.876705,0.0,0.0,13.637481,58.074337,0.0,0.0,0.0,0.0,0.0,0.0,0.0,0.0,0.0,46.251328,12.544287
C12x33_C12x34,11.655962,5.212704,0.0,0.0,86.02834,26.94365,26.94365,3.4928153,18.778517,0.0,0.0,12.735371,26.990274,19.39838,20.068886,0.0,74.48386,0.0,0.0,18.027508,5.5979033,23.513428,13.0000105,20.204515,25.535345,35.721596,25.535345,0.0,35.360283,26.704079,0.0,15.970777,0.0,0.0,15.970777,14.106776,51.388096,69.46142,56.180378,79.0877,55.612137,53.016956,40.274452,22.79806,28.818092,50.950405,36.42156,22.79806,20.137226,31.497541,13.583227,31.073408,22.212622,20.110378,24.238436,32.16689,36.929115,11.467233,0.0,0.0,0.0,15.517958,0.0,0.0,0.0,0.0,0.0,0.0,0.0,0.0,0.0,9.634511,15.755295,0.0,9.634511,52.289623,16.377676,39.367416,24.220707,0.0,0.0,0.0,34.84939,24.642237,40.672295,40.297398,16.852413,5.8641353,0.0,23.798018,0.0,58.37878,13.497636,16.10664,17.464705,30.87761,22.072655,14.226783,0.0,0.0,0.0,23.785637,36.60135,2.7262728,24.819685,4.4582686,15.27025,30.6023,0.0,2.7262728,27.209003,25.081947,22.948261,18.053356,0.0,25.531301,36.106712,38.344215,64.696365,0.0,12.562361,30.984673,13.346242,0.0,19.350447,24.160042,9.289269,9.235072,11.671687,14.617517,10.625858,44.06146,17.376444,16.53164,10.625858,25.087038,21.695393,18.398943,50.187107,11.251124,16.144163,20.403698,0.0,0.0,22.701906,0.0,0.0,37.332455,21.341173,18.137028,19.823372,49.173565,29.229895,0.0,68.31913,19.021004,54.179752,17.05053,22.824165,0.0,27.209484,28.471205,17.410408,46.063614,73.6862,12.757011,15.198723,0.0,0.0,0.0,14.558605,27.070555,34.212944,17.673111,17.777214,36.284973,0.0,27.167105,16.61294,25.681974,22.209896,0.0,0.0,23.973392,23.973392,41.46461,14.659953,20.509804,19.536835,23.846865,31.043777,0.0,36.463097,84.21086,12.551346,6.680949,23.12796,0.0,18.888418,0.0,0.0,26.063654,20.098444,31.415049,11.842046,18.83058,0.0,0.0,0.0,25.992386,13.75154,0.0,14.854844,19.220808,24.292095,17.177116,9.9039,20.588036,14.713744,24.061354,31.470474,19.24449,29.863909,54.831173,29.863909,13.708813,0.0,8.383067,8.075112,43.730167,28.598629,18.329277,33.653183,10.495426,6.067992,0.0,21.251787,7.7758384,4.7549977,18.786898,16.446863,13.831448,0.0,20.278494,17.53694,41.71186,21.405005,24.086784,0.0,18.744951,13.275282,8.11796,16.039513,16.08978,20.334967,14.105912,24.265764,3.34575,24.766642,60.319218,31.744411,30.737898,9.915508,28.324848,29.029215,31.990217,30.682295,16.223103,52.16482,26.960287,38.81473,51.386,35.965237,28.146366,16.92823,21.903728,15.970777,22.157906,30.976528,67.19627,17.423958,9.070083,0.0,0.0,0.0,0.0,82.96947,61.250904,77.485634,102.5816,56.188442,33.793736,24.433653,44.233707,20.733332,20.083046,21.027935,47.434265,0.0,18.717722,50.943485,0.0,27.238361,34.25555,37.21174,21.420954,15.31301,26.564377,31.02701,21.596846,37.083187,80.56071,48.764435,74.11894,45.14117,49.424282,36.384216,34.212944,41.71186,35.50898,0.0,0.0,10.495426,28.379635,10.673159,19.857918,0.0,0.0,0.0,0.0,7.520493,0.0,35.69237,38.633,10.877681,28.446741,35.094456,13.296236,57.22674,7.282788,33.536564,48.153633,5.79287,32.353886,13.58053,39.4552,43.889046,21.412003,47.860752,58.351048,33.982403,0.0,18.803719,68.09952,12.589778,45.35053,23.74436,8.598184,34.92445,14.0172415,18.854961,0.0,0.0,12.5783415,43.210896,31.74194,23.786158,43.445126,0.0,0.0,0.0,16.009909,42.988132,9.405496,11.753381,26.664942,19.614105,26.412561,18.48707,32.40669,14.236896,12.305064,42.56257,0.0,0.0,0.0,0.0,0.0,0.0,0.0,0.0,0.0,12.112494,0.0,25.599134,0.0,0.0,17.673111,17.512693,23.12796,24.292095,18.299425,17.502504,0.0,11.318881,29.600546,7.282788,34.896812,5.79287,33.666164,25.00383,21.412003,35.360733,10.054169,20.97115,30.440845,23.61355,10.767657,28.159016,17.903599,50.38335,39.056126,23.786158,13.35649,46.62428,19.887161,11.639172,10.698807,22.61138,6.1378655,9.495601,7.0330124,15.610427,15.468732,8.681452,8.05911,2.6801662,45.878254,0.0,0.0,0.0,0.0,0.0,33.982403,0.0,0.0,12.497104,28.65211,39.339592,4.1578507,13.889762,55.92918,16.62179,10.877811,49.862507,13.449165,42.015842,8.11796,5.795009,6.427007,0.0,0.0,8.310895,21.865084,0.0,17.558212,0.0,0.0,0.0,10.901785,8.383067,25.507195,0.0,7.6917734,0.0,0.0,21.420954,30.353067,25.562883,17.320812,0.0,19.236952,24.617546,30.438889,5.471298,28.204288,31.373793,4.629945,17.86865,0.0,17.247187,6.5896697,17.139845,0.0
C12x33_C13x33,13.070959,5.8455105,0.0,18.924875,64.10925,17.98949,17.98949,0.0,24.020193,21.677423,30.656506,0.0,23.912497,7.957366,24.111778,0.0,75.60376,0.0,0.0,0.0,0.0,54.289997,28.854523,28.393345,22.608292,38.467037,22.608292,0.0,53.976555,23.09437,13.970224,17.375446,13.970224,0.0,12.825191,17.829927,75.33488,31.035877,60.76125,62.775116,50.811882,66.68594,33.59241,48.543568,9.935145,65.76636,9.935145,59.03328,12.680035,0.0,0.0,26.101505,15.013651,24.89338,33.856384,44.930893,51.342632,0.0,0.0,0.0,0.0,20.002123,0.0,0.0,0.0,0.0,0.0,0.0,0.0,0.0,0.0,0.0,8.946164,0.0,0.0,51.237564,5.6415343,37.07533,19.573402,20.352823,0.0,0.0,59.771915,0.0,67.528496,24.82397,31.682352,0.0,0.0,17.947512,0.0,39.383427,0.0,33.311607,3.3462646,45.130253,3.3462646,4.2707725,0.0,0.0,0.0,21.855474,23.35124,0.0,22.845356,10.334539,14.055549,29.711699,0.0,0.0,25.308498,0.0,13.157263,16.792358,0.0,23.747982,33.584717,18.913502,25.464022,0.0,26.829493,27.897852,25.973574,0.0,0.0,19.676899,26.671314,15.039772,15.039772,16.767357,0.0,73.81051,21.734573,27.739414,0.0,0.0,0.0,18.84172,100.07566,0.0,7.7160244,7.7160244,10.607592,27.076527,18.919647,0.0,0.0,22.730902,49.934902,4.804413,0.0,27.680067,6.7944655,0.0,51.315147,40.77456,43.25717,17.981256,34.58764,0.0,24.622835,13.312924,0.0,73.39322,62.93314,48.320557,16.10903,20.559643,0.0,0.0,0.0,27.206089,27.206089,35.47613,7.783604,28.80877,0.0,16.123743,0.0,8.973366,0.0,7.296346,0.0,21.546535,21.546535,12.573691,0.0,19.189943,0.0,17.911606,34.588036,0.0,82.42326,74.71429,9.294305,13.20648,18.015776,0.0,11.382143,0.0,0.0,30.092289,27.15729,16.489695,0.0,19.288385,0.0,0.0,0.0,17.56918,26.221403,0.0,0.0,15.928401,15.928401,14.960062,0.0,0.0,0.0,10.179161,17.685808,0.0,18.498745,53.183716,35.560364,9.579538,0.0,0.0,0.0,27.210869,9.169341,18.288422,52.57904,0.0,5.5143538,0.0,13.197354,15.193668,0.0,23.094496,27.023615,0.0,0.0,0.0,0.0,24.101164,24.364325,0.0,0.0,42.917038,12.637544,0.0,18.711678,17.654568,17.654568,9.575206,17.282608,0.0,28.19072,68.30606,43.65035,40.51545,21.487091,23.429262,29.304579,39.113358,38.396587,14.615245,54.490223,32.143246,40.65089,56.533974,43.835545,40.509865,17.872185,26.780947,19.756882,30.737328,27.320662,37.882336,27.186825,6.4916515,26.093119,0.0,0.0,0.0,69.90524,27.19555,66.48812,66.32192,21.529936,33.763584,37.324093,58.068016,15.209899,46.990807,14.9037695,0.0,0.0,37.843586,62.638752,0.0,0.0,42.449177,44.584118,37.350048,44.814884,18.283924,26.387392,30.482512,56.892563,87.37145,43.168533,27.663616,14.170981,48.201458,37.75043,71.738846,63.55157,32.45377,4.8571496,22.633997,0.0,35.746784,6.198831,16.341825,0.0,0.0,0.0,0.0,12.830178,0.0,71.1315,56.14795,15.193668,19.365185,43.574463,18.052042,60.705147,0.0,24.616451,61.751595,7.296346,31.476185,10.24414,48.83524,54.44656,32.51565,39.52239,68.71543,30.436739,0.0,38.46303,58.9187,0.0,68.134926,39.260002,38.38175,41.565987,6.131779,28.561743,0.0,0.0,13.231154,33.313816,24.191841,30.412685,39.03947,0.0,0.0,0.0,13.597371,26.635874,28.647585,27.946651,40.392403,27.282349,34.81425,20.54401,58.968075,18.942133,30.387337,27.350378,0.0,0.0,0.0,0.0,0.0,0.0,0.0,0.0,0.0,40.347233,7.7795687,42.43035,18.729057,25.998371,29.172321,50.72034,18.015776,15.928401,36.249763,30.004488,0.0,21.487091,24.967329,0.0,30.471403,10.318592,31.916302,30.252642,32.970303,30.862324,11.66388,35.399616,16.096783,44.932026,36.274384,42.149704,12.005842,34.17992,28.35418,35.71666,29.2369,50.556816,26.430428,12.991466,22.572054,36.768078,16.855175,0.0,16.129053,34.722607,30.759848,20.329111,0.0,11.452533,17.04228,0.0,0.0,0.0,0.0,0.0,22.897,0.0,0.0,32.49635,24.123419,29.847588,16.739155,0.0,33.340546,39.522533,0.0,75.28086,5.352195,15.546602,0.0,0.0,0.0,0.0,8.275025,19.761267,12.77467,0.0,0.0,0.0,0.0,0.0,0.0,0.0,0.0,0.0,17.995108,0.0,0.0,27.45241,36.40558,30.32939,0.0,0.0,14.499464,27.992287,24.886177,12.662853,11.87626,19.203594,0.0,0.0,0.0,0.0,4.065269,42.092773,18.136477
C12x34_C13x34,14.643357,6.548708,0.0,0.0,84.574776,25.586565,25.586565,3.110814,1.3732711,0.0,0.0,0.9313365,18.526436,20.095215,0.0,7.368756,87.655,0.0,0.0,0.0,0.0,31.234602,0.0,25.119286,26.128113,34.14365,26.128113,0.0,37.45658,36.00667,13.266528,31.029308,16.766815,10.253064,16.80338,0.0,44.81795,50.935196,53.702618,61.32183,42.21725,46.526886,23.896116,31.332932,18.907495,57.85974,23.896116,42.567078,0.0,20.665478,15.326978,23.46703,25.064175,37.83189,29.238459,0.0,86.50351,25.403387,0.0,0.0,0.0,45.65948,0.0,0.0,0.0,0.0,0.0,0.0,0.0,0.0,0.0,12.643198,20.675396,0.0,12.643198,50.50235,11.997608,65.59447,0.0,49.303402,0.0,0.0,25.552422,18.06829,37.44489,29.547039,0.0,17.617846,0.0,0.0,0.0,58.253197,0.0,27.284143,0.0,50.3832,0.0,0.0,0.0,0.0,0.0,0.0,34.114502,13.329762,18.851131,21.798132,0.0,36.980896,0.0,13.329762,21.873571,21.10932,19.313581,0.0,0.0,0.0,0.0,32.27103,52.4523,0.0,0.0,29.913923,20.658318,0.0,23.119038,19.81244,18.369621,13.234588,16.726448,26.164045,26.642275,73.6565,43.568058,0.0,26.642275,10.980224,9.49575,14.758461,39.684307,9.024937,8.907896,11.258187,0.0,0.0,22.805573,0.0,0.0,35.418804,21.501596,16.975761,18.554134,48.49169,27.35838,0.0,46.934174,12.624053,64.73515,12.861852,24.672903,0.0,42.471596,20.85458,12.752771,43.4768,82.662636,10.551102,7.96663,0.0,0.0,0.0,0.0,36.887863,46.620487,29.17931,14.810098,49.246315,0.0,25.68931,15.709254,5.1296535,4.436149,0.0,0.0,34.103783,34.103783,58.98623,20.854782,40.542526,15.236312,20.06632,24.091263,0.0,59.21569,114.89543,0.0,22.257378,40.2102,0.0,12.751382,0.0,0.0,37.587524,0.0,23.347433,0.0,28.07539,0.0,0.0,0.0,28.208744,14.52425,0.0,15.01899,19.433199,24.560522,21.988607,17.571808,24.431467,4.3065753,7.0425334,30.06546,18.38531,31.094538,52.752403,31.094538,0.0,0.0,0.0,10.144745,35.305355,0.0,34.9891,59.359596,14.723209,0.0,0.0,18.88558,10.606252,6.485822,37.987057,14.692353,16.989214,0.0,16.845903,14.5684185,33.186768,31.633692,0.0,0.0,35.403854,20.941492,12.805919,7.6472793,18.610046,23.52019,0.0,27.90206,12.988032,55.95448,66.94521,26.210657,17.168364,13.524765,31.961061,32.589188,16.650188,23.56338,27.796305,54.772003,33.866787,66.269615,37.67747,38.449303,27.284143,26.703943,28.039192,21.380524,55.556637,31.318819,63.164375,0.0,0.0,0.0,0.0,0.0,0.0,50.46491,25.865961,128.58412,73.10627,29.950314,51.81414,41.485016,107.79754,46.339676,32.7315,13.77159,0.0,0.0,0.0,71.36286,0.0,35.376793,80.510826,67.771286,44.22679,22.085495,68.67868,43.052567,45.39045,58.461643,89.44089,0.0,42.239487,44.67533,65.36302,32.82807,46.620487,33.186768,17.988987,9.241845,0.0,14.723209,14.703791,26.09657,24.836685,0.0,0.0,0.0,0.0,0.0,0.0,51.347435,55.756264,8.39206,24.183683,30.746424,21.826008,56.964146,16.89529,34.66041,55.705376,13.438839,33.93729,19.736465,39.85768,45.310356,50.083607,39.66228,59.735744,30.036238,0.0,25.94896,66.228165,39.473408,37.185524,0.0,15.187446,28.636576,13.119755,25.268114,0.0,0.0,5.9970703,32.22601,24.00735,24.604776,26.939337,0.0,0.0,0.0,25.872126,32.501083,0.0,0.0,0.0,0.0,0.0,0.0,0.0,0.0,16.78412,56.83094,0.0,0.0,0.0,0.0,0.0,0.0,0.0,0.0,0.0,12.495397,0.0,26.496607,0.0,5.8053403,21.478415,32.34885,40.2102,24.560522,0.0,24.085478,0.0,13.524765,29.992218,13.586049,43.48809,10.806604,51.274803,28.039192,40.273846,31.318819,0.0,0.0,20.550308,32.5312,15.204845,33.717926,18.546738,47.06147,43.225574,31.522293,50.34852,40.97429,21.468773,0.0,0.0,0.0,0.0,0.0,0.0,0.0,0.0,0.0,0.0,0.0,16.985785,0.0,0.0,0.0,0.0,0.0,25.250858,0.0,0.0,11.868167,47.051617,34.55131,0.0,16.021223,35.305355,0.0,5.1862955,38.84543,18.344675,42.480114,12.805919,22.495932,0.0,0.0,0.0,0.0,6.865228,0.0,28.521267,0.0,0.0,0.0,0.0,0.0,20.29402,0.0,3.6672647,0.0,0.0,25.39032,36.03283,47.46756,32.88489,0.0,24.510975,18.367851,51.969276,21.239302,30.152317,24.07494,0.0,10.525502,0.0,18.438425,2.6712556,14.654918,0.0
C13x13_C13x14,10.802983,7.075698,0.0,9.098287,50.97503,9.934564,5.4603324,0.0,29.616718,26.03839,26.03839,0.0,33.7943,37.87787,18.449905,6.761645,45.505997,13.477644,5.5772557,30.93433,8.598695,43.285744,19.744963,25.374563,8.698397,23.60559,12.301391,8.698397,32.079308,19.07695,0.0,21.40382,14.440768,0.0,11.445688,10.459167,0.0,11.449393,36.494736,41.18989,49.59528,7.6757574,20.57033,8.089933,6.2672296,13.182173,14.36987,11.876286,10.407817,5.7204466,0.0,35.055656,38.21413,13.5727625,0.0,23.508713,12.373986,0.0,43.517742,2.9840517,15.86208,14.187475,73.93931,44.247574,39.934025,17.614347,50.485832,0.0,20.209063,82.11723,37.4581,4.722376,8.591921,20.957186,4.722376,54.47875,22.423607,37.46231,11.499565,16.256893,29.577894,20.914728,38.091198,0.0,0.0,32.8584,23.798698,15.52795,11.388623,50.60416,13.070593,70.92287,0.0,18.745003,0.0,30.544119,33.296104,24.11572,31.212946,24.76913,15.554045,13.595575,42.93728,0.0,24.536705,17.457827,18.088158,42.548313,17.88183,0.0,16.621634,0.0,5.7412553,4.0596805,13.004501,18.391142,5.6433454,7.4159408,27.386915,17.426182,24.093882,0.0,61.284744,34.568146,36.29115,33.04378,18.60295,11.459605,15.419749,22.081501,0.0,38.07457,34.64709,25.094213,0.0,19.134367,29.720774,13.8698845,48.50942,7.623302,8.936242,17.84941,18.2765,9.698322,0.0,13.341349,32.891712,67.79523,26.93457,0.0,0.0,37.752857,12.144853,42.688915,38.459953,0.0,0.0,0.0,10.422407,5.2930694,13.087857,17.758379,7.0693645,22.69942,21.926977,25.50063,35.89635,25.99903,0.0,25.56007,0.0,21.631887,52.870667,43.69609,8.035764,23.640099,25.953287,26.150612,10.410196,0.0,0.0,34.15615,13.597092,39.353413,54.33449,21.62981,21.62981,65.624054,13.348599,31.083176,0.0,0.0,21.58324,66.9178,0.0,0.0,15.956769,24.242214,19.308407,14.825501,14.052693,19.260788,22.055584,39.250523,15.17389,18.860727,0.0,0.0,15.501979,0.0,43.390877,19.35023,0.0,22.553951,22.98009,11.315277,29.653008,35.4035,0.0,23.25498,7.56534,0.0,0.0,0.0,0.0,6.522783,0.0,0.0,0.0,52.610714,0.0,10.17773,15.853275,10.817647,22.589111,5.2497277,18.337584,6.5505223,2.6076725,12.9235735,12.30407,18.206078,16.206099,0.0,0.0,23.628393,25.223032,7.22499,16.551502,26.02328,23.680658,0.0,16.895332,12.537174,31.493622,11.101975,13.597086,0.0,24.732267,23.396004,45.908627,13.336548,5.067026,11.310729,11.7340355,16.126925,4.466081,14.783585,15.903191,11.759284,10.532891,22.95029,8.560933,15.238283,9.970163,0.0,11.445688,2.275875,23.143759,88.76551,18.421272,32.58504,36.604984,21.868523,28.906837,18.524994,24.952057,37.307735,66.815216,52.714405,53.416615,37.990646,25.0921,55.583984,23.508713,14.237775,12.272874,10.347191,31.209082,13.874595,24.613195,0.0,26.073637,41.355255,25.68449,13.567346,9.38126,27.302351,20.957186,25.002037,33.926308,44.074337,4.1543894,28.897327,30.716467,15.618918,30.255943,75.68385,33.82382,25.807411,3.9066093,16.843191,81.494995,51.502457,13.807709,0.0,27.822514,8.27288,13.938508,16.128115,0.0,18.940378,12.251173,2.1241262,9.475509,28.890614,30.15789,16.58742,29.7395,0.0,49.84364,25.836834,31.333078,30.620028,29.194519,26.313745,49.813847,27.20213,48.5008,21.67546,43.279606,0.0,10.586777,43.77119,37.189068,46.747322,11.85993,63.3988,81.403046,8.538137,10.584452,63.666626,98.811745,0.0,31.461206,26.482655,13.971421,35.22369,23.46219,21.736092,0.0,0.0,0.0,20.93044,20.720947,18.332808,12.365834,16.333868,35.27125,44.543564,58.081867,6.5566053,27.63777,24.496485,5.8293266,0.0,24.309052,15.526319,11.243736,38.444218,16.665905,16.524193,5.6287146,12.717193,13.308875,26.481535,0.0,29.765066,13.302286,11.283139,15.948052,23.141674,9.222144,6.2573185,6.0476613,12.537174,0.0,21.62981,16.70321,19.542969,4.5044546,12.03207,27.622835,22.663095,0.0,24.242214,18.296112,12.876941,33.170246,53.29658,58.21,30.211662,11.917666,46.79791,37.297367,0.0,16.843128,5.4794283,17.122063,0.0,13.186307,17.15144,38.293194,17.113585,16.644032,0.0,0.0,54.11293,13.807709,14.283752,36.621727,51.157017,66.61279,20.599993,0.0,0.0,10.508939,33.932472,60.013824,12.430646,7.863269,58.04356,11.963245,0.0,29.07959,2.6076725,9.148056,0.0,7.8295617,18.669254,16.71467,25.862873,52.959503,60.532448,7.2738867,0.0,0.0,0.0,0.0,0.0,0.0,0.0,0.0,0.0,8.447666,8.82188,0.0,14.756309,47.30292,8.041749,22.07413,17.627438,0.0,41.647842,9.473482,28.684584,28.52722,10.656813,6.607545,24.637081,0.0,14.460831,46.704117,0.0
C13x13_C14x13,7.039284,7.039284,0.0,17.432135,20.492933,8.236883,14.490692,0.0,50.09816,46.61543,52.91932,0.0,36.29767,35.814404,21.764711,12.386617,57.604176,7.3696804,15.459517,10.001253,5.3849792,49.83783,13.903273,0.0,15.12482,22.60759,24.282297,16.842302,31.959635,37.6569,0.0,18.038734,19.374992,7.9595246,15.157482,14.2165985,0.0,23.522387,34.941944,43.68695,49.396317,0.0,39.86577,0.0,0.0,28.855324,23.016512,23.016512,23.016512,0.0,13.8754835,31.44612,33.77556,0.0,0.0,0.0,16.634493,5.870647,12.571636,3.8218114,13.063619,12.249072,86.601036,42.194298,24.45193,26.281742,55.53487,10.20944,16.372427,94.62339,26.397112,7.2535467,23.947601,18.107166,7.2535467,58.6594,0.0,29.345528,15.689729,7.7538424,29.345528,20.750422,28.389338,18.023714,0.0,43.873142,18.198597,17.855139,3.8168774,26.96944,11.533914,21.34887,15.637277,29.77838,0.0,35.438885,38.0641,7.729529,12.736933,22.629257,22.411188,16.879457,43.00956,11.470497,18.067297,27.921368,11.36134,53.18654,21.249859,11.470497,14.09152,0.0,9.736556,4.5883303,9.982925,10.72877,5.364385,0.0,16.00388,19.45478,5.6304846,0.0,15.183189,5.6304846,64.300514,28.064938,21.955814,20.70022,24.094175,20.431322,8.203271,32.92339,19.968319,0.0,0.0,32.796803,56.233505,28.292675,31.434917,11.536212,12.158513,16.06669,30.811838,16.975876,0.0,23.280338,46.827114,64.546364,39.34813,0.0,0.0,49.562237,16.759243,27.831394,34.89164,0.0,0.0,0.0,17.348518,15.573364,14.602329,0.0,0.0,0.0,0.0,37.727345,49.98411,21.394062,0.0,12.970376,15.964193,41.661106,48.491753,30.392515,0.0,17.693832,35.78817,12.759569,7.997142,0.0,0.0,28.268831,17.71767,58.11615,37.80831,23.6966,23.6966,84.15189,22.373245,30.753357,0.0,12.4839525,31.926231,19.289452,0.0,0.0,31.497822,15.642346,33.02477,16.007147,7.2941246,5.535312,23.238773,54.65767,29.726397,0.0,0.0,0.0,30.512896,13.072528,34.583538,37.07017,17.78915,37.202538,43.30217,12.528559,23.662216,38.873703,0.0,16.170715,11.193977,0.0,0.0,0.0,0.0,6.483494,4.902274,0.0,14.756815,61.104694,33.54053,0.0,0.0,19.971306,18.046112,10.164804,23.642439,12.260845,0.0,25.177656,8.543118,14.675865,18.53957,0.0,0.0,16.547735,35.78609,11.142392,33.561684,39.866768,24.179537,9.933299,24.329357,17.63296,20.524012,19.574015,17.390505,0.0,23.185137,9.935102,32.30985,0.0,0.0,17.123625,11.443659,16.62741,0.0,14.155651,17.597788,12.215329,14.37476,22.242924,9.56627,19.29784,12.258607,0.0,9.822787,10.123592,21.953451,123.081924,20.40794,17.893242,42.986954,30.444489,23.120955,13.241141,9.843821,34.575516,30.59308,47.332535,41.06545,27.5773,30.397305,21.542818,0.0,5.953652,2.4025974,21.518578,14.167375,18.812977,32.111256,0.0,28.342546,40.073944,26.35924,24.415894,23.678576,26.21185,46.248447,32.501682,0.0,40.404907,5.947163,31.50928,42.805645,22.359062,43.097866,48.491753,16.547735,24.50636,0.0,17.698242,71.805214,41.31059,0.0,0.0,15.642346,5.406699,16.759243,12.036651,13.250323,10.127462,16.430185,7.8803883,15.371167,20.761946,30.534863,15.047101,32.31688,0.0,35.200737,14.048892,26.31918,29.325472,23.476734,19.809832,48.88129,27.120493,45.14736,15.406467,40.315693,0.0,22.243864,20.76823,20.0666,50.674446,15.881251,36.65098,23.629812,17.34791,36.91076,44.34021,110.84249,0.0,28.470034,31.34591,17.718058,55.01391,17.882006,17.683306,0.0,0.0,0.0,25.69619,33.603516,31.134918,22.64455,0.0,36.390194,46.11975,28.144976,14.619866,12.861066,22.575256,3.1017945,0.0,24.24003,16.759243,9.530214,35.48487,10.7432375,15.147024,0.0,14.117869,13.842275,39.10367,0.0,37.93616,12.945657,19.619184,26.971807,32.697468,14.19593,4.556047,0.0,17.364414,0.0,31.987858,23.916946,26.648848,0.0,20.019503,36.635956,6.851773,0.0,32.850758,40.993702,9.270623,27.01309,55.724346,56.72412,24.834848,9.473045,42.922596,38.83479,16.465816,16.170715,11.193977,7.9319954,0.0,14.675865,12.897701,11.331216,0.0,22.112831,14.431287,0.0,55.076736,0.0,10.358753,53.196438,36.0162,35.562675,0.0,0.0,0.0,24.52169,28.661983,49.0195,20.091713,10.381879,37.80884,15.906046,0.0,25.947445,0.0,27.139912,0.0,12.6426325,8.542031,22.708298,24.573902,52.73023,58.10227,13.250121,6.839363,0.0,0.0,0.0,9.359713,0.0,6.798046,14.404465,10.557685,12.164679,16.646496,0.0,20.832108,55.765163,0.0,5.2098804,27.55167,0.0,28.35355,12.6426325,18.869026,52.502277,17.384,0.0,21.22994,7.751666,23.929258,55.45506,0.0
C13x14_C13x15,0.0,13.091562,0.0,0.0,37.752094,11.280414,8.21166,0.0,25.621883,31.896042,47.4993,20.320972,56.47168,0.0,10.893696,15.95026,49.53066,0.0,10.788215,25.977646,10.717466,22.48726,10.703265,23.284784,4.3735805,14.480331,7.3657675,4.3735805,20.495565,20.670946,5.6258016,23.901566,16.448568,5.6258016,10.575861,13.503787,0.0,11.448198,38.11268,33.944336,53.94496,12.625064,18.02056,9.974937,9.738136,17.664902,11.596895,9.520707,9.520707,10.612285,14.378838,47.86919,0.0,22.220385,17.085863,41.19341,4.782218,0.0,36.67457,9.336394,18.26117,30.732086,39.818306,13.042602,91.32446,7.744322,80.38497,11.206272,21.407114,61.855633,29.441437,7.3313875,6.791667,11.150265,6.8003273,45.979385,25.744894,29.00179,18.640701,14.026122,20.527912,14.515427,33.16126,12.531011,0.0,24.799923,21.064005,21.553783,20.459839,53.151245,23.481524,39.02522,13.833522,26.00543,13.833522,46.053757,8.063003,23.25346,29.653263,24.11686,24.178658,35.050026,59.61865,8.428627,18.426517,13.780422,14.528557,35.067295,15.999449,5.959939,5.672087,0.0,9.824343,0.0,12.683171,21.325743,0.0,16.11106,30.687899,9.645839,23.961275,0.0,60.947453,23.961275,44.014328,8.935359,23.373344,10.049344,0.0,12.73613,12.6603775,29.894608,13.143723,21.281464,0.0,0.0,24.545408,13.077051,67.239204,6.449944,11.632801,6.2265983,19.694971,0.0,0.0,0.0,36.085278,72.03199,22.22285,9.910298,0.0,26.283726,13.759354,36.53202,53.066704,0.0,0.0,0.0,9.499443,9.344935,15.726777,19.021004,0.0,27.28498,22.083906,24.031858,18.436205,24.02273,0.0,13.004275,0.0,34.956547,26.98543,22.154238,13.155597,10.680968,41.85627,5.218433,13.915431,0.0,0.0,23.93041,17.230528,23.837492,29.03575,19.63862,27.773203,30.859749,19.861599,39.41419,0.0,3.6882977,16.522211,83.0502,11.567191,6.1257906,7.983219,8.145155,16.755909,9.462874,17.014208,14.55317,19.440287,10.758863,11.310535,39.261738,0.0,0.0,5.0712595,0.0,43.53658,11.987847,10.436533,18.076605,10.297028,8.769684,16.03723,66.52664,8.163218,16.261496,0.0,2.846612,0.0,0.0,0.0,5.0171003,5.289477,2.4543288,0.0,45.385723,3.3422275,9.386496,20.321589,15.287709,12.752013,0.0,36.527336,6.0412736,0.0,2.7073665,16.115156,0.0,18.948751,0.0,0.0,12.534436,20.629435,14.70826,11.370215,25.354956,11.147779,9.396143,9.914909,20.897,24.885698,20.807766,25.4842,3.564589,22.60683,19.274075,48.987934,39.30737,3.5871344,27.030561,10.416644,13.534594,15.34591,11.204001,18.361107,10.907078,29.45938,23.55686,16.417173,26.00543,17.66367,8.0038,10.575861,23.800053,19.619482,91.791725,33.778763,49.232224,62.69511,25.656286,47.903362,30.46993,17.395306,36.06061,62.534378,54.99496,55.202568,37.495243,36.475452,50.52114,31.42437,7.400675,12.426288,24.470606,18.532534,21.958527,20.252056,0.0,15.738563,29.416143,18.336655,8.189517,10.051063,30.68702,13.76361,22.926933,19.37718,25.366432,3.0202322,22.449684,21.713085,0.0,29.01713,68.542076,30.319769,30.384197,5.797247,0.0,40.643276,55.44983,15.14254,0.0,9.674028,5.672087,15.791454,19.527012,0.0,20.647762,27.01668,5.5535083,8.778631,36.16164,23.968796,19.17865,32.51621,0.0,65.37975,35.244984,40.56168,11.600491,40.690662,29.073645,42.433952,36.761055,67.189316,29.721373,34.7447,11.977961,23.457117,30.133327,26.208889,23.415422,10.08918,60.182617,41.499847,13.706328,20.847404,77.13194,117.755264,0.0,29.304771,15.99582,10.748611,17.219625,19.624748,20.35455,0.0,0.0,0.0,36.138588,35.81778,34.224674,25.627604,27.081858,36.372124,52.666553,64.463394,0.0,47.5603,18.75233,12.547135,13.905182,15.389983,17.590343,40.763588,26.592539,35.268337,11.160694,5.3513036,15.588039,14.699305,26.865742,0.0,37.940166,16.78293,4.7402053,6.1140785,9.222597,9.576079,4.777788,6.2130985,25.593493,0.0,46.726757,28.989338,8.210277,10.130239,26.27304,24.831955,15.46554,0.0,16.755909,10.436533,7.309919,47.857845,59.301308,40.260468,41.151043,20.062206,44.906334,41.86297,0.0,13.721961,4.785013,13.14378,5.989016,11.515188,15.794449,33.92523,15.006913,17.543291,9.285615,0.0,40.647087,15.14254,22.596231,29.381245,46.559277,57.4339,28.213615,14.203735,15.287709,11.24911,46.140358,78.1061,12.286913,11.331756,45.529568,0.0,7.863614,63.021652,0.0,10.436533,0.0,3.564589,10.469025,17.171907,13.249192,41.14613,32.671318,7.9080477,0.0,0.0,0.0,0.0,11.25505,3.470945,12.6255865,15.154156,0.0,0.0,17.63996,8.299476,20.97345,72.99422,15.202089,15.597305,30.520521,8.385477,12.290324,0.0,18.157318,14.049319,14.431085,0.0,18.025867,8.733073,21.331327,36.869663,0.0
C13x14_C14x14,13.547331,12.319779,13.547331,8.503978,24.561913,7.1694317,8.834889,0.0,33.58033,42.18704,41.464222,0.0,44.898003,14.258123,12.660551,9.130572,24.317966,0.0,0.0,21.79728,13.176747,22.815248,9.366226,11.740723,7.231967,10.990714,11.018977,7.9436607,13.933637,18.81358,5.551131,17.178862,14.94394,5.551131,11.274953,8.775449,0.0,12.93316,28.9279,30.703236,33.34714,4.7729816,34.571976,17.563005,4.0962105,36.80212,18.799564,18.799564,18.799564,3.4666057,13.531166,36.333187,36.426624,33.4464,0.0,34.4063,6.223161,1.2135437,23.37045,8.986324,23.791508,23.975965,86.57769,41.814037,38.56761,27.443356,48.078224,4.7536407,9.544059,64.84781,26.621634,3.4908721,14.548952,18.683754,5.0097885,57.838627,33.56259,25.900133,20.007404,13.746328,22.032982,15.579672,35.696003,12.07518,0.0,32.50703,17.076883,16.845383,5.642532,29.910807,24.778156,16.845383,12.879111,26.158884,12.879111,34.582325,34.671253,18.213814,13.031946,4.8372865,38.727478,41.323605,97.046616,5.5574083,18.851685,11.743512,15.081013,34.987198,16.607834,3.9296813,17.872404,0.0,13.658396,7.1750445,15.679142,13.005058,4.9390783,8.223025,18.847034,11.147489,9.777657,0.0,24.602098,14.028271,27.110115,31.498123,23.764809,12.881926,12.517497,20.372404,12.288142,85.3089,33.080334,17.378057,0.0,16.05498,24.694187,8.685963,45.809425,10.665221,17.509836,17.014484,22.71324,8.213445,0.0,12.900456,27.260735,47.576218,30.711533,10.439772,0.0,30.719114,13.689843,30.914598,53.95304,0.0,0.0,0.0,9.099805,11.903597,11.995887,16.927711,10.833182,30.158697,13.851527,18.942049,35.992092,18.907688,0.0,13.582452,13.320855,53.888294,52.363796,19.486807,19.801968,22.450037,48.55551,24.78944,15.864431,0.0,0.0,33.04009,21.144575,17.567415,50.282177,22.422625,32.17895,45.05928,25.009312,11.421978,0.0,2.23412,7.528243,83.70811,0.0,0.0,8.2948475,20.085697,18.842258,11.427284,0.0,19.770845,15.134812,39.57812,12.215812,31.649847,0.0,0.0,25.827454,0.0,52.154613,34.23969,9.3907585,26.016428,25.280424,12.189749,26.903994,43.610966,7.525875,20.260057,7.2036924,0.0,0.0,0.0,0.0,4.647554,5.968386,0.0,0.0,68.58605,4.191156,9.701655,21.52657,16.37715,21.375088,0.0,24.306772,6.244115,3.9960294,10.486358,16.050629,14.6167145,20.329231,0.0,0.0,22.616827,17.432518,6.8870335,23.535505,56.23853,21.807682,8.100761,18.306314,29.78175,28.939226,19.65836,19.242868,0.0,17.302792,15.735054,47.05289,50.410294,4.01896,19.692783,7.7946706,8.679564,10.952894,10.971073,15.859288,6.7671485,21.196985,17.573793,14.323852,18.743805,11.789563,11.387958,8.198235,17.88373,14.523917,98.64157,14.863056,28.488136,64.43657,30.335224,54.701103,34.401173,11.256672,29.916485,57.896965,48.000656,51.1964,32.201744,23.828539,48.84721,32.657124,8.461489,23.823479,7.290949,21.99088,8.039288,23.641075,0.0,17.97265,29.761528,21.405148,12.89431,8.2178755,19.238075,27.792564,22.433393,23.90552,31.056133,3.5256438,31.33663,21.038343,0.0,31.740696,71.60986,30.929531,23.410868,5.2485566,14.759018,54.456425,27.073835,0.0,0.0,20.085697,8.705563,13.035273,28.681705,4.8948097,5.7148795,28.76537,4.9873815,8.421466,28.864998,16.013798,7.574436,29.26039,0.0,50.153206,25.614738,32.955338,8.273571,30.46987,26.42751,33.52694,33.364815,52.229485,22.558815,30.433908,0.0,8.81519,29.810638,15.513187,39.511852,11.74079,34.033237,19.499205,15.654715,21.270767,80.57858,126.22704,8.721772,23.529984,17.416851,17.238909,26.774313,8.110694,9.938276,0.0,0.0,0.0,30.57975,31.298311,28.58575,21.405148,23.90552,32.681442,28.389856,34.622955,4.3072586,18.088478,11.015558,17.90946,0.0,25.827969,25.497988,32.478817,52.631977,14.819062,17.916018,6.7298636,16.127148,16.938179,27.155436,0.0,39.507614,17.064018,5.444068,16.59203,12.616611,23.206877,4.4961247,7.4875836,34.70226,0.0,60.295498,39.619774,9.946704,0.0,32.261723,30.314833,10.865349,0.0,20.085697,20.958792,11.288607,36.5821,37.51002,45.291603,32.91853,31.986925,39.326126,33.98312,0.0,10.864451,7.2036924,11.793654,0.0,9.408388,11.456207,27.508219,11.881273,15.546502,6.41732,0.0,23.060692,7.422956,10.850652,24.909708,35.61824,49.15712,14.523917,13.447174,13.443486,9.389313,30.70681,85.79041,11.808804,8.177854,53.76139,11.002175,0.0,38.845768,2.7844744,11.273447,0.0,6.749959,14.412963,13.532271,7.7671423,52.756863,62.136093,0.0,2.077616,8.420283,12.478877,6.2450514,10.034953,0.0,11.881273,12.722457,0.0,7.945974,37.38274,6.3059745,20.11001,55.58986,13.266218,4.514652,19.824764,10.8356085,39.209015,6.749959,26.495468,30.5498,17.081976,10.1254835,20.594357,9.842104,34.768635,58.233223,0.0
C13x15_C13x16,6.577587,7.295883,9.5739155,0.0,23.991428,18.105993,0.0,4.02129,22.734077,42.42318,58.928543,31.28647,37.189655,0.0,6.3702784,11.337311,67.98306,20.817295,23.667334,22.523752,7.8477225,35.00123,15.778248,52.81222,5.7098064,35.626102,5.235526,5.7098064,50.0779,14.2786665,8.267142,26.008814,11.6915045,13.873704,14.165098,16.936073,11.220512,22.432129,22.432129,29.43122,38.74029,22.065145,32.506954,17.993605,16.578588,33.03841,7.271421,0.0,13.536361,19.143305,14.341613,18.694775,12.085816,8.145247,0.0,38.190548,4.1463914,2.0430932,54.97495,12.814016,18.654816,35.4522,40.136566,14.250545,60.56077,15.541487,57.425274,14.054595,11.882876,19.699533,10.283697,9.478569,0.0,8.316117,8.533441,57.436485,22.051247,9.154708,30.802305,20.869453,0.0,20.026442,50.163265,21.626417,18.22479,18.22479,26.400059,25.657635,9.268424,25.284578,19.494436,30.721594,12.821468,7.6401305,7.6401305,16.713217,10.804776,15.651577,33.92075,13.870364,13.671602,53.217896,49.81829,17.253105,28.699253,9.795009,23.3039,60.54448,17.253105,12.199788,12.058503,0.0,6.626405,0.0,8.554651,14.383965,0.0,10.866721,20.698631,0.0,36.326134,18.118301,40.138294,38.13425,55.03412,10.522827,11.325826,3.2463934,4.5910935,7.750813,13.894459,30.16991,11.708994,16.96141,0.0,5.8885503,21.224865,0.0,59.15575,8.033906,3.1295228,4.4258137,16.646074,0.0,0.0,0.0,59.74266,60.25837,23.314606,11.400159,0.0,30.235079,15.778002,38.66609,62.905758,0.0,8.152806,0.0,8.963458,5.3880386,4.4100685,11.6412115,13.137209,76.63698,34.28513,10.428935,11.9407625,18.048706,15.818539,14.538026,11.598444,29.495312,18.293098,0.0,5.587216,10.432318,13.687404,5.1811304,6.6966662,0.0,0.0,15.9751425,17.185545,0.0,22.056858,34.118343,15.596555,27.853672,11.887961,31.326717,0.0,0.0,17.414791,63.98385,6.9234266,13.28469,5.6744056,9.762994,12.269651,11.062369,0.0,14.118045,0.0,11.959714,5.189981,49.66939,0.0,5.074515,8.969103,0.0,50.004265,19.812756,10.768921,18.652317,8.476463,5.6743965,12.553663,68.32252,9.892669,8.336647,0.0,0.0,0.0,26.3597,0.0,0.0,5.1826854,3.760481,0.0,30.064362,14.123534,6.6718426,31.56666,9.569325,9.222622,0.0,41.108192,4.294087,8.488345,1.9243733,14.7561035,5.3610325,13.894406,0.0,7.551481,8.910808,38.26973,10.454509,15.083161,23.447666,9.1000805,10.798594,15.64502,12.858371,18.18448,19.391987,22.434584,5.8026047,36.38045,16.659157,70.3191,58.29553,11.283383,20.282103,15.121481,14.288191,16.216671,22.9342,23.721497,7.704654,19.62146,30.584372,24.408175,18.132294,15.271519,9.522625,19.620378,19.649733,20.244331,102.871506,26.802927,26.01925,51.190514,53.764034,49.196507,17.102928,12.681259,34.429497,22.179306,55.01169,20.496016,17.262308,30.073816,22.211264,11.519118,5.548957,40.58806,21.217085,12.509915,23.886835,16.321232,12.335376,11.272525,26.274931,19.888008,13.338106,13.796827,29.441376,13.870125,28.042938,24.526308,28.687134,0.0,19.464855,20.514477,0.0,40.58464,57.8338,44.297375,44.511044,15.039882,0.0,28.655876,29.213879,25.30418,0.0,10.829147,5.8484397,12.380094,15.498046,7.83222,8.956714,52.863617,15.374162,20.717638,28.128414,26.234823,35.86903,21.864996,12.385448,34.118343,33.927242,41.94503,8.777375,41.16306,22.564007,46.2252,35.120926,58.779327,45.02159,37.171013,12.083199,21.928131,29.992641,47.97255,15.083801,8.007236,40.90333,24.423618,32.325424,17.226078,46.581127,84.60263,0.0,28.794409,17.252533,9.684879,15.295621,29.326958,29.646242,7.3146634,15.5500555,11.862046,39.168087,43.901203,14.065033,20.788157,25.183374,26.633783,42.73965,8.947801,21.75599,35.05415,10.901812,7.3191547,11.775473,10.330055,11.109829,23.15824,18.029947,18.684267,8.553759,0.0,19.137533,10.847062,23.991774,7.0979576,32.012802,24.51997,6.188443,9.244338,10.780642,0.0,4.1578526,13.030418,55.180855,0.0,66.93159,48.476612,17.218998,17.21897,38.09412,25.721851,26.535118,9.993785,13.865249,10.768921,29.121788,48.577774,72.7989,57.980553,38.85393,23.192099,39.734486,74.41136,0.0,12.199595,0.0,15.1120405,10.846905,7.765882,13.18219,26.49901,18.44606,15.229554,15.646585,0.0,61.165825,20.27953,31.424217,37.625366,40.96536,54.667225,20.244331,18.426538,9.569325,17.04862,31.801153,85.55555,26.262423,10.842195,29.00569,0.0,22.485264,53.733788,6.6422486,13.111701,0.0,5.8026047,10.180161,20.262596,11.238133,39.270042,28.02423,9.169514,3.193575,11.660961,13.82193,16.973349,26.67333,5.318123,18.44606,9.227237,20.642937,0.0,0.0,10.90823,28.796867,28.178753,25.508438,13.785294,33.36534,13.650272,11.692148,0.0,14.544483,8.961745,12.408708,9.851435,18.9392,17.259186,20.579178,32.023647,0.0
C13x15_C14x15,11.13678,6.826265,0.0,0.0,43.661114,9.78284,10.316047,0.0,43.186684,39.504055,37.770782,19.028084,65.712234,0.0,7.0373926,15.762395,60.117363,10.921633,28.976065,25.312408,19.10206,15.492813,9.434494,10.91095,5.497222,9.082331,7.279012,4.468899,10.311734,20.42748,15.480016,20.281841,16.254835,15.480016,11.493904,18.18256,0.0,24.682346,29.665905,31.624811,42.09066,21.02911,28.44862,16.614891,18.742678,29.941563,11.116849,5.00533,12.435241,21.685366,16.0021,20.965874,16.80305,27.001091,14.421567,23.845228,4.6597543,2.625485,13.8912,13.223283,15.733891,19.149828,39.712143,18.65802,54.747578,14.090821,50.321682,8.589229,16.352425,42.454647,25.853159,12.395248,2.356485,12.435768,3.7407815,68.396095,0.0,23.20219,18.77427,11.988829,19.06062,0.0,50.35919,23.439655,18.461693,24.612875,27.531813,24.138273,10.116424,20.907177,33.123974,38.256046,13.798469,12.283926,13.798469,22.136766,14.489121,16.207443,24.052147,17.857603,44.552517,54.0678,72.58563,20.49454,27.863354,13.618116,15.004292,41.304348,15.233141,12.968981,10.349841,0.0,0.0,0.0,0.0,12.626953,0.0,8.928603,17.857206,16.079023,24.010809,13.255954,49.41618,20.780344,54.383793,14.63001,10.344979,10.761634,6.3830504,13.306314,15.616066,45.04132,16.397694,18.342361,0.0,8.18692,20.43063,12.31872,68.039085,19.555246,0.0,0.0,38.485756,0.0,0.0,14.203317,51.550137,88.844124,29.416101,19.935114,17.415262,35.67142,21.082397,38.672314,66.649826,0.0,9.088964,0.0,8.71608,6.596609,8.028778,18.79697,23.270046,40.092983,25.751703,20.606194,18.790213,21.018616,10.221301,15.242967,15.975283,48.1818,28.578089,12.867204,18.521347,14.504171,40.95695,7.970182,9.866829,0.0,0.0,23.221191,28.74709,23.563257,30.215075,38.685196,37.405293,40.881237,37.893898,48.646606,8.849441,12.649006,24.580772,22.282715,22.584616,12.154367,7.8891916,9.680115,17.895945,9.225226,7.921264,22.540058,10.207525,16.627731,10.107101,29.335106,0.0,0.0,6.1262646,0.0,51.67879,15.5068655,9.58252,16.964487,10.062152,5.423174,17.524778,43.556107,15.288191,16.053408,0.0,0.0,0.0,10.805335,2.5602467,4.9580083,3.456269,4.721675,0.0,36.318264,18.42145,9.27594,28.134338,4.8316355,13.615632,0.0,33.092712,5.970119,7.3908153,0.0,15.25025,7.4535055,17.01101,0.0,0.0,13.140212,14.393162,14.535026,12.575057,33.189564,12.082957,11.506999,30.234762,42.79147,25.380915,38.729347,35.011337,0.0,20.085924,18.419193,52.34803,41.39267,7.125896,20.056013,11.79021,9.771855,19.161245,16.254496,23.457067,7.6187687,18.709423,29.377771,24.136091,17.294123,14.422139,15.204508,19.401667,19.572184,19.742544,105.02578,14.255725,27.352205,50.572357,45.41194,50.40492,34.06751,10.422432,29.301428,28.6105,44.92457,26.446218,28.309645,29.66908,29.929836,35.126904,4.61041,42.118996,23.843964,14.058764,21.396212,19.834673,0.0,12.227094,27.952923,14.300596,13.316365,9.793674,29.901184,20.643927,22.33982,17.324156,32.238876,0.0,21.87479,23.9824,0.0,42.78971,73.13288,33.626514,51.95694,12.670339,12.83305,32.444202,41.579437,13.67209,0.0,15.648443,4.6285896,21.552439,25.936413,13.905756,5.074979,39.47687,9.83292,7.4491687,31.668837,11.826318,16.27418,24.52122,12.676785,39.5095,20.079891,33.69926,9.8436775,29.828798,25.231049,39.760822,36.033085,35.65808,21.940351,35.577885,11.404266,25.03651,26.394268,20.548885,18.072939,8.441727,51.26654,29.954878,32.25356,28.929256,55.32158,114.1244,7.996384,32.77479,20.710436,7.682681,18.845316,14.256185,14.047533,5.2129936,11.082169,8.45381,24.003216,27.086325,19.523592,12.979608,15.723872,26.407684,33.64465,15.044368,7.7442923,18.602499,14.035696,9.069493,10.296249,13.299581,14.764344,29.5352,20.531176,26.045824,9.766387,5.467931,13.517091,10.255999,14.345098,0.0,20.20776,12.174933,5.958039,7.599091,7.4355297,13.728635,5.5440087,6.348508,26.989567,8.903393,32.13012,24.69296,8.389213,19.244017,25.307417,24.987715,16.235432,0.0,15.307164,9.157932,8.457504,38.245636,42.031517,38.722214,28.646376,38.875633,47.126904,33.105804,12.72314,17.957245,3.9956346,16.22428,8.064081,8.337446,13.515922,31.967274,14.698562,14.426663,11.305742,0.0,17.925499,0.0,32.302227,38.536575,38.01689,57.217995,28.390585,19.768528,4.3657336,9.787424,41.09891,98.612404,16.059113,10.046344,29.518045,0.0,13.321458,55.61689,7.6437087,12.882851,0.0,0.0,19.469324,7.543158,6.6433625,37.996727,26.711208,12.192905,2.3972766,0.0,0.0,0.0,34.57096,7.4615393,19.77532,18.311312,9.419694,7.996384,19.330015,13.551763,33.74465,49.24232,32.732967,6.7967157,14.497557,10.941726,15.674869,0.0,20.221365,13.302834,18.690113,23.643822,16.040674,19.257473,43.48749,51.662777,0.0
C13x16_C13x17,14.323145,0.0,0.0,5.012204,0.0,0.0,0.0,4.4829993,15.509833,30.22565,41.985386,22.290974,65.39238,33.2439,0.0,3.0792127,87.94556,25.81605,18.206875,15.257899,9.485103,21.6696,6.365776,29.837797,29.23509,18.903625,10.914013,19.44808,51.251476,15.348116,10.949692,28.430258,15.485202,10.949692,17.902199,22.431545,13.255215,22.955,12.469863,12.88402,25.99826,47.180298,25.253378,18.505209,18.895687,29.387892,16.0068,0.0,23.187122,22.637033,11.899781,15.798335,8.604931,4.9861956,0.0,23.378733,2.914112,1.2809688,42.82229,11.359065,24.081541,19.828854,25.987074,13.088534,40.100033,35.059925,61.46288,0.0,0.0,18.263622,6.790559,19.30188,10.941494,10.568033,8.467069,64.42186,22.273096,10.385759,12.271254,6.135627,6.135627,0.0,47.735397,31.231054,47.535095,16.231802,25.871534,12.470434,17.357992,16.753695,10.254635,20.953856,9.15467,4.4802155,7.5836487,7.759961,4.4802155,7.5836487,37.486633,6.205931,22.96948,39.54908,38.016304,36.858337,43.50953,13.931142,28.143147,62.301956,13.931142,28.466263,0.0,0.0,4.9276156,0.0,4.9276156,15.091499,0.0,10.419458,21.342602,0.0,28.393316,29.008808,20.077106,29.008808,20.233772,6.716482,6.716482,5.025078,7.1065335,9.862206,14.385563,26.054743,9.031678,13.083105,0.0,8.473235,8.473235,13.556642,76.57103,10.39184,3.057401,1.3673114,27.009157,12.078861,3.787161,0.0,62.471863,126.15245,27.06064,0.0,13.53032,25.627901,17.04847,30.551743,45.449436,0.0,11.662252,0.0,0.0,0.0,0.0,11.303187,15.985121,100.50034,28.484476,8.755041,15.695289,24.1725,17.877085,17.877085,9.1181965,41.555454,23.557543,0.0,0.0,10.492035,11.937273,4.8616986,6.166646,0.0,0.0,15.557383,19.26254,22.292658,12.0833435,50.1005,17.088428,42.765503,25.010803,71.828445,0.0,0.0,0.0,53.06117,8.863171,19.119614,0.0,13.367622,17.658747,0.0,5.5549197,0.0,0.0,1.052032,13.588758,27.989624,4.0002103,5.6571517,0.0,0.0,25.544397,14.574387,16.644861,16.644861,23.539387,5.328848,13.508448,40.4916,22.121805,10.826219,0.0,0.0,12.777645,63.744724,18.509438,4.1922455,7.0962024,8.566244,0.0,35.336067,11.623551,4.1830792,18.7073,9.929093,11.905949,0.0,22.0433,6.924222,9.792329,13.743063,17.074617,5.4670534,15.631661,4.2092566,0.0,22.862577,24.92071,7.4562707,20.864994,22.979618,9.712064,6.867466,0.0,22.62921,10.1200905,25.393547,33.29494,7.4893227,25.421057,10.440927,63.171288,37.06149,22.853508,19.221052,31.128674,27.966053,35.732117,45.979965,22.425932,8.862622,5.4595985,50.44578,31.086683,14.787025,12.112002,17.587952,19.311735,23.236197,29.356182,74.36711,0.0,0.0,50.486073,37.44435,35.1887,15.975877,14.115509,34.594902,5.285842,48.84029,14.316414,21.69553,34.591995,22.496681,7.0515456,11.974819,56.615982,14.144101,21.360992,26.35472,16.50201,18.542543,12.437154,13.958112,21.94275,20.091448,15.752108,34.165047,22.714426,31.692347,27.04579,15.457395,0.0,28.28096,21.765106,0.0,23.159008,37.165924,36.069504,20.38293,39.29095,0.0,31.795967,15.696808,26.761265,0.0,10.157471,8.53488,11.718681,6.510036,26.35472,7.042557,19.920881,42.605946,11.993105,17.528511,14.676075,20.065563,11.76872,6.928568,20.928967,18.921745,28.562778,0.0,22.843271,16.313723,34.423786,24.80101,43.25078,41.97485,43.217445,8.620537,25.90453,24.42787,48.37102,16.136845,8.566244,50.985302,10.160196,46.577717,53.977676,60.5833,96.9906,0.0,29.57336,19.549553,10.888726,29.002739,30.080389,22.92465,7.962561,15.023932,0.0,24.265865,53.21645,22.174767,19.29094,25.99451,17.960587,38.271427,11.511141,23.5076,67.20337,0.0,8.673281,15.361252,5.359579,17.04847,24.528694,26.775658,24.463083,12.329376,0.0,13.76428,12.129676,18.145077,4.2092566,27.234503,26.431067,0.0,16.536083,8.44657,0.0,0.0,17.760303,25.957556,10.260351,30.993208,45.855633,0.0,13.668244,39.816364,69.38272,24.488844,16.167835,14.072367,0.0,32.515682,47.523266,76.51535,61.271725,44.22974,25.023914,26.374716,80.288704,8.9887,18.32551,0.0,15.198547,14.473494,9.254066,14.068696,34.124973,33.118263,34.098675,19.684397,0.0,13.243738,22.767405,21.247047,29.14638,46.452457,58.70855,56.455513,0.0,0.0,6.924222,38.11481,118.553,34.50213,16.556158,27.906155,9.467763,7.6818814,80.76185,28.709518,36.411575,0.0,4.111345,16.545918,0.0,0.0,47.602615,31.980778,25.130762,11.392485,10.243955,32.29669,24.189194,30.04605,11.091639,35.364666,0.0,7.6818814,0.0,0.0,18.994446,52.83856,22.458185,22.481598,18.177551,18.14853,28.071344,1.6541649,10.591502,9.418733,18.749716,12.231811,10.968597,0.0,19.245811,32.00928,43.109196,0.0
C13x16_C14x16,8.255266,4.64278,0.0,3.2644284,0.0,0.0,0.0,0.0,37.51355,35.65605,44.866653,31.08564,47.303974,0.0,6.7956023,8.217133,81.96424,10.050853,15.104602,18.437605,12.692303,25.158012,23.460209,25.280361,21.600126,19.031588,30.654472,1.7008382,21.530945,22.405262,12.727229,15.041777,24.228024,14.300236,14.081046,13.153921,19.966196,17.482685,20.750462,20.493414,35.866493,36.473053,35.16931,15.915485,25.729628,22.067266,27.38438,0.0,17.41113,29.119978,10.669649,17.961931,0.0,0.0,0.0,0.0,3.4180195,2.433549,19.66163,29.068256,29.121511,36.908913,28.897444,35.210888,29.037977,24.81072,24.731258,0.0,0.0,21.044514,19.624311,17.62525,4.8944983,13.269484,9.312799,52.7392,17.752596,11.133962,17.317698,10.348073,9.163969,9.49115,52.933758,24.209799,32.472637,41.017197,22.269127,14.69009,6.4569106,21.443241,22.10617,20.39771,7.0567503,6.9485865,6.2805176,8.526858,11.955825,6.7277126,12.683443,2.3075924,26.533043,36.443764,36.48634,35.303085,47.977108,37.1764,39.320396,75.46778,20.807089,21.942823,5.7426124,5.822848,10.693794,0.0,9.906475,4.679271,3.668637,5.4788547,12.069927,7.8749385,39.85147,19.684061,57.929462,19.684061,53.119663,17.91746,10.413421,0.0,0.0,26.31811,11.088912,24.273787,18.787271,10.200019,4.6647415,22.611525,31.878027,6.984213,46.675724,13.288915,0.0,0.0,29.35627,10.071028,10.106351,0.0,54.259087,143.17513,26.730614,10.360435,9.762813,29.402008,16.255524,21.678478,49.562946,0.0,18.509855,0.0,11.078684,0.0,0.0,31.140373,21.434584,50.799786,23.018646,13.90102,39.388046,21.384628,15.857922,9.59075,16.733421,49.180344,52.343285,0.0,0.0,19.087463,16.95075,14.087294,9.696585,0.0,0.0,37.50547,25.815815,11.419008,31.565245,14.138708,21.727034,28.59863,27.019123,74.47443,0.0,0.0,0.0,69.80052,0.0,21.43904,0.0,5.225614,19.774435,11.41995,2.1744175,14.039495,7.662471,0.0,32.61071,51.89076,0.0,0.0,8.633502,0.0,28.167309,4.720743,17.963966,28.596153,30.43526,12.236961,28.90056,36.376293,17.047016,28.881725,0.0,0.0,15.801637,32.07719,6.79558,11.187352,2.7777371,6.603171,0.0,33.493412,22.072075,11.162892,22.660578,12.958816,30.041803,5.1892614,21.930943,18.477856,12.718702,23.394354,18.355936,13.897681,17.573135,11.232749,11.94467,37.90403,26.83948,7.9243393,14.122094,21.082417,0.0,10.866272,18.303928,25.75824,27.414833,27.28103,16.908176,9.901417,27.25242,11.864947,79.27976,71.24428,15.794631,16.567741,21.303318,19.328037,24.687723,31.7779,15.499122,10.867308,8.855056,35.060966,21.484783,10.219683,16.873056,16.511965,20.709799,16.059116,26.015663,103.67489,15.203699,13.482818,71.58125,60.01092,54.302284,20.773985,12.544173,29.555325,10.885759,41.973824,12.234665,20.742504,24.793083,19.22544,0.0,10.458211,55.260677,7.923525,15.175718,30.91197,15.756817,15.963218,13.896253,16.371744,25.737083,16.773645,18.475958,40.072857,22.061928,37.172577,32.375843,18.130281,0.0,16.04558,27.026535,0.0,46.59613,67.22363,48.679527,50.673824,16.230299,0.0,23.542498,19.200445,25.337446,0.0,17.890648,9.675063,16.221586,7.4444337,20.290445,0.0,17.120134,26.383274,11.471831,17.020283,14.038187,19.193426,11.257199,11.395132,19.597033,18.174873,23.338552,0.0,22.277487,15.604657,23.949192,23.966768,32.496918,23.532417,24.16119,14.226394,39.019733,36.949043,37.392757,16.507982,8.775013,39.729332,6.8690963,41.901386,51.93752,53.61685,98.28892,4.9949555,20.619686,25.439842,16.641752,24.41185,19.953465,8.041243,7.9289346,9.107575,0.0,23.807356,33.342888,32.19747,28.01019,35.235287,16.504372,20.801664,3.600444,17.600458,40.98189,0.0,7.8112597,6.3112392,3.7175372,16.255524,12.498457,11.552707,9.453121,9.519329,0.0,17.459948,11.093413,22.891878,6.5283437,30.42131,22.029383,0.0,21.445662,8.4185295,0.0,0.0,6.684529,24.34049,18.834017,27.73658,38.57425,0.0,29.587757,39.61257,39.933918,17.478937,22.816713,12.410931,21.049324,12.97839,25.454636,40.977955,28.43398,17.653967,30.942087,25.00423,31.60629,9.9968,15.680518,0.0,10.363,12.388307,10.581012,14.433175,28.418308,20.578922,19.063242,17.705065,0.0,35.24724,19.901634,20.192503,25.799465,36.334965,49.097603,30.338041,20.083046,9.742563,7.212995,35.92544,129.55536,14.437996,2.9463859,35.223606,9.876308,15.167568,33.58452,7.620363,20.356295,0.0,6.138416,10.992847,0.0,12.046489,32.235874,28.523506,36.577496,12.426925,9.7276745,19.718645,14.502782,27.57246,10.623623,35.99405,8.125423,17.645037,0.0,0.0,9.013706,34.053864,26.740747,31.97997,7.2796044,17.800184,21.64905,0.0,16.77537,25.134663,38.575333,17.601645,14.021609,18.930271,14.835366,34.52914,37.85262,0.0
C13x17_C14x17,16.14772,0.0,12.377295,6.453481,6.345223,5.695894,4.2620535,0.0,25.985994,17.88655,32.273003,20.247543,35.003304,31.513767,0.0,0.0,73.5197,7.3228464,21.125175,9.173675,8.44135,19.382626,17.899101,18.483593,18.738554,17.996424,13.0010195,8.670436,22.100834,22.301615,19.680397,27.88096,20.141829,21.23338,17.555466,22.992975,12.510524,37.245083,0.0,20.320587,39.208652,33.284996,34.36125,19.69094,39.51928,31.272442,22.591911,0.0,20.27129,32.338417,13.100223,17.201538,12.426776,17.81359,7.3387837,16.231642,0.0,0.0,37.813644,12.53822,16.404387,19.021809,26.048971,17.472511,24.840729,25.18338,29.70206,0.0,0.0,20.676012,19.093493,15.777985,19.164665,20.7542,21.329208,77.87292,24.62837,0.0,0.0,0.0,0.0,0.0,37.787518,24.711437,30.346905,23.441092,14.638848,13.058504,15.861458,4.3705935,11.998313,21.19757,14.608051,5.1524596,13.876479,8.182951,5.911547,16.212149,16.032654,0.0,36.77316,33.887962,41.189545,35.10978,27.537882,17.082838,30.402987,60.909607,15.409557,18.008612,10.256675,10.256675,17.604305,4.2322035,12.07313,4.933599,7.2525644,5.4599895,10.950404,11.218907,24.007856,13.3713045,28.41692,12.646252,22.114859,0.0,0.0,0.0,0.0,15.072908,14.471901,26.897844,13.727941,0.0,0.0,0.0,7.675374,24.241175,88.407845,29.547586,0.0,0.0,19.268877,7.938329,3.268769,16.239853,68.02809,158.56645,18.735495,3.8807538,7.290056,23.956745,23.956745,27.636417,64.41763,0.0,12.004632,3.930411,28.608849,0.0,0.0,17.563488,25.00484,77.66225,29.17,15.371112,24.02224,17.032764,10.375188,12.664013,15.023493,65.08716,37.208256,0.0,0.0,14.257367,17.26683,9.273314,13.20226,0.0,0.0,24.140614,34.368584,18.247807,15.623043,21.042969,22.242266,33.482605,38.550625,60.723953,0.0,0.0,3.404063,42.105286,12.662956,0.0,0.0,20.896706,15.688727,9.475766,0.0,0.0,0.0,0.0,22.252861,26.259363,0.0,0.0,4.709479,3.1028922,21.915318,12.863912,34.75171,57.66496,32.965218,6.370761,18.802711,52.92357,17.80674,13.582899,0.0,0.0,18.452785,65.79421,0.0,5.8243175,0.0,6.1399555,0.0,47.124912,17.590221,0.0,0.0,23.700037,20.763628,10.542188,25.606644,0.0,0.0,19.465374,15.269142,0.0,13.363835,0.0,0.0,33.904194,15.359359,9.721607,16.037142,39.995403,0.0,19.67087,0.0,21.685148,12.3967085,45.574783,37.536846,15.637019,10.420324,4.893253,95.20591,36.336315,0.0,26.11823,16.024513,7.4774227,30.336056,35.9042,0.0,26.66583,5.0277405,49.267788,8.857318,24.88668,33.51184,27.86371,42.333496,28.852976,69.28532,77.179245,12.857591,13.764396,65.261696,61.287033,51.99844,24.897861,17.139648,31.028582,5.1425157,37.333736,25.454805,34.276867,36.101425,21.863972,7.060108,19.585789,28.946772,15.041213,25.160753,23.970127,15.00104,21.84095,11.378103,0.0,10.194286,22.949781,0.0,32.887066,25.612041,26.430466,17.518658,0.0,2.2168038,31.993847,30.412897,0.0,33.589767,56.592033,51.566708,24.19955,23.727058,0.0,28.590158,13.230466,14.736565,0.0,12.070144,13.543896,9.626489,10.330697,18.98651,6.470312,0.0,22.219128,0.0,17.159918,0.0,21.44541,0.0,0.0,21.625914,12.646494,33.416206,0.0,27.64868,5.833454,38.62108,26.027308,51.50485,46.931263,45.6315,13.823125,31.692572,19.801628,28.96342,27.926777,7.003114,46.79514,9.229859,51.446293,47.97447,84.52865,132.19012,0.0,31.491625,23.956745,16.355515,31.376707,31.808979,19.395166,16.119646,10.365248,2.407036,18.93362,34.480915,24.55243,10.502171,18.04775,4.3967586,12.716429,3.7631352,0.0,37.921177,2.407036,13.242208,21.228567,9.600344,23.956745,28.291336,26.532808,30.579174,18.493992,0.0,18.09742,12.426614,20.937601,0.0,32.430435,29.55064,0.0,47.51324,12.586765,0.0,0.0,0.0,33.417667,13.005217,16.4801,35.211353,0.0,29.804352,40.589886,43.44038,19.278858,0.0,21.998386,0.0,0.0,44.919643,55.573364,46.26246,9.046542,40.062664,25.285063,34.51891,21.255108,19.762083,0.0,9.962405,0.0,9.94691,21.830914,8.683192,17.606415,26.456139,11.571127,0.0,10.730648,0.0,16.750734,32.047585,46.309902,57.717834,31.728922,13.89319,9.961207,0.0,43.09826,134.5343,1.786089,13.482319,36.814888,15.589796,8.150466,83.2555,0.0,55.46778,0.0,15.373426,21.519894,0.0,0.0,37.09216,32.38884,64.11129,15.43492,10.256393,32.58958,12.917933,53.547184,11.970522,69.682144,22.846615,0.0,0.0,9.481876,17.125973,52.888294,41.748272,0.0,5.6659784,16.176071,23.91136,0.0,14.833162,4.2142177,27.900732,25.612217,7.214173,15.137163,4.4425993,34.670185,53.968113,0.0
C13x19_C13x20,61.476723,0.0,0.0,0.0,43.677914,8.010561,0.0,0.0,0.0,35.191784,56.411526,68.33473,86.08044,0.0,32.92135,12.596643,140.97456,0.0,0.0,23.6526,0.0,0.0,41.167515,0.0,37.97798,29.56825,20.907911,0.0,0.0,17.901066,0.0,11.825152,8.361646,0.0,0.0,0.0,0.0,33.440495,47.292004,23.379765,0.0,0.0,5.399371,0.0,11.302338,13.34242,9.434516,0.0,0.0,0.0,0.0,20.926193,14.797052,30.158243,0.0,21.325096,20.770016,0.0,35.140285,67.212425,0.0,57.3715,0.0,7.9667606,0.0,13.153403,0.0,19.895937,0.0,0.0,49.778572,0.0,0.0,17.46335,0.0,49.282253,0.0,18.387789,0.0,12.7372465,0.0,22.838629,105.16959,0.0,0.0,31.849592,0.0,0.0,28.761076,0.0,0.0,17.374306,0.0,0.0,0.0,31.380299,22.18922,0.0,0.0,0.0,29.167034,80.395164,56.847965,37.62205,44.175232,11.17186,0.0,68.25876,18.92732,0.0,0.0,0.0,46.856388,40.84182,0.0,0.0,0.0,40.84182,108.730034,0.0,0.0,0.0,49.86184,0.0,29.569395,31.439323,0.0,66.859665,22.401602,18.031784,0.0,33.83427,14.274099,0.0,0.0,10.683812,24.945812,0.0,155.2223,0.0,9.505763,7.934843,9.459778,0.0,3.136007,16.321222,0.0,31.964445,37.75777,0.0,17.368538,28.15567,0.0,24.15659,45.30076,59.32502,26.580061,0.0,64.61196,0.0,44.91396,23.938255,0.0,86.64123,0.0,50.367645,22.731789,0.0,0.0,0.0,0.0,23.752909,0.0,0.0,15.113808,21.727331,0.0,9.932392,0.0,16.302221,0.0,24.443008,0.0,0.0,14.663558,14.663558,0.0,25.904026,37.52873,25.873228,0.0,27.114859,0.0,102.299965,29.508242,0.0,0.0,0.0,14.40639,0.0,47.249065,0.0,27.083958,16.838604,13.567652,45.47831,12.224455,0.0,0.0,0.0,61.943836,0.0,0.0,30.328209,25.316175,35.73825,26.410372,55.713943,0.0,13.708687,12.0890665,0.0,18.064575,84.11255,0.0,15.980784,0.0,0.0,14.125447,37.62506,0.0,0.0,63.56463,0.0,25.745237,0.0,35.312572,13.775247,0.0,28.513199,44.328815,0.0,0.0,4.0955157,0.0,19.840355,25.602154,15.815583,0.0,19.842716,0.0,0.0,0.0,39.252647,32.765762,29.070532,53.675083,0.0,28.563501,32.441044,85.260765,54.18304,29.75065,47.935604,50.212536,39.54517,36.525387,37.62205,34.10347,78.675934,25.175125,68.78615,20.85581,47.922466,17.458447,77.18455,18.0588,30.828032,54.675804,103.71972,0.0,0.0,71.392166,46.105694,68.8351,65.342064,73.5284,51.881737,35.75949,53.959454,37.59289,24.798492,17.482187,42.28448,0.0,41.73239,41.029358,17.376911,17.7041,24.718386,6.859238,15.220193,27.96458,10.944792,18.224771,45.9947,16.742928,17.001587,20.457472,27.867693,18.745914,12.008123,11.275084,14.945462,0.0,12.271458,19.302845,27.950819,22.594028,31.357298,16.489578,0.0,20.633247,55.245342,22.95255,16.566761,0.0,0.0,0.0,0.0,0.0,13.828749,34.327686,62.95262,19.481142,46.337784,15.109193,19.212364,22.331427,17.287989,20.737404,0.0,34.56763,0.0,40.18334,0.0,34.375317,37.349907,0.0,28.0585,35.80248,29.53705,0.0,0.0,46.98255,19.854677,26.38484,68.39337,0.0,24.182003,14.639441,42.649353,118.58334,0.0,61.144444,17.368538,70.59216,53.211693,0.0,0.0,0.0,0.0,0.0,0.0,37.06137,17.360083,22.874584,53.802723,0.0,0.0,0.0,29.814144,59.022682,18.754063,0.0,20.885849,38.058384,20.807117,17.639137,26.463263,36.4758,18.78998,0.0,0.0,0.0,0.0,0.0,0.0,0.0,4.576704,41.797897,26.515497,61.811497,0.0,0.0,0.0,0.0,0.0,0.0,0.0,0.0,0.0,0.0,0.0,0.0,0.0,0.0,0.0,0.0,0.0,0.0,0.0,0.0,0.0,0.0,29.57086,0.0,0.0,0.0,0.0,0.0,0.0,0.0,0.0,0.0,0.0,0.0,65.06229,35.477417,30.189262,40.745327,20.65098,37.710636,0.0,41.69176,33.349148,0.0,0.0,47.72243,0.0,0.0,21.594242,0.0,0.0,86.45773,13.775247,25.316175,0.0,20.676073,44.592064,16.502436,12.155985,77.75992,49.806206,71.702446,0.0,0.0,0.0,0.0,34.20824,0.0,22.594028,76.895485,33.527603,55.003582,0.0,45.9947,112.65881,0.0,10.552374,0.0,0.0,72.90975,0.0,11.937336,0.0,24.30702,0.0,0.0,0.0,0.0,33.83666,58.74211,0.0
C13x19_C14x19,89.09288,0.0,0.0,29.728811,17.727335,0.0,0.0,28.098402,29.392857,23.682018,21.480679,0.0,42.635925,0.0,15.523695,0.0,108.39841,16.624796,17.420738,20.789145,12.212113,30.33075,65.31071,0.0,13.975878,0.0,0.0,21.447079,30.33075,0.0,0.0,0.0,0.0,0.0,0.0,0.0,25.366974,0.0,0.0,67.15808,32.211193,5.853075,6.218308,0.0,5.284385,0.0,0.0,0.0,0.0,13.087873,15.053419,0.0,0.0,16.10866,0.0,17.193583,25.430464,0.0,28.391916,38.1803,35.99843,81.44734,0.0,0.0,0.0,27.488323,0.0,13.935952,0.0,11.307036,24.347254,8.352907,5.9063973,5.9063973,10.230181,63.333576,16.857777,0.0,0.0,0.0,0.0,0.0,100.16241,18.413946,0.0,0.0,0.0,8.717996,14.709748,0.0,8.717996,13.449473,13.765962,0.0,19.468008,0.0,0.0,0.0,18.176779,9.898317,35.29283,73.08017,70.91038,28.374714,49.930607,0.0,9.899122,66.265396,9.899122,9.899122,0.0,0.0,6.138409,22.253128,18.65166,0.0,19.699783,24.12826,14.244151,14.252345,5.163023,0.0,63.751064,0.0,28.83691,0.0,0.0,49.75001,0.0,0.0,8.622378,50.37726,0.0,0.0,0.0,0.0,39.95885,11.057943,236.94742,19.15292,9.376388,0.0,15.466968,0.0,0.0,16.389683,46.176476,48.060543,29.88822,35.002033,0.0,25.711733,50.52029,46.640713,48.54372,0.0,0.0,0.0,46.96464,0.0,12.047056,0.0,23.524988,94.51488,0.0,40.635227,0.0,0.0,0.0,0.0,0.0,22.79048,0.0,0.0,0.0,0.0,0.0,0.0,0.0,0.0,20.672209,0.0,20.458502,9.097118,0.0,18.042156,15.756671,24.854437,44.521408,12.669743,0.0,19.171267,0.0,89.50704,17.787186,17.072098,0.0,17.802237,0.0,0.0,20.802181,17.06721,25.986559,0.0,0.0,98.03016,0.0,19.509754,8.440132,0.0,69.38623,0.0,14.608754,30.038021,0.0,0.0,0.0,52.38128,8.782748,0.0,0.0,7.499931,0.0,78.95149,0.0,0.0,7.1584616,2.9999642,0.0,26.000069,21.069998,0.0,68.34289,17.918022,0.0,14.285237,33.359047,0.0,12.922484,0.0,36.11587,0.0,20.509224,0.0,5.6814356,0.0,46.101974,0.0,8.823361,17.036446,0.0,2.9158928,8.421158,33.159534,0.0,31.978672,55.388683,17.209768,26.062864,38.336567,120.871605,141.8967,52.45101,49.991238,56.044373,45.48642,29.166824,36.20751,44.82298,74.70302,20.572239,72.633446,18.200663,45.71569,9.6834545,73.4023,46.89385,32.094837,48.51454,121.015755,7.880869,0.0,79.42,36.60195,52.38128,36.96993,44.174812,24.361425,17.182844,74.69792,38.183773,8.08805,48.226723,33.007076,0.0,35.952316,23.892717,28.930517,5.201001,24.850592,0.0,18.045116,27.319418,0.0,19.14102,50.743626,21.998438,24.113825,17.415226,29.187922,57.714985,0.0,29.840614,42.023552,31.771244,19.053442,30.503347,26.818298,44.962723,38.700184,41.41589,28.24931,21.596788,46.539845,10.078727,27.244701,10.550815,13.188715,15.238519,12.328785,0.0,0.0,27.843063,32.486862,0.0,0.0,0.0,0.0,0.0,0.0,0.0,0.0,0.0,0.0,0.0,0.0,0.0,0.0,0.0,0.0,0.0,5.051416,14.5979185,0.0,70.21154,0.0,27.873549,54.86742,38.912926,28.566687,17.293865,18.205784,129.47197,0.0,134.56299,59.478386,94.9918,75.66805,0.0,0.0,0.0,0.0,0.0,19.222553,27.63437,10.163871,28.462778,28.771135,0.0,0.0,0.0,49.39966,73.33006,0.0,0.0,5.051416,18.188864,10.77526,8.780377,14.376708,16.718206,0.0,0.0,0.0,0.0,0.0,0.0,0.0,0.0,20.133142,32.061096,23.310997,65.88153,6.615944,7.4607997,20.273085,11.263962,9.097118,11.811722,0.0,17.208963,17.720943,14.608754,0.0,0.0,0.0,0.0,10.551165,28.670471,15.201296,10.792991,7.7507443,24.337149,23.510942,11.054589,25.757359,0.0,0.0,0.0,0.0,0.0,0.0,0.0,0.0,0.0,0.0,0.0,20.562025,39.029522,41.721405,37.737602,24.957308,66.083435,0.0,26.301271,28.488222,19.739422,17.03279,68.77974,0.0,24.478025,26.000069,33.424435,0.0,99.1927,24.69983,21.24009,0.0,51.411934,54.733173,12.922484,32.081207,70.90702,36.56014,51.039444,0.0,0.0,0.0,0.0,37.63034,35.164856,44.962723,34.73734,21.310474,50.153458,0.0,44.52598,115.20336,34.475388,0.0,0.0,11.765045,52.15659,0.0,0.0,0.0,0.0,14.266737,16.082382,13.708222,5.480604,35.294403,41.94906,0.0
C13x20_C13x21,25.406525,0.0,0.0,0.0,49.28572,14.302598,7.4433556,0.0,0.0,28.461565,37.344505,45.237682,36.405815,49.109047,0.0,8.690202,129.50175,0.0,0.0,0.0,0.0,44.10753,41.43429,44.10753,31.151861,38.8436,18.868078,0.0,71.766304,29.149916,0.0,32.709866,23.12937,0.0,0.0,0.0,14.976107,22.634485,32.009995,0.0,58.893707,0.0,3.5475948,0.0,5.305231,3.3257802,0.0,0.0,3.3257802,0.0,0.0,30.000444,10.004284,35.52572,0.0,27.275814,0.0,0.0,51.661182,57.049366,0.0,31.003353,0.0,9.165247,0.0,15.132145,0.0,13.478413,0.0,22.567066,21.199337,18.842236,12.4904175,31.511772,0.0,43.233692,0.0,21.737642,0.0,30.700407,0.0,17.724888,84.79467,0.0,0.0,25.679243,19.398918,1.8994688,0.0,2.0740342,0.0,56.051434,0.0,0.0,12.229737,11.46507,0.0,11.46507,0.0,41.199688,26.767654,67.66918,47.849335,11.832559,49.15855,9.648276,16.386187,82.65871,52.277958,0.0,0.0,34.946575,30.765009,0.0,34.946575,22.463139,0.0,20.572483,42.858166,0.0,7.1943593,0.0,85.59648,0.0,46.36752,8.361873,0.0,74.057465,35.736526,29.5762,0.0,57.69434,24.709383,16.294231,0.0,26.807833,62.594048,10.2366905,140.34236,0.0,9.561552,0.0,0.0,0.0,21.084698,24.066542,10.306377,11.884806,15.7456045,8.652805,7.055503,24.087183,8.995123,17.98692,24.491432,48.51571,40.33814,26.413666,30.485138,0.0,18.39462,26.772123,0.0,97.449265,0.0,35.647327,7.4859796,34.252045,0.0,0.0,0.0,27.463486,8.540746,0.0,17.531464,25.178082,0.0,17.171564,0.0,15.385702,0.0,8.282411,0.0,7.8325586,8.911972,8.911972,0.0,26.249825,26.932352,35.282322,0.0,0.0,0.0,91.11753,37.259296,0.0,5.5995445,0.0,0.0,0.0,0.0,0.0,14.749313,14.591937,18.924332,35.081535,2.9291472,0.0,0.0,0.0,65.35275,0.0,0.0,34.4059,20.355831,20.455065,6.1880918,27.71862,0.0,29.966938,15.79893,0.0,8.941406,62.220425,0.0,15.775841,0.0,0.0,22.179659,44.575176,0.0,22.458857,93.9861,0.0,20.804424,0.0,38.062027,26.29757,0.0,16.871237,49.32946,14.070032,0.0,8.231307,0.0,27.219797,7.79548,17.2469,0.0,15.249089,6.5308933,0.0,0.0,42.67382,0.0,33.566185,25.84122,0.0,21.046011,22.95991,0.0,4.151918,60.66934,34.942333,42.61482,61.84654,69.13469,26.99088,47.547104,82.44532,18.061182,59.242844,47.613377,13.353677,15.066981,47.19049,53.3602,57.005344,46.96156,43.335762,17.89181,16.998873,65.26903,13.875013,59.090813,45.980034,46.917156,36.751183,42.71896,53.441193,31.584599,29.624748,28.365648,44.888237,0.0,84.82289,56.80607,0.0,0.0,0.0,0.0,0.0,0.0,0.0,0.0,0.0,0.0,0.0,0.0,0.0,0.0,0.0,0.0,0.0,0.0,0.0,12.682712,18.364763,33.382114,20.602951,13.693196,0.0,49.040386,32.74598,21.046011,19.063864,0.0,0.0,0.0,0.0,0.0,23.907759,44.803654,60.970932,37.190376,26.751663,37.912003,19.881111,29.146431,32.645584,12.603431,23.324419,17.542183,7.9189515,22.601501,29.187054,40.53881,26.853954,17.216501,38.494606,28.787493,13.875663,22.57532,9.22044,19.459688,0.0,26.04647,67.83977,50.25166,9.823291,0.0,63.034386,99.756004,32.74598,13.683556,7.055503,20.455065,28.665266,0.0,0.0,0.0,0.0,0.0,20.169003,45.732067,0.0,24.874128,32.695732,0.0,47.062653,42.750008,26.29757,49.729416,0.0,15.508119,10.972582,39.50947,16.046782,40.21296,53.264282,50.520153,32.055813,0.0,0.0,0.0,0.0,0.0,0.0,0.0,9.245045,33.608192,0.0,32.39462,32.19419,0.0,0.0,0.0,0.0,0.0,0.0,0.0,0.0,0.0,6.9135613,0.0,0.0,0.0,9.722893,49.425587,28.815676,21.9671,23.734413,50.709496,60.11973,35.831047,35.304596,12.990688,12.403319,20.221498,0.0,23.254133,10.753653,17.216501,7.192322,21.568611,0.0,10.88454,10.952472,17.92839,30.476587,18.860926,11.816731,19.600023,0.0,14.169036,0.0,0.0,0.0,31.474936,0.0,29.053226,17.033688,0.0,22.181108,97.57499,26.29757,20.355831,0.0,53.493168,44.898724,7.5248857,12.758076,95.95225,59.00643,19.785814,0.0,0.0,0.0,0.0,6.3184147,19.34735,33.382114,34.820976,0.0,19.235222,0.0,69.06638,134.92085,38.934616,9.655885,0.0,45.007404,80.23975,0.0,14.678124,20.638365,28.665266,0.0,0.0,0.0,0.0,26.406961,72.48512,0.0
C13x20_C14x20,0.0,0.0,0.0,0.0,45.39634,13.173909,0.0,0.0,0.0,9.314428,12.5395975,15.189982,44.945972,0.0,0.0,2.1453066,124.60218,0.0,0.0,20.493038,0.0,48.51244,100.40623,48.51244,26.547644,22.739697,16.079393,0.0,0.0,41.086487,0.0,30.852161,21.815773,0.0,0.0,0.0,28.427374,94.450134,32.450207,33.212646,0.0,0.0,0.0,0.0,0.0,0.0,0.0,0.0,0.0,0.0,0.0,0.0,0.0,24.669888,0.0,33.99968,17.995516,0.0,68.85143,42.21696,0.0,47.24101,0.0,9.349544,0.0,15.436426,0.0,20.504536,0.0,20.76864,42.98487,0.0,0.0,29.791824,0.0,82.47926,0.0,18.95784,0.0,22.488722,21.99722,18.96553,102.89617,0.0,0.0,31.161106,0.0,0.0,24.919115,0.0,0.0,34.186436,0.0,0.0,0.0,0.0,0.0,0.0,0.0,15.446576,20.40497,56.24367,39.77028,20.622091,62.27742,16.815268,0.0,80.63682,28.48836,0.0,0.0,15.910432,19.060339,35.38609,49.19359,0.0,0.0,35.38609,19.512411,0.0,0.0,0.0,85.01483,0.0,45.293453,35.583744,0.0,51.676907,43.13679,18.803015,0.0,33.35504,14.285326,0.0,0.0,18.431618,43.03629,0.0,111.61037,0.0,8.305826,6.9332066,8.905692,0.0,18.822784,0.0,18.626726,21.47942,14.154611,7.9851637,6.5111074,16.530144,7.9851637,32.806778,37.831158,39.349476,24.129845,0.0,32.096226,0.0,29.554073,31.73925,0.0,103.76916,31.507263,55.883076,27.055801,0.0,0.0,0.0,0.0,28.281313,23.607552,0.0,0.0,28.43568,0.0,12.96422,0.0,8.866183,0.0,17.42466,0.0,0.0,9.454151,32.82112,0.0,51.032444,35.415222,22.383682,0.0,24.648111,0.0,94.113976,21.668007,9.843387,0.0,0.0,0.0,0.0,29.529037,0.0,24.474764,0.0,19.760607,52.663795,30.806166,0.0,0.0,0.0,61.632843,0.0,0.0,14.939226,12.470372,27.661842,27.257914,46.433193,0.0,23.113707,16.331217,0.0,0.0,25.703236,0.0,18.96891,0.0,0.0,0.0,41.989426,0.0,15.873802,76.12207,0.0,27.518797,0.0,42.39368,10.359656,0.0,10.912044,97.128845,29.414526,0.0,24.55159,0.0,30.209143,32.213234,0.0,0.0,24.992016,10.703602,0.0,0.0,20.76839,17.33621,29.013159,21.330175,0.0,27.849888,20.802317,81.947,78.673065,23.765232,52.888622,47.616787,43.44558,47.53761,36.09026,37.110924,88.71878,27.337358,64.08858,48.805996,20.21209,22.013935,56.89169,44.86817,31.880402,41.229816,40.091267,0.0,0.0,63.704685,30.982037,57.368645,54.56787,59.361137,43.41635,21.128183,58.532436,11.94572,20.105442,40.97834,26.833286,0.0,55.453682,0.0,17.159986,15.339149,8.950295,5.942968,13.18705,19.964544,9.482765,15.79027,39.24692,14.045693,14.438552,11.363928,21.330011,27.815126,10.404055,14.373833,15.736842,9.372225,11.022168,13.879254,28.952087,37.04822,31.322216,24.880552,0.0,0.0,34.43152,23.392017,14.485347,0.0,0.0,0.0,0.0,0.0,22.983063,39.226276,68.07225,14.650766,24.517101,26.066246,35.306587,25.518139,43.566498,13.370189,31.258877,24.642189,0.0,26.521105,33.559883,26.288748,38.54851,33.38612,42.72218,17.63577,31.195938,10.347698,5.891762,60.16131,0.0,31.318336,65.65694,69.515884,15.857753,0.0,31.14684,127.52495,0.0,79.884636,20.956934,66.37004,52.79359,0.0,0.0,0.0,0.0,0.0,16.578583,32.047474,0.0,29.464231,24.522953,0.0,0.0,0.0,18.76752,35.047367,17.047932,22.816664,22.058859,27.213585,7.8001604,36.64647,28.40205,36.2185,37.58619,0.0,0.0,0.0,0.0,0.0,0.0,0.0,0.0,20.589024,0.0,61.86454,26.411018,0.0,0.0,0.0,0.0,0.0,0.0,0.0,0.0,0.0,0.0,0.0,0.0,0.0,0.0,0.0,0.0,0.0,0.0,0.0,0.0,0.0,30.946135,0.0,0.0,0.0,0.0,0.0,0.0,0.0,0.0,0.0,0.0,0.0,19.621927,28.877104,22.519146,0.0,19.752655,34.490635,0.0,61.082787,55.22043,16.306723,18.591934,39.772896,0.0,0.0,17.14211,0.0,56.150967,124.4407,39.943146,69.29655,0.0,30.259844,47.66396,12.410636,51.91963,67.24006,59.38201,37.035534,0.0,0.0,0.0,0.0,29.701288,23.263298,37.04822,55.58564,16.073406,48.69352,0.0,52.27558,83.77909,41.303288,6.096874,0.0,18.725885,114.58958,11.248081,17.470528,23.730421,18.588951,0.0,0.0,0.0,0.0,24.349417,50.627346,0.0
C13x21_C13x22,17.685299,0.0,0.0,11.66295,24.764498,0.0,31.443907,0.0,0.0,43.122692,0.0,0.0,26.34626,68.119446,0.0,0.0,91.26418,25.712248,25.712248,43.681877,0.0,21.00769,58.59431,48.5031,39.629555,18.500568,0.0,0.0,82.28641,0.0,35.9657,20.82368,0.0,0.0,25.964233,20.82368,41.96897,0.0,25.879559,50.35446,64.56118,0.0,0.0,0.0,8.6760645,5.4389114,0.0,0.0,5.4389114,0.0,0.0,17.612509,0.0,15.252399,0.0,8.607393,26.574535,0.0,49.438763,34.955524,29.595707,29.595707,5.999139,0.0,15.081196,12.322121,25.58553,0.0,0.0,0.0,13.987028,0.0,7.2841334,14.72985,0.0,16.495342,0.0,39.4176,19.4926,18.735651,62.18856,30.699244,93.5204,0.0,0.0,0.0,36.871864,54.716713,93.87274,54.716713,0.0,55.86271,0.0,0.0,0.0,0.0,0.0,0.0,0.0,42.24703,46.566376,74.04111,51.2672,0.0,47.697746,0.0,13.297549,77.17173,42.424076,0.0,0.0,0.0,36.24492,0.0,57.362865,57.362865,41.4112,57.362865,0.0,0.0,23.141085,0.0,92.595276,0.0,72.02044,0.0,13.8540535,44.3905,0.0,0.0,0.0,57.45214,0.0,32.713596,0.0,0.0,116.14179,7.9563336,96.64119,0.0,19.269829,0.0,0.0,0.0,0.0,0.0,7.5838394,12.1786,21.171003,9.754547,0.0,29.036339,11.521107,8.694227,21.80741,76.826324,0.0,43.80774,47.518154,17.359688,19.88963,0.0,0.0,103.06676,0.0,18.083534,0.0,18.997261,0.0,13.557602,0.0,22.471733,0.0,9.937392,24.612942,0.0,0.0,0.0,0.0,0.0,21.271418,0.0,0.0,0.0,0.0,0.0,0.0,23.071745,51.27705,33.331287,0.0,0.0,0.0,98.018456,43.930035,37.39801,0.0,0.0,18.213177,0.0,81.22881,0.0,10.788192,0.0,0.0,14.89748,0.0,0.0,0.0,0.0,76.86635,0.0,0.0,20.196136,0.0,0.0,0.0,34.38551,0.0,0.0,0.0,0.0,0.0,65.829285,0.0,0.0,43.62161,0.0,0.0,37.920223,0.0,0.0,137.71172,0.0,0.0,0.0,0.0,0.0,0.0,0.0,48.66304,0.0,20.463741,0.0,11.380148,0.0,32.92954,0.0,0.0,36.726715,0.0,0.0,0.0,10.603315,0.0,20.699177,15.93544,0.0,7.8736415,47.669373,0.0,11.914931,47.381893,38.078396,32.107117,62.06312,66.89289,29.031803,41.66365,85.69559,18.167707,46.68975,36.74091,0.0,24.057434,51.947216,49.712082,37.6334,44.179977,50.370773,12.441021,2.0135837,65.20007,24.04901,62.087704,27.570145,35.05737,47.512665,12.904155,101.57663,0.0,57.610657,57.36621,90.1212,0.0,29.188396,41.042675,37.55154,41.515625,20.50587,9.049441,37.026314,32.227203,35.059757,35.035572,54.698936,46.30907,38.63858,0.0,28.374464,21.907242,40.720303,0.0,23.53695,15.361892,14.143609,1.402516,20.406626,65.036964,11.898279,23.239529,0.0,26.296894,9.402586,0.0,0.0,0.0,0.0,0.0,0.0,0.0,0.0,29.716696,0.0,33.727894,0.0,16.401487,12.896482,28.274092,0.0,0.0,8.910031,17.303408,18.085596,20.3984,31.93778,0.0,28.531656,14.087237,19.563179,11.663217,7.6110764,14.644161,10.117483,17.467394,15.201627,25.958775,65.58649,48.33844,14.218876,0.0,68.46891,86.13784,9.402586,0.0,0.0,0.0,0.0,0.0,0.0,0.0,0.0,0.0,30.915142,21.317228,0.0,13.297618,15.965115,8.073464,58.267,47.346794,58.418423,34.008797,0.0,36.92828,4.824205,30.326918,16.072823,36.633675,57.868874,38.753838,30.01162,18.38249,30.17315,28.028868,22.024902,9.577352,9.937392,31.670982,19.00836,26.662676,0.0,0.0,20.503548,21.65984,10.603315,13.46399,9.075691,9.588624,5.702412,23.746801,12.794823,20.196136,11.512913,16.522455,11.417603,0.0,59.374447,29.06605,47.297485,1.6386368,45.228756,65.09527,70.344025,58.07807,18.395737,14.889812,27.374025,35.57043,23.444324,19.186155,20.912415,14.087237,19.563179,11.663217,23.505589,0.0,0.0,33.83296,17.963976,16.179617,10.124643,19.579317,0.0,4.102501,11.919914,0.0,0.0,31.441683,5.071246,33.35427,21.893253,33.524303,0.0,104.27186,0.0,0.0,0.0,0.0,41.472115,48.227493,19.604414,29.341951,57.9241,0.0,0.0,0.0,0.0,0.0,0.0,0.0,0.0,21.635454,13.830856,4.701293,0.0,0.0,50.22962,24.9423,0.0,25.204874,30.490788,61.648106,0.0,0.0,0.0,0.0,0.0,0.0,0.0,0.0,16.558155,83.290955,69.01788
C13x21_C14x21,32.71676,0.0,0.0,0.0,42.665813,0.0,23.403618,0.0,0.0,0.0,0.0,0.0,42.749584,71.63891,0.0,0.0,85.80885,28.376648,28.376648,0.0,0.0,58.87852,64.99249,58.87852,15.323876,14.579976,0.0,0.0,26.937534,0.0,41.771477,39.159702,0.0,0.0,0.0,39.159702,61.37616,0.0,38.04867,0.0,70.29761,0.0,12.71463,0.0,19.014025,11.919644,0.0,0.0,11.919644,0.0,0.0,8.705438,0.0,42.171783,0.0,37.230904,0.0,0.0,70.12433,34.69017,35.81392,57.07823,15.053698,0.0,15.053698,15.62008,27.458225,11.543599,0.0,14.0548725,18.066633,19.459034,12.899291,32.54331,0.0,42.494724,0.0,29.897371,14.784701,0.0,47.168633,26.243067,111.951256,0.0,0.0,0.0,44.138515,38.229916,91.7851,41.74333,0.0,56.95154,0.0,0.0,0.0,0.0,0.0,0.0,0.0,55.948605,5.1119137,32.98529,5.627956,0.0,40.58044,0.0,11.313333,65.65641,36.093693,0.0,0.0,0.0,28.997658,0.0,72.37275,21.172705,0.0,19.390661,0.0,0.0,21.597574,0.0,86.41917,0.0,61.975967,0.0,0.0,81.003204,0.0,0.0,0.0,32.103107,0.0,18.279703,0.0,0.0,63.192577,17.792648,147.32506,0.0,0.0,0.0,0.0,0.0,0.0,0.0,12.902269,9.025579,38.058376,8.467889,0.0,54.1637,22.03449,20.863035,24.351107,45.71349,0.0,33.206497,31.42827,20.21057,32.21048,0.0,0.0,147.22145,0.0,68.53855,0.0,22.22253,0.0,0.0,0.0,41.84215,0.0,0.0,22.93526,0.0,0.0,0.0,0.0,0.0,21.68875,0.0,0.0,20.545181,0.0,0.0,0.0,37.900375,64.91958,59.165806,0.0,23.734358,23.734358,110.490326,45.97616,49.80016,0.0,0.0,0.0,0.0,99.38021,0.0,16.516312,0.0,0.0,25.455894,0.0,0.0,0.0,0.0,41.919888,0.0,0.0,9.072323,0.0,0.0,0.0,54.25453,0.0,0.0,0.0,0.0,0.0,43.89642,0.0,0.0,0.0,0.0,0.0,40.974472,0.0,0.0,103.30832,0.0,0.0,0.0,28.576525,0.0,0.0,0.0,37.422173,0.0,26.106129,0.0,7.0540276,0.0,43.136147,0.0,0.0,47.184135,0.0,0.0,0.0,0.0,0.0,32.935223,14.599396,0.0,66.93874,49.645416,23.13833,15.872125,50.270603,34.742764,39.596245,45.442642,48.428925,27.73869,35.836174,70.560936,15.589622,59.870323,40.493465,0.0,36.442818,43.18243,53.116962,48.302208,38.912342,102.18882,36.102932,26.541094,102.87471,40.914215,97.96392,66.158485,42.351635,80.35457,15.708261,121.595184,0.0,74.014496,107.87928,50.35792,0.0,36.999687,43.33633,0.0,0.0,0.0,0.0,0.0,0.0,0.0,0.0,0.0,0.0,0.0,0.0,0.0,0.0,0.0,0.0,0.0,0.0,0.0,0.0,27.979738,42.714092,23.117134,11.003984,0.0,16.746998,35.7947,0.0,0.0,0.0,0.0,0.0,0.0,0.0,26.77196,23.934443,40.50698,5.89299,0.0,31.143164,21.935766,22.772541,27.244162,29.055275,30.880913,7.780818,21.60361,15.302025,19.574888,30.842987,34.87085,26.230299,40.043385,5.687321,0.0,18.812239,0.0,16.624588,0.0,30.44064,77.06596,61.664215,15.580738,0.0,44.07588,121.09992,35.7947,0.0,0.0,0.0,0.0,0.0,0.0,0.0,0.0,0.0,23.448792,46.057137,0.0,38.678158,6.229749,0.0,57.485954,44.572796,11.021317,60.13417,59.87883,0.0,0.0,64.17153,39.308266,66.14074,78.80235,61.809357,69.300735,0.0,0.0,0.0,0.0,0.0,0.0,0.0,22.705872,5.9774995,0.0,32.50976,19.576414,0.0,0.0,0.0,0.0,0.0,0.0,0.0,0.0,0.0,9.53824,0.0,0.0,0.0,10.887716,0.0,50.106438,0.0,36.16599,36.217514,34.98593,26.171537,34.367825,29.168354,27.080435,43.03833,31.21907,14.754272,26.866932,26.230299,40.043385,5.687321,33.92984,13.063776,0.0,58.756947,15.785997,0.0,10.072038,30.892859,0.0,28.139097,24.89223,0.0,0.0,29.588573,0.0,35.776165,16.920832,0.0,0.0,128.11307,0.0,0.0,0.0,32.44969,48.884018,8.426383,30.013615,61.184105,44.768314,9.927591,0.0,0.0,0.0,0.0,0.0,0.0,0.0,19.861717,0.0,17.89735,0.0,49.03906,94.16016,22.632431,0.0,69.48412,28.59999,58.19783,0.0,0.0,0.0,0.0,0.0,0.0,0.0,0.0,38.403454,55.999126,0.0
C13x22_C13x23,15.953705,17.02651,0.0,0.0,27.393692,0.0,34.78224,0.0,0.0,13.15145,0.0,0.0,37.64757,72.766396,14.32618,0.0,51.115417,35.498726,35.498726,58.09608,0.0,22.805046,39.107162,41.448597,30.825146,18.672039,0.0,0.0,67.73559,0.0,5.977848,21.668955,0.0,0.0,52.917538,31.46388,0.0,38.957302,25.773434,42.548634,40.39537,7.8977847,18.529974,13.465023,10.351071,5.5137286,0.0,7.726708,8.006076,10.722067,0.0,17.300817,0.0,26.411179,0.0,0.0,16.075062,0.0,60.17672,36.022156,32.057716,32.057716,6.5413637,0.0,11.88905,9.7049465,26.603418,24.821083,24.821083,0.0,15.693989,22.68948,0.0,27.891687,0.0,49.376778,0.0,33.927883,0.0,27.06745,55.578182,56.13567,61.917213,0.0,0.0,0.0,50.16267,44.56742,76.46047,44.56742,0.0,49.34672,0.0,0.0,15.051149,0.0,0.0,0.0,0.0,52.27694,29.508411,54.252213,35.54368,0.0,34.168434,0.0,0.0,46.41515,14.22942,0.0,0.0,0.0,20.513174,27.458183,24.770601,24.770601,51.94326,32.3054,38.428642,0.0,0.0,0.0,38.2974,0.0,118.36414,0.0,31.278637,23.85169,0.0,0.0,0.0,41.71958,0.0,49.084377,0.0,0.0,75.28307,0.0,107.840546,0.0,20.362373,0.0,0.0,0.0,0.0,8.003352,0.0,21.902575,39.504448,21.894932,0.0,33.140274,22.807903,0.0,25.491571,35.533546,24.85732,0.0,33.365032,26.867054,26.867054,0.0,0.0,70.08294,18.15314,19.0199,0.0,19.181595,20.78774,18.141085,0.0,21.16938,0.0,17.562704,39.904255,0.0,0.0,0.0,0.0,0.0,14.225192,0.0,0.0,0.0,0.0,0.0,0.0,49.55983,8.057205,22.470722,0.0,0.0,12.595425,94.296486,15.443121,7.1586266,0.0,32.232433,15.558578,0.0,0.0,0.0,16.727812,0.0,0.0,20.377264,0.0,0.0,0.0,0.0,54.333183,0.0,0.0,9.150892,0.0,0.0,0.0,37.961086,0.0,0.0,0.0,0.0,0.0,54.447968,0.0,0.0,39.11679,0.0,0.0,86.62725,0.0,0.0,72.70843,0.0,0.0,0.0,25.093079,0.0,0.0,0.0,41.16023,0.0,23.189926,0.0,28.575354,0.0,26.956245,0.0,0.0,20.131247,0.0,0.0,0.0,0.0,0.0,14.565672,18.495111,0.0,20.469015,39.02233,0.0,0.0,44.39827,33.9092,21.225805,62.143944,33.334755,16.793814,72.11777,39.810383,30.473124,53.39632,27.687565,20.803823,61.99669,15.2390785,8.262631,49.064365,15.273573,67.103516,0.0,0.0,33.83809,18.254477,29.212803,21.245687,30.926262,47.07099,25.560644,71.20745,17.450102,52.002396,44.663944,69.67678,0.0,37.361416,16.637718,44.940758,31.292742,37.530823,11.531711,17.847591,34.163013,59.97073,26.409939,18.098095,54.054405,36.180912,28.672848,31.472656,30.019445,65.93486,73.75286,27.167265,32.255245,44.41967,39.88527,37.89637,21.752361,20.50902,23.96666,0.0,58.42435,11.540101,0.0,0.0,0.0,0.0,0.0,0.0,0.0,29.596106,29.960957,22.414795,32.74295,0.0,17.395893,14.029408,22.178837,2.3928888,0.0,0.0,17.541431,18.582365,20.678999,32.377117,19.29532,28.924135,12.532632,21.18591,18.067926,20.26222,0.0,0.0,43.159626,22.93889,30.27453,83.8109,61.058697,27.011526,0.0,53.888428,127.026855,0.0,0.0,0.0,0.0,0.0,0.0,0.0,0.0,0.0,0.0,0.0,0.0,0.0,0.0,0.0,18.787697,61.23283,0.0,52.244022,37.583527,17.327335,48.57768,21.267967,46.38879,31.376488,25.272919,58.613525,45.6405,24.861282,23.943602,77.22402,86.41716,32.260574,37.262695,30.605816,51.7379,30.677101,29.82783,0.0,29.085434,27.98735,32.74295,0.0,2.3928888,9.423107,17.541431,19.734854,14.816883,28.924135,18.067926,0.0,0.0,16.788227,0.0,55.635654,0.0,15.861237,46.60016,45.78816,20.954237,53.844635,98.475876,57.7772,33.159546,14.236462,51.38219,34.51004,27.604668,23.685032,18.197704,30.762487,26.235094,33.69609,15.983592,0.0,33.867188,0.0,0.0,0.0,0.0,0.0,0.0,0.0,0.0,0.0,35.050888,8.741287,29.135027,58.877052,34.725643,0.0,133.59476,49.491932,27.310204,0.0,0.0,0.0,22.964462,14.640101,16.662844,17.692923,0.0,0.0,0.0,0.0,0.0,0.0,0.0,0.0,0.0,10.26179,11.540101,0.0,10.238829,25.020416,25.2008,0.0,84.95906,39.909714,21.80492,0.0,0.0,0.0,0.0,0.0,0.0,0.0,0.0,0.0,57.792084,74.03675
C13x22_C14x22,37.077698,0.0,0.0,17.327208,15.823175,0.0,26.470034,0.0,0.0,50.59204,0.0,0.0,37.48141,116.66905,12.295312,0.0,111.02259,44.07631,44.07631,52.09655,0.0,31.042866,34.59149,31.042866,23.395538,24.151596,0.0,0.0,48.57826,0.0,48.212715,17.998724,0.0,0.0,35.997448,0.0,40.3965,0.0,29.68238,55.160526,70.7232,7.651247,17.95154,8.741842,10.027951,0.0,0.0,8.741842,0.0,0.0,0.0,19.387709,0.0,22.075716,0.0,0.0,0.0,0.0,63.221287,22.78236,51.158657,52.593433,0.0,0.0,23.362309,19.088223,39.634586,0.0,0.0,0.0,28.204058,13.788097,0.0,16.949411,0.0,36.448273,0.0,43.65642,0.0,19.104355,30.992502,31.303381,82.38675,0.0,0.0,0.0,0.0,47.527718,98.78291,47.527718,0.0,48.52315,0.0,0.0,0.0,0.0,0.0,0.0,0.0,72.82078,23.41104,65.9868,0.0,0.0,50.571888,0.0,0.0,63.892815,41.919792,0.0,0.0,0.0,0.0,0.0,39.23177,0.0,0.0,0.0,48.10287,0.0,0.0,0.0,37.535366,0.0,86.02322,0.0,28.981754,33.592056,0.0,0.0,0.0,0.0,0.0,0.0,0.0,0.0,96.747345,0.0,105.76306,0.0,0.0,0.0,2.736923,2.3859057,0.0,23.221628,0.0,23.147785,44.91994,23.433908,0.0,37.68333,29.40518,0.0,0.0,27.878061,7.548083,26.922987,0.0,36.406708,37.427757,0.0,0.0,67.41136,0.0,32.511444,0.0,0.0,20.440355,22.391819,0.0,26.56766,0.0,23.160294,6.959242,0.0,0.0,0.0,0.0,0.0,20.737677,0.0,0.0,0.0,0.0,0.0,0.0,39.28679,33.794956,50.858097,0.0,0.0,15.089496,89.33285,33.344673,43.225296,0.0,43.611233,0.0,0.0,116.084305,0.0,34.99412,0.0,0.0,25.963318,0.0,0.0,0.0,19.533485,67.513885,0.0,0.0,5.6068654,0.0,0.0,0.0,0.0,0.0,0.0,0.0,0.0,0.0,78.300446,0.0,0.0,57.64026,0.0,0.0,90.55519,0.0,0.0,89.59565,0.0,0.0,0.0,0.0,0.0,0.0,0.0,42.742123,0.0,42.742123,0.0,25.653439,0.0,37.692997,0.0,0.0,0.0,0.0,0.0,0.0,13.3702755,0.0,0.0,20.689495,0.0,21.954685,41.315304,0.0,0.0,66.4642,32.283306,53.30275,44.244225,43.240448,42.340282,55.344772,62.3286,29.505154,70.628944,52.055023,0.0,39.93904,27.91367,57.03054,64.032974,34.0892,72.66162,0.0,0.0,50.182728,13.532821,43.32332,29.083958,34.613483,43.240448,27.89023,70.628944,0.0,39.93904,53.909058,64.032974,0.0,55.09284,48.333023,28.305016,23.4043,40.554844,20.724213,63.31909,35.720627,35.749702,68.00997,25.415941,36.78866,41.484955,18.626509,48.354286,27.635319,47.89554,61.620968,14.412545,39.207973,42.84938,48.690845,47.560104,65.107056,0.0,0.0,0.0,42.829453,10.541706,0.0,0.0,0.0,0.0,0.0,0.0,0.0,0.0,33.237247,18.772682,39.915012,0.0,22.715336,15.872592,33.237247,2.7072663,0.0,10.219299,19.187454,5.175383,22.531319,31.261593,21.83034,0.0,11.711606,24.38301,20.472233,0.0,17.492886,11.262498,43.74667,14.43213,34.801235,66.71924,38.415417,36.290665,22.735455,54.913036,133.87642,0.0,0.0,0.0,0.0,0.0,0.0,0.0,0.0,0.0,0.0,0.0,0.0,0.0,0.0,0.0,0.0,59.433857,20.124739,53.936523,28.27759,18.308315,6.818335,0.0,39.89198,35.677753,36.960983,60.538258,62.911736,40.840183,62.7929,50.16161,70.8014,43.984215,30.812296,23.423212,48.76602,33.588337,5.647751,0.0,33.85482,14.716479,39.915012,10.201413,4.4420114,12.066492,19.187454,25.442106,16.763525,46.274185,20.472233,0.0,0.0,0.0,0.0,64.453224,27.964346,54.929283,56.88819,65.84458,27.175571,48.40186,50.566566,43.5961,0.0,0.0,0.0,0.0,0.0,0.0,0.0,0.0,0.0,0.0,0.0,0.0,36.325314,0.0,0.0,0.0,0.0,0.0,0.0,0.0,0.0,0.0,48.47468,0.0,52.573795,36.44813,21.170277,0.0,148.79604,0.0,0.0,0.0,0.0,0.0,19.469309,16.786995,18.529163,31.901018,0.0,0.0,0.0,0.0,0.0,0.0,0.0,0.0,0.0,9.733341,31.215403,0.0,13.450635,33.583286,18.408508,0.0,143.45007,0.0,26.581554,0.0,0.0,0.0,0.0,0.0,0.0,0.0,0.0,20.333958,52.597443,53.42093
C13x23_C13x24,32.19591,27.13913,0.0,54.57745,39.32095,0.0,36.52087,0.0,0.0,17.057245,0.0,0.0,80.54687,66.70314,24.926558,0.0,0.0,23.462543,20.320263,41.76643,0.0,41.485413,45.940052,58.530956,43.52922,26.367414,0.0,0.0,53.32778,0.0,20.67466,19.969978,0.0,0.0,48.76849,22.669102,55.0661,26.125027,17.283836,28.533398,34.956352,9.51481,13.25953,0.0,0.0,0.0,0.0,0.0,18.751806,0.0,0.0,28.37073,0.0,0.0,0.0,0.0,32.67756,0.0,26.349619,36.608727,24.031057,26.827404,16.293558,0.0,0.0,0.0,0.0,18.387836,18.387836,14.03476,24.452822,0.0,17.618475,0.0,0.0,49.470158,0.0,47.35651,0.0,42.661484,0.0,31.517206,89.86394,0.0,36.779266,0.0,72.48466,31.520195,0.0,31.520195,37.074512,60.338173,0.0,25.016924,10.605546,10.244063,0.0,22.579992,0.0,36.563103,0.0,72.6574,30.368238,0.0,28.456835,0.0,0.0,45.5141,0.0,0.0,0.0,12.385268,0.0,32.704903,38.79874,38.79874,61.868584,38.79874,37.476315,0.0,0.0,0.0,29.66143,0.0,94.301994,0.0,55.98232,0.0,0.0,0.0,0.0,40.45412,0.0,53.152126,0.0,0.0,74.32422,13.641641,173.61147,0.0,0.0,0.0,0.0,7.595294,0.0,18.44927,21.9217,28.47525,42.939373,19.429659,19.429659,21.3407,19.429659,25.016687,23.32429,0.0,0.0,26.69369,62.733105,13.642144,24.348022,0.0,0.0,66.17287,17.100546,47.992752,0.0,68.466194,28.730257,25.072376,0.0,0.0,0.0,8.509831,0.0,0.0,0.0,0.0,0.0,0.0,0.0,0.0,0.0,11.352433,0.0,22.809595,0.0,66.66448,0.0,18.536573,0.0,0.0,35.176308,77.93791,0.0,0.0,0.0,0.0,0.0,0.0,0.0,0.0,0.0,0.0,0.0,17.342367,0.0,0.0,0.0,0.0,66.14104,0.0,0.0,0.0,0.0,0.0,0.0,61.930508,0.0,0.0,0.0,0.0,0.0,57.3433,0.0,0.0,0.0,0.0,0.0,90.98965,0.0,0.0,47.5633,0.0,0.0,0.0,43.83983,0.0,0.0,0.0,53.951004,0.0,3.1889367,0.0,0.0,0.0,25.44711,0.0,0.0,35.080906,0.0,0.0,0.0,0.0,0.0,0.0,25.673576,0.0,37.98665,29.453331,0.0,0.0,17.848686,29.371851,16.629345,17.284729,16.8286,19.353832,39.301884,15.6144285,19.98389,24.944262,20.216959,10.605546,29.42799,7.740681,20.67466,33.935368,14.424957,80.068115,0.0,0.0,50.96217,0.0,0.0,0.0,39.85125,33.50474,39.78674,49.662544,21.115013,58.589382,41.16202,67.5633,27.364834,38.75188,0.0,8.954705,40.893047,39.362267,0.0,43.846695,5.264526,50.257427,54.50778,16.914015,28.461567,54.312347,0.0,30.86168,15.124725,62.670895,45.92904,57.126785,14.106489,29.897522,28.540783,27.117582,12.307019,14.67568,24.538265,0.0,42.402992,7.926741,0.0,0.0,16.400457,14.202889,22.281092,19.409115,0.0,21.47633,52.27073,9.847205,17.240326,19.010366,16.695591,23.84332,37.962303,19.573896,15.090406,0.0,18.143103,38.941013,25.150785,19.527878,16.535929,17.762814,6.0725613,0.0,13.933292,0.0,34.85977,21.201708,49.916794,0.0,40.36939,66.71012,26.331059,47.592747,90.32757,86.422966,102.04061,0.0,0.0,0.0,0.0,0.0,0.0,0.0,0.0,0.0,0.0,0.0,0.0,0.0,0.0,0.0,0.0,42.766823,13.755139,108.11882,90.53078,47.062737,46.03678,45.22312,42.94965,16.020702,16.724113,77.48437,29.67428,34.686176,61.777134,41.12779,87.97153,59.27456,108.1221,14.8297415,0.0,64.28662,23.002079,0.0,17.92393,33.225353,33.2414,19.010366,19.573896,15.090406,18.143103,38.941013,8.392596,17.762814,13.933292,0.0,0.0,14.3016,0.0,34.86835,38.44824,0.0,0.0,39.4949,15.12183,40.12236,72.80646,33.385883,36.18237,89.77279,77.51592,0.0,43.517124,53.145008,38.35005,17.404755,20.570446,39.23582,0.0,26.722704,34.060104,70.30815,52.81012,0.8428118,49.916794,11.969389,0.0,0.0,0.0,0.0,36.035698,14.67568,27.610264,59.977425,22.549925,0.0,85.11267,44.241314,21.060583,0.0,0.0,0.0,0.0,25.47276,26.575365,28.031408,0.0,0.0,0.0,0.0,0.0,0.0,0.0,0.0,0.0,6.7715583,0.0,0.0,0.0,24.9444,27.507479,0.0,0.0,46.52484,26.636677,0.0,0.0,0.0,0.0,0.0,0.0,0.0,0.0,0.0,42.92431,82.989174
C13x23_C14x23,31.43845,26.500637,0.0,0.0,38.290363,0.0,34.313248,0.0,0.0,20.02668,0.0,0.0,63.880543,81.95631,0.0,0.0,55.531643,39.937183,39.937183,35.44735,0.0,38.91466,7.5501986,38.91466,7.1539807,38.91466,0.0,0.0,55.03364,0.0,16.768658,15.036167,0.0,0.0,30.072334,23.51862,24.631775,38.874977,22.504871,42.45872,46.118477,15.449157,21.839048,24.875736,0.0,12.437868,0.0,24.717688,25.611387,11.045776,0.0,26.285637,0.0,0.0,0.0,0.0,36.896576,7.1838417,34.98389,32.32605,51.35807,34.103012,16.683788,0.0,32.203228,26.825554,29.1378,31.900879,31.900879,13.517056,20.602026,6.6959524,16.968578,12.126279,0.0,76.857605,0.0,59.674034,0.0,32.76739,0.0,24.207703,71.405754,0.0,36.31522,0.0,23.597364,33.52963,72.10807,33.52963,0.0,64.18478,0.0,29.954126,0.0,14.977063,0.0,0.0,0.0,58.25343,0.0,51.49738,79.17145,0.0,33.40064,0.0,0.0,39.738045,0.0,0.0,0.0,19.800247,0.0,11.039605,22.622967,13.096593,20.883867,15.66291,35.12882,0.0,0.0,0.0,48.498722,0.0,93.73846,0.0,58.866623,0.0,0.0,0.0,0.0,91.332184,0.0,0.0,0.0,0.0,125.10705,25.295355,98.44718,0.0,0.0,0.0,0.0,0.0,0.0,0.0,18.885847,22.764364,34.29467,18.674109,9.665705,56.880573,33.097973,19.625605,23.65604,0.0,0.0,13.914958,32.701683,38.019695,25.246004,0.0,0.0,45.48595,11.100452,32.882153,0.0,56.711796,26.4086,21.356,0.0,0.0,0.0,21.413074,0.0,0.0,0.0,0.0,0.0,0.0,14.654664,0.0,0.0,10.933673,0.0,0.0,0.0,59.073048,0.0,23.3786,10.334031,0.0,26.468767,109.12037,0.0,0.0,0.0,33.205563,0.0,0.0,39.297108,0.0,0.0,0.0,0.0,20.992474,0.0,0.0,0.0,0.0,50.015923,0.0,0.0,0.0,0.0,0.0,0.0,53.42708,0.0,0.0,0.0,0.0,0.0,50.898693,0.0,0.0,30.847694,0.0,0.0,88.55964,0.0,0.0,74.64793,0.0,0.0,0.0,29.543339,0.0,0.0,0.0,41.815647,0.0,38.603733,0.0,29.438072,0.0,20.988789,0.0,0.0,99.40568,0.0,0.0,0.0,0.0,0.0,0.0,20.661232,0.0,33.02131,32.75222,0.0,0.0,38.59006,23.34365,27.397673,36.225143,21.31327,20.758846,45.298107,27.33886,30.958254,43.77314,27.705626,13.300775,39.63714,9.742995,16.768658,36.417904,13.606528,76.80437,0.0,0.0,32.110203,0.0,0.0,0.0,42.072453,33.007713,61.636044,43.77314,13.300775,39.63714,33.385403,36.417904,0.0,36.58915,7.8188457,48.884743,11.434499,43.589058,11.879865,35.09643,4.4536886,38.601673,10.674156,32.65566,27.185652,37.995934,10.677385,33.10212,0.0,41.632805,56.09319,15.490855,38.991116,54.266766,37.015617,16.687965,0.0,26.39772,27.015749,0.0,68.8699,6.3519416,0.0,0.0,0.0,0.0,0.0,0.0,0.0,35.622303,51.006996,0.0,43.45354,0.0,40.790573,18.383337,51.006996,0.0,14.840031,17.447437,9.929309,31.079542,24.056465,31.197346,0.0,11.566789,25.437172,11.544383,13.063266,0.0,13.54427,12.854729,60.743584,0.0,48.213505,79.767204,28.65134,60.920097,44.758175,82.22937,139.55647,0.0,0.0,0.0,0.0,0.0,0.0,0.0,0.0,0.0,0.0,0.0,0.0,0.0,0.0,0.0,0.0,40.72515,14.967238,60.619152,51.16552,35.41283,24.040503,46.705338,40.48454,44.282112,16.107206,43.610004,28.076168,11.4841175,121.86705,57.85416,97.61113,70.061005,66.296265,50.874344,23.088766,31.181522,21.69701,0.0,44.684177,31.026384,53.973923,0.0,0.0,18.432898,12.333259,38.6041,13.627024,14.367183,16.225965,0.0,0.0,13.774054,0.0,61.45259,12.638215,0.0,53.608227,44.11971,15.515194,51.583923,78.104485,44.916664,23.252554,23.540213,63.69642,35.551933,3.9172456,0.0,19.570538,0.0,19.083626,20.337347,23.711258,19.226292,23.827831,46.89212,29.64768,0.51100206,25.220928,0.0,0.0,0.0,0.0,0.0,32.110203,21.890253,26.043886,59.941433,29.4501,0.0,113.193474,24.891037,19.865667,0.0,0.0,0.0,0.0,0.0,15.545142,22.57734,6.431533,0.0,0.0,0.0,0.0,0.0,0.0,0.0,0.0,6.7478065,6.3519416,0.0,0.0,39.20208,24.451933,0.0,87.65334,18.965097,32.950153,0.0,0.0,0.0,0.0,0.0,0.0,0.0,0.0,0.0,49.21586,70.93545
C13x24_C13x25,0.0,51.477333,0.0,37.371372,55.91395,0.0,19.97342,0.0,19.742733,0.0,0.0,0.0,93.22472,0.0,33.778652,0.0,124.47741,0.0,0.0,41.78065,0.0,62.128986,45.225437,63.958427,45.225437,0.0,0.0,0.0,0.0,0.0,0.0,0.0,0.0,0.0,19.295204,37.486584,66.88034,40.196476,0.0,29.90676,0.0,0.0,0.0,0.0,0.0,0.0,0.0,0.0,0.0,0.0,0.0,0.0,0.0,47.213215,0.0,0.0,40.52216,0.0,26.67604,56.757812,0.0,33.62723,0.0,0.0,0.0,0.0,0.0,0.0,25.739887,16.817606,0.0,0.0,14.515992,0.0,0.0,41.906406,0.0,63.180412,0.0,40.37007,55.76689,0.0,67.52705,0.0,46.01736,0.0,54.467625,0.0,0.0,39.609837,61.99062,34.79165,0.0,22.114216,0.0,0.0,0.0,42.963337,0.0,0.0,26.239065,68.45141,39.645226,0.0,23.932766,0.0,0.0,35.058094,30.944416,0.0,0.0,43.069817,40.679585,43.984043,0.0,40.679585,52.628242,60.020702,60.020702,57.251354,0.0,0.0,0.0,0.0,109.37861,0.0,46.884716,19.778103,0.0,0.0,0.0,60.24693,0.0,44.432293,0.0,0.0,106.937,64.14053,226.63007,0.0,15.696408,0.0,0.0,33.269474,0.0,0.0,80.88534,115.638214,12.550457,0.0,0.0,12.550457,12.550457,34.99918,109.16542,28.845142,0.0,0.0,37.573196,0.0,28.226603,0.0,0.0,60.874542,0.0,63.972816,0.0,33.24293,63.93895,0.0,0.0,14.114076,0.0,15.079257,45.670746,0.0,0.0,0.0,0.0,0.0,0.0,0.0,0.0,23.632801,0.0,31.036095,0.0,82.65965,1.9605548,57.486427,33.122158,0.0,33.599686,78.06156,12.997943,13.933257,0.0,0.0,0.0,35.78691,0.0,45.81041,0.0,0.0,0.0,26.727633,0.0,0.0,0.0,0.0,82.171524,0.0,0.0,1.914677,0.0,0.0,0.0,29.227913,0.0,0.0,0.0,0.0,0.0,46.396954,0.0,0.0,0.0,0.0,0.0,101.089455,23.390762,0.0,42.805935,0.0,0.0,0.0,56.660515,0.0,0.0,0.0,38.87604,0.0,0.0,0.0,0.0,0.0,40.755623,0.0,0.0,62.430447,0.0,0.0,4.2148995,8.768926,0.0,21.95313,0.0,0.0,57.397667,37.770325,0.0,0.0,25.308184,34.30348,19.247465,23.776741,20.141432,22.400896,47.40655,19.778103,23.13015,32.53919,23.399914,0.0,41.31939,8.959372,23.929674,39.87424,1.914677,45.856087,0.0,0.0,51.54238,0.0,0.0,0.0,55.729237,31.521961,36.199398,50.924835,22.114216,64.66612,37.45068,62.404415,104.49644,25.918665,0.0,15.281887,22.268173,48.69221,0.0,33.6838,16.140469,26.626278,23.181595,16.996546,28.26935,33.913624,14.72527,0.0,26.549414,37.5563,31.410892,36.184704,0.0,33.261284,0.0,0.0,24.699547,40.238964,0.0,33.097095,70.53179,34.4686,0.0,0.0,0.0,63.66481,18.384634,21.306126,0.0,0.0,51.59342,33.047195,0.0,0.0,0.0,0.0,0.0,0.0,0.0,0.0,0.0,0.0,0.0,0.0,0.0,0.0,0.0,0.0,0.0,39.926445,76.247925,23.150574,25.573473,0.0,0.0,46.320652,35.447636,0.0,107.1649,89.21887,109.475395,0.0,16.225346,11.747137,8.959372,0.0,0.0,0.0,0.0,0.0,0.0,0.0,0.0,0.0,0.0,0.0,0.0,50.663795,13.61387,90.640274,75.679474,0.0,0.0,0.0,0.0,0.0,0.0,0.0,0.0,0.0,37.876175,35.23112,51.642277,17.1109,56.985825,0.0,17.979496,54.487366,44.133904,0.0,0.0,47.642345,27.86758,44.712017,44.237972,14.253902,0.0,53.712982,33.888844,0.0,43.506664,0.0,0.0,0.0,1.914677,0.0,0.0,0.0,0.0,0.0,0.0,0.0,0.0,39.571335,28.530125,73.585556,100.33024,65.61926,31.357588,60.51478,0.0,34.93043,85.743034,45.777893,46.55266,56.164326,0.0,42.072422,30.927107,57.683147,23.558079,2.9965289,0.0,0.0,25.308184,21.95313,72.33723,40.238964,0.0,93.476,25.17888,0.0,47.91336,47.003242,44.43016,0.0,0.0,0.0,0.0,54.435566,44.99368,97.74196,44.177307,0.0,0.0,0.0,0.0,0.0,0.0,0.0,0.0,33.25941,0.0,0.0,0.0,26.567905,16.225346,0.0,0.0,52.00436,40.93799,0.0,0.0,0.0,0.0,0.0,0.0,0.0,0.0,2.2832081,46.534637,44.681377
C13x24_C14x24,0.0,0.0,0.0,37.91842,60.000305,0.0,42.42662,0.0,0.0,0.0,0.0,0.0,76.55304,38.15523,30.874922,0.0,99.81567,28.514362,22.543276,34.030483,0.0,34.333134,10.165586,28.393715,10.165586,28.393715,0.0,0.0,40.154778,0.0,0.0,19.937096,0.0,0.0,39.87419,54.38687,51.213596,32.737404,13.473182,24.952385,19.053957,0.0,11.606705,8.448848,0.0,0.0,0.0,8.448848,16.41436,0.0,0.0,26.303602,0.0,41.008522,0.0,0.0,31.345217,18.704512,23.931923,40.344822,27.11593,34.413437,16.26673,0.0,16.745718,11.841011,0.0,0.0,25.03438,16.942617,9.248179,0.0,0.0,0.0,0.0,0.0,0.0,54.86459,0.0,35.40312,0.0,0.0,63.15946,0.0,52.229767,0.0,50.944702,0.0,0.0,29.591534,43.084698,53.899315,0.0,20.45439,0.0,10.227195,0.0,0.0,0.0,13.593818,18.784792,80.6659,33.715508,0.0,52.35237,0.0,0.0,37.662693,0.0,0.0,0.0,50.27808,36.840637,25.432253,0.0,36.840637,39.239574,34.704895,36.395374,49.454597,0.0,0.0,26.755096,0.0,73.14393,0.0,44.143112,10.24379,0.0,0.0,0.0,19.92137,0.0,38.44502,0.0,0.0,101.48648,67.51158,151.61237,0.0,13.237512,0.0,4.6493955,4.9521484,0.0,20.177362,49.638683,89.57919,46.496883,12.368977,10.019376,12.368977,23.933012,36.86118,76.35957,31.861498,0.0,0.0,36.257782,18.523287,23.50832,0.0,0.0,60.011612,0.0,70.09028,0.0,84.03449,34.090145,0.0,17.020172,11.189581,0.0,13.321422,40.056095,0.0,0.0,0.0,0.0,0.0,0.0,0.0,0.0,29.97106,0.0,19.120039,0.0,72.21197,8.963941,56.068287,29.899443,0.0,32.04429,69.95997,12.021869,12.321598,0.0,0.0,0.0,28.887024,0.0,27.641901,57.75875,0.0,0.0,19.12512,0.0,0.0,0.0,0.0,40.59933,0.0,0.0,14.120978,0.0,0.0,0.0,49.317726,0.0,0.0,0.0,0.0,0.0,37.18877,0.0,0.0,0.0,0.0,0.0,57.964085,16.03732,0.0,39.267914,0.0,0.0,0.0,52.375412,0.0,0.0,0.0,31.782217,0.0,6.8058853,0.0,0.0,0.0,37.523438,0.0,0.0,0.0,0.0,0.0,3.554621,18.578096,0.0,15.376823,21.417234,0.0,56.013817,40.54463,0.0,0.0,44.556385,65.81306,40.123196,49.564903,16.156824,31.357168,102.81934,25.32075,0.0,61.83686,0.0,25.589003,86.13425,0.0,49.88371,83.12169,34.90444,88.08982,0.0,0.0,40.583202,0.0,0.0,0.0,73.62564,37.7627,41.792507,34.34472,0.0,0.0,36.66528,25.917974,43.67886,37.976547,0.0,19.029045,13.923114,25.48635,0.0,33.058067,13.195272,35.40312,10.699208,11.040748,23.92118,12.797784,0.0,21.735544,6.8076444,22.57657,41.143288,16.957897,23.933012,18.243908,28.493788,18.30046,26.177574,33.286774,21.514814,33.115932,44.60205,18.247559,0.0,0.0,0.0,28.55841,27.055288,18.896933,0.0,0.0,41.09396,8.51435,17.807919,18.353558,19.809679,23.80406,41.09396,18.488203,15.065558,9.645784,6.6768646,38.876892,25.109371,0.0,16.508701,17.733566,11.054342,6.3822913,13.950311,0.0,36.285088,17.75088,39.850685,0.0,36.755116,45.837513,23.640223,41.453194,118.30537,99.13649,119.05088,0.0,13.683589,7.3415723,0.0,16.71067,0.0,0.0,0.0,0.0,0.0,0.0,0.0,0.0,0.0,0.0,0.0,43.000023,10.524341,75.096,76.16425,23.335049,24.67151,19.240572,18.559345,7.819631,0.0,44.130806,24.150059,20.594172,73.83529,30.234547,73.03888,45.131596,88.40302,22.108685,19.055393,19.28273,20.768595,0.0,21.904232,33.233013,30.369577,31.300112,31.529734,25.692766,11.386709,66.30055,0.0,30.242779,23.790825,0.0,0.0,0.0,14.120978,25.184198,25.955849,0.0,0.0,0.0,0.0,25.51737,55.91809,34.316666,56.0147,41.954082,74.02997,41.452637,25.635681,0.0,25.88076,37.02068,40.34908,0.0,49.925232,26.678701,0.0,63.987213,29.489717,32.667877,36.140747,23.478043,0.0,0.0,18.025782,15.376823,47.219715,33.286774,0.0,51.432034,21.84319,0.0,66.26714,31.38447,27.248293,0.0,0.0,0.0,0.0,45.492718,38.44627,78.83583,12.500371,9.179724,0.0,0.0,0.0,0.0,0.0,0.0,0.0,15.588301,4.4418006,0.0,0.0,19.131073,16.345955,0.0,0.0,27.766348,26.592815,0.0,0.0,0.0,0.0,0.0,0.0,23.632456,0.0,0.0,41.818153,55.55449
C13x25_C13x26,33.80865,60.019787,0.0,0.0,33.49452,0.0,16.197342,0.0,23.192583,0.0,0.0,0.0,41.858463,0.0,27.82837,0.0,91.545715,0.0,46.473423,41.35993,0.0,56.13983,0.0,49.531124,0.0,0.0,0.0,0.0,0.0,0.0,0.0,0.0,0.0,0.0,0.0,50.140137,0.0,96.68126,0.0,19.178324,0.0,0.0,9.851558,0.0,9.7123995,0.0,0.0,10.376575,13.932206,0.0,0.0,0.0,0.0,81.16087,0.0,38.424,33.837208,0.0,20.267067,47.157898,40.245274,47.578106,46.102657,0.0,40.675514,0.0,0.0,0.0,48.6686,15.281747,0.0,0.0,40.434734,0.0,0.0,90.558525,0.0,0.0,0.0,0.0,93.57236,0.0,86.006775,0.0,76.062996,0.0,77.15282,0.0,0.0,30.329235,47.466187,0.0,0.0,0.0,0.0,0.0,0.0,7.677796,32.338467,0.0,28.191511,70.4641,42.59522,13.0271,45.50707,0.0,0.0,44.53768,33.583946,0.0,0.0,0.0,38.94303,0.0,0.0,38.94303,0.0,39.501,39.501,60.27016,0.0,42.335598,0.0,0.0,25.744652,0.0,0.0,17.330257,0.0,0.0,0.0,37.543247,0.0,0.0,0.0,0.0,44.347267,44.303604,157.94424,0.0,24.221642,0.0,42.510033,0.0,0.0,0.0,66.8371,142.47615,0.0,0.0,0.0,0.0,0.0,36.72629,78.28917,37.942295,0.0,0.0,0.0,30.046204,35.520725,0.0,0.0,71.66285,0.0,51.489677,0.0,36.48282,75.159515,0.0,0.0,27.170622,0.0,29.028666,74.43385,0.0,0.0,0.0,0.0,0.0,21.754398,0.0,0.0,31.707903,0.0,41.64083,0.0,72.17025,0.0,86.66806,0.0,0.0,39.321434,139.55713,0.0,48.583374,0.0,0.0,17.087128,46.76325,0.0,38.07347,28.385378,0.0,0.0,38.32018,0.0,0.0,0.0,0.0,93.644,0.0,0.0,56.09675,0.0,0.0,0.0,0.0,0.0,0.0,0.0,0.0,0.0,60.013435,0.0,0.0,0.0,0.0,0.0,91.37936,43.22878,0.0,54.12678,0.0,0.0,0.0,0.0,0.0,0.0,0.0,67.82738,0.0,18.08828,0.0,68.123665,0.0,0.0,0.0,0.0,68.176414,0.0,0.0,32.354336,53.224907,0.0,0.0,0.0,0.0,46.331894,0.0,0.0,0.0,37.606636,47.653,39.52344,38.01329,27.206923,28.458021,48.29909,17.330257,0.0,53.78466,38.639565,25.938063,45.122345,50.251823,34.953617,39.381733,56.09675,0.0,0.0,0.0,0.0,0.0,0.0,0.0,47.2812,42.579674,0.0,84.17466,38.951366,70.61786,54.70349,59.139824,179.6324,22.86433,18.680048,18.294487,31.588928,47.65997,0.0,35.675793,18.08828,36.296402,28.280003,19.935478,26.377382,45.101906,17.27147,13.0271,16.828686,48.29909,32.708393,28.31114,0.0,39.01261,0.0,27.559917,37.493526,8.422597,0.0,16.672932,46.301064,75.52725,0.0,0.0,26.741879,60.94704,0.0,30.890776,0.0,0.0,38.187275,47.95174,0.0,0.0,0.0,0.0,0.0,0.0,0.0,0.0,0.0,0.0,0.0,0.0,0.0,0.0,0.0,0.0,0.0,62.215332,0.0,0.0,0.0,0.0,0.0,0.0,0.0,0.0,0.0,57.733986,148.14781,0.0,13.16931,0.0,50.251823,29.221367,0.0,0.0,35.467358,48.344265,44.14925,16.251295,23.372765,51.367554,26.959784,16.04306,17.087128,70.13069,19.738125,53.945827,42.892223,0.0,0.0,0.0,0.0,0.0,0.0,0.0,0.0,0.0,0.0,0.0,0.0,0.0,0.0,0.0,0.0,0.0,0.0,0.0,20.275341,23.150133,0.0,0.0,0.0,0.0,0.0,0.0,0.0,0.0,0.0,0.0,0.0,18.255617,56.09675,0.0,0.0,0.0,0.0,0.0,0.0,0.0,0.0,57.902946,39.027683,33.22455,100.34961,69.691696,60.844902,64.72693,38.97561,53.02385,80.46946,50.843113,54.011078,31.689558,0.0,48.344265,26.009422,48.511013,19.812134,87.793144,0.0,0.0,37.606636,0.0,42.233383,8.422597,0.0,81.8685,0.0,0.0,35.276897,69.84436,104.184845,0.0,32.917305,36.76998,0.0,36.511063,69.5962,85.60474,35.9576,0.0,0.0,0.0,0.0,0.0,17.793322,17.276472,0.0,32.817905,0.0,0.0,19.004814,23.989244,15.947165,0.0,0.0,40.842434,42.496056,0.0,0.0,0.0,0.0,0.0,0.0,41.325256,0.0,21.986149,74.29094,0.0
C13x25_C14x25,33.368633,53.09722,0.0,0.0,49.284008,0.0,29.914167,0.0,6.489594,0.0,3.985339,0.0,71.795395,0.0,0.0,0.0,113.290665,76.00058,0.0,0.0,0.0,79.537506,0.0,15.898063,0.0,0.0,0.0,0.0,0.0,0.0,0.0,0.0,0.0,0.0,0.0,35.86766,47.91808,59.39342,0.0,0.0,0.0,0.0,0.0,0.0,0.0,0.0,0.0,0.0,0.0,0.0,0.0,0.0,0.0,102.36556,0.0,64.23596,0.0,0.0,40.112595,36.77884,0.0,62.739265,13.5299,0.0,14.250947,0.0,0.0,0.0,49.63065,21.838371,0.0,0.0,33.21761,0.0,0.0,41.097305,0.0,41.436,0.0,43.889515,36.57395,0.0,73.51338,0.0,74.19897,0.0,65.94556,0.0,0.0,26.477007,76.094574,0.0,0.0,0.0,0.0,0.0,0.0,7.5778694,0.0,0.0,27.188438,68.099915,64.34501,0.0,27.79634,0.0,0.0,27.204226,24.012114,0.0,0.0,47.67923,81.227844,0.0,0.0,65.50568,0.0,17.817749,17.817749,72.78402,0.0,0.0,0.0,0.0,66.48934,0.0,0.0,15.950014,0.0,0.0,0.0,36.478287,0.0,34.632614,0.0,0.0,48.768497,74.437096,170.64024,0.0,17.469112,0.0,48.574223,0.0,0.0,0.0,47.978405,193.45055,17.146244,0.0,0.0,11.455719,11.455719,28.789272,116.079315,85.63966,0.0,0.0,0.0,0.0,53.951942,0.0,0.0,44.11704,0.0,54.550938,0.0,45.91957,51.592506,0.0,0.0,0.0,0.0,29.860239,104.680466,0.0,0.0,0.0,0.0,0.0,28.66615,0.0,0.0,32.61786,0.0,20.507538,0.0,81.35197,55.416378,128.50269,29.509718,0.0,0.0,120.4671,32.457108,50.80197,0.0,0.0,0.0,45.684917,0.0,43.490513,0.0,0.0,0.0,51.961983,0.0,0.0,0.0,0.0,92.425224,0.0,0.0,73.21826,0.0,0.0,0.0,35.16711,0.0,0.0,0.0,0.0,0.0,22.622318,0.0,0.0,0.0,0.0,0.0,58.730156,64.892456,0.0,49.56397,0.0,0.0,0.0,32.598988,0.0,0.0,0.0,63.71982,0.0,0.0,0.0,65.32328,0.0,35.450188,0.0,0.0,38.970413,0.0,0.0,40.46184,76.1122,0.0,0.0,0.0,0.0,40.23807,66.78549,74.7787,62.794533,57.75843,77.34893,45.362347,49.18498,0.0,22.692448,84.210106,18.52983,0.0,58.777935,21.620731,45.182587,72.14746,70.23811,39.42293,65.420265,85.06087,43.10856,26.169884,53.00118,54.260185,0.0,0.0,0.0,53.681366,54.966187,37.908047,71.9474,34.514378,55.112488,39.13205,49.97367,46.22189,25.360954,25.222986,0.0,0.0,0.0,0.0,0.0,0.0,0.0,0.0,0.0,0.0,0.0,0.0,0.0,0.0,0.0,0.0,0.0,0.0,0.0,0.0,28.349417,21.189983,38.526737,0.0,67.69698,49.30309,55.310005,0.0,0.0,45.955437,27.491436,16.780996,26.141142,0.0,0.0,34.2074,19.772116,0.0,0.0,0.0,0.0,0.0,0.0,0.0,0.0,0.0,0.0,0.0,0.0,0.0,0.0,0.0,0.0,0.0,47.479,48.90866,0.0,0.0,0.0,0.0,0.0,0.0,0.0,116.16493,73.082726,73.66247,0.0,0.0,0.0,48.756943,38.906223,0.0,0.0,0.0,0.0,0.0,14.312968,23.068567,50.699005,28.012537,29.801985,0.0,90.75608,35.080433,32.26716,36.695126,0.0,0.0,0.0,0.0,0.0,0.0,0.0,0.0,0.0,0.0,0.0,0.0,0.0,0.0,0.0,0.0,0.0,0.0,0.0,20.011457,0.0,29.182959,44.67645,38.326828,14.926701,0.0,56.70034,35.48843,10.969206,42.97776,0.0,0.0,31.371948,59.046402,0.0,0.0,0.0,0.0,0.0,0.0,0.0,0.0,72.34658,50.380917,50.784622,62.49658,51.472607,57.160194,35.43216,40.09213,29.967161,58.726524,36.025013,43.46827,0.0,0.0,37.899925,20.388453,38.027164,0.0,64.07135,0.0,0.0,40.093967,0.0,63.76515,38.526737,0.0,41.91841,0.0,0.0,37.82541,40.093967,64.07135,0.0,32.488888,67.34426,0.0,0.0,63.09707,88.386314,70.88385,0.0,0.0,0.0,0.0,0.0,0.0,0.0,0.0,19.35632,0.0,0.0,18.757467,15.976736,13.59054,0.0,0.0,42.376755,41.94297,0.0,0.0,0.0,0.0,0.0,0.0,55.021713,0.0,0.0,41.92618,0.0
C13x26_C13x27,52.30288,92.8522,0.0,0.0,44.67223,0.0,0.0,0.0,19.828468,0.0,19.828468,0.0,30.432196,0.0,77.47593,0.0,151.93567,0.0,62.368515,82.411,0.0,72.38802,0.0,0.0,0.0,0.0,0.0,0.0,0.0,0.0,0.0,0.0,0.0,0.0,0.0,0.0,0.0,55.181816,0.0,86.320435,0.0,0.0,0.0,0.0,0.0,0.0,0.0,32.181755,0.0,30.679394,0.0,0.0,0.0,0.0,0.0,63.831467,91.784,0.0,0.0,0.0,67.29585,79.557396,39.582493,0.0,0.0,0.0,0.0,0.0,0.0,27.448025,0.0,0.0,0.0,0.0,0.0,120.336205,0.0,64.9501,0.0,0.0,74.222336,0.0,128.7916,0.0,0.0,0.0,0.0,0.0,0.0,0.0,49.1927,0.0,0.0,0.0,0.0,0.0,0.0,0.0,50.217407,0.0,0.0,85.200905,38.10301,53.164402,113.32948,0.0,0.0,54.366226,106.381325,0.0,0.0,0.0,0.0,53.558086,0.0,0.0,0.0,0.0,0.0,0.0,0.0,61.095463,0.0,0.0,0.0,0.0,0.0,0.0,0.0,0.0,0.0,0.0,0.0,0.0,0.0,0.0,0.0,0.0,213.48387,0.0,0.0,0.0,0.0,0.0,0.0,0.0,94.38776,87.21898,0.0,0.0,0.0,0.0,0.0,39.750362,157.94417,92.6317,0.0,0.0,0.0,16.093126,19.02535,0.0,0.0,41.27468,0.0,144.36902,0.0,0.0,27.187435,0.0,0.0,0.0,0.0,37.25307,0.0,0.0,0.0,0.0,0.0,0.0,59.66404,0.0,0.0,0.0,0.0,34.7562,0.0,57.458065,0.0,86.24753,0.0,0.0,52.677673,139.50835,0.0,0.0,0.0,0.0,0.0,0.0,0.0,74.08741,77.71546,0.0,0.0,18.363998,0.0,0.0,0.0,0.0,167.51071,0.0,0.0,0.0,0.0,0.0,0.0,0.0,0.0,0.0,0.0,0.0,0.0,49.991524,58.490204,0.0,0.0,0.0,0.0,72.75131,37.377937,0.0,38.049507,0.0,0.0,0.0,36.876873,0.0,0.0,0.0,134.89426,0.0,63.280724,0.0,84.73688,0.0,24.02272,0.0,0.0,0.0,0.0,0.0,31.87074,0.0,0.0,0.0,35.259243,0.0,110.78931,47.1263,0.0,0.0,40.24597,42.254803,89.85173,48.40783,35.622982,53.164402,33.433823,42.486897,43.67223,16.803019,66.67118,11.811262,0.0,0.0,37.240765,0.0,28.478546,0.0,0.0,0.0,9.066633,60.653652,0.0,25.543615,63.059776,58.67125,71.928406,27.674665,19.453213,0.0,61.33575,0.0,96.8325,0.0,6.844644,56.18658,44.925537,86.8091,24.317028,57.88167,63.350754,43.856205,71.27949,52.141228,62.3595,53.863358,72.87837,53.164402,62.92152,65.0697,88.671394,74.5903,0.0,54.319824,0.0,0.0,0.0,0.0,0.0,0.0,47.249653,69.828476,0.0,0.0,33.587944,84.80027,0.0,64.86318,0.0,0.0,65.0697,75.17601,0.0,0.0,0.0,0.0,0.0,0.0,0.0,0.0,0.0,0.0,0.0,0.0,0.0,0.0,0.0,0.0,0.0,94.95212,0.0,0.0,0.0,0.0,0.0,0.0,0.0,0.0,60.95614,74.180695,114.168686,0.0,0.0,0.0,0.0,0.0,0.0,0.0,28.169952,99.349976,68.56279,46.419464,40.141445,46.095512,67.9519,14.808531,0.0,0.0,0.0,62.3595,52.582195,0.0,0.0,0.0,0.0,0.0,0.0,0.0,0.0,0.0,0.0,0.0,0.0,0.0,0.0,0.0,0.0,0.0,0.0,0.0,57.71579,0.0,0.0,0.0,0.0,0.0,0.0,0.0,0.0,0.0,0.0,0.0,0.0,0.0,87.41142,0.0,0.0,0.0,0.0,0.0,0.0,0.0,0.0,43.0811,0.0,0.0,0.0,0.0,0.0,0.0,0.0,0.0,0.0,0.0,0.0,0.0,0.0,99.349976,32.464333,60.930096,0.0,29.12233,0.0,0.0,0.0,0.0,16.317398,0.0,0.0,38.516685,0.0,0.0,38.52263,41.15577,29.12233,0.0,86.09519,85.70878,0.0,119.51316,73.57927,86.47729,11.149802,0.0,0.0,0.0,0.0,36.98588,38.819447,55.213345,0.0,53.650116,0.0,0.0,49.70708,53.31993,67.34607,0.0,0.0,47.21244,111.148415,0.0,0.0,0.0,0.0,0.0,0.0,0.0,0.0,0.0,61.900517,0.0
C13x26_C14x26,39.501045,112.62718,0.0,0.0,36.67815,0.0,0.0,0.0,9.774349,0.0,10.711083,0.0,40.900677,0.0,43.759495,0.0,94.54895,0.0,31.080507,65.97304,0.0,50.22044,0.0,0.0,0.0,0.0,0.0,0.0,0.0,0.0,0.0,0.0,0.0,0.0,0.0,0.0,0.0,66.652954,0.0,65.17951,0.0,0.0,0.0,0.0,9.850703,0.0,0.0,25.98717,0.0,14.372054,0.0,0.0,0.0,82.04463,0.0,159.02809,62.612656,0.0,0.0,0.0,37.165363,110.93411,37.534664,0.0,0.0,0.0,0.0,0.0,47.503735,12.799506,0.0,0.0,41.01052,0.0,0.0,90.049385,0.0,0.0,0.0,19.314257,0.0,0.0,138.03912,0.0,55.727043,0.0,0.0,0.0,0.0,29.089481,53.165405,0.0,0.0,0.0,0.0,0.0,0.0,0.0,48.02226,0.0,29.192713,102.26468,42.59181,15.365993,101.110565,0.0,0.0,15.713353,39.61363,0.0,0.0,0.0,43.772892,0.0,0.0,43.772892,0.0,0.0,0.0,64.52082,0.0,21.604877,0.0,0.0,40.603603,0.0,0.0,17.57704,0.0,0.0,0.0,0.0,0.0,0.0,0.0,0.0,18.78662,45.41646,68.5995,0.0,24.566557,0.0,43.293575,0.0,0.0,0.0,56.6028,117.356,0.0,0.0,0.0,0.0,0.0,52.22718,121.0684,96.22746,0.0,0.0,0.0,17.614746,68.292,0.0,0.0,49.314625,0.0,55.11902,0.0,0.0,56.995575,0.0,0.0,11.242399,0.0,50.53868,74.30447,0.0,0.0,0.0,0.0,0.0,55.234566,0.0,0.0,33.834328,0.0,23.92448,0.0,44.10356,11.3526325,69.78804,0.0,0.0,43.546722,140.23108,9.5224285,49.501785,0.0,0.0,17.330446,42.805836,0.0,66.28049,26.768059,0.0,0.0,93.78647,0.0,0.0,0.0,0.0,150.85887,0.0,0.0,54.290096,0.0,0.0,0.0,0.0,0.0,0.0,0.0,0.0,0.0,37.949043,0.0,0.0,0.0,0.0,0.0,48.349995,79.48405,0.0,48.359837,0.0,0.0,0.0,29.778532,0.0,0.0,0.0,126.99238,0.0,60.285652,0.0,70.22095,0.0,36.75724,0.0,0.0,55.55953,0.0,0.0,58.043198,53.8977,0.0,0.0,0.0,0.0,15.290936,31.540415,0.0,0.0,38.14215,48.463223,62.351208,56.688923,56.216274,28.86326,41.054966,17.57704,33.06733,62.855175,39.189793,29.832598,52.55897,50.94601,38.534405,18.173836,54.290096,0.0,0.0,0.0,26.33135,0.0,0.0,0.0,41.295647,68.46446,40.27192,95.59826,36.332413,92.38595,70.314064,22.133484,62.63201,0.0,49.18942,32.60101,25.773254,79.33119,7.599894,46.740166,60.285652,25.499088,56.156273,21.689901,50.35607,43.49533,38.28485,38.10589,51.31153,54.201633,68.50189,60.232594,0.0,45.150482,0.0,0.0,0.0,0.0,0.0,32.271774,41.287148,56.837345,0.0,0.0,0.0,36.38222,0.0,37.919445,0.0,0.0,54.201633,60.83664,0.0,0.0,0.0,0.0,0.0,0.0,0.0,0.0,0.0,0.0,0.0,0.0,0.0,0.0,0.0,0.0,0.0,53.264503,0.0,0.0,0.0,0.0,0.0,0.0,0.0,0.0,44.22244,60.62099,141.09608,0.0,19.198141,0.0,73.22607,47.176247,0.0,0.0,23.508018,59.348007,48.893307,23.288855,56.384342,64.92615,82.44707,75.33415,17.330446,71.63212,24.106236,59.767815,45.594765,0.0,0.0,0.0,0.0,0.0,0.0,0.0,0.0,0.0,0.0,0.0,0.0,0.0,0.0,0.0,0.0,0.0,0.0,0.0,42.098186,0.0,0.0,0.0,0.0,0.0,0.0,0.0,0.0,0.0,0.0,0.0,0.0,0.0,54.290096,0.0,0.0,0.0,0.0,0.0,0.0,0.0,0.0,60.307053,0.0,0.0,0.0,0.0,0.0,0.0,0.0,0.0,0.0,0.0,0.0,0.0,0.0,59.397606,41.422882,36.538784,20.44296,53.037434,0.0,0.0,38.14215,0.0,47.38905,0.0,0.0,34.18861,0.0,0.0,32.17031,38.14215,54.290096,0.0,41.51673,134.42767,0.0,29.190151,58.178818,68.37722,24.723785,0.0,0.0,0.0,0.0,24.14858,49.6371,17.522488,0.0,43.32313,0.0,0.0,23.969696,16.417923,57.51466,0.0,0.0,38.12463,57.55222,0.0,0.0,0.0,0.0,0.0,0.0,46.417625,0.0,18.85219,55.27789,0.0
C13x27_C13x28,0.0,53.947376,0.0,0.0,37.20958,0.0,0.0,109.42412,0.0,0.0,0.0,14.667181,42.901993,0.0,68.28649,0.0,155.2655,85.80297,0.0,35.315453,85.59365,66.739204,50.145817,0.0,0.0,0.0,0.0,0.0,0.0,0.0,0.0,0.0,0.0,0.0,0.0,0.0,32.227474,48.466087,0.0,41.965485,0.0,22.37569,0.0,0.0,0.0,0.0,0.0,0.0,0.0,25.841764,0.0,0.0,0.0,0.0,0.0,0.0,40.186733,0.0,0.0,69.27199,0.0,0.0,0.0,0.0,0.0,0.0,0.0,0.0,0.0,14.124937,10.61305,0.0,0.0,0.0,114.10103,170.73647,0.0,111.75431,0.0,0.0,140.07248,0.0,39.79642,0.0,0.0,0.0,0.0,0.0,0.0,0.0,0.0,50.812344,0.0,0.0,0.0,0.0,0.0,0.0,0.0,0.0,0.0,39.745106,32.802975,0.0,136.75592,0.0,0.0,0.0,234.62207,0.0,0.0,0.0,0.0,121.19853,81.539986,0.0,0.0,57.657475,0.0,0.0,0.0,24.993914,53.821754,0.0,0.0,0.0,0.0,0.0,0.0,0.0,0.0,0.0,0.0,0.0,0.0,0.0,0.0,0.0,240.08543,114.27988,0.0,0.0,0.0,0.0,0.0,30.993357,37.02442,37.02442,0.0,0.0,0.0,20.992088,0.0,56.155003,62.713863,54.00859,0.0,19.446327,0.0,0.0,0.0,0.0,117.28271,76.703804,48.39018,76.70877,0.0,0.0,0.0,26.540163,0.0,0.0,0.0,0.0,0.0,0.0,0.0,0.0,125.48729,0.0,50.498127,0.0,32.921227,0.0,0.0,27.292065,57.275307,46.658657,0.0,35.99357,0.0,0.0,31.525211,181.83702,0.0,0.0,0.0,0.0,0.0,0.0,0.0,0.0,83.97559,0.0,0.0,0.0,0.0,27.33195,0.0,0.0,77.81191,0.0,0.0,0.0,0.0,0.0,0.0,4.359026,0.0,0.0,0.0,0.0,0.0,130.95465,71.18325,0.0,0.0,0.0,0.0,43.01868,0.0,0.0,91.406136,66.2765,0.0,0.0,45.26077,0.0,78.47253,0.0,72.61538,0.0,0.0,0.0,68.56751,0.0,0.0,0.0,0.0,30.908894,0.0,0.0,0.0,0.0,0.0,0.0,24.013464,0.0,94.63397,70.283844,0.0,0.0,64.072556,81.984985,117.39971,14.167026,41.191463,0.0,59.428207,42.03831,56.34401,56.280643,92.74801,16.251524,52.962543,69.68327,59.191383,0.0,74.99985,56.46206,0.0,0.0,6.1645937,16.48577,0.0,35.447166,30.874447,0.0,0.0,0.0,0.0,0.0,0.0,0.0,0.0,0.0,23.642025,63.050518,31.23633,68.662254,34.94357,21.460238,50.126194,56.359386,52.45531,36.253334,32.377323,64.92668,80.47703,94.402245,27.80057,39.15757,40.376137,36.66531,17.747509,81.57965,0.0,0.0,0.0,0.0,11.301634,0.0,38.6721,75.04269,0.0,0.0,0.0,0.0,0.0,0.0,0.0,0.0,39.15757,39.886044,0.0,0.0,0.0,0.0,0.0,0.0,0.0,0.0,0.0,0.0,0.0,0.0,0.0,0.0,0.0,0.0,0.0,137.8824,69.311005,36.06892,4.359026,36.70703,38.388577,39.244793,72.44758,17.747509,28.929787,113.28528,181.05904,0.0,0.0,0.0,0.0,0.0,55.536057,36.983624,0.0,43.979458,10.590474,0.0,0.0,0.0,0.0,0.0,0.0,0.0,0.0,79.307915,40.965202,0.0,0.0,0.0,0.0,0.0,0.0,0.0,0.0,0.0,0.0,0.0,0.0,0.0,0.0,0.0,0.0,0.0,0.0,0.0,0.0,23.007088,32.377323,42.76425,11.277006,23.631468,13.583111,20.633898,35.212547,56.45715,37.899136,0.0,0.0,0.0,70.07332,0.0,0.0,0.0,0.0,0.0,0.0,0.0,0.0,0.0,0.0,0.0,0.0,0.0,0.0,0.0,0.0,0.0,0.0,0.0,0.0,0.0,0.0,59.260876,58.096676,61.387962,5.80144,0.0,0.0,0.0,0.0,0.0,5.80144,0.0,0.0,30.86821,0.0,26.429768,59.62816,37.39268,43.769844,26.763182,0.0,0.0,0.0,71.51372,33.811806,43.513493,8.1319895,0.0,0.0,0.0,0.0,0.0,0.0,0.0,0.0,44.690407,26.429768,0.0,0.0,123.31459,62.319687,0.0,0.0,34.914303,50.729908,0.0,0.0,0.0,0.0,103.39897,106.38805,0.0,0.0,0.0,54.30185,0.0
C13x27_C14x27,0.0,103.98226,0.0,0.0,32.484676,0.0,0.0,0.0,4.873648,0.0,4.873648,4.1138315,26.051445,0.0,158.1094,0.0,165.02069,0.0,0.0,87.344864,0.0,58.159195,58.159195,0.0,0.0,0.0,0.0,0.0,0.0,0.0,0.0,0.0,0.0,0.0,0.0,0.0,0.0,0.0,0.0,74.67159,0.0,0.0,0.0,0.0,0.0,0.0,0.0,0.0,0.0,0.0,0.0,0.0,0.0,0.0,0.0,85.78431,72.80982,0.0,0.0,77.10049,0.0,64.58769,30.608385,0.0,0.0,0.0,0.0,0.0,0.0,21.225035,21.225035,0.0,0.0,0.0,0.0,127.087845,0.0,35.494278,0.0,0.0,42.88847,0.0,99.00085,0.0,0.0,0.0,0.0,0.0,0.0,0.0,0.0,52.60714,0.0,0.0,0.0,0.0,0.0,0.0,0.0,0.0,0.0,76.66934,45.261597,0.0,108.90577,0.0,0.0,123.333046,58.015686,0.0,0.0,80.520706,0.0,75.92567,84.13963,0.0,0.0,59.495705,0.0,0.0,0.0,48.20719,0.0,0.0,0.0,0.0,0.0,0.0,0.0,0.0,0.0,0.0,0.0,0.0,0.0,0.0,0.0,0.0,143.35667,0.0,0.0,0.0,0.0,0.0,0.0,37.96818,41.746735,47.46198,0.0,0.0,0.0,47.54441,0.0,99.54779,113.17617,59.554585,0.0,0.0,0.0,0.0,23.549,0.0,0.0,83.615135,59.12483,113.35466,0.0,0.0,0.0,31.81559,0.0,0.0,0.0,0.0,0.0,0.0,0.0,0.0,0.0,0.0,46.519817,0.0,0.0,0.0,0.0,0.0,0.0,64.78366,0.0,25.624525,0.0,0.0,30.511032,114.57208,0.0,0.0,0.0,0.0,0.0,0.0,0.0,71.19547,74.609344,0.0,0.0,36.629585,0.0,0.0,0.0,0.0,160.97208,0.0,0.0,0.0,0.0,0.0,0.0,0.0,0.0,0.0,0.0,0.0,0.0,99.0599,65.70586,0.0,0.0,0.0,0.0,63.550224,49.76364,0.0,89.660416,0.0,0.0,0.0,83.14542,0.0,0.0,0.0,130.42326,0.0,0.0,0.0,76.524254,0.0,0.0,0.0,0.0,46.54887,0.0,0.0,35.72924,0.0,0.0,0.0,28.630247,0.0,112.47691,78.16748,0.0,0.0,0.0,0.0,0.0,0.0,0.0,0.0,0.0,0.0,0.0,0.0,0.0,0.0,0.0,0.0,0.0,0.0,0.0,113.33808,0.0,0.0,0.0,26.82649,8.150182,63.969498,73.5791,46.15197,29.730667,52.096375,15.302283,49.86904,55.73406,0.0,0.0,0.0,35.326916,97.06389,76.07925,149.17497,42.215675,53.583504,110.53208,76.13674,126.25171,90.52,80.84207,53.049824,126.52079,92.29627,69.41451,74.98218,93.86307,78.61394,0.0,89.87414,0.0,0.0,0.0,0.0,0.0,0.0,49.17101,72.6408,0.0,0.0,0.0,0.0,0.0,0.0,0.0,0.0,67.13301,81.22175,0.0,0.0,0.0,0.0,0.0,0.0,0.0,0.0,0.0,0.0,0.0,0.0,0.0,0.0,0.0,0.0,0.0,114.116714,0.0,0.0,0.0,35.919262,35.07207,42.372578,63.363853,0.0,75.15587,76.42023,121.24364,0.0,0.0,0.0,0.0,0.0,0.0,0.0,32.533573,115.26154,46.231113,21.385654,0.0,44.296215,66.62221,36.629585,0.0,0.0,0.0,114.0995,51.926434,0.0,0.0,0.0,0.0,0.0,0.0,0.0,0.0,0.0,0.0,0.0,0.0,0.0,0.0,0.0,0.0,0.0,0.0,0.0,50.0982,28.111225,36.00904,44.0829,12.541932,26.282175,0.0,35.50686,39.162292,56.286053,41.970505,0.0,0.0,0.0,37.38164,0.0,0.0,0.0,0.0,0.0,0.0,0.0,0.0,0.0,0.0,0.0,0.0,0.0,0.0,0.0,0.0,0.0,0.0,0.0,0.0,0.0,0.0,115.26154,78.65302,12.336478,12.683116,0.0,0.0,0.0,0.0,0.0,14.419471,0.0,0.0,21.904663,0.0,30.158941,42.39789,0.0,0.0,29.76517,82.73454,107.22823,0.0,69.23063,101.25592,75.54023,12.271438,0.0,0.0,0.0,0.0,0.0,0.0,0.0,0.0,60.620583,30.158941,0.0,63.05498,120.95945,0.0,0.0,0.0,50.674133,106.80984,0.0,0.0,0.0,0.0,0.0,0.0,0.0,0.0,0.0,85.184235,0.0
C13x28_C13x29,0.0,18.335701,0.0,0.0,38.01749,0.0,0.0,93.434326,11.849108,8.378584,0.0,17.956856,54.62028,0.0,44.03559,0.0,127.34901,71.6289,0.0,5.9409347,40.80978,27.82779,46.379963,0.0,69.48912,0.0,0.0,0.0,0.0,0.0,0.0,0.0,0.0,0.0,20.190935,14.910163,20.319092,17.87603,0.0,15.478375,0.0,12.858011,0.0,0.0,0.0,0.0,0.0,0.0,0.0,14.849762,0.0,0.0,0.0,0.0,0.0,0.0,32.052124,0.0,0.0,32.984055,0.0,0.0,0.0,0.0,0.0,58.649014,0.0,0.0,0.0,22.336603,28.754316,0.0,0.0,0.0,155.206,147.65038,0.0,140.45795,0.0,41.334614,82.10379,0.0,12.678107,0.0,0.0,0.0,4.839823,0.0,0.0,0.0,0.0,29.06056,0.0,14.872353,0.0,0.0,0.0,10.982612,0.0,0.0,0.0,35.897564,33.009533,44.909473,117.64215,0.0,0.0,198.23595,102.85796,0.0,0.0,28.480402,0.0,87.70059,59.003223,0.0,0.0,41.72158,0.0,0.0,0.0,42.927937,35.53212,0.0,0.0,0.0,32.13487,0.0,0.0,0.0,0.0,61.3578,0.0,25.472431,30.381062,0.0,0.0,0.0,191.26773,134.09354,0.0,0.0,0.0,0.0,0.0,40.190655,27.89565,14.023998,15.278806,13.229507,3.4444673,40.600986,0.0,62.378548,48.190216,44.718052,47.06539,0.0,0.0,0.0,0.0,0.0,133.87447,117.68635,35.532307,121.29853,0.0,24.06698,0.0,29.249409,0.0,0.0,0.0,0.0,0.0,0.0,0.0,0.0,155.28761,0.0,66.41047,0.0,0.0,0.0,0.0,18.747149,47.212334,51.077053,0.0,10.853415,0.0,0.0,41.416534,82.819916,0.0,0.0,0.0,0.0,0.0,0.0,0.0,51.34998,54.660854,0.0,0.0,0.0,0.0,0.0,0.0,0.0,96.23603,0.0,0.0,0.0,0.0,0.0,0.0,7.338553,0.0,0.0,0.0,0.0,0.0,0.0,0.0,0.0,0.0,0.0,0.0,40.126293,31.220463,0.0,86.09518,62.595757,0.0,0.0,34.12479,0.0,0.0,0.0,85.86673,0.0,0.0,0.0,41.013638,0.0,0.0,0.0,0.0,43.006676,0.0,0.0,33.071667,0.0,0.0,0.0,30.949358,0.0,221.00807,51.799458,0.0,0.0,0.0,49.20706,139.38322,118.62979,80.65868,152.00566,73.79085,108.10342,59.5448,16.381409,98.07293,37.172985,60.430794,0.0,50.466614,86.21686,39.997665,38.190216,0.0,0.0,10.378281,0.0,0.0,0.0,31.544806,57.391266,42.368057,11.655903,26.449783,42.99847,35.90863,61.34609,35.51916,18.007954,15.2542,33.515068,0.6969608,20.646086,6.9390383,0.0,0.0,33.973316,36.617462,0.0,14.618343,53.456406,34.325577,42.56108,0.0,22.175085,13.320442,0.0,13.229507,18.03792,0.0,0.0,0.0,0.0,12.65466,0.0,30.441793,95.5205,0.0,0.0,0.0,0.0,0.0,0.0,0.0,0.0,25.610085,0.0,0.0,0.0,0.0,0.0,0.0,0.0,0.0,0.0,0.0,0.0,0.0,0.0,0.0,0.0,0.0,0.0,0.0,65.65664,23.844234,47.584187,7.338553,57.15928,41.796127,19.390982,42.773426,5.965992,30.5672,42.08189,85.09165,0.0,0.0,3.4444673,0.0,30.155602,32.483948,48.085674,0.97246265,36.288063,25.018581,0.0,0.0,0.0,0.0,0.0,0.0,0.0,0.0,35.807484,85.49686,0.0,0.0,0.0,0.0,0.0,0.0,0.0,0.0,0.0,52.295498,38.142406,62.569263,32.590847,55.539543,0.0,28.271082,69.085045,23.942694,0.0,0.0,0.0,14.618343,23.285318,13.643062,0.0,19.990967,42.227863,23.47839,21.337479,28.960732,0.0,0.0,0.0,53.546726,0.0,0.0,0.0,0.0,0.0,0.0,0.0,0.0,49.960377,23.830292,38.618042,46.204792,30.70567,32.779324,17.85404,0.0,20.877014,11.817154,0.0,30.949896,0.0,0.0,44.804527,63.171307,54.684555,12.642505,0.0,0.0,0.0,0.0,22.854809,9.7669,0.0,0.0,25.832092,0.0,15.547715,111.69634,16.882776,33.44685,26.256372,0.0,0.0,0.0,33.23345,32.533657,30.874907,12.644449,0.0,0.0,0.0,0.0,22.854809,24.1498,20.877014,0.0,23.3852,15.547715,29.890306,10.283874,45.39428,48.639072,0.0,0.0,24.221905,26.939013,0.0,0.0,0.0,0.0,89.93288,48.04847,0.0,0.0,0.0,37.907185,33.378563
C13x28_C14x28,0.0,0.0,0.0,0.0,55.510803,0.0,0.0,38.077656,9.542798,5.593133,0.0,8.218898,50.99151,0.0,30.876226,0.0,186.19408,45.21113,0.0,26.144693,27.6385,53.378963,53.378963,0.0,36.325504,0.0,0.0,0.0,0.0,0.0,0.0,0.0,0.0,0.0,22.533337,15.792009,33.102894,38.122364,0.0,0.0,0.0,0.0,0.0,0.0,0.0,0.0,0.0,0.0,0.0,24.844305,0.0,0.0,0.0,0.0,0.0,0.0,47.980415,0.0,0.0,61.867786,0.0,0.0,45.052,0.0,0.0,30.658833,0.0,0.0,0.0,30.543657,27.568235,0.0,0.0,0.0,81.50813,129.43185,0.0,99.480125,0.0,53.19686,62.269245,0.0,20.230116,0.0,0.0,0.0,11.300856,0.0,0.0,0.0,0.0,47.761173,0.0,0.0,0.0,0.0,0.0,0.0,0.0,0.0,0.0,36.50542,30.129152,51.75072,35.6335,0.0,0.0,269.97498,65.9004,0.0,0.0,30.242746,0.0,83.48383,76.237114,0.0,0.0,44.44058,0.0,0.0,0.0,23.716423,27.098202,0.0,0.0,0.0,35.128227,0.0,0.0,0.0,0.0,67.22374,0.0,27.697306,40.700146,0.0,0.0,0.0,242.18654,0.0,0.0,0.0,0.0,0.0,0.0,53.681156,17.753046,16.052631,13.605934,14.011954,9.535429,34.322136,0.0,44.857677,38.107014,47.15262,46.269493,4.1200414,0.0,0.0,0.0,0.0,50.304043,150.07391,58.502712,110.574524,0.0,23.875914,0.0,36.476364,0.0,0.0,0.0,0.0,0.0,0.0,0.0,0.0,88.46265,0.0,52.63677,0.0,28.742132,0.0,0.0,19.85593,0.0,56.91586,0.0,23.871378,0.0,0.0,50.962627,86.382774,0.0,0.0,0.0,0.0,0.0,0.0,0.0,65.60127,38.44959,0.0,0.0,0.0,0.0,11.337757,0.0,0.0,35.7629,0.0,0.0,0.0,0.0,0.0,0.0,0.0,0.0,0.0,0.0,0.0,0.0,67.61293,51.579414,0.0,0.0,0.0,0.0,45.898407,37.065617,0.0,80.18609,58.708153,0.0,0.0,52.9866,0.0,11.938272,0.0,0.0,0.0,0.0,0.0,44.851673,0.0,0.0,0.0,0.0,37.8234,0.0,0.0,36.74004,0.0,0.0,0.0,48.846752,0.0,58.412872,89.84165,0.0,0.0,9.74756,37.900055,75.54477,64.29654,79.90569,89.63488,49.584602,62.083424,49.191574,28.609705,52.06211,60.889286,64.81059,32.590782,45.146095,47.97314,21.678463,26.553186,0.0,0.0,0.0,0.0,0.0,0.0,50.15979,61.18986,48.522118,29.428898,0.0,0.0,41.124447,72.12739,0.0,46.424004,0.0,76.03359,28.339258,89.90041,41.720406,0.0,74.79188,66.16448,78.97893,23.464495,0.0,77.51835,96.67509,111.484856,13.823744,48.445034,47.54146,30.024723,20.541859,93.96209,0.0,0.0,0.0,0.0,0.0,0.0,46.550316,82.83235,0.0,0.0,0.0,0.0,0.0,0.0,0.0,0.0,35.425087,40.848324,0.0,0.0,0.0,0.0,0.0,0.0,0.0,0.0,0.0,0.0,0.0,0.0,0.0,0.0,0.0,0.0,0.0,66.290665,48.43199,43.40623,0.0,54.82472,50.098225,42.519146,34.317516,19.274015,29.360767,37.94155,79.31955,0.0,30.055618,20.249008,0.0,69.815956,43.70822,35.198948,12.666193,54.925102,30.785112,0.0,0.0,0.0,0.0,0.0,0.0,0.0,0.0,0.0,83.98608,0.0,0.0,0.0,0.0,0.0,0.0,0.0,0.0,0.0,58.82997,43.597042,75.41119,34.068115,63.99806,0.0,36.557064,40.458817,12.516067,0.0,0.0,47.32853,0.0,34.023766,0.0,20.631636,20.931166,59.4527,0.0,47.69846,18.39189,0.0,0.0,0.0,12.516067,0.0,0.0,0.0,0.0,0.0,0.0,0.0,0.0,0.0,23.497238,41.229733,52.85032,33.45342,34.71802,0.0,0.0,25.62024,12.516067,0.0,39.448494,0.0,0.0,62.617916,39.522144,38.411526,12.996197,0.0,0.0,0.0,0.0,24.206532,9.435602,0.0,0.0,28.775835,0.0,31.642994,102.85347,5.6886663,17.700392,0.0,0.0,0.0,0.0,21.72454,47.711693,39.634605,0.0,0.0,0.0,0.0,0.0,24.206532,24.107315,25.62024,0.0,36.79083,31.642994,20.475788,10.892102,56.822304,51.72119,0.0,0.0,0.0,0.0,0.0,0.0,0.0,0.0,43.698486,96.63198,0.0,0.0,0.0,55.251984,40.92582
C13x29_C13x30,24.650648,0.0,0.0,0.0,65.40986,0.0,0.0,80.57301,17.67019,12.494712,19.903046,0.0,52.76392,0.0,59.97837,0.0,70.006805,78.55831,0.0,10.545553,0.0,47.625027,31.836248,0.0,61.800175,0.0,0.0,0.0,0.0,0.0,0.0,0.0,0.0,0.0,10.749322,23.643911,0.0,28.713549,0.0,0.0,0.0,0.0,0.0,0.0,0.0,0.0,0.0,17.037117,14.114289,0.0,0.0,0.0,0.0,0.0,0.0,30.57886,21.690228,0.0,43.407658,0.0,0.0,2.6085668,57.0447,0.0,0.0,35.3929,0.0,0.0,0.0,47.474594,31.735685,0.0,0.0,0.0,129.5897,128.11887,0.0,72.30234,0.0,0.0,0.0,0.0,80.652824,0.0,0.0,0.0,32.757774,0.0,0.0,0.0,0.0,0.0,0.0,41.388363,0.0,0.0,0.0,30.563581,0.0,0.0,0.0,0.0,0.0,18.607893,129.1361,0.0,0.0,143.96779,38.262363,0.0,0.0,33.08156,0.0,47.936523,0.0,0.0,0.0,40.718063,49.150074,0.0,0.0,0.0,90.06951,15.257163,0.0,0.0,25.370134,0.0,0.0,0.0,0.0,73.457664,0.0,30.495642,0.0,0.0,0.0,0.0,144.00644,82.824524,0.0,0.0,0.0,0.0,0.0,0.0,35.424168,0.0,26.559397,0.0,11.813482,26.636896,0.0,113.11079,0.0,0.0,33.63984,0.0,0.0,0.0,10.124657,0.0,150.6418,132.42618,0.0,62.22307,0.0,35.231438,0.0,33.854977,0.0,0.0,0.0,20.46199,0.0,0.0,0.0,0.0,88.50241,0.0,56.713615,0.0,88.864655,0.0,0.0,20.611849,51.908348,83.41521,0.0,0.0,0.0,26.031244,0.0,89.89257,0.0,0.0,0.0,0.0,0.0,0.0,0.0,53.346798,51.97168,0.0,0.0,0.0,0.0,60.397297,0.0,0.0,44.24979,0.0,0.0,0.0,0.0,0.0,0.0,8.055558,0.0,0.0,0.0,0.0,0.0,35.139755,17.409456,0.0,0.0,0.0,0.0,61.262154,0.0,0.0,95.746376,67.28898,0.0,0.0,37.45892,0.0,63.523506,0.0,48.61415,0.0,0.0,0.0,26.76019,0.0,70.42138,0.0,0.0,73.5321,0.0,0.0,26.225254,0.0,0.0,0.0,23.312567,0.0,106.08715,25.226486,0.0,0.0,60.36998,102.76444,49.706963,32.76866,31.605988,62.982365,138.07132,44.411488,136.98422,110.87564,86.443504,103.44893,103.32356,130.67601,26.867596,103.21896,99.4723,40.573383,0.0,0.0,13.952637,0.0,0.0,0.0,63.101738,91.63136,90.49691,85.64691,68.34225,68.25942,72.248146,88.83991,67.56552,22.938295,23.91078,35.46555,0.0,28.161455,15.298554,0.0,20.913399,39.418278,41.835323,0.0,4.6335516,57.837303,37.96763,55.553265,0.0,0.0,16.79718,11.320535,14.522083,30.664394,0.0,0.0,0.0,0.0,0.0,0.0,32.72422,75.74608,0.0,0.0,0.0,0.0,0.0,0.0,0.0,0.0,0.0,0.0,0.0,0.0,0.0,0.0,0.0,0.0,0.0,0.0,0.0,0.0,0.0,0.0,0.0,0.0,0.0,0.0,0.0,24.162811,0.0,0.0,11.935249,0.0,0.0,0.0,0.0,20.461552,70.14079,38.65173,0.0,0.0,14.827316,11.813482,38.607716,18.178099,66.37667,47.68645,0.0,0.0,0.0,37.95014,22.668867,0.0,42.242264,0.0,0.0,0.0,0.0,43.46608,82.88849,0.0,0.0,0.0,0.0,0.0,0.0,0.0,0.0,0.0,56.327072,22.260756,58.283657,47.70945,36.237915,37.011806,35.988506,38.231255,59.544346,0.0,0.0,0.0,0.0,0.0,0.0,0.0,0.0,0.0,0.0,0.0,0.0,0.0,0.0,0.0,46.812237,0.0,0.0,0.0,0.0,0.0,0.0,0.0,0.0,49.920925,29.987257,41.595192,61.88216,36.41228,20.913399,30.526543,27.331675,32.24106,29.966267,12.268929,56.713615,0.0,0.0,87.43259,66.80748,110.37826,24.670876,0.0,0.0,0.0,17.836073,17.215359,0.0,0.0,0.0,0.0,0.0,0.0,76.81481,25.224018,41.5619,0.0,0.0,0.0,0.0,55.379646,16.696518,27.309217,0.0,0.0,0.0,0.0,0.0,17.215359,27.944956,26.576012,25.584412,21.019712,0.0,0.0,15.48841,66.94938,91.89597,0.0,0.0,14.879186,38.13397,0.0,0.0,0.0,0.0,99.88068,62.340183,0.0,0.0,0.0,43.775074,10.567152
C13x29_C14x29,0.0,0.0,0.0,0.0,25.036634,0.0,0.0,52.669765,29.147615,20.610476,18.378365,16.152704,85.82737,21.800058,49.187843,0.0,138.54243,37.789444,0.0,8.641699,27.850996,21.655544,21.655544,0.0,27.631971,0.0,0.0,0.0,25.157602,0.0,0.0,0.0,0.0,0.0,34.918938,0.0,0.0,25.124538,0.0,13.923241,16.174856,0.0,0.0,24.818827,0.0,0.0,0.0,0.0,0.0,0.0,0.0,0.0,0.0,0.0,0.0,26.2191,28.831802,0.0,44.30178,29.737402,0.0,0.0,20.406698,0.0,0.0,26.038475,23.706797,0.0,0.0,11.760824,30.63982,0.0,0.0,0.0,78.057495,106.65637,0.0,78.52493,0.0,74.14043,48.036205,0.0,55.31561,0.0,0.0,0.0,33.36845,0.0,0.0,0.0,0.0,23.177301,0.0,47.301903,0.0,0.0,0.0,15.642678,0.0,0.0,0.0,34.645973,17.910257,56.4898,93.64438,0.0,0.0,205.98859,53.783455,0.0,0.0,46.44319,0.0,38.70091,51.474754,0.0,0.0,36.398148,41.413403,0.0,0.0,0.0,34.484375,85.520805,0.0,0.0,8.800571,0.0,0.0,0.0,0.0,77.97326,0.0,34.8707,27.328632,0.0,0.0,0.0,229.34499,40.804447,0.0,0.0,0.0,0.0,0.0,38.053295,34.73569,0.0,17.436327,11.90032,15.184533,30.494492,0.0,32.18792,68.17654,0.0,0.0,0.0,0.0,0.0,0.0,0.0,97.58813,159.8291,32.780922,58.900078,0.0,35.371433,0.0,32.399105,0.0,0.0,0.0,22.185585,0.0,0.0,0.0,0.0,94.2503,0.0,65.55114,0.0,31.525717,0.0,0.0,0.0,0.0,29.795815,0.0,15.537352,0.0,0.0,0.0,87.23501,0.0,0.0,0.0,0.0,0.0,0.0,0.0,37.562298,35.91989,0.0,0.0,0.0,0.0,51.520763,0.0,0.0,36.67038,0.0,0.0,0.0,0.0,0.0,0.0,0.0,0.0,0.0,0.0,0.0,0.0,28.597425,16.075798,0.0,0.0,0.0,0.0,67.57538,39.28706,0.0,84.823105,70.79623,0.0,0.0,30.696222,0.0,17.25527,0.0,44.437813,0.0,0.0,0.0,40.507206,0.0,39.23325,0.0,0.0,61.39415,0.0,0.0,30.782948,0.0,0.0,0.0,33.137104,0.0,89.92748,48.337933,0.0,0.0,28.526413,68.63941,52.54708,60.48908,54.30876,97.84319,68.46762,66.26837,57.3451,57.8222,48.65423,101.57672,77.81005,59.769226,74.985374,60.397823,57.319496,36.208942,0.0,0.0,0.0,0.0,0.0,0.0,60.232723,108.89215,114.98019,115.883965,54.324833,95.35188,34.8707,121.10107,36.22303,5.165388,23.871727,28.72327,0.62693614,22.048359,13.198938,0.0,17.137772,29.694357,32.215282,0.0,12.907549,47.768444,33.582546,44.271805,0.0,19.94712,13.95843,9.276768,11.90032,27.20419,0.0,0.0,0.0,0.0,0.0,0.0,29.802002,59.3468,0.0,0.0,0.0,0.0,0.0,0.0,0.0,0.0,0.0,0.0,0.0,0.0,0.0,0.0,0.0,0.0,0.0,0.0,0.0,0.0,0.0,0.0,0.0,0.0,0.0,0.0,0.0,44.63547,0.0,0.0,0.0,45.23861,35.610237,20.336227,29.762375,29.71254,60.948277,32.972973,68.606125,0.0,36.294003,15.184533,26.94797,29.542542,22.532179,21.371891,0.0,0.0,0.0,35.042953,0.0,27.774223,36.654186,0.0,0.0,0.0,0.0,36.94917,88.83931,0.0,0.0,0.0,0.0,0.0,0.0,0.0,0.0,0.0,32.23204,15.571514,50.76751,39.61864,20.733692,23.074892,19.602137,52.195667,33.09343,0.0,0.0,11.733431,17.255056,30.17636,16.405876,0.0,24.039274,54.684505,28.232924,27.032057,34.671413,0.0,0.0,0.0,33.09343,14.994911,26.223726,25.37724,24.268677,7.1953993,24.53485,24.307453,27.389194,43.180733,31.355179,42.92112,65.78617,35.80615,21.8674,27.456299,24.880095,38.2362,33.09343,0.0,65.55114,0.0,0.0,63.31315,48.255848,36.445705,53.134216,0.0,0.0,0.0,22.27329,27.802917,0.0,0.0,0.0,17.459356,0.0,17.058954,63.497375,23.29172,46.801174,21.517864,0.0,0.0,0.0,37.569237,33.541412,27.980824,0.0,0.0,0.0,0.0,0.0,20.558552,32.129406,38.2362,0.0,29.16373,17.058954,0.0,0.0,54.484726,28.444092,0.0,0.0,20.240738,37.464424,0.0,0.0,0.0,0.0,80.47029,51.798695,0.0,0.0,0.0,60.95805,45.728497
C13x30_C13x31,74.31588,0.0,0.0,0.0,90.433586,0.0,0.0,81.31847,0.0,13.537339,18.462332,0.0,55.231194,0.0,86.67138,0.0,73.26988,29.190485,0.0,0.0,8.1346855,92.52949,61.853855,0.0,0.0,0.0,0.0,0.0,0.0,0.0,0.0,0.0,0.0,0.0,0.0,13.34736,26.175032,25.43712,0.0,34.139736,0.0,0.0,0.0,0.0,0.0,0.0,0.0,38.820175,0.0,0.0,0.0,0.0,0.0,0.0,0.0,34.801197,57.75251,0.0,32.481396,0.0,0.0,84.73089,0.0,0.0,0.0,0.0,0.0,61.318428,0.0,78.44222,52.43684,0.0,0.0,0.0,70.92741,114.18321,0.0,49.175697,0.0,0.0,33.29311,0.0,77.07914,0.0,0.0,0.0,53.9124,0.0,0.0,0.0,13.025309,0.0,0.0,0.0,0.0,0.0,0.0,51.39165,0.0,0.0,0.0,18.833364,0.0,0.0,66.32563,0.0,0.0,105.35655,28.125967,0.0,0.0,0.0,0.0,0.0,0.0,0.0,0.0,62.322857,62.322857,0.0,0.0,0.0,48.246758,39.22958,42.67872,0.0,0.0,0.0,0.0,0.0,0.0,105.86757,0.0,48.643013,31.342905,0.0,0.0,0.0,130.29172,28.79162,0.0,0.0,0.0,0.0,0.0,29.796604,71.96627,30.79143,26.112883,13.492316,0.0,19.853527,0.0,61.378124,60.064323,47.359314,18.223467,0.0,69.32534,0.0,0.0,0.0,85.367455,124.689835,0.0,33.212704,0.0,59.81622,0.0,21.860693,0.0,0.0,0.0,56.73237,0.0,0.0,0.0,0.0,46.906548,0.0,0.0,0.0,28.617346,0.0,0.0,11.775224,69.669754,76.41992,0.0,11.300538,32.910126,18.860796,40.24904,98.67799,0.0,0.0,0.0,0.0,0.0,0.0,0.0,0.0,86.419266,0.0,0.0,20.1357,0.0,24.510487,0.0,8.249976,65.4264,0.0,0.0,0.0,0.0,0.0,0.0,21.76847,0.0,0.0,0.0,0.0,0.0,33.30566,0.0,0.0,0.0,0.0,0.0,61.889473,0.0,0.0,80.40769,60.6101,0.0,0.0,38.03886,0.0,47.31065,0.0,0.0,0.0,0.0,0.0,0.0,0.0,36.28963,0.0,0.0,111.01967,0.0,0.0,0.0,0.0,0.0,0.0,0.0,0.0,88.64191,27.60864,21.834911,51.791077,38.62898,64.2211,72.2212,47.203335,42.68835,39.776127,89.73851,53.643013,76.16764,54.90644,40.040073,54.86,38.007145,76.08483,43.46551,48.808846,55.131046,21.69286,0.0,0.0,44.133194,0.0,0.0,0.0,58.673424,70.7093,126.16462,90.947426,90.8705,85.81802,71.99659,81.83546,73.43795,35.14659,32.576096,55.48314,18.457777,41.68769,14.653968,0.0,0.0,30.083065,30.108986,26.043247,29.990768,61.23443,62.563194,48.80169,14.8832655,64.14942,45.975353,0.0,20.93957,42.392296,20.630043,29.774063,38.765198,30.748903,0.0,45.945385,42.979916,83.46769,0.0,0.0,24.721596,40.157448,13.492316,23.458813,31.061012,38.091316,0.0,0.0,0.0,0.0,0.0,0.0,0.0,0.0,0.0,0.0,0.0,0.0,0.0,0.0,0.0,0.0,0.0,0.0,0.0,48.36315,26.861275,33.823166,25.624338,0.0,0.0,0.0,0.0,0.0,0.0,33.687035,48.855736,0.0,0.0,0.0,0.0,0.0,113.5945,94.43574,0.0,0.0,0.0,25.698101,28.99495,43.159767,26.12729,21.143618,0.0,0.0,0.0,37.740746,76.67667,0.0,0.0,0.0,0.0,0.0,0.0,0.0,0.0,0.0,0.0,0.0,0.0,0.0,0.0,0.0,0.0,0.0,0.0,0.0,0.0,0.0,22.345772,15.055038,21.24606,11.775224,33.091644,28.793882,44.88023,38.235336,34.373547,0.0,0.0,0.0,0.0,0.0,0.0,0.0,0.0,0.0,0.0,0.0,0.0,26.498878,25.625397,68.9882,78.05147,31.067505,0.0,51.010254,39.96045,52.027653,46.13352,0.0,96.58607,17.602211,0.0,85.080986,22.587791,42.02869,52.967045,0.0,0.0,20.469902,26.362959,25.445498,27.061352,0.0,0.0,0.0,0.0,0.0,133.74382,22.345772,34.373547,32.868225,0.0,0.0,0.0,35.70055,0.0,0.0,0.0,0.0,0.0,0.0,0.0,0.0,0.0,0.0,0.0,39.183506,0.0,0.0,23.731703,56.224014,72.63724,0.0,0.0,49.273186,35.39498,0.0,0.0,0.0,0.0,63.214584,24.173256,0.0,0.0,0.0,59.77428,0.0
C13x30_C14x30,53.790585,0.0,0.0,0.0,58.166187,0.0,0.0,41.440094,16.718012,14.839691,34.711716,0.0,46.469685,0.0,59.34731,0.0,67.759964,38.52522,0.0,3.5236497,7.579,4.755549,3.1789765,0.0,28.858446,0.0,0.0,0.0,0.0,0.0,0.0,0.0,0.0,0.0,0.0,28.704538,21.914072,25.742704,0.0,11.916315,0.0,0.0,0.0,0.0,0.0,0.0,0.0,18.571253,18.571253,0.0,0.0,0.0,0.0,0.0,0.0,69.07625,14.901533,0.0,60.21435,0.0,0.0,52.71356,0.0,0.0,0.0,16.527203,0.0,57.129726,0.0,50.301304,33.62528,0.0,0.0,0.0,37.568733,80.03028,0.0,39.30563,0.0,29.31823,31.875307,0.0,108.71019,0.0,0.0,0.0,30.290113,0.0,0.0,0.0,14.652335,0.0,0.0,0.0,0.0,0.0,0.0,43.851334,0.0,0.0,0.0,14.031956,14.234492,25.525934,91.6117,0.0,0.0,106.91639,44.988132,0.0,0.0,33.925453,0.0,39.156715,39.156715,0.0,0.0,32.48733,56.72125,0.0,0.0,0.0,56.12289,62.311436,39.763306,0.0,0.0,0.0,0.0,0.0,0.0,76.51329,0.0,29.640125,31.623857,0.0,9.772713,0.0,148.79567,64.42884,0.0,0.0,0.0,0.0,0.0,28.413185,66.774414,0.0,33.731113,9.84115,9.2238245,28.242315,0.0,27.37021,0.0,38.038605,33.75033,0.0,19.50959,0.0,7.584936,0.0,80.756226,193.77013,0.0,43.044083,0.0,33.65689,16.640038,24.104261,0.0,0.0,0.0,43.23443,0.0,0.0,0.0,0.0,73.81225,0.0,54.262497,0.0,26.215113,0.0,0.0,19.501156,34.66989,83.66175,0.0,0.0,0.0,14.516195,41.367176,138.22865,0.0,0.0,0.0,0.0,0.0,0.0,0.0,51.126373,39.64631,0.0,0.0,14.730414,0.0,26.956371,0.0,9.746255,53.59081,0.0,0.0,0.0,0.0,0.0,0.0,16.883589,0.0,0.0,0.0,0.0,0.0,41.18841,0.0,0.0,0.0,0.0,0.0,70.69785,20.087688,0.0,107.58467,70.18178,0.0,0.0,21.86698,0.0,18.00435,0.0,27.15194,0.0,0.0,0.0,26.595331,0.0,43.45177,0.0,0.0,74.55518,0.0,0.0,24.812075,0.0,0.0,0.0,0.0,0.0,81.92556,19.925276,0.0,39.981667,29.228281,64.374374,24.065754,25.634356,29.422043,63.622833,69.41346,34.083336,65.88921,52.46402,41.851845,77.01163,50.02437,66.110214,50.41086,51.3382,53.338696,32.390293,0.0,0.0,29.243233,0.0,0.0,0.0,77.66551,74.50946,183.82628,146.37093,122.56854,139.56448,59.832714,143.22998,51.655422,46.680664,29.100897,19.631796,17.143276,34.630943,14.771565,0.0,13.771925,25.668226,23.946898,24.264215,4.3982763,28.70323,8.87079,36.22759,0.0,39.524845,13.211293,0.0,18.443415,20.548576,0.0,0.0,0.0,0.0,0.0,0.0,35.78405,67.34917,0.0,0.0,24.323517,36.19599,9.84115,30.344679,0.0,30.86748,0.0,0.0,0.0,0.0,0.0,0.0,0.0,0.0,0.0,0.0,0.0,0.0,0.0,0.0,0.0,0.0,0.0,0.0,0.0,30.758629,23.472181,29.004986,24.293167,0.0,0.0,0.0,0.0,15.976133,66.303764,21.288858,34.233387,0.0,21.580189,12.270373,44.720467,19.13387,52.08147,0.0,0.0,0.0,0.0,48.62307,33.948383,112.40459,49.745937,28.666294,0.0,0.0,0.0,47.170048,92.9487,0.0,0.0,0.0,0.0,0.0,0.0,0.0,0.0,0.0,0.0,0.0,0.0,0.0,0.0,0.0,0.0,18.771576,25.669132,0.0,0.0,0.0,43.552013,29.342342,41.408672,35.588604,63.413612,48.44694,86.76113,74.31089,66.24861,0.0,0.0,0.0,25.669132,0.0,0.0,0.0,0.0,0.0,0.0,0.0,0.0,56.687515,16.75326,40.311565,43.985256,24.258535,13.771925,28.881584,25.858875,27.753096,30.371683,19.750895,54.262497,16.559319,0.0,76.66594,62.963196,70.01704,51.70752,0.0,21.930872,15.204759,35.533802,16.370428,0.0,0.0,0.0,0.0,0.0,0.0,92.54031,23.864792,36.30164,30.81455,0.0,24.650253,0.0,14.204141,13.344221,14.597923,14.520862,0.0,0.0,0.0,0.0,7.7742944,27.257975,27.753096,34.374557,37.486156,18.719011,0.0,0.0,69.83591,62.309006,0.0,0.0,19.287603,47.83794,0.0,0.0,0.0,0.0,73.87356,33.638092,0.0,0.0,0.0,49.189957,27.517452
C13x31_C13x32,27.613247,0.0,0.0,0.0,90.48153,0.0,0.0,30.643692,0.0,0.0,0.0,0.0,58.670856,0.0,70.25393,0.0,33.421043,0.0,0.0,0.0,0.0,0.0,49.66681,39.551884,0.0,39.551884,0.0,0.0,0.0,0.0,0.0,7.104488,0.0,0.0,7.104488,42.46027,35.62417,22.460606,17.310545,47.943142,0.0,63.188023,50.04862,38.572815,0.0,38.572815,0.0,63.188023,35.00115,0.0,0.0,37.76338,0.0,0.0,33.93288,26.760746,30.196394,0.0,0.0,0.0,0.0,30.76444,0.0,0.0,0.0,0.0,0.0,20.522783,0.0,0.0,20.090523,0.0,0.0,0.0,17.636463,128.8982,0.0,37.70109,22.253729,0.0,0.0,0.0,111.00705,0.0,35.424465,0.0,49.451595,0.0,0.0,0.0,0.0,59.956474,0.0,31.68659,0.0,31.68659,0.0,0.0,0.0,0.0,0.0,24.016848,33.25232,0.0,65.14168,0.0,19.566986,57.294262,0.0,0.0,0.0,0.0,0.0,0.0,0.0,0.0,0.0,21.550135,21.550135,0.0,38.166424,0.0,40.547977,0.0,34.941315,0.0,20.958725,0.0,0.0,0.0,0.0,75.33954,0.0,31.374895,20.21627,0.0,15.263911,0.0,102.38628,23.732334,0.0,0.0,0.0,0.0,0.0,30.441141,48.6249,37.007748,21.911358,7.031501,0.0,14.090342,0.0,91.5926,69.70988,52.874744,18.436337,0.0,39.39656,0.0,47.2487,0.0,28.119696,111.33455,0.0,15.052992,0.0,59.75864,0.0,0.0,0.0,0.0,0.0,55.16227,0.0,0.0,0.0,0.0,19.061693,0.0,0.0,0.0,0.0,0.0,0.0,40.114784,32.810158,47.3781,0.0,0.0,18.564661,0.0,28.615826,74.362236,0.0,0.0,0.0,0.0,0.0,0.0,0.0,0.0,106.002884,0.0,0.0,54.232098,0.0,0.0,0.0,22.881657,83.433624,0.0,0.0,0.0,0.0,0.0,0.0,20.127312,0.0,0.0,0.0,0.0,0.0,84.44352,0.0,0.0,0.0,0.0,0.0,62.431816,0.0,0.0,92.44245,26.113943,0.0,0.0,30.404325,0.0,27.51365,0.0,0.0,0.0,0.0,0.0,0.0,0.0,21.674059,0.0,0.0,60.49099,0.0,0.0,0.0,0.0,0.0,0.0,0.0,0.0,54.076096,58.89783,0.0,18.006096,26.288609,61.86204,64.43975,44.1754,28.381367,34.05376,78.412,36.82358,81.017784,58.030556,37.471634,51.90736,46.068203,78.19277,11.63821,58.143726,54.77033,26.78896,0.0,0.0,34.861526,0.0,0.0,0.0,78.168236,74.9988,91.13567,87.37927,0.0,50.867985,75.02583,55.43836,56.4682,44.90994,32.559834,26.248863,0.0,45.73174,39.38947,0.0,0.0,33.772915,46.037792,8.3366165,42.700157,32.271973,27.371128,25.745277,40.085552,71.41022,54.09766,16.233135,10.912625,30.351946,73.47426,43.691753,40.524277,56.42409,0.0,39.206585,54.8305,79.15121,0.0,0.0,18.466059,13.885731,7.031501,18.341064,22.949787,26.957306,0.0,0.0,16.047752,26.78527,26.966654,17.687561,47.86622,17.029194,30.916742,44.109795,0.0,32.888615,21.410646,22.874374,9.588862,35.17811,33.673534,31.232342,33.434277,0.0,29.467035,58.716785,19.662497,73.08993,99.65311,64.03933,94.119446,0.0,0.0,52.26534,0.0,0.0,0.0,0.0,0.0,0.0,0.0,0.0,0.0,0.0,0.0,15.287426,32.728878,31.37155,29.664242,25.828943,0.0,0.0,0.0,53.734398,56.400986,0.0,0.0,0.0,0.0,0.0,0.0,0.0,0.0,0.0,49.851524,23.856112,56.14294,26.647247,33.028828,33.673534,31.232342,0.0,0.0,52.44432,0.0,0.0,26.288609,43.878265,27.896358,50.646233,0.0,53.876453,78.19277,57.626984,54.77033,19.942245,55.394894,0.0,66.86855,0.0,0.0,0.0,0.0,0.0,0.0,0.0,0.0,0.0,42.44497,68.010895,67.356705,42.217075,0.0,28.788326,40.894524,58.31439,38.697777,18.043724,45.556206,30.875257,0.0,28.774109,39.3692,55.022995,32.87558,0.0,0.0,26.113943,37.534966,31.133087,25.021154,40.932293,0.0,9.889658,0.0,0.0,47.938908,20.822119,43.38131,18.549627,0.0,0.0,0.0,34.09322,5.3313437,9.889658,34.351112,0.0,0.0,0.0,0.0,0.0,0.0,0.0,0.0,29.446466,30.314842,0.0,7.5966754,18.55254,0.0,0.0,0.0,0.0,7.6797647,0.0,0.0,0.0,0.0,22.010761,26.80372,0.0,0.0,0.0,92.14019,0.0
C13x31_C14x31,0.0,0.0,0.0,0.0,73.93309,0.0,0.0,48.31003,0.0,0.0,0.0,0.0,72.4777,0.0,85.27363,0.0,29.632421,0.0,0.0,7.2745543,0.0,0.0,27.942163,0.0,0.0,0.0,0.0,0.0,0.0,0.0,0.0,0.0,0.0,0.0,0.0,37.006245,22.115198,42.98031,0.0,11.729044,0.0,4.4133277,4.4133277,0.0,0.0,0.0,0.0,39.823643,5.9232273,0.0,0.0,0.0,0.0,0.0,0.0,70.11747,27.646248,0.0,35.359905,0.0,0.0,68.40141,0.0,0.0,0.0,0.0,0.0,47.092102,0.0,0.0,24.035044,0.0,0.0,0.0,45.73183,31.25061,0.0,46.765133,0.0,0.0,0.0,0.0,112.11457,0.0,38.462208,0.0,30.715202,0.0,0.0,0.0,28.542166,33.959763,0.0,0.0,0.0,0.0,0.0,39.21407,0.0,0.0,0.0,31.885231,48.642433,0.0,68.65981,0.0,0.0,93.97907,0.0,0.0,0.0,0.0,0.0,0.0,0.0,0.0,0.0,41.52546,41.52546,0.0,0.0,0.0,54.295353,45.37814,70.9552,0.0,0.0,0.0,0.0,0.0,0.0,80.93684,0.0,37.922287,42.471252,0.0,40.168068,0.0,98.432144,23.601912,0.0,0.0,0.0,0.0,0.0,40.04683,71.93218,54.7466,28.47165,28.580667,0.0,19.651682,0.0,65.86227,50.126873,65.68611,0.0,0.0,37.50794,0.0,26.297785,0.0,59.72909,139.98177,0.0,26.289793,0.0,52.492443,0.0,22.425772,0.0,0.0,0.0,51.73492,0.0,0.0,0.0,0.0,29.606245,0.0,0.0,0.0,0.0,0.0,0.0,54.72717,37.556023,64.49671,0.0,43.38917,10.603961,0.0,24.995792,106.564674,0.0,0.0,0.0,0.0,0.0,0.0,0.0,0.0,86.08086,0.0,0.0,36.70234,0.0,18.84833,0.0,0.0,80.66033,0.0,0.0,0.0,0.0,0.0,0.0,33.26608,0.0,0.0,0.0,0.0,0.0,57.797302,0.0,0.0,0.0,0.0,0.0,65.278046,0.0,0.0,89.173645,24.464632,0.0,0.0,32.364662,0.0,30.250614,0.0,25.273325,0.0,0.0,0.0,0.0,0.0,36.801685,0.0,0.0,65.11445,0.0,0.0,0.0,0.0,0.0,0.0,0.0,0.0,86.60968,50.31807,22.399323,53.12983,50.901073,78.4945,85.76052,51.719234,49.11447,36.566586,110.799484,65.605934,102.111206,76.924416,46.93985,65.86336,58.454266,97.06987,50.681343,71.46408,66.67261,29.515274,0.0,0.0,67.44334,0.0,0.0,0.0,57.73475,77.88571,161.92793,121.986725,104.4461,92.69676,80.37046,113.32771,61.304104,46.220062,43.774178,45.01086,26.533339,38.72638,32.38594,0.0,18.064938,45.326,62.465057,27.341007,25.421434,58.95756,17.122814,49.076847,25.10965,50.82935,41.83461,16.707956,20.602089,26.598757,37.442593,27.15132,28.004969,30.644232,0.0,30.860325,53.28169,79.14308,0.0,0.0,36.55193,33.909687,13.414869,51.11938,28.854572,41.869553,0.0,0.0,0.0,0.0,0.0,0.0,0.0,0.0,0.0,0.0,0.0,0.0,0.0,0.0,0.0,0.0,0.0,0.0,0.0,0.0,30.116453,58.004826,29.242073,43.489864,66.72163,40.85078,60.822365,0.0,0.0,48.42563,37.306976,0.0,0.0,0.0,0.0,0.0,0.0,0.0,0.0,0.0,0.0,45.990654,58.33908,75.38316,45.322903,42.8117,0.0,0.0,0.0,60.60263,73.77776,0.0,0.0,0.0,0.0,0.0,0.0,0.0,0.0,0.0,0.0,0.0,0.0,0.0,0.0,0.0,0.0,0.0,0.0,0.0,0.0,0.0,18.941214,7.387249,16.33147,40.12842,9.362212,29.507334,46.765568,20.410086,37.209293,0.0,0.0,0.0,0.0,0.0,0.0,0.0,0.0,0.0,0.0,0.0,0.0,31.122618,37.68232,22.167166,51.124546,36.427067,18.064938,27.688845,36.440407,37.586105,49.939438,40.775604,75.811005,31.260368,0.0,50.358086,53.86971,45.108467,54.336197,0.0,45.276154,24.464632,22.346352,24.768196,41.354538,0.0,0.0,10.887674,0.0,0.0,68.940506,44.081623,57.740177,34.739494,0.0,0.0,0.0,0.0,34.41428,10.887674,15.074095,0.0,0.0,0.0,0.0,0.0,0.0,0.0,0.0,40.196365,62.85276,0.0,0.0,52.356308,0.0,0.0,0.0,29.642782,38.250793,0.0,0.0,0.0,0.0,37.89965,14.549481,0.0,0.0,0.0,81.05143,0.0
C13x32_C13x33,17.733334,0.0,0.0,0.0,45.349453,0.0,0.0,0.0,0.0,0.0,0.0,0.0,24.817572,30.565126,46.79564,0.0,80.47926,0.0,0.0,0.0,0.0,55.840546,0.0,65.78116,0.0,89.119675,0.0,0.0,54.517017,0.0,0.0,63.17235,0.0,0.0,46.628872,12.212019,63.259327,59.4038,54.758526,42.52117,33.49733,49.78559,33.94434,38.437443,0.0,52.074684,0.0,41.744194,24.297321,0.0,0.0,22.671606,0.0,0.0,44.187733,0.0,30.487783,0.0,0.0,0.0,0.0,35.033493,0.0,0.0,0.0,0.0,0.0,0.0,0.0,33.390182,0.0,0.0,0.0,0.0,0.0,71.33516,0.0,60.4575,22.381874,41.519154,0.0,0.0,158.00673,0.0,63.317493,0.0,46.83064,0.0,0.0,0.0,0.0,54.9709,0.0,0.0,0.0,0.0,0.0,18.352436,0.0,0.0,0.0,12.225616,26.964893,0.0,53.567535,0.0,16.090395,33.664047,0.0,0.0,1.97869,0.0,0.0,0.0,0.0,0.0,0.0,30.706572,30.706572,0.0,26.185907,35.90829,55.558132,0.0,0.0,0.0,53.382835,0.0,0.0,0.0,0.0,101.870705,0.0,38.067856,0.0,0.0,0.0,0.0,152.81451,0.0,0.0,0.0,0.0,0.0,0.0,0.0,0.0,20.727596,23.9332,0.0,0.0,16.663538,0.0,0.0,68.97505,42.535816,34.570656,0.0,45.49384,0.0,43.869442,0.0,0.0,95.9891,91.672485,38.623066,0.0,18.420473,0.0,0.0,0.0,0.0,0.0,84.2714,0.0,0.0,0.0,0.0,0.0,0.0,0.0,0.0,0.0,0.0,0.0,48.767796,0.0,20.598589,0.0,30.27004,34.493237,0.0,49.26206,85.03222,0.0,0.0,0.0,0.0,0.0,0.0,0.0,0.0,43.694206,0.0,0.0,31.267475,0.0,0.0,0.0,0.0,70.09741,0.0,0.0,0.0,0.0,0.0,0.0,13.0887985,0.0,0.0,0.0,0.0,0.0,59.372692,0.0,0.0,0.0,0.0,0.0,25.701378,0.0,0.0,55.48099,0.0,0.0,0.0,15.590057,0.0,0.0,0.0,38.679893,0.0,0.0,0.0,0.0,0.0,33.00191,0.0,0.0,59.232613,0.0,0.0,0.0,0.0,0.0,0.0,0.0,0.0,67.64188,93.74977,59.22333,44.814476,46.306885,40.033848,47.355423,28.2519,47.659286,28.272863,75.74277,56.599823,60.119526,65.4243,35.68061,25.639097,30.922813,41.73467,46.628872,53.182343,42.590233,21.532276,0.0,0.0,34.39004,0.0,0.0,0.0,62.11591,30.803116,60.858543,66.22852,25.954266,31.30293,30.137142,53.836082,43.600475,62.82492,12.556557,22.966036,0.0,35.657024,37.37842,0.0,11.464094,26.332731,33.56226,22.178844,32.877644,29.461943,21.367502,20.073586,31.267475,53.776966,44.301975,33.327854,9.972533,30.328539,37.79892,68.52538,63.268967,40.803524,0.0,30.886253,0.0,52.33827,0.0,0.0,0.0,0.0,0.0,0.0,17.977018,0.0,53.776966,30.460049,62.73613,0.0,38.275402,68.03964,102.61558,0.0,70.83892,103.62993,0.0,24.374235,5.5120673,26.732843,65.58141,37.380863,31.468586,78.41166,56.70651,0.0,69.069756,105.19887,27.18152,72.519066,146.79399,65.05988,103.03006,0.0,0.0,0.0,0.0,0.0,40.414318,11.562437,34.355476,39.848103,0.0,0.0,0.0,18.348278,15.91951,0.0,0.0,0.0,0.0,0.0,0.0,0.0,0.0,0.0,0.0,0.0,0.0,0.0,0.0,0.0,0.0,0.0,0.0,0.0,77.60624,32.46376,74.46393,65.24915,33.08397,23.22764,57.877327,0.0,0.0,48.169327,0.0,0.0,59.978382,43.62464,0.0,67.72499,17.853436,45.729046,54.05628,35.737682,54.213814,15.22314,41.64932,0.0,88.83098,38.377453,0.0,0.0,54.194145,16.353233,34.58817,36.569305,27.920912,35.425865,18.79206,20.789383,47.99407,7.6613984,11.464094,22.134516,49.050392,45.287857,30.486038,0.0,15.716749,21.914415,0.0,0.0,0.0,0.0,0.0,38.258057,0.0,0.0,42.326046,35.550846,24.743761,29.60051,0.0,40.166794,0.0,0.0,84.28982,30.65552,42.590233,0.0,0.0,0.0,0.0,26.288424,7.150184,22.399654,41.320667,0.0,0.0,0.0,0.0,0.0,0.0,0.0,0.0,7.518488,0.0,0.0,0.0,38.414883,41.675842,0.0,0.0,19.700258,74.8315,0.0,0.0,0.0,0.0,0.0,0.0,0.0,0.0,0.0,36.052193,18.78442
C13x32_C14x32,22.015896,0.0,0.0,0.0,41.974323,0.0,0.0,33.94736,0.0,0.0,0.0,0.0,64.163315,0.0,76.17758,0.0,38.98622,0.0,0.0,3.573435,0.0,50.436287,0.0,43.475266,61.483315,33.73878,0.0,30.741657,0.0,0.0,0.0,10.9349785,0.0,0.0,10.9349785,10.15593,43.67433,42.38419,5.2773504,4.901372,0.0,26.751852,10.873624,8.380377,0.0,8.380377,0.0,25.198204,7.7833276,0.0,0.0,0.0,0.0,0.0,37.130833,33.67319,24.466103,0.0,0.0,0.0,0.0,29.775444,0.0,0.0,0.0,0.0,0.0,20.809946,0.0,26.779821,0.0,13.264117,0.0,0.0,16.941319,51.372303,0.0,74.76545,22.565111,0.0,0.0,0.0,142.1041,0.0,29.296839,0.0,27.20962,10.977352,0.0,21.954704,14.0205965,34.491253,0.0,21.029654,0.0,21.029654,0.0,19.531422,6.099758,0.0,0.0,44.593517,46.83623,0.0,68.17339,0.0,21.843035,40.721447,0.0,0.0,0.0,0.0,0.0,0.0,0.0,22.047766,0.0,18.900713,18.900713,0.0,27.73991,0.0,35.430225,0.0,45.696823,0.0,0.0,0.0,0.0,0.0,0.0,86.61622,0.0,34.081554,22.406397,0.0,21.679087,0.0,171.08958,21.41772,0.0,0.0,0.0,0.0,0.0,33.776333,43.072556,15.228449,30.566277,6.589705,0.0,18.803772,0.0,75.15846,26.572529,97.19149,18.694304,0.0,43.28379,0.0,34.789364,0.0,31.196882,89.41129,34.54278,23.436888,0.0,45.160122,0.0,0.0,0.0,0.0,0.0,44.981464,0.0,0.0,0.0,0.0,20.669928,0.0,0.0,0.0,0.0,0.0,0.0,54.618202,30.755829,44.86338,0.0,12.595564,16.408943,0.0,22.538067,85.19986,0.0,0.0,0.0,0.0,0.0,0.0,0.0,0.0,68.61717,0.0,0.0,40.282585,0.0,0.0,20.805998,20.45553,79.45648,14.405447,0.0,0.0,0.0,0.0,0.0,16.341093,0.0,0.0,0.0,0.0,0.0,58.566956,0.0,0.0,0.0,0.0,0.0,34.74757,0.0,0.0,70.91229,26.37536,0.0,27.229944,15.4928055,0.0,25.972876,0.0,53.58605,0.0,0.0,0.0,0.0,0.0,40.812183,0.0,14.15968,65.66933,0.0,0.0,0.0,0.0,0.0,0.0,18.11758,0.0,71.83719,91.777466,33.870117,20.941553,45.969616,19.44975,36.23401,26.459032,51.77566,38.014927,64.52376,36.64918,51.722626,47.992588,13.229546,34.449707,45.57581,62.144527,30.717249,60.113365,65.42707,25.397133,0.0,0.0,42.935257,0.0,0.0,0.0,58.098083,65.537834,101.80953,94.406075,27.621603,39.207985,79.59088,57.083054,39.391884,52.284958,25.990513,14.550488,0.0,28.352928,31.150988,0.0,22.145327,22.265217,42.93541,20.67581,26.062687,37.801823,13.598474,21.55274,9.009776,36.582043,34.435665,17.12734,13.459718,30.62819,54.84945,33.359436,36.49485,50.529408,0.0,38.8341,42.00542,51.98872,0.0,0.0,19.432867,14.080025,6.589705,23.221325,39.610188,29.231691,0.0,0.0,28.061924,11.207611,16.151783,30.527843,39.38821,11.592987,42.094624,40.465004,16.090143,20.99115,7.8373966,5.583337,47.73719,17.644855,25.710348,28.126835,39.939632,0.0,40.637165,53.86502,13.150407,55.787464,101.227486,49.255836,83.68219,5.1593757,22.372135,0.0,0.0,0.0,35.35614,8.464727,29.259182,28.107038,0.0,0.0,0.0,0.0,0.0,8.566062,42.80336,36.854317,27.375772,34.497677,30.429724,70.842606,36.36203,46.95411,42.846073,0.0,0.0,0.0,0.0,0.0,0.0,0.0,0.0,0.0,29.294857,37.280994,46.467854,48.6243,27.590294,25.710348,28.126835,26.931303,34.419037,53.372715,0.0,0.0,45.969616,21.90945,18.99104,68.95727,26.358051,34.386635,62.144527,28.904903,65.42707,18.862175,37.906548,0.0,79.879265,0.0,0.0,0.0,0.0,0.0,0.0,0.0,0.0,33.167034,29.35445,27.20778,43.157307,11.167965,22.145327,25.839417,23.878647,26.122974,37.09418,20.029953,49.773384,20.215073,0.0,37.402924,18.644266,46.397694,29.121607,0.0,22.240732,26.37536,37.354652,10.711405,10.296042,36.656055,25.150751,23.222868,0.0,25.55838,62.767128,36.41063,51.822075,15.390024,4.2645617,4.7296505,0.0,21.35858,60.552185,18.638618,23.631493,0.0,0.0,0.0,0.0,0.0,0.0,0.0,0.0,24.348215,36.761578,0.0,8.203191,38.720634,35.35614,0.0,0.0,21.368603,50.03019,0.0,0.0,0.0,0.0,22.318743,24.765625,0.0,0.0,0.0,99.218315,23.824203
C13x33_C13x34,15.982674,7.147669,0.0,0.0,71.25101,23.750334,23.750334,0.0,30.433352,0.0,0.0,0.0,22.855667,10.688564,0.0,0.0,82.692024,0.0,0.0,0.0,0.0,67.6964,0.0,49.971527,27.644562,67.89282,27.644562,0.0,58.745644,27.566256,16.124643,39.600822,16.124643,0.0,26.147177,0.0,107.01947,17.31945,76.2999,69.469604,66.02003,50.40574,26.718075,38.609634,14.938662,38.609634,14.938662,46.952736,0.0,0.0,0.0,48.536514,19.763071,25.152273,0.0,0.0,45.928127,0.0,0.0,0.0,0.0,23.002562,0.0,0.0,0.0,0.0,0.0,0.0,0.0,0.0,0.0,0.0,4.570683,0.0,0.0,53.58823,9.740001,79.99187,0.0,39.629303,0.0,0.0,31.490774,0.0,34.70822,33.59484,0.0,0.0,0.0,0.0,0.0,83.86046,0.0,22.085451,12.812339,31.46607,12.812339,0.0,0.0,0.0,0.0,26.724049,32.428562,0.0,36.85142,9.1756115,0.0,28.661663,0.0,0.0,23.548851,0.0,21.437098,0.0,0.0,0.0,0.0,21.437098,45.554565,0.0,0.0,52.555855,31.518463,0.0,0.0,24.902088,12.737462,18.387712,18.387712,20.502487,0.0,78.88025,23.786453,0.0,0.0,11.392688,0.0,23.000845,79.73312,0.0,8.641739,8.641739,12.970561,0.0,23.236433,0.0,0.0,60.727333,45.827316,0.0,0.0,32.061783,0.0,0.0,52.623844,15.038442,64.33928,22.136522,36.569607,0.0,29.43856,19.226912,0.0,59.725494,84.01659,58.543873,19.697514,0.0,0.0,0.0,0.0,33.169037,33.169037,57.458008,11.8609915,34.24683,0.0,21.052805,0.0,10.835809,0.0,8.921696,0.0,26.346289,26.346289,23.800522,0.0,20.63986,8.913438,39.376934,29.648071,0.0,61.4836,107.068344,12.884768,16.148384,20.42893,0.0,13.917654,0.0,0.0,35.97605,0.0,24.926758,0.0,23.030437,0.0,0.0,0.0,21.529823,0.0,0.0,0.0,21.404062,21.404062,17.07602,3.2295668,9.137648,0.0,15.225888,20.951721,0.0,22.892523,64.69029,22.892523,11.713497,0.0,0.0,0.0,28.265657,19.794376,18.791674,53.102,0.0,6.7427435,0.0,8.218676,18.578243,0.0,26.044033,30.205898,8.003397,0.0,3.972233,0.0,32.58067,36.600548,9.741099,0.0,34.833965,13.854226,0.0,22.879932,21.800053,21.800053,11.7081995,19.341984,0.0,64.739975,76.92045,0.0,0.0,26.273602,27.949202,35.832535,16.662352,21.532658,34.85512,51.874264,40.93748,75.04633,47.510277,45.511555,26.857864,20.426447,33.367435,31.797283,61.483017,30.269917,35.045887,0.0,0.0,30.251547,0.0,0.0,0.0,80.76611,41.741627,77.31496,92.09993,35.124905,37.98123,44.20555,65.210335,82.2872,44.475292,39.809982,21.781761,0.0,35.080006,57.36539,0.0,17.896141,36.104813,41.328304,34.62251,41.542213,29.220781,18.317614,20.51729,51.497623,82.02042,40.016094,50.03232,19.008055,45.96762,28.634384,33.169037,32.58067,20.235014,0.0,0.0,0.0,48.62064,0.0,20.557344,0.0,0.0,0.0,0.0,15.688256,0.0,36.680645,36.35959,45.626667,53.539173,27.979525,38.52909,90.08472,0.0,64.70436,57.083584,21.910967,50.17181,29.112429,37.424538,60.298756,30.93062,81.46049,80.015495,52.566654,0.0,54.488365,80.72838,38.013584,45.639774,20.288372,21.863628,36.454197,0.0,0.0,0.0,0.0,16.178556,43.187206,18.833603,36.28712,52.174717,0.0,0.0,0.0,0.0,34.05664,0.0,0.0,0.0,0.0,0.0,0.0,0.0,0.0,37.156487,39.871742,0.0,0.0,0.0,0.0,0.0,0.0,0.0,0.0,0.0,37.516968,0.0,56.914925,0.0,21.02104,47.248207,27.077364,20.42893,21.404062,9.752894,36.92225,0.0,39.4794,46.325855,0.0,55.986763,18.958908,61.84873,36.28712,40.380615,45.484364,0.0,0.0,19.682535,37.9227,39.4794,46.325855,13.093039,41.172745,32.334194,36.28712,31.930704,60.55557,43.82164,0.0,0.0,0.0,0.0,0.0,0.0,0.0,0.0,0.0,0.0,0.0,26.154066,0.0,0.0,0.0,0.0,0.0,52.566654,0.0,0.0,55.22952,34.80621,28.234165,0.0,0.0,29.164637,0.0,0.0,62.723244,7.4602413,12.365312,0.0,0.0,0.0,0.0,0.0,0.0,0.0,0.0,0.0,0.0,0.0,0.0,0.0,0.0,0.0,0.0,0.0,0.0,0.0,20.169018,43.754124,49.767406,0.0,0.0,9.200859,36.52435,28.201796,15.483657,15.215848,24.552414,0.0,0.0,0.0,0.0,4.970857,40.672676,0.0
C13x33_C14x33,0.0,0.0,0.0,0.0,36.75902,0.0,0.0,0.0,0.0,0.0,14.036915,0.0,19.091269,21.211945,0.0,0.0,117.23413,0.0,0.0,8.046023,0.0,103.60103,0.0,62.105793,0.0,52.18286,0.0,0.0,31.921724,0.0,0.0,0.0,0.0,0.0,0.0,0.0,95.508705,26.13599,51.168373,26.81542,31.301134,47.528908,4.419689,6.3867836,0.0,8.652754,0.0,33.326015,0.0,0.0,0.0,33.115543,0.0,0.0,0.0,50.141495,47.607464,0.0,0.0,0.0,0.0,0.0,0.0,0.0,0.0,0.0,0.0,0.0,0.0,21.370823,0.0,0.0,0.0,0.0,0.0,43.026604,0.0,97.01859,0.0,43.213272,0.0,0.0,141.14449,0.0,72.44593,0.0,0.0,0.0,0.0,0.0,0.0,53.371666,0.0,13.1834,0.0,17.860744,0.0,0.0,0.0,0.0,0.0,47.94592,61.976593,0.0,55.39987,0.0,0.0,29.88636,0.0,0.0,26.476917,0.0,0.0,0.0,0.0,0.0,0.0,0.0,24.10235,0.0,0.0,24.452974,37.8342,41.383503,0.0,0.0,7.9010224,0.0,0.0,0.0,0.0,105.19356,0.0,0.0,0.0,0.0,0.0,0.0,147.56291,0.0,0.0,0.0,0.0,0.0,0.0,0.0,0.0,23.672615,52.288044,0.0,0.0,36.35883,0.0,0.0,53.267723,43.521774,8.798063,0.0,62.90053,0.0,0.0,0.0,0.0,100.79541,96.78233,54.219658,0.0,0.0,0.0,0.0,0.0,0.0,0.0,75.144325,0.0,0.0,0.0,0.0,0.0,0.0,0.0,0.0,0.0,0.0,0.0,35.357723,0.0,32.557056,0.0,42.614918,39.069305,0.0,25.259005,127.058464,0.0,0.0,0.0,0.0,0.0,0.0,0.0,0.0,0.0,0.0,0.0,0.0,0.0,0.0,0.0,0.0,63.58677,0.0,0.0,0.0,0.0,0.0,0.0,0.0,0.0,0.0,0.0,0.0,0.0,53.76296,0.0,0.0,0.0,0.0,0.0,31.839584,0.0,0.0,57.996674,0.0,0.0,0.0,0.0,0.0,0.0,0.0,36.153156,0.0,0.0,0.0,0.0,0.0,24.155148,0.0,0.0,57.544346,0.0,0.0,0.0,0.0,0.0,0.0,22.410883,0.0,41.788334,102.2688,0.0,0.0,69.70518,29.72521,30.623455,19.815989,43.44573,30.524015,75.79249,43.891914,69.76091,62.169495,21.02233,16.032183,37.423866,73.8636,0.0,82.56733,56.75536,42.309345,0.0,0.0,41.609276,0.0,0.0,0.0,54.225418,43.964996,88.30341,91.8587,35.73128,44.089657,48.739094,70.714134,103.58022,75.46507,29.653374,15.18737,0.0,31.734127,44.615124,0.0,21.41565,27.407194,39.14676,39.27813,40.69631,38.828125,11.650461,17.820982,20.409521,44.250286,40.322975,13.184301,21.813814,46.93064,35.525,42.760273,31.364862,40.054745,0.0,31.006397,0.0,26.498209,0.0,0.0,0.0,0.0,0.0,0.0,30.93007,0.0,44.250286,31.578918,77.65546,31.907,22.076117,60.5541,84.43705,63.821495,69.22244,60.747272,51.964245,64.56327,37.86686,23.420046,114.2048,37.570786,83.71497,61.405323,63.22863,0.0,61.47088,61.666977,52.285522,44.612556,111.736084,135.59312,124.000206,0.0,0.0,0.0,0.0,0.0,62.39004,19.857456,39.25657,55.7431,0.0,0.0,0.0,0.0,8.162691,10.8417015,31.528858,45.16903,30.446264,38.85163,0.0,0.0,0.0,37.953518,41.112007,0.0,0.0,0.0,0.0,0.0,0.0,0.0,0.0,0.0,72.888885,41.524933,78.071526,60.328663,34.934757,61.791817,45.32459,0.0,0.0,50.56253,41.020615,0.0,73.88677,58.351116,60.724186,73.82174,49.44238,64.02987,78.294655,35.747444,60.160095,0.0,0.0,0.0,99.047905,47.50403,19.51841,29.415152,42.545654,14.326701,50.337986,46.861736,0.0,52.28178,0.0,0.0,0.0,0.0,0.0,0.0,0.0,0.0,0.0,0.0,0.0,14.349671,0.0,0.0,0.0,0.0,0.0,42.65832,0.0,0.0,52.391636,24.494724,47.596325,0.0,0.0,53.760765,0.0,0.0,70.42418,39.665173,32.29618,0.0,0.0,0.0,0.0,0.0,41.528435,26.795704,0.0,0.0,0.0,0.0,0.0,0.0,0.0,0.0,0.0,0.0,0.0,0.0,39.27813,65.87069,71.93524,0.0,0.0,0.0,66.30797,0.0,0.0,0.0,0.0,0.0,0.0,0.0,0.0,0.0,35.912468,6.7041216
C13x34_C14x34,19.238514,8.603725,0.0,0.0,87.38236,29.127457,29.127457,0.0,36.53056,0.0,0.0,0.0,37.422806,0.0,0.0,6.823173,78.01488,0.0,0.0,0.0,0.0,65.12544,0.0,41.510605,0.0,0.0,0.0,0.0,0.0,28.96891,0.0,0.0,0.0,0.0,0.0,0.0,96.36935,30.877714,51.393593,41.528088,39.465977,40.159058,16.849634,24.346407,16.849634,46.62754,16.849634,47.327374,0.0,0.0,0.0,60.31282,21.795036,21.901829,0.0,0.0,80.349525,0.0,0.0,0.0,0.0,40.58956,0.0,0.0,0.0,0.0,0.0,0.0,0.0,0.0,0.0,0.0,0.0,0.0,0.0,0.0,20.7874,81.39724,0.0,74.455666,0.0,0.0,34.154743,0.0,24.814749,17.173763,0.0,0.0,0.0,0.0,0.0,47.59748,0.0,34.507732,23.882072,66.08822,23.882072,0.0,0.0,0.0,17.409527,17.307499,41.493492,0.0,23.86637,13.681863,0.0,37.817345,0.0,0.0,0.0,0.0,20.018194,0.0,0.0,0.0,0.0,20.018194,42.539345,0.0,0.0,39.506767,26.862722,0.0,0.0,23.259703,33.608456,17.496372,17.496372,20.766483,0.0,78.075615,32.758377,0.0,0.0,10.167248,0.0,27.023989,92.32366,0.0,15.058866,15.058866,16.003077,0.0,19.402374,0.0,0.0,40.769173,43.301796,16.739727,0.0,35.572495,23.673552,0.0,71.462395,0.0,8.3168125,29.967806,39.696114,0.0,31.747828,19.775118,0.0,40.40904,86.41211,78.05643,25.099953,0.0,0.0,0.0,0.0,29.867928,29.867928,65.5198,24.159962,34.63446,0.0,0.0,0.0,16.5905,0.0,10.560428,0.0,26.885445,26.885445,35.806126,0.0,52.181,17.830576,43.2119,25.598488,0.0,20.234575,110.80089,13.452189,28.53325,28.556677,0.0,7.989415,0.0,0.0,41.04277,0.0,12.431951,1.3148674,12.372185,20.783596,0.0,0.0,22.212082,17.451008,0.0,0.0,22.554874,22.554874,19.8042,16.270792,22.62256,0.0,4.9432096,28.504566,0.0,0.0,50.026943,0.0,17.147097,0.0,0.0,0.0,49.44583,0.0,17.042114,49.374615,0.0,9.593217,0.0,9.167452,22.148006,0.0,25.524538,11.487975,26.154938,0.0,15.632937,0.0,15.124683,49.973316,16.273119,0.0,38.725426,0.0,0.0,0.0,8.652124,8.652124,4.7225223,29.905436,0.0,69.539955,80.67536,0.0,0.0,39.400566,38.772648,0.0,18.087196,8.793806,24.339577,45.90728,31.125465,65.93379,30.551556,19.188292,42.485416,0.0,35.23101,0.0,58.27607,40.124374,43.135162,0.0,0.0,0.0,0.0,0.0,0.0,53.614597,13.551763,101.60777,47.081707,65.47248,0.0,0.0,89.806786,123.06475,35.681454,41.201035,36.387806,0.0,40.786316,56.308125,0.0,58.48421,53.88182,68.274506,57.074608,49.52445,60.916718,0.0,30.593575,27.665047,57.70305,65.94444,7.3943005,37.431168,63.34392,23.90227,29.867928,15.124683,25.765202,10.267638,0.0,0.0,0.0,27.242785,28.328262,0.0,0.0,0.0,0.0,18.240194,0.0,25.805588,22.386805,61.28959,23.942793,28.135551,50.475605,71.41111,57.513897,74.399376,68.44707,29.223587,79.02413,48.260525,29.848364,88.874504,45.025726,82.65272,41.854134,62.415504,0.0,63.351746,85.90765,0.0,29.097628,54.1332,74.19593,53.479435,0.0,0.0,0.0,0.0,0.0,36.08671,35.572495,42.0846,68.248184,0.0,0.0,0.0,34.728676,14.879406,0.0,0.0,0.0,0.0,0.0,0.0,0.0,0.0,44.296013,76.559,0.0,0.0,0.0,0.0,0.0,0.0,0.0,0.0,0.0,41.186874,13.861449,50.044094,36.267475,22.588377,43.156826,21.853987,28.556677,22.554874,9.341005,36.797985,0.0,52.787086,25.563934,49.53518,64.07819,25.169495,68.06137,47.2009,38.779457,53.756805,0.0,0.0,11.298739,65.18007,47.06527,18.38606,33.84024,50.793137,22.921043,42.0846,71.13107,18.61669,18.671307,0.0,0.0,0.0,0.0,0.0,0.0,0.0,0.0,0.0,0.0,0.0,0.65290177,0.0,0.0,0.0,0.0,0.0,55.392952,0.0,0.0,58.729984,29.905436,69.900826,0.0,0.0,43.628872,0.0,0.0,62.03133,10.149712,26.873003,0.0,0.0,0.0,0.0,0.0,0.0,0.0,0.0,0.0,0.0,0.0,0.0,0.0,0.0,0.0,0.0,0.0,0.0,0.0,25.524542,70.551094,28.242199,0.0,0.0,3.2662835,14.598057,37.06297,25.524542,10.7862,32.116272,0.0,0.0,0.0,0.0,18.186298,0.0,0.0
C14x13_C14x14,7.8732314,7.7234344,5.555698,11.538392,31.614357,10.032783,8.483563,0.0,32.42946,39.631912,36.06769,0.0,35.400658,14.899883,18.001053,8.741247,43.673622,0.0,0.0,9.815499,4.907416,21.82715,6.6618204,6.6618204,5.6331306,10.987016,11.814243,7.458837,14.903863,10.909315,8.452375,22.52543,17.39665,8.452375,12.3012905,11.9534645,0.0,15.94208,23.483004,31.886328,31.854643,36.693504,52.50287,27.679651,31.241892,38.174694,41.048916,32.775383,23.146679,30.986929,12.094939,27.181011,29.227503,0.0,0.0,0.0,8.85648,3.66344,20.610456,3.2644908,10.647421,8.826425,80.40991,43.522964,24.541748,20.752117,54.904938,5.963929,9.379606,60.95006,28.757671,16.570328,42.064945,44.556175,20.185368,123.140724,0.0,41.607548,14.104812,22.569588,26.691114,18.873466,34.360817,11.623517,0.0,26.621256,16.438135,15.060068,7.4965386,29.653036,11.480847,36.32972,13.47922,21.964014,8.904894,30.291908,32.572628,18.367067,13.566471,6.1677427,20.0685,22.053947,51.556225,10.391174,13.676503,25.110344,6.3761806,47.539886,20.024178,10.391174,16.842323,0.0,10.453496,5.0105186,12.172425,17.214409,6.6028075,4.4179354,25.404997,12.832871,11.548686,0.0,30.947487,11.548686,35.09114,23.33185,15.732876,12.798393,16.954248,23.992214,8.140333,22.034834,19.671171,11.092189,0.0,20.248083,35.870773,31.068792,30.345703,12.238696,23.454636,17.945728,24.711357,12.550565,0.0,10.130344,39.5741,74.362144,49.516285,16.64469,0.0,47.077415,23.036514,39.074253,44.352543,0.0,0.0,0.0,24.597235,10.27626,10.554569,19.511793,12.31863,34.534294,23.915934,29.675108,32.83558,19.832237,0.0,21.440865,13.601974,31.614227,34.339542,27.418304,11.821122,19.89552,39.46559,14.154577,8.936389,0.0,0.0,26.811443,16.92721,74.49499,46.480698,29.345253,29.345253,31.12351,26.656063,23.307068,0.0,8.03163,13.087318,5.576919,4.808147,0.0,0.0,12.668348,26.480412,14.381025,10.658174,16.608871,19.220215,41.35843,18.268927,0.0,0.0,0.0,14.845284,9.173815,40.018826,24.876272,13.803607,35.949497,33.35651,27.121511,38.93044,43.15943,9.393097,22.698484,11.993312,5.060444,0.0,0.0,0.0,10.340548,3.748463,4.2791305,15.785688,60.3314,12.832813,0.0,0.0,17.09885,21.14941,0.0,37.51786,13.69478,10.581448,11.40885,19.702333,20.25288,27.335545,0.0,0.0,18.032124,17.999897,12.445521,21.193432,44.580414,27.839973,11.520752,14.413024,24.516989,32.478077,23.993748,17.294535,6.214873,0.0,23.169653,48.02813,0.0,9.683672,12.094939,7.6491356,8.379071,10.754138,10.391174,9.082159,7.016015,12.231062,16.916458,11.812665,13.47922,11.520752,11.223437,12.3012905,8.140333,19.44958,154.59029,20.537186,22.49104,48.050724,43.712543,26.613922,26.071901,17.113539,31.728254,41.314407,45.48868,45.530468,38.9151,33.07841,27.496635,0.0,12.443074,9.259515,16.074928,16.5498,13.204303,23.055227,0.0,25.574757,42.265827,19.14784,18.964657,17.688503,0.0,33.742916,31.708624,0.0,27.714169,4.1260257,45.671337,31.288414,0.0,48.00925,43.921368,23.06366,17.942947,15.203247,14.666213,68.58719,37.529636,0.0,0.0,19.401403,7.2666693,24.841927,16.32285,0.0,7.981489,10.464562,3.6824498,17.732197,30.20398,18.830324,13.236919,20.410376,0.0,43.226143,26.635227,24.93412,0.0,26.899433,26.546652,36.66624,36.20455,31.935108,16.769524,35.61498,0.0,14.804015,44.11036,28.288286,53.425446,15.748669,52.952404,29.751287,23.70936,13.255888,46.381824,96.92871,9.15051,28.951601,23.00473,33.24329,48.326195,13.10201,9.084593,0.0,0.0,0.0,24.255976,21.209187,16.432695,12.5651455,0.0,43.606907,38.992817,24.283592,6.653776,13.56776,9.254131,7.7914524,0.0,8.513388,41.315105,14.575987,43.16063,29.926905,22.304703,8.087197,14.261237,13.415728,22.141323,0.0,23.155462,12.159223,0.0,19.44958,10.921387,23.604229,5.0284758,21.022026,23.112223,0.0,24.865032,22.99142,0.0,18.045074,35.5435,42.222572,5.7520413,0.0,30.198326,31.809332,14.044063,40.97163,32.253273,47.351807,36.010475,34.214237,40.509083,37.02243,11.050514,12.799231,7.1565485,11.218694,0.0,11.420203,15.698418,19.363398,10.167962,18.899632,12.552815,0.0,28.681458,0.0,9.099827,33.910534,59.537064,49.06337,0.0,4.0415506,12.982238,22.6526,45.465706,42.924988,11.373983,11.204602,47.265995,11.935429,0.0,40.63803,6.653776,21.059391,0.0,11.0902405,15.617767,29.658918,11.439062,45.38825,60.8557,15.043005,3.195986,3.7222643,13.018227,8.213412,13.153254,4.2791305,7.4620614,19.344784,4.71428,5.431845,18.986364,6.214873,35.14364,49.272907,15.120204,7.9664793,20.753788,18.111294,29.556444,15.018283,28.545383,39.426888,12.509561,5.360364,21.484465,11.812665,28.60224,44.997208,0.0
C14x13_C15x13,7.2455153,6.845548,6.3151345,10.370992,25.47103,0.0,17.01651,0.0,28.529516,26.546198,30.13609,0.0,32.30408,19.923437,14.182155,10.820349,52.113605,0.0,0.0,10.810711,4.2128468,27.977083,9.5324545,7.5724597,8.425909,13.1479435,14.624253,8.425909,17.804441,22.770813,0.0,29.104479,32.37246,12.73918,23.426308,16.762506,0.0,13.574448,27.873152,34.83379,37.744755,47.06898,74.40699,43.52336,41.329773,54.072742,60.14427,40.78413,31.142792,31.496351,0.0,11.082145,12.326497,0.0,0.0,0.0,9.866943,6.963241,19.153639,2.902657,5.924456,4.7375693,60.86573,25.755775,19.024006,14.839446,31.356623,13.331626,18.853765,46.785217,17.909498,18.57986,72.41642,38.386517,25.540167,120.4815,0.0,43.25979,14.1366625,22.814034,26.9802,19.077883,43.15581,18.131817,27.985338,18.869345,9.770575,8.817419,0.0,7.2484384,7.8572416,16.702282,14.326133,20.065113,0.0,26.217411,27.727674,14.35743,10.708882,5.5195823,17.433691,21.27192,38.506706,19.157072,28.342209,21.531263,10.611196,49.993603,18.121555,11.907915,11.76877,0.0,12.577169,0.0,6.2739534,5.787828,0.0,6.640523,14.626765,14.121619,11.558524,11.558524,18.468744,8.173111,56.033607,14.110773,10.211251,9.752638,12.306843,32.60666,2.0222414,8.325735,1.2742264,0.0,0.0,12.907233,26.49489,31.10259,32.58611,10.969409,18.100996,22.618004,23.951305,15.260915,0.0,9.085299,51.51171,61.018974,39.196564,0.0,0.0,56.320133,25.134586,26.341635,36.821785,0.0,0.0,6.6160502,29.877434,12.423113,9.934305,24.152664,10.575117,35.722996,25.462002,37.830154,21.137892,10.9452305,9.119622,12.484862,25.908031,32.571774,26.822292,21.551353,11.936207,15.654699,34.280834,17.806274,11.487395,0.0,0.0,34.143852,14.949707,69.74362,23.538395,17.894102,24.597513,36.1362,28.528069,26.04884,4.515371,5.0671625,17.956463,0.0,4.5369487,9.46631,0.0,0.0,28.13218,14.008001,0.0,23.676004,15.577628,35.316643,30.87641,0.0,0.0,0.0,18.255136,16.376663,49.69752,30.67308,20.77107,37.104717,34.608097,33.42978,44.96204,33.441143,11.408064,26.240345,11.770523,9.236855,0.0,0.0,0.0,10.882921,0.0,4.405977,1.5949117,53.231052,24.329908,0.0,0.0,20.295425,11.302965,0.0,32.367535,23.689705,10.372414,7.729776,28.823141,12.440543,33.10667,0.0,0.0,11.119842,28.851624,19.040188,25.141607,50.178207,7.6796103,12.187807,14.969188,23.624552,31.403934,25.101954,23.694868,6.399101,0.0,21.813936,52.218525,0.0,12.73867,4.616306,13.462524,11.279427,20.980299,21.899563,0.0,10.040413,14.668936,33.345795,24.300913,26.34685,22.414305,14.056402,23.42832,3.719056,38.19958,166.1713,10.022734,13.776339,55.612988,47.94185,33.832127,34.656883,12.813007,35.92301,35.350605,39.29231,37.959164,26.411423,44.31787,4.382271,0.0,12.780337,0.0,21.392918,12.862346,14.710823,25.230286,0.0,23.588259,41.396694,14.902283,36.799995,26.616959,0.0,40.62674,24.191805,0.0,0.0,4.5967774,46.490875,43.233925,0.0,48.86279,33.18298,13.756823,25.391838,23.837204,0.0,66.66338,47.848747,0.0,0.0,14.033361,6.2739534,14.410557,9.094068,0.0,9.220115,0.0,0.0,21.298244,28.233727,11.604256,13.821185,0.0,0.0,32.74694,21.57095,30.697048,0.0,28.232607,31.78934,40.234474,40.42315,33.368137,9.997301,38.011906,0.0,23.577597,31.121197,22.078932,49.752464,14.602666,36.671257,28.10754,47.038174,32.346825,37.041763,94.58397,10.4013405,38.6044,41.920795,36.419765,48.75485,20.106245,12.517752,0.0,5.5284123,4.515371,38.554947,23.209854,10.89097,8.34977,0.0,42.326427,23.99526,23.912216,17.965548,5.968737,12.697137,13.369755,0.0,5.3210864,29.981083,21.487705,39.66725,25.691994,25.712242,8.517731,8.179383,11.328512,15.29642,0.0,19.409935,8.046866,0.0,19.9398,10.737096,17.715916,6.0866404,18.539593,24.57676,0.0,25.478477,26.72102,0.0,26.162188,35.18735,29.57484,4.8025646,0.0,27.276821,30.305948,28.841267,38.233032,45.925694,48.08542,43.047905,40.699417,45.935547,48.078922,25.959015,13.587289,6.094794,8.106026,7.133049,6.441731,3.064709,13.888621,5.7578707,17.920122,15.98785,0.0,56.000866,0.0,10.218596,28.876497,51.90173,33.350727,13.0879755,4.8010645,13.156655,33.712704,51.98436,39.506107,15.565227,3.024368,52.86553,10.986261,0.0,49.654182,10.372414,20.77107,0.0,22.209866,7.664597,17.743715,16.007864,35.742233,25.267494,14.633433,0.0,0.0,14.624759,7.937247,11.116407,7.0881944,3.544151,18.929113,20.355406,7.9725995,15.345032,6.399101,55.44452,67.78943,7.6733694,0.0,18.85237,17.34678,25.822226,32.752842,35.35879,44.75218,11.529844,3.8496358,20.682531,13.213652,28.667433,38.574524,0.0
C14x14_C14x15,13.045064,7.995944,0.0,7.9714446,38.074726,8.140764,8.58447,4.0393963,36.20152,31.407,30.805769,15.950415,44.729256,16.37563,1.6001275,7.425479,33.553177,0.0,0.0,13.680523,6.179684,8.766976,7.742082,15.463395,4.588741,10.345329,5.40551,1.9361349,16.002953,10.758084,11.342242,17.621117,17.203218,11.342242,12.979543,13.322401,0.0,18.026104,25.620167,26.407698,31.264633,27.906378,64.58268,21.976353,37.988056,36.380928,23.271946,11.410587,28.34846,49.435852,16.978613,25.593527,15.56045,0.0,0.0,0.0,6.794022,4.0866184,16.814102,9.229915,10.62896,13.97315,51.39697,23.459152,58.24692,17.284693,60.279305,4.108025,8.5217285,58.470722,24.55603,20.425245,14.826844,32.459812,23.536745,123.05849,0.0,30.025131,22.854595,13.533751,23.203178,10.504147,34.35312,16.09508,12.67691,28.886782,18.905003,15.631965,12.535312,24.799028,20.621252,25.923658,18.425764,16.777811,18.425764,27.77496,17.050936,21.642584,16.740244,0.0,27.377916,33.539608,82.27566,23.986116,32.396694,12.1876,17.560516,49.90764,17.828354,15.178456,7.6879916,10.0625105,12.661828,0.0,16.594517,14.3965225,0.0,11.862345,22.578466,26.84569,9.982284,3.91925,26.31743,9.982284,28.77987,10.886588,12.5858135,15.5020895,7.7572775,17.053917,11.11371,42.74559,16.728052,13.053972,0.0,9.264345,29.144415,9.221535,52.276714,14.638647,12.802692,14.373856,25.99273,11.375916,0.0,9.062304,38.680695,58.70445,37.493214,20.164093,17.615295,36.463963,21.324553,36.653538,55.6279,0.0,9.33728,0.0,25.529495,6.773952,8.905242,20.701674,14.734256,36.174187,16.305605,19.58236,20.701462,24.170212,12.057591,17.981415,14.286053,31.5681,26.73443,9.949023,8.442386,12.634756,50.504696,7.2649355,11.990353,0.0,0.0,33.315628,18.4967,22.044596,35.647537,36.191917,34.994503,26.111353,28.427135,27.311865,7.5384035,10.775066,17.13661,25.40558,11.427327,0.0,0.0,10.002503,33.300274,11.258695,5.3651037,19.49742,20.542654,19.629133,17.897223,18.181578,10.688327,5.0973635,19.272928,0.0,50.594547,15.92464,20.06824,31.587156,28.640436,20.710178,29.814693,43.168365,14.0229225,14.389349,7.333395,9.310753,5.323493,11.644181,0.0,4.731233,2.839986,6.00695,16.765501,30.276499,13.97441,11.176943,24.447548,20.892447,20.913921,0.0,37.35905,7.1936297,7.22791,11.59089,28.048227,10.350293,30.479593,0.0,0.0,18.498827,14.093182,7.934314,15.492183,38.85482,15.205438,15.994927,17.3795,30.066538,27.375692,32.75271,36.067913,8.724303,17.294577,16.548931,69.99605,32.627254,7.233416,22.087849,11.25696,15.301909,18.242727,19.745987,16.585892,12.812688,21.817833,20.93844,22.597496,23.97048,20.808151,19.31443,14.755372,14.458068,26.107214,126.03481,15.539372,28.782116,52.349586,34.157856,39.436466,32.36773,8.039728,27.192707,32.521782,42.595486,35.73053,31.016745,25.367292,24.666626,0.0,5.7753587,22.247566,8.376868,12.28462,6.8637066,17.116383,0.0,21.203892,31.874775,14.2130995,15.978224,8.971715,19.849024,29.215218,24.491245,14.623751,20.571732,0.0,34.21119,26.322693,0.0,60.08631,53.668255,25.891077,21.408623,17.175299,12.923998,29.95672,34.020367,0.0,0.0,31.483963,11.971208,20.956638,16.887245,4.7621927,6.167208,26.89207,6.8947453,8.38147,28.794537,17.730555,6.412146,19.218327,10.947967,40.57955,24.6771,34.124928,0.0,24.211657,26.184063,32.813995,34.098415,30.232578,18.948198,30.250824,0.0,7.977727,30.702229,15.096276,39.579533,11.237719,36.359077,21.229515,32.624027,7.5103483,51.744495,91.038574,8.3842,26.782259,20.974586,21.158365,31.022913,6.907895,8.074781,4.862867,3.098945,7.201385,22.030327,19.67342,11.960493,11.77721,13.851171,37.862476,31.612265,20.308527,8.169359,14.0219965,9.232621,20.538633,0.0,8.567099,33.084587,44.995342,31.588917,18.98869,14.782524,8.478024,15.779206,10.942951,18.737284,0.0,20.170683,13.957058,0.0,18.79727,12.600888,19.726194,5.882326,8.626187,32.82736,12.816827,42.74648,39.950188,0.0,24.834455,35.752068,34.343964,13.4871235,0.0,32.036694,22.677711,12.965103,44.541607,32.361298,52.358723,40.503525,34.61899,43.209114,39.75266,11.716852,16.471083,10.93625,14.11589,0.0,15.435332,18.787365,23.557587,11.364843,23.571808,3.353888,0.0,25.276026,7.6795187,15.740492,29.144512,53.116028,44.53743,19.71215,16.173552,18.877844,9.854995,52.7692,68.86012,6.9268165,11.630091,29.077742,7.158976,7.65742,59.339085,7.4752293,26.979977,0.0,13.099507,17.020601,11.911089,0.0,39.345585,30.398989,20.134533,5.905402,4.4366426,12.389166,10.943361,23.146381,9.492625,15.290164,25.870464,5.4146137,7.638428,18.305227,8.225889,33.103085,69.74884,27.463947,3.943472,22.239475,18.621035,15.3597975,15.134086,21.620775,30.330177,14.69464,10.467305,27.562637,17.37037,33.95169,36.553722,0.0
C14x14_C15x14,15.902998,6.6294727,9.678741,7.74574,33.12527,4.1092453,4.1092453,5.6915245,24.863552,28.74155,31.78036,0.0,26.325958,13.691748,8.4036045,11.479059,37.086914,0.0,0.0,11.345531,5.9217734,33.946255,14.7754345,9.981957,10.1824875,15.795473,15.514535,10.1824875,18.596292,12.196873,7.836193,21.47745,21.095451,8.606011,15.916166,11.082051,0.0,13.932882,31.809917,34.72745,37.450382,54.491646,73.95674,40.802402,55.65438,55.059208,54.07992,20.12545,28.40975,42.32529,12.882649,21.738693,13.500484,0.0,0.0,0.0,7.7573843,5.347588,10.652352,4.2632823,9.737486,11.403079,62.524685,28.5758,18.385496,23.70741,36.04909,0.0,11.137339,22.77683,9.913835,15.706788,45.124332,42.908047,20.114256,115.842995,0.0,30.771881,18.33845,17.00874,23.389114,18.006405,40.003925,12.56424,9.310337,22.528692,11.834973,12.290306,6.623759,17.18577,15.252856,23.777054,12.831999,23.395954,11.645795,31.570759,31.00924,16.29005,15.671054,0.0,16.509754,36.682407,62.72098,17.978378,36.668827,12.069098,15.541072,74.984406,19.8213,11.516768,8.998941,10.173642,8.746762,6.396499,7.3012753,9.976816,0.0,10.127317,19.440453,23.342884,10.075933,4.7039666,22.610018,4.7039666,34.64358,10.990532,7.771479,10.70881,7.8313427,16.612612,8.670491,47.20251,9.086317,0.0,0.0,9.352799,41.408092,27.92913,54.043716,12.449464,15.316284,14.882989,22.301863,8.064685,0.0,10.561171,36.33143,69.663185,43.59214,13.4371805,17.809841,38.75254,19.634155,41.418148,44.29274,0.0,0.0,0.0,31.607807,6.205807,7.267307,26.27223,15.241516,41.965656,20.292236,23.270979,26.023546,13.670922,0.0,8.630372,19.357616,30.628529,29.76205,14.645288,5.831981,16.983282,36.929085,8.042196,10.476556,0.0,0.0,30.094904,17.459194,68.63276,28.693287,31.903658,30.593185,28.802744,30.555525,30.352833,5.1184173,7.4374933,25.061886,24.399418,4.2440405,0.0,0.0,15.673279,31.506153,15.265735,6.8658404,15.346405,14.036612,25.871904,18.922812,3.7205129,0.0,0.0,19.09596,8.596612,55.90633,26.284437,14.5771055,35.907513,34.891693,28.984386,43.163418,28.283941,10.65468,17.031088,7.4034133,7.0646033,5.382286,9.874145,0.0,6.7977715,3.4801211,4.5578184,9.512301,35.23107,19.13838,3.1827538,5.8389626,18.333942,14.8183775,0.0,30.8853,12.121268,7.0320067,12.9317255,31.74693,10.449116,27.923206,0.0,0.0,18.909042,15.738575,11.893025,13.979741,67.47506,12.988711,12.394297,13.550342,31.786325,30.887094,31.455915,30.791075,7.5739074,0.0,7.3053517,80.16184,6.6028814,7.2059603,22.00401,13.9158745,15.243829,18.19856,19.671038,16.522936,12.764055,22.454775,21.460155,20.321283,21.917496,21.169886,17.0032,14.699364,14.809498,24.8982,129.56621,10.263197,16.593786,74.98962,40.71586,55.898655,46.41644,8.430817,37.07533,45.74637,43.720066,44.65179,43.128708,29.946527,30.170902,0.0,6.1838264,8.3295965,13.21894,13.498663,6.158715,23.427816,0.0,19.025976,35.92129,12.753229,22.662506,13.472629,0.0,34.744537,21.975676,2.9504058,18.458748,3.060851,42.79168,28.430277,0.0,52.440765,40.700947,25.85897,19.18315,24.16544,8.589987,38.153156,26.928572,0.0,0.0,24.003414,8.854705,20.054771,12.490934,4.9422727,6.6904936,14.685884,6.864323,12.340761,31.446398,15.060023,5.4463644,16.32371,0.0,34.486477,25.084599,30.639864,0.0,27.352314,27.928076,40.644047,43.945026,30.300983,19.25145,35.523518,0.0,9.377699,32.223335,23.844856,32.963654,10.30718,34.109684,19.471607,33.49922,12.724852,45.00637,93.051765,9.336023,28.543882,22.417479,25.40236,34.98751,9.294782,8.744012,3.218526,2.3191683,3.6192675,34.447067,24.302807,8.673449,14.282378,2.810149,23.825733,22.391975,14.073846,8.361383,11.081488,19.070612,21.456888,0.0,25.34853,34.12091,40.015568,38.147533,21.14265,41.229935,5.2350035,11.180219,12.813603,19.634333,0.0,22.454971,14.266559,0.0,22.90009,6.307186,28.577745,2.7170365,12.21355,35.056442,0.0,52.66137,30.32402,0.0,29.20505,43.492027,37.561497,13.13609,1.9940538,24.448887,27.347818,14.528999,37.022408,39.949406,45.9637,32.88022,34.741753,36.758636,38.795216,14.843743,8.946923,0.0,8.921809,0.0,4.419017,3.298545,15.634866,9.933468,18.329617,9.9407,0.0,22.879063,0.0,10.521492,36.208477,57.0472,49.879288,7.6381025,13.225294,9.697735,16.870623,42.54241,53.341118,9.676277,9.143915,42.438526,6.411982,0.0,49.12181,6.5859,22.755753,0.0,15.859893,21.725695,20.070189,17.504948,35.24012,20.244923,17.517347,5.9001536,10.678303,19.964075,10.796372,20.184217,7.115032,11.714442,21.902332,6.390477,7.68315,20.237957,7.3899317,43.09968,71.261696,14.551067,3.098438,14.500437,21.07658,16.129272,20.389364,27.431345,39.921154,13.515836,5.602045,31.00335,11.897468,36.795605,40.833954,0.0
C14x15_C14x16,0.0,0.0,0.0,8.219319,21.108269,10.180406,4.3586726,8.967732,30.144493,36.49082,48.89517,30.759295,39.01833,0.0,6.350642,9.067159,66.45935,0.0,0.0,15.779095,9.712819,5.2615323,3.1718354,5.3812065,1.9198028,3.9304225,2.207135,1.5606802,5.73854,13.136561,9.443409,17.029728,22.969515,12.5787325,13.349615,12.320456,0.0,21.679922,26.181229,25.518913,38.225414,24.13077,50.20304,18.07645,33.45778,31.369835,29.311386,9.135027,22.695057,34.598103,12.61335,24.656214,13.845736,0.0,0.0,0.0,4.1678987,2.9753163,25.9194,9.0835905,9.122798,11.788332,28.90853,36.51526,35.864204,25.729824,24.401142,0.0,0.0,28.999893,23.019648,19.279253,14.806675,19.174765,21.23823,118.90741,0.0,21.722532,35.63783,23.758188,13.841635,16.732252,41.801174,18.56155,26.833712,33.894493,18.021196,17.377785,7.705505,28.543034,23.087898,29.284306,12.701915,13.480347,9.535887,13.498002,23.19445,12.332144,14.527716,0.0,33.877266,48.48769,50.717476,21.04595,28.871437,23.410412,24.760513,49.88734,9.616917,12.82018,5.3396325,5.992763,10.093205,0.0,6.333235,4.815816,3.7756906,5.0375266,12.161038,11.101424,24.957996,12.327644,35.919018,17.680819,36.097107,12.002177,7.2255955,17.249239,10.838305,23.826628,11.186062,26.34982,20.426413,10.860419,5.0717278,12.175783,18.373173,9.196151,61.07216,15.604688,14.626979,16.975336,32.290833,12.0794325,9.002946,5.263706,63.917175,82.121056,51.41414,33.71623,29.454409,63.40291,35.65663,28.870892,74.089584,0.0,11.978794,0.0,13.204701,0.0,0.0,23.99943,17.276888,43.606625,21.159779,20.02077,29.539698,18.14734,15.704497,9.318602,12.140001,38.66645,32.736465,10.557158,0.0,15.669389,29.650663,5.5699015,6.5790277,0.0,0.0,38.94967,24.737299,16.708258,46.186172,16.217758,28.351768,45.307365,34.990437,40.855556,0.0,0.0,7.974452,28.062832,22.809828,0.0,0.0,6.2879133,23.029993,12.480862,2.6751974,22.778336,15.884669,27.732456,20.656084,30.521832,8.783799,11.316491,6.8904924,0.0,37.50998,4.331729,18.90775,33.506966,34.526676,27.59458,35.89457,59.992737,12.261863,22.39089,10.144891,5.555619,6.50045,13.852391,3.4561925,8.746852,2.545968,4.7900147,9.613033,29.303589,0.0,13.648025,29.083797,17.743599,24.636322,4.761639,26.978746,8.784051,5.392163,14.153489,19.444096,13.406747,25.277952,0.0,0.0,16.567137,23.614786,9.68849,14.302979,40.50265,23.879557,13.077096,17.514528,30.004196,34.82136,42.724087,38.4266,10.77762,14.800058,15.5786495,88.75915,39.320595,7.5084925,19.226665,20.559685,10.407701,19.13944,20.010914,18.949604,12.611381,19.071507,28.972569,24.44635,19.826313,20.411932,23.587488,19.63404,17.460232,29.51295,179.55016,9.202722,16.07104,55.880424,53.543636,50.905693,28.458344,23.987429,28.342407,22.77411,34.597404,23.67546,29.460032,23.44586,20.85002,0.0,13.082528,36.006874,9.661867,7.907363,19.842533,21.259403,4.6228027,17.942968,33.60203,0.0,19.626493,8.7599125,22.893835,28.61353,23.34608,16.278822,22.107885,0.0,26.26975,37.26283,0.0,43.274517,58.0186,40.787895,25.719578,14.231633,10.11116,30.803587,20.172348,17.283348,0.0,20.109453,9.629691,33.2113,8.857506,13.25585,3.7450297,17.920975,21.642788,5.111875,20.596867,7.085693,20.357527,12.901127,15.642016,26.878025,14.643456,34.192688,0.0,26.483257,16.643381,33.25265,33.016624,36.253456,25.486692,31.415953,13.006547,22.661377,27.926752,20.47679,23.896835,9.675797,36.642067,8.794137,45.938316,25.419506,24.736464,84.901054,6.106954,22.70738,35.02753,21.666185,30.467169,15.926634,15.6246,4.1423583,7.713172,5.524203,29.314726,31.489014,22.049246,0.0,20.160074,23.291935,23.189932,4.429645,13.703495,19.587492,2.6255028,11.553246,11.742856,5.611285,24.970915,17.505827,19.132013,19.827015,15.662703,5.8960924,14.318345,9.106867,17.168129,0.0,20.890572,14.686368,0.0,24.328604,6.8073063,14.460526,0.0,7.231521,28.666891,10.757912,38.023037,32.06554,0.0,22.7174,29.550415,28.424288,26.714607,4.147561,20.139355,22.681282,5.8698983,30.072071,53.256104,39.47995,20.129852,34.525406,23.872675,46.989502,6.966504,16.860075,5.393887,8.331181,0.0,13.318068,17.524916,26.228199,18.438795,22.728422,15.275676,0.0,28.20753,11.400067,24.376347,30.553093,38.335144,60.768158,29.733084,19.751925,17.743599,4.367624,46.61948,99.77572,8.221481,3.6560695,23.11471,7.822971,20.075302,66.00099,3.084421,26.014648,5.9291177,9.822137,22.06823,0.0,0.0,30.654238,22.92311,30.736216,10.192801,0.0,0.0,0.0,38.99022,8.509873,24.8074,19.287514,21.573252,2.542839,15.120731,12.083725,41.9391,30.22736,24.139751,3.4399598,7.5045834,24.271528,22.311413,19.680574,28.59935,39.081627,18.547787,15.969074,25.932913,15.661785,39.068523,28.5166,0.0
C14x15_C15x15,0.0,0.0,0.0,0.0,27.810535,4.838334,0.8065356,3.643526,30.454668,28.751474,34.84444,18.071495,44.73852,0.0,1.2122185,7.234859,0.0,0.0,0.0,15.772195,6.181485,15.671689,9.302859,16.127062,4.6593976,11.290513,7.5892997,4.6593976,16.21319,10.481914,14.764849,23.064932,15.503872,14.764849,14.8454685,17.342535,0.0,25.607208,23.041363,30.445278,33.087425,33.86651,82.65273,30.495481,52.8504,47.379856,31.84797,8.452209,35.624943,60.659744,7.709721,12.44151,15.160997,0.0,0.0,0.0,4.166076,3.1596801,8.671688,4.59892,4.9749074,12.408917,36.158012,28.906725,28.032131,24.471355,38.6638,0.0,8.974326,32.52554,29.146378,17.03196,19.425287,32.76429,22.140383,116.60082,0.0,21.271498,22.624971,15.891974,19.788656,18.17622,35.444378,15.473591,15.073229,28.545391,18.17501,14.397386,12.493943,20.516857,24.962458,40.638077,15.408854,15.49299,15.408854,24.070965,17.744473,18.098972,12.690264,0.0,20.811378,38.95313,66.94886,21.806013,23.194193,18.679613,15.719419,49.56256,13.748797,8.394462,5.489277,11.337279,6.200427,0.0,8.022796,8.07186,0.0,7.349464,18.68827,23.635038,16.251873,8.275887,32.300346,9.708361,38.012905,9.114809,8.727731,7.824748,8.648091,18.682804,8.31342,34.782692,16.298624,9.764799,4.9689045,9.71529,19.122822,16.751923,83.06461,10.475003,9.290708,14.004865,27.228022,0.0,10.15889,21.600245,47.11265,86.32867,41.67985,24.809568,26.290426,54.921646,30.385393,49.4148,46.114243,0.0,7.2889104,0.0,21.528137,14.469386,17.26291,20.029402,16.744572,41.986557,18.530313,16.82985,22.509878,20.377405,9.918496,9.079246,11.53267,36.492424,25.00161,10.713902,0.0,12.502905,29.58933,4.4443307,1.9621946,0.0,0.0,32.69331,17.366062,29.142834,36.319363,38.16248,21.958092,24.98193,22.81632,38.267483,4.8643856,8.141466,18.205011,38.350758,8.686504,0.0,0.0,9.6333475,30.622622,12.633684,4.4930534,15.468134,15.562626,20.625338,17.19317,27.473408,10.413947,4.5978103,15.609694,0.0,29.881119,10.62481,22.88027,39.869324,27.362114,21.679895,28.691803,44.797016,10.529005,18.066025,8.094802,3.6377356,5.488603,16.352724,0.0,6.97928,3.670466,3.1364298,20.959904,27.780748,14.259135,10.890019,28.894453,9.442159,18.988178,4.1022997,38.27212,7.0089617,7.0978255,10.010162,19.616043,11.359393,22.09197,0.0,0.0,18.023943,22.237347,7.7306314,10.298577,42.19252,19.770756,8.88481,12.1197815,32.81289,26.814064,25.242325,43.751186,16.462818,14.492759,15.255183,79.64256,28.97617,8.182049,17.698486,22.758228,11.341333,21.089727,21.806013,20.649498,10.095518,21.046658,33.32302,26.639334,20.714355,23.079779,25.30845,18.0375,19.026518,31.9417,160.18993,16.201138,30.256607,70.779,48.730045,41.74377,30.738214,16.628532,29.219095,29.159428,46.167904,29.71582,31.976242,28.473867,26.360592,0.0,10.105991,34.38486,9.657641,9.25135,0.0,13.8031225,4.6799397,15.0737295,33.587337,0.0,26.91975,8.928361,22.883821,30.24336,23.335869,16.859634,22.098215,0.0,32.90331,34.538425,0.0,60.678406,57.07049,38.727886,20.487764,15.366334,14.922706,22.165045,35.095737,8.231849,0.0,23.591955,9.820874,28.355341,8.976963,0.0,2.6934013,10.673777,14.671222,8.529587,29.41643,7.9726205,0.0,14.515983,8.545957,29.804615,19.426397,26.828983,0.0,21.914566,20.243723,32.519253,37.49767,32.715096,22.200377,35.74245,0.0,0.0,23.185139,21.917944,31.33364,11.93864,54.16762,14.614206,48.032272,11.176252,38.73247,94.90695,12.948645,40.994125,28.989866,28.997652,42.000477,13.436682,8.031632,3.1509647,6.5978003,5.45933,27.019146,22.571114,13.281665,0.0,15.381188,29.975437,23.947405,7.3782425,8.24902,8.037062,10.863259,19.461668,0.0,7.740714,29.333738,46.832706,31.345531,18.86947,26.680807,3.4900439,13.995767,8.056958,17.443361,0.0,21.05668,14.289007,0.0,23.163744,15.581517,21.726294,11.86378,6.136632,23.476807,9.117834,31.799082,28.624323,0.0,18.981632,26.802847,25.548239,16.4947,2.449529,25.28098,26.238,12.248497,42.242027,48.97256,49.948856,30.522541,36.86834,37.46351,44.466347,10.128231,12.3671875,4.2744136,9.41217,0.0,10.827731,10.439834,24.5985,16.692476,26.874771,9.078753,0.0,16.488466,12.383874,28.568302,53.100773,63.607197,67.107346,22.474285,12.761002,9.192399,10.030317,25.916418,72.44059,6.2441964,5.414772,26.809252,0.0,11.821116,59.548874,7.3646493,28.750675,6.0274405,14.55208,25.379866,7.0400224,5.307277,30.973965,15.45139,29.779217,12.600782,4.672277,13.863862,11.524574,44.418907,8.1474,21.040604,23.065819,18.29073,18.2064,16.375353,13.708907,51.50432,38.33731,15.174493,3.947,3.8639383,35.031742,18.02913,17.286827,22.819967,31.40137,22.110373,9.441485,24.608595,12.958872,31.947662,42.48984,0.0
C14x16_C14x17,11.069005,6.2252336,0.0,11.695744,13.179524,5.9621964,2.58959,11.605274,28.519972,31.829895,39.588467,24.696075,35.813976,0.0,13.261079,0.0,75.49515,13.398263,17.539106,11.660492,7.225423,15.126759,15.336647,19.72294,8.618206,7.3329144,19.579002,2.2216504,11.9404955,23.923193,21.295446,14.833889,39.60673,22.3119,21.918133,25.089563,0.0,9.168831,25.024214,27.586016,43.2199,29.491304,46.300312,20.052422,34.31567,27.63363,36.235332,0.0,22.953896,39.438667,19.536774,23.05052,12.000535,0.0,0.0,0.0,0.0,0.0,15.146582,11.316281,11.15573,13.850708,18.055336,15.725595,17.618196,20.715681,30.428795,0.0,0.0,21.382915,20.16858,22.635712,22.095997,27.86222,26.224962,119.37405,0.0,0.0,16.083857,9.420794,9.420794,0.0,31.22735,23.035097,23.204308,23.970411,15.18447,17.558294,6.7464647,11.170931,22.359234,22.199585,14.191166,13.940717,13.544664,11.23899,25.191296,15.95786,11.107824,0.0,25.940271,44.774967,44.02551,4.5765324,10.728946,8.2356415,7.2402744,16.558834,4.3621287,4.639434,4.709619,5.0573797,10.62047,0.0,12.536163,5.921391,0.0,6.9332247,15.273907,15.005178,25.35161,18.387554,32.817127,17.194544,34.276394,20.100422,11.123456,20.372177,26.99222,19.259548,9.431363,14.603569,5.7932496,0.0,0.0,7.5689464,12.164381,8.8539095,32.96366,10.508393,14.043096,10.648105,32.11637,13.464547,7.803137,6.6232095,59.41289,123.15274,52.343636,21.23958,24.0993,39.607986,23.069572,27.007862,61.456024,0.0,13.881815,0.0,12.007141,0.0,0.0,28.48464,20.74762,55.733074,25.17582,18.53628,28.849035,18.274918,10.225557,11.386107,11.714796,42.088005,30.14644,0.0,0.0,19.223461,18.32434,9.154495,8.514016,0.0,0.0,37.01441,32.209717,19.02308,13.6211,5.749607,22.577824,41.58653,34.07621,58.6085,0.0,1.3892542,3.6742127,49.135727,19.492905,0.0,0.0,9.635544,28.616032,11.224806,0.0,14.385333,7.8512216,3.36449,28.587795,27.054918,7.6131954,14.644837,11.277161,3.6146681,28.899538,5.3769026,27.381424,36.684895,48.60584,27.658466,37.728954,49.19747,17.29228,30.696203,0.0,0.0,16.60349,33.38349,9.035575,4.255294,0.0,6.927584,7.2305384,29.722597,22.287525,0.0,0.0,23.510508,29.773645,0.0,24.752571,0.0,0.0,29.106886,18.999617,14.584288,22.797693,0.0,0.0,39.607914,19.642675,17.310999,20.360495,42.711914,33.344196,18.78399,16.193264,24.21818,32.087997,49.991978,22.678339,11.84876,5.220496,6.6618943,101.664925,37.619175,0.0,36.129444,20.507732,5.6025815,30.247732,6.0960727,0.0,19.979809,19.31031,42.59891,19.764822,18.646753,24.681583,36.237373,29.317148,17.441462,45.727154,158.35182,14.61222,14.575388,71.744,53.644173,50.93503,27.572603,35.600388,31.373938,13.040337,28.767227,25.747486,34.080395,40.48119,11.778295,0.0,25.84392,28.731443,17.693201,17.045666,20.980114,21.284214,20.957756,18.105602,15.9365635,0.0,21.497583,0.0,7.6662693,34.978943,8.417473,17.48833,0.0,3.077796,30.533493,39.0653,0.0,45.83874,38.520126,50.609684,19.70465,21.767813,0.0,31.607813,17.381065,5.7798414,0.0,31.934265,11.85199,32.192394,2.6126297,18.276451,4.285273,0.0,27.738338,0.0,18.9508,2.834794,19.031776,0.0,14.623357,22.544708,10.046884,32.16247,0.0,26.200165,12.6099205,31.773952,29.615433,33.892513,24.710354,29.173841,10.952637,25.647549,33.68039,25.03091,31.706247,7.1969376,40.38065,2.6061103,73.2013,50.922417,58.17243,126.60294,4.4189773,16.353605,29.103033,20.556295,28.251396,24.770992,11.943252,7.017921,15.04661,1.7467055,20.330723,44.230057,25.67084,0.0,22.118824,15.954727,13.279395,0.0,0.0,33.046856,1.0548884,17.95519,17.882807,8.54524,34.826344,29.298325,29.477144,29.894304,16.54526,0.0,16.47656,10.638152,15.964888,0.0,17.64508,21.918789,0.0,34.302944,7.359659,0.0,0.0,0.0,26.11586,11.667649,17.987919,30.12538,0.0,22.510742,30.706936,39.55944,24.806557,18.205868,22.884596,34.407368,0.0,32.730366,56.356064,39.428333,21.778887,39.930016,32.062943,50.907795,0.0,19.445038,0.0,12.177433,0.0,9.2386675,21.122456,19.096783,25.090315,30.790203,18.109428,0.0,11.132377,3.8123736,23.717157,32.87305,36.348724,57.439156,42.84257,14.2851095,19.662212,0.0,48.109196,119.06153,5.7756805,7.613486,26.593128,4.112283,14.022106,34.02208,0.0,20.517025,8.473951,7.877554,19.62741,0.0,12.164076,42.953903,25.491592,52.509785,18.230642,12.2402315,26.171959,18.248701,59.772987,12.135815,36.689198,20.572784,15.142164,3.1996,11.507637,11.446209,42.29,20.717485,15.410466,3.7888925,5.2019615,27.400908,6.413995,21.0332,6.5649624,43.444675,24.203926,13.582149,21.821547,10.687706,43.441658,39.803406,0.0
C14x16_C15x16,0.0,0.0,0.0,9.016558,14.360073,6.317049,3.3562255,0.0,26.03332,28.338749,45.870922,21.634962,34.249172,0.0,17.665514,0.0,81.813065,0.0,0.0,6.384939,0.0,4.075154,5.578477,2.9361358,3.2299747,3.2982519,5.3110223,5.393849,5.0198545,20.304348,14.195364,16.179276,20.315834,15.319965,14.117298,14.8533535,0.0,25.279846,23.902632,31.97983,36.37919,38.28928,60.456253,24.795992,43.211533,28.417704,37.40378,8.397419,26.088818,49.866215,13.549551,19.109518,30.771173,0.0,0.0,0.0,0.0,0.0,18.726568,0.0,0.0,0.0,18.42298,24.010103,17.675402,14.60209,22.693789,0.0,0.0,29.956738,25.561222,25.05251,25.372347,34.73209,26.630096,133.27614,0.0,16.01031,24.140762,14.906656,14.608881,12.515327,31.903414,17.096659,23.721302,38.82669,23.687477,22.588955,13.382727,13.903793,25.847265,34.097256,7.0921474,6.6861567,7.1702724,9.804054,15.787016,9.631377,10.798381,0.0,17.907158,20.766247,26.34376,5.8294363,8.167951,4.2774286,6.7227507,13.542265,3.2764332,3.6477344,0.0,0.0,0.0,0.0,0.0,0.0,0.0,0.0,0.0,15.673112,25.703102,17.375124,37.16867,12.851551,58.37898,16.943832,7.212093,12.328783,20.817,30.82087,10.791689,24.64856,13.393778,10.462997,4.0111103,7.5362997,16.557817,9.703906,42.598976,4.388502,9.680435,16.345297,24.957804,8.836305,17.370739,5.4835677,83.062355,140.67966,68.991035,31.708368,35.681793,47.066296,24.991316,34.202118,52.74,0.0,10.551473,0.0,7.852213,0.0,0.0,32.26899,10.484583,50.71246,16.24831,23.233446,30.063524,21.553186,14.188112,8.616936,19.935358,32.33757,47.664013,10.700914,0.0,14.178952,26.16736,12.288011,0.0,0.0,0.0,48.345345,15.423746,20.849342,32.585857,21.402454,18.283308,41.376656,27.542963,57.94915,0.0,1.6784881,4.358381,27.711235,17.453014,0.0,0.0,10.220408,34.24756,8.854118,0.0,26.559397,18.238241,11.522838,30.714212,27.420156,21.13643,0.0,20.424845,0.0,36.56235,11.079974,23.459814,37.67355,41.78478,29.297947,46.54523,37.600307,13.887387,31.5384,0.0,0.0,4.5019608,14.253132,3.041922,11.813925,4.4217734,5.202057,18.169926,28.42394,22.338768,0.0,0.0,21.000828,32.148727,16.456646,24.68553,7.583357,7.8517427,11.506975,32.268345,17.398977,33.351154,4.3635416,6.8960166,34.08325,24.276743,12.798933,47.5988,29.563025,33.930927,14.940893,7.479834,34.909885,27.31647,35.215424,39.053978,12.2976675,4.3000636,17.294415,94.20743,39.80725,9.194893,23.15415,14.850831,9.137835,23.73146,5.186423,0.0,15.66401,13.399175,29.215624,26.195183,11.879135,25.531746,35.52404,21.782238,15.3438425,33.355637,181.66457,11.763695,29.588331,110.77411,55.4367,53.855415,21.82209,21.11366,27.328518,15.430132,33.643932,13.679695,29.401676,27.031029,19.041195,0.0,16.586802,31.25522,10.634324,13.167735,22.855988,24.423847,24.682487,24.116186,21.920425,0.0,20.579964,10.822405,7.7661896,36.70544,6.104429,17.821821,0.0,0.0,32.155125,40.63938,0.0,29.591787,45.242744,32.66846,18.737448,17.680532,11.179807,27.60748,13.78411,6.014316,0.0,30.548103,0.0,35.357635,4.4633193,18.998255,6.6851788,0.0,16.482393,6.8297253,22.958193,6.787344,17.083214,0.0,13.126149,20.236475,20.05457,30.023436,0.0,23.170755,19.457094,29.056791,28.905525,29.600311,21.166386,25.949192,16.984318,23.836378,44.57894,21.882107,29.906818,11.26604,42.993614,4.369623,71.09209,34.199627,47.81157,103.45221,4.4163394,23.908194,46.05714,24.755095,44.058323,20.133757,4.508906,7.250751,14.105862,2.6816382,29.23038,33.427517,36.12222,0.0,22.645273,15.465623,13.760787,2.2596502,17.26851,28.66141,0.0,20.145597,21.277243,10.16726,42.839504,35.563004,34.28409,36.138508,26.636942,0.0,20.36463,6.0051055,20.485123,3.4290466,20.186783,14.435024,0.0,26.676626,8.854118,9.421594,0.0,9.202195,30.933277,6.3298464,21.427927,18.076538,0.0,35.552254,24.952766,33.38213,22.311285,7.099472,21.305422,34.411057,6.8297253,25.818888,45.938194,34.433052,19.457094,26.386324,24.463911,41.10461,4.5492816,19.24102,0.0,8.650327,0.0,13.971837,20.700657,29.078966,20.793585,25.492153,18.738195,0.0,30.87674,0.0,33.008278,45.279247,52.385902,84.40847,35.635483,19.606983,17.45707,6.185223,22.89899,100.17279,6.5034895,4.3759995,18.897284,8.937851,6.1204348,49.46405,3.7300427,27.444324,10.161487,12.1320505,27.177704,0.0,0.0,34.425667,19.58823,53.773598,14.620805,6.9335866,15.103956,10.337135,46.490784,9.236986,26.64876,20.146395,10.600904,2.6490517,13.94758,11.803055,45.655266,19.481691,0.0,5.974436,5.217967,27.536749,17.807104,14.420566,21.604103,46.788807,20.91974,0.0,17.955069,18.423693,33.430817,33.42017,0.0
C14x17_C14x18,14.252144,0.0,23.438946,10.127631,9.598111,0.0,0.0,7.2626038,18.98531,15.453596,23.661837,15.453596,51.69727,0.0,0.0,0.0,85.48944,0.0,5.9210644,11.697413,8.495593,20.499193,20.132559,20.789984,23.80081,20.242023,14.623291,11.056614,34.16371,17.239813,20.707417,32.79881,23.694593,27.559381,20.652029,0.0,27.389065,19.319986,0.0,28.302303,21.640554,16.01215,18.43217,4.568372,18.43217,7.2553244,5.2414083,0.0,0.0,40.27021,11.902529,14.165369,10.233379,0.0,0.0,0.0,19.980259,13.574642,18.61044,5.326051,3.7660868,15.093596,19.882149,14.183115,20.164183,23.084381,33.13535,8.114752,11.514911,31.729776,31.162275,21.260382,17.584833,22.598574,26.038542,96.65721,0.0,7.2563314,25.80237,12.901185,10.667063,0.0,35.629124,23.54108,26.202503,20.239798,0.0,16.699745,19.358011,6.2630334,16.699745,16.637133,23.218935,17.39945,9.786402,27.633183,19.96283,0.0,8.832232,0.0,46.186283,46.478905,54.178093,23.81866,21.990673,12.49222,21.776247,43.39895,9.002607,14.529804,6.205161,6.494198,10.650388,7.926078,11.283106,2.9847662,4.3877115,9.728814,7.978361,12.843776,27.988966,18.675129,31.800295,17.560627,22.900702,1.5927169,1.3882,37.182575,21.256094,3.3766205,12.358721,21.803194,10.625598,0.0,0.0,7.8214283,11.155561,21.032156,75.40779,21.399708,14.775717,8.446806,26.169546,10.781244,11.524313,23.424864,54.853054,121.27528,45.64029,16.643343,21.89614,37.35754,18.335316,42.86967,94.781075,0.0,8.064974,7.2105684,10.963745,0.0,0.0,19.96185,22.575605,72.26337,32.070824,15.80001,19.496262,0.0,10.533872,10.927343,8.9263115,15.559844,0.0,0.0,0.0,15.736254,11.861027,9.851339,11.141251,10.143739,10.725327,24.898458,28.828274,15.731537,14.153262,8.204476,16.006458,28.409863,37.656578,61.039413,0.0,13.4311285,19.169811,100.87972,18.116093,0.0,0.0,26.737173,18.774847,9.506423,0.0,9.391977,0.0,0.0,16.503098,40.11943,0.0,9.164769,3.4916573,0.0,33.11861,14.224932,35.228504,52.98221,30.28824,28.374994,17.749592,54.767616,17.061895,14.669221,0.0,0.0,0.0,21.352896,0.0,15.45471,0.0,17.975504,10.144885,24.146355,17.062248,0.0,0.0,27.699976,14.712689,9.578641,20.735788,9.0805235,10.2695055,23.15207,10.893428,0.0,6.645056,7.3568215,7.778622,30.460981,19.597244,8.651941,14.383239,34.700783,4.819449,14.584191,15.802567,40.192238,22.97662,31.137014,53.792107,16.49451,5.222251,7.76333,96.9539,60.51359,15.494707,23.109715,23.451801,13.346228,32.180973,21.316313,26.724855,36.270702,6.564144,34.536526,8.214612,34.063915,43.75257,48.41816,43.927067,18.13117,60.614628,143.70804,21.517685,23.048018,68.58994,46.338142,53.810257,36.21496,23.153036,22.145277,4.361781,30.554857,30.136732,29.072966,35.770363,16.040852,0.0,16.346651,17.692781,14.32719,17.099638,16.95945,20.893293,22.233671,15.847304,21.786572,23.492517,22.096447,13.36545,7.5971127,35.85195,18.38706,28.676613,23.052372,3.5123668,30.630173,39.69148,19.901535,30.681221,15.559844,46.329742,20.31017,19.214489,0.0,20.00757,18.71385,1.23491,11.956613,23.06559,7.978361,26.779173,11.846529,15.765634,5.8948336,14.193274,17.988516,12.569549,31.804968,10.82667,15.949527,21.67962,0.0,19.591396,29.449226,34.465237,0.0,27.103832,0.0,28.40329,24.569548,0.0,42.165062,41.92594,13.476033,22.45626,41.46327,58.771378,0.0,20.125914,38.35452,12.376918,68.131134,0.8969133,46.10079,141.88702,0.0,45.67407,63.862434,45.3463,70.11811,8.963244,10.135837,5.639678,22.719221,18.460413,19.50776,14.617407,0.0,25.440395,31.054329,0.0,9.897919,4.6592793,16.041132,52.515133,22.671412,9.817911,26.711035,18.798656,30.68889,20.924318,26.58487,34.101982,25.58599,0.0,12.823468,13.715599,16.992794,6.4121504,0.0,26.549564,0.0,49.297012,2.7974627,0.0,0.0,9.484814,23.999605,5.2912817,14.783407,26.007008,0.0,29.63833,18.539856,31.63676,30.783318,8.903367,0.0,0.0,21.214401,53.6792,49.116566,47.127735,4.993087,66.29117,13.955664,34.4245,13.699463,0.0,0.0,0.0,0.0,0.0,0.0,0.0,0.0,0.0,0.0,0.0,7.204597,8.951203,34.259945,22.889278,34.644222,63.69821,29.15234,4.6131296,6.720516,8.5057125,48.28329,140.83115,0.0,14.690693,16.880068,6.6089425,13.405486,81.60711,0.0,32.892586,0.0,16.319603,21.442524,0.0,0.0,52.658047,31.25065,47.019157,19.849777,0.0,23.395573,11.292831,33.93897,29.46718,58.079338,23.17233,11.684121,5.219417,0.0,17.996279,49.26731,25.66859,0.0,11.292088,4.5412292,24.964228,0.0,14.181404,0.0,20.519173,21.793415,7.576451,18.273647,2.7382038,37.224403,40.68715,0.0
C14x17_C15x17,8.508318,0.0,11.653973,10.257902,16.323292,5.833549,4.754089,0.0,31.05423,17.416754,33.55003,18.047697,22.368355,0.0,15.615712,1.8091602,28.706812,9.58519,11.373734,9.871704,5.879483,20.679392,25.543812,12.784273,13.300359,16.197817,15.7139015,6.839238,22.47361,18.631172,9.493072,32.5895,31.615875,22.544708,14.13905,17.316727,0.0,19.925165,22.712934,23.884933,31.512985,20.303776,38.32621,16.023048,30.964638,29.840057,28.948572,0.0,15.855785,37.86089,10.788408,15.5951805,15.129269,4.0358486,1.7267494,3.6477954,20.864569,13.229638,20.771288,5.2990026,7.234253,9.637373,16.519508,12.552879,12.710155,15.426175,21.70764,0.0,0.0,27.949396,26.444923,18.426641,25.997334,41.06694,31.494272,110.63416,0.0,7.6766367,27.869312,15.0102825,14.1253805,0.0,27.696106,18.585888,23.466831,20.399363,11.17319,14.898786,15.849125,0.0,24.98305,30.219875,14.339241,8.992941,2.393823,20.728086,20.108828,11.014058,13.451373,0.0,26.788137,26.038668,38.55237,10.205748,8.517487,5.8105307,8.837573,17.705269,4.479267,5.7157874,5.9641314,7.990251,11.050849,0.0,10.429825,2.8688276,4.217278,7.92224,17.368052,13.251815,13.401123,11.126147,16.526777,8.235342,29.700016,14.730851,11.602966,21.197731,21.546406,15.211519,7.185183,12.278804,6.2422123,0.0,0.0,7.525266,10.585062,14.476155,67.64255,22.847382,18.459265,10.959232,31.18946,13.3445,13.294755,17.234598,68.21783,154.75807,43.253986,20.731554,23.121662,46.953903,23.178171,36.944324,56.940266,0.0,9.688285,7.908589,19.280325,0.0,0.0,22.40375,24.30372,62.976665,40.264023,16.400263,23.299856,10.886805,7.936199,9.427078,14.552028,24.690434,25.096558,0.0,0.0,15.345034,27.600649,7.30753,0.0,8.508258,11.704038,29.82693,33.208427,12.384262,12.492272,11.296468,15.953011,49.143375,26.465395,59.28707,1.1576171,2.9948878,1.0477967,43.674526,20.240343,0.0,0.0,14.4318285,43.439606,9.5711775,0.0,14.2183485,0.0,2.9127347,23.186638,27.082472,9.824187,0.0,13.046384,2.7203095,31.766333,15.4997015,33.231407,48.627697,38.25003,24.056324,28.88718,50.918633,17.565483,24.633192,0.0,0.0,13.2536545,21.154518,10.431668,0.0,0.0,0.0,17.015047,31.957632,22.177902,0.0,0.0,29.53681,27.260286,6.061983,26.25519,0.0,0.0,23.234426,20.344326,11.860653,23.533543,7.169845,9.862905,31.533821,16.290329,13.818419,20.90604,36.68516,25.909998,18.47595,16.950195,47.039383,27.927197,39.88487,44.97523,15.908823,3.0969963,5.7162747,101.54772,40.13975,0.0,19.6029,16.098885,16.687878,15.711325,11.011742,0.0,13.742538,2.591103,35.806614,35.218163,12.825634,33.35442,53.346813,25.273071,13.842604,64.02191,179.38034,19.574915,18.464798,95.51281,56.57225,53.29564,27.817822,24.354637,19.188658,3.1645827,25.716253,15.664287,23.95509,24.627998,9.941734,1.6611794,21.425371,23.717463,14.97896,14.430758,12.581341,17.632307,30.804663,18.705534,24.696278,17.00604,21.797176,0.0,9.963254,34.88829,7.8313794,18.417116,0.0,11.378642,38.52192,35.23409,0.0,37.895496,33.22637,41.748928,16.297539,28.919004,0.0,36.654488,21.563473,5.5864253,0.0,31.56385,12.038273,34.835564,12.066986,9.442689,5.9033227,0.0,28.286121,0.0,34.85914,9.393148,11.963992,0.0,10.126727,13.986809,27.114864,30.74546,0.0,26.3173,19.82334,34.165222,30.207819,25.86942,32.50492,39.42796,5.672717,13.32126,44.437542,22.7164,29.419998,0.0,51.066597,11.247382,62.04577,14.92738,46.979347,117.64908,5.693568,29.28471,48.150925,28.035152,49.099453,16.892237,8.4611,8.508527,12.064213,2.1177056,17.317377,35.232178,7.2741046,16.416162,19.06217,12.64307,11.74659,4.833496,0.0,19.55045,5.188828,15.861906,19.864077,13.07778,50.901665,31.144718,26.9071,27.297918,37.58898,0.0,23.75986,7.846187,20.30798,6.249182,11.223522,20.855051,0.0,46.98898,7.2639422,0.0,0.0,0.0,30.844124,5.2710342,12.375832,25.762028,0.0,26.568947,26.728535,31.885595,28.89308,6.731259,19.499731,32.00227,0.0,63.962914,48.065464,40.936214,36.373775,55.097286,40.17441,27.74372,10.888169,13.492154,0.0,8.40482,0.0,6.339722,14.19149,13.745952,17.271786,20.950405,12.699844,0.0,12.574671,0.8896837,19.355448,30.299343,48.809574,70.78092,37.06569,17.32405,22.086205,0.0,38.03331,115.64355,3.8927214,6.1117153,13.139771,9.732471,11.078387,49.55807,0.0,34.5886,8.193461,24.647755,26.936485,0.0,10.765584,46.15423,27.809341,67.47729,14.330456,6.380616,26.497942,10.831216,48.667824,0.0,49.177437,21.927908,13.264764,8.44868,6.203996,18.226673,49.2793,32.766068,0.0,8.695348,8.141424,23.706827,4.0624924,17.20289,15.881351,33.144524,35.01883,0.0,17.783245,18.280445,27.730993,53.039005,7.2940383
C14x18_C14x19,22.21723,0.0,0.0,15.636103,0.0,0.0,0.0,31.711834,24.355785,19.825037,26.938477,22.1522,64.55598,35.40014,15.260105,4.659113,85.293594,0.0,27.822966,4.6985035,4.3251905,23.252481,20.89149,13.670416,15.785235,13.670416,7.8926177,10.091721,21.522852,17.220108,18.346,17.57288,10.145706,16.468857,10.145706,0.0,37.18675,25.680517,21.368715,35.216278,33.64314,0.0,11.868468,0.0,0.0,0.0,0.0,0.0,0.0,0.0,6.367718,6.7945905,3.9228585,15.636906,6.2969513,12.593903,15.4056425,0.0,35.435062,16.382338,23.336384,42.23463,26.659224,9.048973,15.673281,18.097946,24.676186,16.126337,0.0,46.6882,11.644522,20.932043,18.790297,14.801189,30.417522,103.438576,0.0,24.11084,0.0,16.798388,0.0,33.596775,30.399567,30.003693,42.99148,18.483896,0.0,5.3496943,17.602531,0.0,6.113254,2.9584877,7.1996746,4.4353886,8.020304,7.682318,4.4353886,0.0,13.708936,4.132799,29.801523,25.687157,62.491196,29.69999,14.443991,8.782402,20.847597,46.616646,14.255895,14.255895,0.0,0.0,0.0,6.9097257,0.0,0.0,6.116897,6.9097257,5.4923515,17.840023,16.501812,6.951667,26.885983,6.951667,16.992035,15.273858,15.273858,45.7507,18.423716,4.3183184,13.334746,19.786581,8.214925,0.0,0.0,11.31377,27.654373,25.390686,118.09354,41.10216,9.2209015,3.7132392,12.286884,13.876799,7.4323874,16.955196,28.23309,81.32675,37.118767,21.917276,18.955881,30.96232,21.917276,30.927732,98.29097,0.0,0.0,14.950994,24.112473,6.740695,12.199437,17.89317,47.017406,107.11132,58.890236,29.627186,14.027872,0.0,0.0,0.0,8.194982,20.880032,8.408348,0.0,11.558215,11.416265,17.861849,6.223617,16.353634,6.9306717,22.28711,15.161337,39.839043,15.774082,9.717688,20.227812,25.534908,30.419796,42.587006,13.764922,36.056713,12.7479725,0.0,126.12159,20.319614,15.641004,6.959239,14.044599,0.0,15.503658,22.654837,17.902433,0.0,0.0,8.501465,65.27777,11.882229,31.222618,6.844711,0.0,20.332525,15.807443,17.670752,27.033007,10.886139,19.469145,12.210717,42.406975,8.209602,5.0575585,4.4600306,7.239674,6.0998144,32.377575,0.0,11.025247,16.227787,17.896557,11.652853,31.821957,7.0187182,0.0,0.0,28.976131,8.855233,19.154371,16.83079,12.887424,33.86394,10.472741,10.5831785,6.434907,16.575212,8.985469,28.894764,12.857084,35.81171,5.834859,15.618789,41.185528,0.0,0.0,19.20105,35.74347,14.393824,29.29801,41.65797,15.084624,5.3810945,17.69146,71.83201,58.762787,54.240604,16.510529,41.175526,47.617405,21.97306,36.963383,46.352314,77.541756,0.0,77.79504,3.5221307,23.661085,17.680843,81.94176,42.701256,34.57498,45.817585,114.205574,18.355516,21.659426,70.09794,27.397423,42.406975,33.112343,25.971796,26.876076,0.0,46.2828,28.940763,21.626106,35.503708,20.569782,0.0,17.540106,14.445304,16.655436,9.586549,27.308823,8.32616,29.852732,18.368258,16.798388,28.083626,26.526443,36.786785,10.43579,33.0429,25.069115,39.97045,31.436827,17.179384,39.82694,30.045086,24.691053,17.70404,15.142824,24.671598,21.83704,27.029154,0.0,22.509008,40.68536,1.2597663,0.0,0.0,0.0,21.749556,31.804794,13.529829,7.9576902,0.0,0.0,22.321676,24.930836,19.596025,16.570587,19.075401,20.580626,16.83153,6.300162,26.260208,12.053755,23.635395,0.0,22.867956,21.149584,14.563686,22.269123,18.855347,16.420631,30.109062,11.447509,64.749344,0.0,11.025247,22.73711,15.391818,46.090263,15.384053,30.010048,180.6406,0.0,50.86827,61.65582,68.76194,53.346306,0.0,0.0,3.3584323,13.131712,9.970041,12.9112,21.198395,7.0265045,19.676937,28.005505,0.0,0.0,0.0,43.546886,64.245995,12.7479725,0.0,12.934596,16.95173,13.458353,15.693087,16.197866,26.249517,16.847187,4.4600306,8.855233,11.416265,14.027872,8.985469,8.408348,12.857084,13.918478,21.772278,12.125232,31.913836,4.7320247,20.91931,23.364546,19.287642,15.774082,24.6104,11.296475,31.602982,19.820854,17.670752,29.915638,0.0,11.163668,0.0,35.14349,39.25138,26.224577,22.319141,0.0,53.09158,23.046669,15.521339,30.139997,0.0,0.0,0.0,0.0,0.0,0.0,0.0,0.0,0.0,0.0,0.0,11.81018,3.1697314,25.036118,23.455063,20.140423,39.60915,0.0,0.0,0.0,45.46216,41.61995,125.88124,0.0,30.17814,19.449417,11.186191,17.463837,108.269615,26.825768,22.659996,0.0,20.546492,20.903975,28.541115,14.823144,43.46146,32.1157,26.722424,14.396263,0.0,0.0,0.0,39.89887,37.28475,43.47959,27.699991,15.213672,20.70295,0.0,17.717356,49.32658,42.432045,24.708157,7.8127685,4.3012586,16.411654,0.0,9.292944,0.0,13.202821,22.828001,0.0,16.881493,0.0,36.20942,43.063942,0.0
C14x18_C15x18,15.322002,15.058437,31.198452,18.32159,10.233249,0.0,2.6039371,37.17146,19.76043,16.582174,21.855827,16.582174,43.268417,0.0,0.0,0.57253426,86.37336,0.0,0.0,5.7029166,4.9382186,21.005344,16.318466,10.475398,12.095948,10.475398,6.047974,7.7331085,18.086712,6.325682,17.937094,21.014622,9.919571,16.101786,9.919571,0.0,22.910141,15.216485,12.818644,22.458437,18.531372,8.801505,17.86835,5.4222026,16.037123,10.956453,5.4222026,0.0,0.0,16.037123,8.270867,8.825321,5.0953016,0.0,0.0,0.0,29.7125,9.791317,0.0,0.0,0.0,0.0,24.449354,8.617203,14.925433,17.234406,21.577066,8.12193,0.0,38.225254,29.696136,16.964235,15.228473,23.83967,24.651682,80.385925,5.098658,19.179295,25.343788,24.810894,17.330456,38.35859,32.321102,27.036755,40.585117,16.656101,0.0,9.514575,16.866026,0.0,13.45564,13.45564,11.955902,3.2858055,5.941567,16.624414,3.2858055,0.0,3.0641887,0.0,32.696537,41.183056,76.70236,16.112972,19.179491,1.9600569,4.6527677,40.70771,3.1816313,7.481693,0.0,6.4638767,7.421473,0.0,5.0703,0.0,6.9838715,4.4598985,5.156852,18.09729,9.28363,9.890628,17.532639,3.9108858,26.18524,11.259936,11.259936,27.59134,7.94444,6.153044,6.363757,30.383728,0.0,0.0,0.0,11.640337,24.052944,28.265017,136.02147,45.755096,17.445225,7.801741,22.998487,12.552259,9.992714,10.93771,40.108303,114.675156,56.44283,20.010468,23.802397,48.145336,18.670729,30.23007,83.412994,0.0,0.0,6.0029464,22.41263,16.037731,31.077723,17.757536,46.661003,88.71105,49.897533,27.024076,9.256353,0.0,0.0,4.864517,8.721264,0.0,0.0,0.0,0.0,6.1665545,9.248084,0.0,0.0,6.297002,18.00375,16.495571,43.34497,21.303617,13.12418,16.132318,34.48606,34.212933,27.41412,68.40906,7.363643,13.443008,11.626175,94.66431,15.634615,16.50245,7.9838433,20.111357,25.033558,11.809843,13.480325,16.32414,0.0,1.3716023,1.6112615,40.67256,0.0,0.0,6.5604763,0.0,29.244184,9.5293455,28.115963,38.730827,17.320953,7.99551,18.005056,60.855194,11.102946,6.379908,0.0,0.0,0.0,0.0,0.0,8.311596,16.407581,13.491668,9.327253,16.925173,23.619705,0.0,0.0,21.925482,15.013258,11.163724,23.782246,13.498776,35.470375,8.467105,8.785083,2.656422,7.304486,5.3064356,15.171623,17.596373,38.836468,2.1981194,23.84734,41.43975,5.3615427,8.703039,14.525225,42.671444,19.08325,37.20065,36.683514,24.096132,4.479561,25.022118,71.39047,51.505478,56.81366,21.445108,21.400726,48.991863,26.851759,8.249489,23.240461,33.436565,19.09068,70.10221,28.991348,13.8293,22.565664,33.65151,41.749496,0.0,72.90044,165.52805,18.43659,20.168764,81.6996,40.226166,47.474945,34.05321,13.5197735,19.204746,12.919124,47.43986,20.680105,15.270731,28.252893,11.0073805,0.0,23.416935,11.627278,14.027309,6.5424943,15.547057,12.335694,48.900146,8.061115,32.39865,29.04728,45.046833,40.963074,7.5671043,28.469067,16.855776,24.727293,21.132557,3.219855,40.359764,47.490982,18.244125,27.945986,0.0,35.511757,18.13578,24.91106,0.0,24.375572,29.595888,0.0,0.0,23.133442,5.156852,32.338192,15.505979,6.900797,5.900048,13.265332,15.738829,23.38057,33.053158,20.161657,9.595405,13.042688,0.0,22.731749,26.31639,28.571167,13.8284235,17.003632,11.930831,25.858347,31.185673,0.0,30.47781,30.000772,0.0,15.1122055,47.817364,70.54622,11.195348,13.089894,24.348127,7.504064,68.529015,17.588028,19.23795,124.85981,0.0,69.039,69.8899,65.46941,66.67169,0.0,0.0,2.9039853,11.69859,9.505642,21.903862,25.654564,8.033147,19.144205,16.297031,0.0,0.0,0.0,47.684193,40.111553,21.255264,9.138833,25.042553,16.251055,30.024948,17.000471,25.723509,28.409664,24.982618,0.0,15.013258,6.1665545,9.256353,5.3064356,0.0,17.596373,15.967687,34.641907,10.326259,28.725828,11.258623,21.911676,30.976583,0.0,21.303617,26.776175,12.959646,12.978586,29.226421,28.115963,32.242245,0.0,10.305811,18.81645,33.800297,47.78355,33.958862,30.54262,17.247896,42.606983,29.763958,22.910995,22.954351,0.0,0.0,0.0,0.0,0.0,0.0,0.0,0.0,0.0,0.0,0.0,5.5070844,8.959122,23.39718,28.414171,24.758156,43.131935,21.756914,5.752408,9.508622,47.61879,58.68802,123.32012,0.0,20.939257,12.27923,12.827282,14.232011,96.16277,13.633568,38.567432,0.0,9.120409,0.0,29.895046,0.0,50.765553,21.600208,33.68278,9.77717,0.0,33.30574,15.0313425,53.314587,26.635754,56.390205,25.242954,15.587502,14.232011,0.0,36.175816,83.51246,35.488632,29.105099,10.886865,7.404847,28.805735,4.5358953,14.84452,6.888268,14.929323,44.671997,11.68797,22.734268,11.181272,25.68458,48.29339,0.0
C14x19_C14x20,27.792833,0.0,0.0,20.256157,20.142399,13.047366,0.0,18.217636,0.0,0.0,31.035942,0.0,56.803173,31.678326,49.808064,0.0,99.479164,46.3697,48.58974,37.783825,22.195253,23.766848,42.490753,20.529903,19.00227,0.0,0.0,16.8057,23.766848,0.0,19.27452,0.0,0.0,13.629146,0.0,0.0,28.495836,74.13016,0.0,46.32468,22.218819,0.0,0.0,0.0,0.0,0.0,0.0,0.0,0.0,0.0,11.352899,0.0,0.0,0.0,0.0,7.1135597,20.981318,0.0,2.1031904,38.322742,0.0,22.131006,23.210411,0.0,23.210411,21.483322,7.3890343,30.628347,0.0,35.582462,73.64504,21.780691,15.401274,15.401274,26.67579,93.29394,14.458877,28.47662,8.314576,21.51189,8.314576,39.680187,124.68598,19.100416,0.0,0.0,0.0,18.591238,31.368727,0.0,18.591238,15.237285,0.0,0.0,0.0,0.0,0.0,0.0,18.235653,11.15306,0.0,90.01173,48.086067,26.406446,49.142933,0.0,12.486313,86.47019,12.486313,12.486313,0.0,0.0,0.0,27.647053,23.172626,0.0,24.474802,29.976692,24.503098,10.077267,11.736065,0.0,50.11781,0.0,25.789785,0.0,0.0,0.0,0.0,0.0,8.968109,52.397224,0.0,0.0,0.0,0.0,36.211323,8.388708,184.20013,14.529669,0.0,0.0,0.0,5.9469023,0.0,0.0,11.085755,35.3659,32.515705,8.375549,0.0,39.21808,7.9084616,31.127432,46.488136,0.0,29.998262,0.0,33.69672,9.617181,22.431435,0.0,33.82518,129.8944,40.67557,83.942116,0.0,0.0,0.0,0.0,0.0,0.0,0.0,0.0,0.0,0.0,44.575867,0.0,12.919351,0.0,11.281133,0.0,9.575128,6.054225,0.0,60.51221,10.486225,29.832644,0.0,30.407017,11.790647,4.168623,0.0,107.29738,0.0,0.0,0.0,0.0,0.0,18.62609,65.53151,21.882359,29.919092,0.0,0.0,44.53412,0.0,37.385277,17.071552,4.4703217,82.97856,8.884508,4.1182046,0.0,0.0,0.0,0.0,47.736816,14.8582,0.0,0.0,10.458143,0.0,30.839302,0.0,0.0,25.572952,10.7171,0.0,22.49323,19.135834,0.0,81.88316,31.4881,0.0,28.118504,36.34476,0.0,7.3908877,0.0,46.811172,0.0,43.42403,0.0,35.156094,0.0,35.098343,0.0,13.708116,41.295876,0.0,7.068045,25.909407,0.0,0.0,0.0,38.680183,17.680122,43.497993,11.300002,76.44535,62.530163,54.037373,36.916847,42.188854,47.90339,48.31523,40.602432,46.585724,94.514404,26.27929,78.57946,50.527096,33.772438,22.983553,81.61883,48.738033,31.984005,50.878475,90.7887,15.957711,21.102108,91.53902,32.734314,47.736816,37.07374,42.485035,47.37501,25.76789,60.901207,0.0,22.53629,43.4562,28.594597,0.0,24.462856,12.435524,0.0,17.202015,47.139305,0.0,37.659657,57.84321,24.51583,32.231735,52.13048,12.58179,37.447887,45.411217,36.816345,25.433483,29.47592,11.23376,29.713182,12.294117,13.011719,0.0,28.673986,34.377254,27.663998,22.624846,0.0,25.47525,66.73314,24.08918,8.370075,0.0,16.385519,5.896657,38.83842,0.0,22.249477,24.900957,30.868969,0.0,0.0,0.0,0.0,0.0,0.0,0.0,0.0,0.0,0.0,0.0,0.0,0.0,0.0,0.0,0.0,0.0,10.34566,27.690918,24.516304,75.47922,0.0,31.578726,62.24761,0.0,40.58484,12.559902,35.34025,145.64978,0.0,58.50359,23.015598,69.26831,62.42296,0.0,0.0,0.0,0.0,0.0,15.02326,23.791056,7.9435077,22.2449,32.180878,0.0,0.0,0.0,31.33689,67.14024,4.168623,12.196618,10.34566,13.836714,4.1695657,19.53255,15.398319,18.358715,19.249453,0.0,0.0,0.0,0.0,0.0,0.0,0.0,15.734926,27.195513,0.0,74.76357,6.1443872,4.267131,11.03682,21.584398,6.054225,5.5282025,0.0,12.548829,18.253176,4.1182046,7.927902,0.0,0.0,0.0,6.0346346,15.60842,9.538563,0.0,21.974625,17.746723,22.611498,27.513645,30.094597,0.0,0.0,0.0,0.0,0.0,0.0,0.0,0.0,0.0,0.0,0.0,24.73016,60.611423,14.472841,19.586805,20.71834,30.352493,0.0,18.520348,11.789816,31.33689,39.55479,51.57448,0.0,22.150208,21.249111,28.61876,0.0,72.19794,76.75939,72.27222,0.0,52.817062,56.90995,7.3908877,11.769287,60.7122,45.078136,46.598545,0.0,0.0,0.0,0.0,31.617374,22.664858,38.33062,18.625269,43.716568,50.614685,0.0,45.74291,122.438354,35.18278,0.0,17.0768,16.847183,58.46209,0.0,0.0,0.0,0.0,19.314138,21.182678,11.308707,15.538407,0.0,37.617302,0.0
C14x19_C15x19,25.428452,0.0,0.0,27.920422,14.053577,9.103293,0.0,31.45448,11.161248,21.849771,32.846355,21.849771,71.48123,34.668205,32.675713,0.0,65.595406,35.58174,35.58174,32.133434,18.876059,25.399649,54.692646,0.0,0.0,0.0,0.0,17.960264,25.399649,0.0,21.73245,0.0,0.0,15.367163,0.0,0.0,17.221462,72.11269,0.0,20.48038,32.947536,0.0,3.1702087,0.0,3.1702087,0.0,0.0,0.0,0.0,3.1702087,5.1799793,0.0,0.0,10.23921,0.0,15.392413,21.030416,0.0,35.75344,0.0,29.84402,25.516054,22.374666,0.0,0.0,0.0,22.374666,0.0,0.0,36.395397,30.265865,22.496836,15.907665,15.907665,27.552887,96.36143,0.0,24.376806,7.9971776,20.690702,7.9971776,38.165443,80.206764,27.188599,32.103153,0.0,0.0,8.053495,13.588547,0.0,8.053495,0.0,0.0,0.0,0.0,0.0,0.0,0.0,11.32089,5.8942456,21.80654,77.048645,104.501656,14.465955,51.112293,0.0,0.0,80.527374,0.0,0.0,0.0,3.6825547,3.6825547,22.835602,19.139866,0.0,7.4602547,24.759813,20.238794,16.201523,2.8488886,0.0,13.114927,0.0,13.114927,0.0,0.0,29.373272,0.0,0.0,0.0,64.01417,0.0,0.0,0.0,0.0,22.259487,19.95255,196.09981,34.558834,5.26849,0.0,9.278944,18.797625,0.0,21.719185,33.799496,52.080532,47.546047,34.432182,11.473461,40.90211,32.511967,31.304644,65.309326,0.0,19.08035,14.100547,45.043915,13.223456,68.27135,0.0,38.66122,116.023796,59.53295,46.77609,0.0,0.0,0.0,0.0,0.0,13.672464,0.0,0.0,7.5684414,0.0,36.908684,0.0,12.134771,0.0,11.269677,0.0,31.592829,14.897574,0.0,35.19467,25.803356,33.683086,25.63702,47.94251,13.583811,4.8026023,0.0,112.408554,13.620709,0.0,0.0,9.880836,0.0,10.845151,28.97894,21.529318,32.78057,0.0,0.0,58.75483,0.0,15.807513,15.451943,4.4073873,67.532875,10.347165,13.831677,19.73938,0.0,0.0,0.0,68.20676,12.089796,0.0,0.0,0.0,0.0,55.213997,0.0,0.0,19.057222,7.9864907,0.0,35.23567,14.082939,0.0,19.210844,11.130065,0.0,19.044691,32.741062,0.0,34.095882,0.0,36.970615,0.0,21.197412,0.0,14.610898,0.0,51.724804,0.0,27.455526,23.413916,0.0,6.6523967,19.801003,21.843245,0.0,16.48576,48.758106,16.05471,29.967571,53.849007,93.05731,82.4974,69.88253,18.388882,29.450363,55.876274,42.91867,0.0,51.12633,46.172092,24.017769,96.51929,56.649513,0.0,23.615952,0.0,54.5533,0.0,49.102333,138.07822,15.68969,18.218983,96.22659,21.261787,30.190578,26.662416,34.961895,38.54802,21.571905,86.690186,0.0,21.211006,48.997826,0.0,0.0,25.710272,3.971762,14.9175625,6.330616,27.77115,12.222639,72.78563,42.964394,23.579967,30.69498,47.337894,58.04272,28.987982,46.90433,14.465955,33.554947,42.464283,10.551545,47.770775,50.54155,14.065335,15.551172,13.672464,29.952507,19.73007,31.27908,0.0,18.32304,54.76025,18.647158,6.749078,5.856054,13.533928,24.241367,17.174889,0.0,15.781625,0.0,0.0,0.0,0.0,0.0,0.0,0.0,0.0,0.0,0.0,0.0,0.0,0.0,0.0,0.0,0.0,0.0,0.0,0.0,9.717379,16.313534,21.48217,96.22659,0.0,0.0,0.0,0.0,45.44376,14.524731,14.739762,96.11734,0.0,94.40976,94.61795,71.03219,94.214966,0.0,0.0,0.0,0.0,0.0,5.81329,17.259207,0.0,21.220827,34.79135,0.0,0.0,0.0,64.373726,48.495556,4.8026023,11.45593,9.717379,13.574719,17.141235,14.768376,6.2225604,24.774542,6.357358,0.0,0.0,0.0,0.0,0.0,0.0,0.0,0.0,0.0,0.0,68.25379,31.044525,19.685266,20.50915,9.1264715,14.897574,18.240128,10.852465,0.0,20.6527,13.831677,14.346112,0.0,7.854006,0.0,27.839172,35.874523,22.902096,25.540663,22.567522,52.23134,22.082771,22.865376,18.23467,0.0,0.0,0.0,0.0,0.0,0.0,0.0,0.0,0.0,0.0,0.0,20.352386,46.918606,23.840267,41.16851,24.48448,47.019974,0.0,0.0,0.0,52.08232,49.860588,73.951515,0.0,27.18069,28.77254,23.258677,16.469913,93.24701,36.74298,70.95637,0.0,25.441765,44.589935,34.095882,21.442703,79.75077,30.87818,33.212288,0.0,0.0,0.0,0.0,39.855118,16.890081,33.397026,19.637291,33.409946,38.681763,0.0,41.53756,73.168365,31.190128,0.0,23.610775,0.0,38.309464,0.0,0.0,0.0,0.0,27.840666,22.205875,17.068228,15.957647,23.532045,47.181084,0.0
C14x20_C14x21,0.0,0.0,0.0,0.0,51.697067,0.0,0.0,0.0,0.0,0.0,26.66969,0.0,49.98543,0.0,21.481974,0.0,100.37023,60.544228,60.544228,36.274826,0.0,59.24165,56.650154,59.24165,25.334488,0.0,0.0,0.0,0.0,0.0,0.0,0.0,0.0,0.0,0.0,0.0,32.24045,127.07984,0.0,44.68663,0.0,0.0,0.0,0.0,0.0,0.0,0.0,0.0,0.0,0.0,0.0,0.0,0.0,29.77787,0.0,28.471897,6.9031034,0.0,62.24051,41.16824,0.0,35.617313,15.541425,0.0,15.541425,18.678177,0.0,77.28236,0.0,64.157646,11.079309,0.0,0.0,37.604588,0.0,71.90933,0.0,27.318312,0.0,27.318312,10.010467,54.636623,167.68092,0.0,0.0,0.0,0.0,0.0,50.768993,0.0,0.0,54.327972,0.0,0.0,0.0,0.0,0.0,0.0,0.0,26.33604,25.756079,34.62484,20.67769,0.0,52.707428,0.0,0.0,73.63303,43.887383,0.0,0.0,0.0,27.359093,39.384056,45.72397,0.0,0.0,39.384056,0.0,0.0,0.0,0.0,89.05476,0.0,54.287273,0.0,0.0,66.89194,0.0,0.0,0.0,43.651863,0.0,0.0,0.0,0.0,63.0335,0.0,175.51176,0.0,10.48399,0.0,11.241167,0.0,0.0,0.0,0.0,44.03382,32.55585,0.0,0.0,25.878618,0.0,0.0,79.597855,47.480682,33.048656,30.837555,42.7289,12.309653,32.101177,0.0,0.0,191.1221,32.573208,49.44034,0.0,0.0,0.0,0.0,0.0,32.964222,0.0,0.0,0.0,0.0,0.0,0.0,0.0,0.0,11.156319,0.0,0.0,0.0,0.0,97.04254,0.0,31.030323,34.092335,6.817774,0.0,0.0,0.0,140.0645,28.146338,12.424768,0.0,0.0,0.0,0.0,154.13608,0.0,59.565105,0.0,0.0,47.158882,0.0,0.0,0.0,0.0,62.984463,0.0,0.0,18.856968,0.0,0.0,0.0,53.395306,0.0,0.0,0.0,0.0,0.0,32.276527,0.0,0.0,48.988617,0.0,0.0,44.43485,0.0,0.0,77.443146,0.0,0.0,0.0,34.613583,0.0,0.0,0.0,55.58123,0.0,55.58123,0.0,42.004482,0.0,35.12402,0.0,0.0,61.144424,0.0,0.0,0.0,28.447569,0.0,36.621723,54.52904,0.0,54.86116,40.776676,32.3002,29.404259,35.49349,32.1654,63.81384,83.38602,87.66805,37.23493,59.650543,113.47972,22.896969,103.45679,46.02557,0.0,63.171036,55.197727,93.01622,45.098686,38.395683,98.937965,0.0,0.0,116.51381,22.93212,53.395306,38.481133,50.643227,55.08577,34.41231,76.459274,0.0,31.554129,46.46189,41.8439,0.0,45.870937,29.364359,24.743465,26.592466,10.377293,9.4215355,36.10994,0.0,27.318312,32.256077,26.56385,17.72911,54.86116,8.467888,16.243715,5.1953683,29.795633,26.398571,0.0,25.878618,12.064559,0.0,0.0,0.0,0.0,0.0,0.0,148.26843,44.962082,0.0,0.0,0.0,0.0,0.0,0.0,0.0,69.29002,31.88435,49.00844,0.0,0.0,0.0,0.0,0.0,0.0,0.0,0.0,0.0,0.0,0.0,0.0,0.0,0.0,0.0,0.0,0.0,39.376926,56.21112,39.170803,110.03309,0.0,36.400303,82.78249,95.639565,43.786476,0.0,47.071167,112.21655,0.0,88.70463,57.866356,61.651608,96.255684,0.0,0.0,0.0,0.0,0.0,20.92624,45.87834,0.0,34.517273,5.559571,0.0,0.0,0.0,23.689215,48.627388,21.518671,28.800226,27.84369,25.063498,0.0,41.08384,33.246773,44.561295,40.07482,0.0,0.0,0.0,0.0,0.0,0.0,0.0,27.500181,20.523222,0.0,47.468998,37.10412,0.0,0.0,0.0,0.0,0.0,0.0,0.0,0.0,0.0,0.0,0.0,0.0,0.0,0.0,0.0,0.0,0.0,0.0,0.0,0.0,0.0,0.0,0.0,0.0,0.0,0.0,0.0,0.0,0.0,0.0,0.0,0.0,0.0,0.0,109.72232,0.0,0.0,0.0,0.0,0.0,16.228283,0.0,20.583082,2.5332725,85.70203,0.0,0.0,0.0,0.0,0.0,142.09969,50.41805,54.540573,0.0,0.0,0.0,15.665267,25.953844,81.22905,49.756905,0.0,0.0,0.0,0.0,0.0,0.0,0.0,0.0,0.0,22.876667,0.0,0.0,73.294136,96.95884,27.063404,0.0,32.70521,38.76964,86.19409,0.0,0.0,0.0,0.0,0.0,0.0,0.0,0.0,27.088186,72.54069,0.0
C14x20_C15x20,0.0,0.0,0.0,19.456736,57.20531,0.0,0.0,0.0,0.0,0.0,12.232316,0.0,40.42208,0.0,10.982678,0.0,58.989872,53.990524,53.990524,44.212234,0.0,61.677803,127.65459,61.677803,57.08835,0.0,0.0,0.0,0.0,0.0,0.0,0.0,0.0,0.0,0.0,0.0,46.44123,136.091,0.0,0.0,0.0,0.0,0.0,0.0,0.0,0.0,0.0,0.0,0.0,0.0,0.0,0.0,0.0,0.0,0.0,18.758532,4.940216,0.0,39.450768,0.0,0.0,0.0,23.53458,0.0,23.53458,21.783367,0.0,42.172626,0.0,47.4725,98.25387,0.0,0.0,42.381332,0.0,82.46332,0.0,21.773146,0.0,9.130766,0.0,18.261532,145.14716,0.0,0.0,0.0,0.0,0.0,18.467278,0.0,0.0,25.034052,0.0,0.0,0.0,0.0,0.0,0.0,0.0,31.016893,0.0,84.18934,67.93759,0.0,113.83916,0.0,0.0,93.75878,0.0,0.0,0.0,0.0,0.0,37.68788,43.57206,0.0,22.489573,37.68788,0.0,0.0,0.0,0.0,55.631237,0.0,33.912483,0.0,0.0,0.0,0.0,0.0,0.0,69.097466,0.0,0.0,0.0,0.0,43.830788,0.0,175.30705,0.0,0.0,0.0,0.0,11.813823,0.0,0.0,29.142132,31.964924,46.612003,0.0,0.0,54.5041,0.0,44.07761,51.822754,0.0,34.99695,0.0,33.64231,11.715431,37.766212,0.0,0.0,159.93011,70.64032,65.57738,0.0,0.0,0.0,0.0,0.0,0.0,0.0,0.0,0.0,0.0,50.32829,0.0,0.0,0.0,0.0,0.0,0.0,0.0,0.0,52.44233,0.0,0.0,0.0,28.462698,0.0,0.0,0.0,127.21369,0.0,0.0,0.0,0.0,0.0,0.0,44.74103,0.0,59.42308,0.0,0.0,53.657448,0.0,0.0,0.0,0.0,90.156845,0.0,0.0,0.0,0.0,0.0,0.0,50.051113,0.0,0.0,0.0,0.0,0.0,32.327488,0.0,0.0,15.24493,0.0,0.0,0.0,0.0,0.0,81.65257,0.0,0.0,0.0,55.78707,0.0,0.0,0.0,117.1158,0.0,36.45749,0.0,0.0,0.0,36.146885,0.0,0.0,67.388214,0.0,0.0,0.0,0.0,0.0,0.0,32.53531,0.0,47.979298,35.13636,85.14956,82.62921,61.632587,0.0,64.425255,57.983055,78.48997,55.63059,54.12219,82.1301,66.91181,129.71983,92.66753,9.70547,75.830315,18.655396,80.44266,39.20358,0.0,120.485695,50.563717,55.923615,99.604904,29.58641,48.334866,47.966614,56.08973,39.205986,33.422657,64.79546,4.8479123,37.87748,40.181355,27.875227,0.0,0.0,0.0,23.991323,16.446482,25.057554,0.0,41.167496,47.253685,9.130766,12.485641,36.165764,30.78567,47.979298,41.665684,27.787653,28.339937,27.0342,29.086233,17.134066,30.902618,20.723236,0.0,0.0,0.0,0.0,0.0,0.0,42.488834,90.302505,0.0,0.0,0.0,0.0,0.0,0.0,0.0,38.44176,28.929337,28.763117,0.0,0.0,0.0,0.0,0.0,0.0,0.0,0.0,0.0,0.0,0.0,0.0,0.0,0.0,0.0,0.0,0.0,0.0,28.96977,35.18023,99.604904,0.0,20.66587,57.162464,60.65048,52.287056,16.032713,35.584286,149.15915,0.0,72.81194,69.10036,20.836637,75.14997,0.0,0.0,0.0,0.0,0.0,21.19638,50.961502,10.139886,13.360903,30.326609,0.0,0.0,0.0,30.78567,75.671265,26.024834,0.0,25.628048,39.197765,12.493054,58.69448,50.540752,60.45145,60.199574,0.0,0.0,0.0,0.0,0.0,0.0,0.0,20.987352,0.0,0.0,63.296265,39.9332,0.0,0.0,0.0,0.0,0.0,0.0,0.0,0.0,0.0,0.0,0.0,0.0,0.0,0.0,0.0,0.0,0.0,0.0,0.0,0.0,0.0,0.0,0.0,0.0,0.0,0.0,0.0,0.0,0.0,0.0,0.0,0.0,0.0,0.0,95.958595,36.333206,29.215881,30.903688,55.615623,0.0,49.245808,19.663616,30.748735,71.88334,52.34218,0.0,0.0,29.600224,32.225933,0.0,127.03139,57.46518,69.173355,0.0,65.21683,65.61125,0.0,25.994823,82.48556,38.819336,57.4729,0.0,0.0,0.0,0.0,0.0,0.0,0.0,0.0,45.94584,0.0,0.0,48.17158,122.0095,37.646446,0.0,22.672215,21.505426,148.14035,0.0,0.0,0.0,0.0,0.0,0.0,0.0,0.0,0.0,80.577934,0.0
C14x21_C14x22,34.018116,0.0,0.0,0.0,35.763664,0.0,24.334532,0.0,0.0,23.536146,0.0,0.0,50.09798,84.134796,17.582544,0.0,99.8749,74.98384,74.98384,0.0,0.0,32.467476,35.83891,32.467476,0.0,21.595772,0.0,0.0,46.80812,0.0,41.719963,40.297966,0.0,0.0,80.59593,0.0,95.53314,0.0,40.762344,0.0,88.351036,11.955485,16.293665,23.91097,9.41443,11.955485,0.0,0.0,0.0,19.907595,0.0,0.0,0.0,15.626542,0.0,0.0,0.0,0.0,46.451004,22.574503,36.43412,31.234432,24.291643,0.0,24.291643,0.0,31.415642,59.354233,0.0,26.472246,29.221136,19.529423,0.0,19.529423,0.0,67.08821,0.0,33.67302,0.0,0.0,28.01747,25.798603,92.10599,0.0,0.0,0.0,0.0,46.615425,149.95137,46.615425,0.0,45.81372,0.0,0.0,0.0,0.0,0.0,0.0,0.0,47.55767,26.446304,18.906412,0.0,0.0,25.303585,0.0,0.0,65.331856,41.3195,0.0,0.0,0.0,14.31136,0.0,37.193134,37.193134,0.0,37.193134,48.545467,0.0,0.0,0.0,32.721985,0.0,47.908813,0.0,58.90594,22.676523,0.0,0.0,0.0,0.0,0.0,0.0,0.0,0.0,55.627403,0.0,116.6624,0.0,0.0,0.0,2.569475,0.0,0.0,25.252655,0.0,31.685577,41.66504,44.835003,0.0,50.917233,0.0,0.0,52.150726,37.55857,8.208259,65.82652,34.756866,33.85991,29.0276,0.0,0.0,55.068565,0.0,67.94251,0.0,0.0,32.431683,0.0,0.0,22.557428,0.0,0.0,6.5334673,0.0,0.0,0.0,0.0,0.0,32.429432,0.0,0.0,0.0,0.0,0.0,0.0,43.377808,27.914585,61.694965,0.0,0.0,0.0,100.030846,35.57546,40.58072,0.0,0.0,0.0,0.0,147.57838,0.0,50.0423,0.0,0.0,23.42791,0.0,0.0,0.0,24.143715,34.391785,0.0,0.0,10.284701,0.0,0.0,0.0,0.0,0.0,0.0,0.0,0.0,0.0,78.01995,0.0,0.0,103.33398,0.0,0.0,49.83542,0.0,0.0,73.01768,0.0,0.0,0.0,0.0,0.0,0.0,0.0,30.701788,0.0,30.701788,0.0,73.54888,0.0,40.532757,0.0,0.0,0.0,0.0,0.0,0.0,12.552266,0.0,0.0,26.109917,0.0,67.97358,47.983963,0.0,18.76012,34.343456,21.340944,57.010616,74.4962,77.9233,33.956303,53.291172,112.66004,22.537743,92.97854,44.76019,0.0,56.43634,51.65896,79.01404,45.28647,35.200706,81.15247,0.0,0.0,72.034805,10.428515,45.73479,27.339367,40.069366,66.17559,31.400953,78.961105,0.0,47.928,67.10188,63.09586,0.0,50.994938,52.56036,0.0,0.0,0.0,0.0,0.0,0.0,0.0,0.0,0.0,0.0,0.0,0.0,0.0,0.0,0.0,0.0,0.0,0.0,0.0,0.0,35.68646,61.625572,31.64206,0.0,0.0,79.371635,27.616648,0.0,0.0,0.0,0.0,0.0,0.0,0.0,65.38441,27.179045,43.702183,16.702604,0.0,37.993824,24.320028,27.179045,29.25213,31.127527,33.08337,0.0,8.670438,12.705272,0.0,39.266563,17.186293,26.184961,45.2178,17.95272,0.0,34.75224,31.764301,53.15291,0.0,28.994951,72.74002,32.046974,25.38518,16.429125,86.269585,191.54933,0.0,0.0,0.0,0.0,0.0,0.0,0.0,0.0,0.0,0.0,0.0,0.0,0.0,0.0,0.0,0.0,57.2967,45.877735,25.302599,54.88785,37.228275,22.793804,0.0,39.897163,23.897459,42.74614,51.545334,39.975605,43.107197,58.02368,49.204185,86.53865,48.05507,88.33942,52.369923,90.4356,0.0,0.0,0.0,47.102528,13.124591,16.702604,0.0,29.25213,31.127527,0.0,8.670438,26.346598,17.186293,17.95272,0.0,0.0,0.0,0.0,36.202343,0.0,66.00865,0.0,0.0,57.10538,49.828823,44.13171,32.727158,0.0,0.0,0.0,0.0,0.0,0.0,0.0,0.0,0.0,0.0,0.0,0.0,52.077988,0.0,0.0,0.0,0.0,0.0,0.0,0.0,0.0,0.0,87.240585,0.0,28.658754,0.0,0.0,0.0,168.7435,0.0,0.0,0.0,0.0,0.0,29.550419,24.005743,0.0,0.0,0.0,0.0,0.0,0.0,0.0,0.0,0.0,0.0,0.0,0.0,81.77659,0.0,22.594511,59.156822,55.027317,0.0,55.922962,0.0,49.537445,0.0,0.0,0.0,0.0,0.0,0.0,0.0,0.0,0.0,74.708626,67.511925
C14x21_C15x21,0.0,0.0,0.0,0.0,37.54325,0.0,0.0,0.0,0.0,0.0,0.0,0.0,55.9304,66.85961,49.70211,0.0,61.677174,64.58802,64.58802,0.0,0.0,64.898766,71.63787,64.898766,0.0,0.0,0.0,0.0,28.869183,0.0,0.0,0.0,0.0,0.0,0.0,0.0,109.77213,142.75786,0.0,0.0,62.052856,0.0,10.326922,0.0,21.435202,0.0,0.0,0.0,0.0,25.718956,0.0,0.0,0.0,0.0,0.0,0.0,0.0,0.0,85.088646,26.249144,27.099453,43.189598,14.786084,0.0,14.786084,0.0,24.23783,45.115932,0.0,59.16839,65.31246,0.0,0.0,22.917028,0.0,43.823063,0.0,37.934822,0.0,0.0,28.961021,42.126976,135.35129,0.0,0.0,0.0,0.0,0.0,38.593494,0.0,0.0,23.946795,0.0,0.0,0.0,0.0,0.0,0.0,0.0,35.123287,20.786243,33.1491,18.334875,28.976776,60.029686,0.0,0.0,57.47565,34.257126,0.0,0.0,0.0,48.949867,56.695,72.88541,0.0,0.0,0.0,51.053146,0.0,0.0,0.0,34.4856,0.0,0.0,0.0,0.0,55.179863,0.0,0.0,0.0,31.072666,0.0,0.0,0.0,0.0,0.0,0.0,144.73201,0.0,19.07915,0.0,7.7839603,0.0,0.0,31.800013,0.0,38.74506,53.327744,42.972427,0.0,83.48895,0.0,0.0,68.27402,78.41568,0.0,77.769905,24.719105,32.39103,51.623016,0.0,0.0,157.89188,43.908398,74.73691,0.0,0.0,0.0,0.0,0.0,9.219419,0.0,0.0,34.743427,0.0,0.0,0.0,0.0,0.0,28.143192,0.0,0.0,0.0,0.0,58.81934,0.0,36.0985,11.569523,78.77551,0.0,0.0,0.0,165.3147,37.611633,48.11345,0.0,0.0,0.0,0.0,81.25106,0.0,41.82243,0.0,0.0,45.938354,0.0,0.0,0.0,0.0,64.57428,0.0,0.0,15.469042,0.0,0.0,0.0,0.0,0.0,0.0,0.0,0.0,0.0,112.04367,0.0,0.0,59.154762,0.0,0.0,39.426754,0.0,0.0,74.34888,0.0,0.0,0.0,0.0,0.0,0.0,0.0,55.357735,0.0,53.686707,0.0,93.53848,0.0,47.322975,0.0,0.0,0.0,0.0,0.0,0.0,31.785696,0.0,0.0,33.731842,0.0,73.128525,53.991947,12.096566,10.130931,40.09813,1.7715365,93.12832,37.92289,70.75034,34.51791,37.86549,78.63016,27.227188,96.93259,58.910095,29.018393,77.96791,20.656923,80.15308,81.78694,22.043064,99.11492,0.0,0.0,91.08086,20.261515,65.50119,35.703518,33.203598,85.3911,30.985521,110.31279,33.023975,88.73029,91.2171,93.076485,0.0,0.0,45.5102,0.0,0.0,0.0,0.0,0.0,0.0,0.0,0.0,0.0,0.0,0.0,0.0,0.0,0.0,0.0,0.0,0.0,0.0,0.0,0.0,42.778496,68.835434,32.850044,0.0,0.0,187.1912,47.239548,0.0,0.0,0.0,0.0,0.0,0.0,0.0,22.995358,0.0,0.0,0.0,0.0,0.0,0.0,0.0,0.0,0.0,0.0,0.0,0.0,0.0,0.0,0.0,0.0,0.0,0.0,0.0,58.62548,14.044186,54.302765,76.1254,0.0,36.70481,86.2211,50.415295,41.624065,20.722113,47.261448,165.36151,42.589893,0.0,0.0,0.0,0.0,0.0,0.0,0.0,0.0,0.0,0.0,0.0,0.0,0.0,0.0,0.0,0.0,0.0,29.933449,46.33384,79.37631,32.562523,41.454475,54.663914,35.81493,52.11111,60.685085,57.948605,19.071712,0.0,0.0,0.0,0.0,0.0,0.0,0.0,0.0,0.0,0.0,42.11002,31.37468,0.0,0.0,0.0,0.0,0.0,0.0,0.0,0.0,0.0,0.0,0.0,0.0,0.0,25.426516,0.0,21.0062,0.0,31.924314,39.27269,34.154243,30.800524,0.0,0.0,0.0,0.0,0.0,0.0,0.0,0.0,0.0,0.0,0.0,0.0,0.0,51.96493,0.0,0.0,0.0,0.0,0.0,0.0,0.0,23.880833,31.681274,125.25458,0.0,0.0,0.0,0.0,0.0,175.80762,58.495857,62.87401,0.0,0.0,0.0,28.139446,47.616013,52.63209,37.029995,0.0,0.0,0.0,0.0,0.0,37.459526,50.260044,76.4424,0.0,0.0,93.942024,0.0,91.59696,121.17114,19.365553,0.0,36.7401,0.0,71.8977,0.0,0.0,0.0,0.0,0.0,0.0,0.0,0.0,16.033651,56.038696,0.0
C14x22_C14x23,35.303146,0.0,0.0,17.716997,54.238766,0.0,34.954155,0.0,0.0,22.488539,0.0,0.0,44.709023,95.13421,0.0,0.0,82.62887,64.15089,64.15089,36.992554,0.0,27.700148,20.702839,40.305252,20.702839,27.700148,0.0,0.0,39.173923,0.0,0.0,48.821796,0.0,0.0,104.23875,0.0,55.808132,0.0,40.107285,29.975819,57.546562,14.855097,26.374226,25.53478,0.0,11.959601,0.0,11.675266,0.0,32.224022,0.0,23.326841,0.0,0.0,0.0,0.0,7.1622033,8.066944,43.184822,24.088547,32.973526,39.54144,18.914711,0.0,26.056799,13.384106,33.557014,0.0,0.0,20.807613,15.551422,0.0,11.532924,0.0,0.0,52.00069,0.0,38.142357,0.0,20.895102,0.0,33.511993,58.570084,0.0,33.012844,0.0,0.0,38.913383,125.17562,38.913383,0.0,46.066452,0.0,0.0,0.0,0.0,0.0,0.0,0.0,21.78565,0.0,57.23749,62.505943,0.0,48.516216,0.0,0.0,65.53059,0.0,0.0,0.0,13.394757,0.0,0.0,18.43134,14.706543,13.58787,14.706543,23.76445,0.0,0.0,0.0,35.188046,0.0,78.897675,0.0,31.635277,0.0,0.0,0.0,0.0,110.423744,0.0,0.0,0.0,0.0,67.06545,24.130932,96.64207,0.0,0.0,0.0,0.0,2.4395788,0.0,17.460642,14.057341,47.3168,29.3416,44.332455,12.585241,45.323757,15.240837,27.630041,44.34419,0.0,0.0,29.593374,15.625509,40.156868,48.155605,0.0,0.0,49.06521,0.0,55.786884,0.0,0.0,34.129753,0.0,35.029545,0.0,0.0,30.931992,0.0,0.0,0.0,0.0,0.0,0.0,30.534029,0.0,0.0,13.896223,0.0,0.0,0.0,43.84679,0.0,54.32218,10.837526,0.0,10.993772,98.74456,0.0,0.0,0.0,0.0,0.0,0.0,54.064816,0.0,0.0,0.0,0.0,26.547384,0.0,0.0,0.0,20.53906,60.316444,0.0,0.0,0.0,0.0,0.0,0.0,0.0,0.0,0.0,0.0,0.0,0.0,75.6434,0.0,0.0,91.03308,0.0,0.0,93.69001,0.0,0.0,74.27601,0.0,0.0,0.0,0.0,0.0,0.0,0.0,37.432663,0.0,28.636934,0.0,15.514937,0.0,64.677986,0.0,0.0,0.0,0.0,0.0,0.0,0.0,0.0,0.0,22.939974,0.0,34.85834,74.09276,0.0,0.0,44.541286,34.731552,52.316643,70.16698,35.64361,40.281696,72.57412,59.855553,65.83989,44.561382,45.466526,0.0,41.394,16.155197,0.0,12.155732,29.02409,90.5952,0.0,0.0,63.06577,0.0,0.0,0.0,50.65292,30.269978,55.913868,37.84331,0.0,35.153442,36.48897,37.055363,0.0,25.914864,38.59474,0.0,12.788426,0.0,11.323991,34.59841,21.402985,20.895102,37.16157,10.670767,28.05654,20.974697,11.699195,27.74026,15.100312,23.103956,45.146946,0.0,12.766684,24.719015,45.7524,17.36098,9.422655,32.628365,14.786872,0.0,73.4218,15.214106,0.0,0.0,0.0,0.0,0.0,0.0,0.0,0.0,30.912815,35.010414,37.53931,15.9457445,29.910921,0.0,30.912815,6.943271,18.861034,34.28391,18.446873,39.76835,24.940565,48.925377,36.293034,72.3308,31.685299,43.375355,12.293716,0.0,32.676086,25.259317,49.842102,0.0,32.254295,68.75848,30.721155,34.121136,35.021515,56.842117,216.17505,0.0,0.0,0.0,0.0,0.0,0.0,0.0,0.0,0.0,0.0,0.0,0.0,0.0,0.0,0.0,0.0,50.111446,16.807146,52.368603,30.101343,21.958248,14.906668,28.960337,27.94816,27.563286,9.987512,23.02005,25.025835,9.507931,58.242214,131.7182,141.3984,24.059093,56.32939,67.65084,92.61012,29.7225,9.188211,0.0,51.028522,0.0,46.62782,19.806313,8.624282,23.427412,22.91298,49.39652,19.247648,89.84255,15.270104,0.0,0.0,0.0,0.0,53.088604,22.550688,44.295444,65.63864,69.19093,21.914616,48.52671,81.39406,53.799732,0.0,0.0,0.0,0.0,0.0,0.0,0.0,0.0,0.0,0.0,0.0,0.0,26.756962,12.621248,0.0,0.0,41.157513,0.0,0.0,0.0,0.0,0.0,75.56997,0.0,16.925097,39.660637,19.838102,0.0,126.93578,0.0,0.0,0.0,0.0,0.0,0.0,0.0,19.55616,39.096977,0.0,29.471851,0.0,0.0,0.0,0.0,0.0,0.0,0.0,0.0,15.214106,0.0,24.479973,45.311153,51.5995,0.0,164.10023,0.0,36.986984,0.0,0.0,0.0,0.0,0.0,0.0,0.0,0.0,0.0,46.86339,63.67989
C14x22_C15x22,56.264977,0.0,0.0,0.0,26.817835,0.0,0.0,0.0,0.0,48.983307,0.0,0.0,40.573994,91.87299,0.0,0.0,79.770805,65.04181,65.04181,0.0,0.0,47.52878,38.282608,47.52878,0.0,36.97777,0.0,0.0,74.7871,0.0,22.383455,21.620531,0.0,0.0,43.241062,0.0,63.092957,0.0,24.137157,0.0,56.54353,23.673075,24.508429,47.34615,0.0,23.673075,0.0,11.496193,0.0,39.419056,0.0,0.0,0.0,0.0,0.0,0.0,0.0,9.211623,65.30594,15.627911,50.06228,51.46631,0.0,0.0,0.0,0.0,30.40953,0.0,0.0,31.09098,25.042591,0.0,0.0,0.0,0.0,21.279455,0.0,35.337578,0.0,0.0,0.0,23.006826,104.44983,0.0,0.0,0.0,0.0,0.0,0.0,0.0,0.0,49.994465,0.0,43.89327,22.721067,21.946634,0.0,0.0,0.0,16.833998,0.0,32.294235,85.442505,0.0,66.21306,0.0,0.0,74.47312,0.0,0.0,0.0,0.0,0.0,0.0,29.971884,23.914856,0.0,23.914856,30.063553,0.0,0.0,0.0,9.195632,0.0,13.463481,0.0,63.099274,0.0,0.0,0.0,0.0,90.2251,0.0,0.0,0.0,0.0,15.815032,0.0,129.73859,0.0,0.0,0.0,0.0,0.0,0.0,19.938263,0.0,46.81755,51.407513,41.658566,0.0,39.170956,0.0,0.0,40.48865,0.0,0.0,74.53035,39.352547,37.532642,38.58527,0.0,0.0,0.0,0.0,60.432213,0.0,0.0,25.192667,0.0,40.00015,0.0,0.0,29.907194,0.0,0.0,0.0,0.0,0.0,0.0,56.02596,0.0,0.0,0.0,0.0,0.0,0.0,29.108335,0.0,65.18098,0.0,0.0,0.0,126.31616,0.0,0.0,0.0,0.0,0.0,0.0,84.63534,0.0,0.0,0.0,0.0,63.323822,0.0,0.0,0.0,17.735209,110.18398,0.0,0.0,0.0,0.0,0.0,0.0,0.0,0.0,0.0,0.0,0.0,0.0,118.37192,0.0,0.0,97.02125,0.0,0.0,70.01459,0.0,0.0,70.37554,0.0,0.0,0.0,0.0,0.0,0.0,0.0,57.922333,0.0,57.922333,0.0,76.87105,0.0,69.570244,0.0,0.0,0.0,0.0,0.0,0.0,0.0,0.0,0.0,0.0,0.0,47.648518,82.37575,0.0,4.490429,60.219315,35.135414,102.18852,55.641727,46.318893,66.840324,53.564518,65.72814,37.10581,105.43933,73.40381,43.031757,60.59449,23.340384,73.25819,117.56262,62.952747,73.288445,0.0,0.0,111.05511,0.0,0.0,0.0,58.6645,38.754112,26.480877,89.5433,36.54429,51.459267,49.012825,99.83888,0.0,36.409966,38.9401,0.0,0.0,0.0,0.0,0.0,0.0,0.0,0.0,0.0,0.0,0.0,0.0,0.0,0.0,0.0,0.0,0.0,0.0,0.0,40.45118,41.863304,53.16499,34.39661,0.0,0.0,150.14339,21.457012,0.0,0.0,0.0,0.0,0.0,0.0,0.0,0.0,24.04352,12.357313,30.712465,20.854984,10.801754,0.0,24.04352,30.650646,33.298656,40.729942,0.0,22.35496,11.760694,18.138184,38.74697,42.98834,10.351869,30.892786,32.106544,0.0,0.0,44.887707,0.0,0.0,33.40328,69.606995,28.469107,0.0,0.0,100.4354,226.26172,0.0,0.0,0.0,0.0,0.0,0.0,0.0,0.0,0.0,0.0,0.0,0.0,0.0,0.0,0.0,0.0,61.325966,26.310612,54.662582,40.604248,47.828087,6.476147,34.5945,23.742086,22.204391,40.938454,47.55168,60.49616,24.188736,43.080902,62.175655,114.15993,59.40775,92.32965,20.703737,61.785572,0.0,0.0,0.0,43.120388,13.790036,30.712465,20.854984,30.650646,33.298656,0.0,22.35496,8.866697,42.98834,32.106544,0.0,0.0,0.0,0.0,62.115593,42.178955,95.98503,71.50942,65.57294,20.850382,35.182438,87.81361,40.92534,0.0,0.0,0.0,0.0,0.0,0.0,0.0,0.0,0.0,0.0,0.0,0.0,49.329895,0.0,0.0,0.0,0.0,0.0,0.0,0.0,0.0,0.0,98.189644,0.0,26.844852,0.0,0.0,0.0,231.31271,0.0,0.0,0.0,0.0,0.0,0.0,0.0,0.0,0.0,0.0,32.94296,0.0,0.0,0.0,0.0,0.0,0.0,0.0,0.0,45.6066,0.0,24.474953,48.516605,49.71298,0.0,109.65796,0.0,43.135464,0.0,0.0,0.0,0.0,0.0,0.0,0.0,0.0,0.0,38.970455,67.948
C14x23_C14x24,0.0,0.0,0.0,19.18949,36.677776,0.0,0.0,0.0,11.249701,0.0,0.0,0.0,77.052444,80.69837,0.0,0.0,76.15475,37.157993,30.452324,33.27507,0.0,19.842646,9.8514595,19.179281,9.8514595,13.181134,0.0,0.0,18.640938,0.0,0.0,36.298435,0.0,0.0,77.50028,23.625832,71.11795,31.594702,30.49297,22.790167,43.12357,24.477472,18.192541,23.39016,17.935562,10.955135,0.0,10.694681,25.728138,9.728997,0.0,37.694363,0.0,19.111765,0.0,0.0,30.376616,34.21384,34.04074,32.820812,44.964058,29.85723,20.008385,0.0,0.0,0.0,0.0,0.0,39.179523,14.560044,10.222603,0.0,12.92539,7.0049486,0.0,20.279102,0.0,46.96002,0.0,35.097492,0.0,0.0,53.012978,0.0,36.405197,0.0,25.013254,0.0,86.673706,31.904247,0.0,51.57864,0.0,0.0,0.0,0.0,0.0,0.0,0.0,31.436924,28.642578,58.596973,90.08627,0.0,42.455044,0.0,0.0,54.52952,0.0,0.0,0.0,0.0,0.0,0.0,31.518715,0.0,27.98376,0.0,48.94209,13.493769,0.0,0.0,24.240063,0.0,54.350407,0.0,35.49594,24.523582,0.0,0.0,0.0,82.20939,0.0,8.052993,0.0,0.0,79.26538,32.5342,150.65411,0.0,12.828459,0.0,0.0,0.0,0.0,0.0,25.829268,53.50647,46.7447,36.729015,32.220108,32.220108,32.220108,32.485935,67.29605,31.468004,0.0,29.52275,45.89566,31.960419,27.380085,0.0,0.0,43.271744,0.0,35.985596,0.0,56.37433,25.904898,0.0,21.405437,14.960056,0.0,16.862461,18.026957,0.0,0.0,0.0,0.0,0.0,31.15223,0.0,0.0,0.0,0.0,0.0,0.0,71.68574,9.844673,73.65288,21.060112,0.0,31.825682,96.46417,18.570475,24.89689,0.0,0.0,0.0,0.0,38.49791,26.416925,0.0,0.0,0.0,15.094185,0.0,0.0,0.0,0.0,30.84231,0.0,0.0,13.404217,0.0,0.0,0.0,55.10424,0.0,0.0,0.0,0.0,0.0,53.662357,0.0,0.0,58.753784,0.0,0.0,65.816666,21.256939,0.0,41.698307,0.0,0.0,0.0,24.143003,0.0,0.0,0.0,24.786457,0.0,22.882578,0.0,40.042515,0.0,33.376377,0.0,0.0,61.250755,0.0,0.0,7.060569,0.0,0.0,0.0,20.75542,0.0,31.939753,45.961735,0.0,0.0,42.846996,33.47547,59.72258,80.09981,33.20062,45.25504,82.84772,60.61775,63.342194,43.101532,49.062977,0.0,47.253735,18.257788,40.710796,32.780266,33.132736,97.79403,0.0,0.0,38.414192,0.0,0.0,0.0,73.16763,37.997894,35.590702,37.193756,0.0,27.95219,36.893642,37.516804,20.356258,24.094265,22.8569,16.078245,18.311975,19.760677,0.0,32.670753,12.787525,35.097492,17.053356,0.0,23.181992,19.754547,0.0,21.902884,7.73261,24.291584,39.91096,17.118,20.525362,13.843761,30.835049,15.174401,6.3504434,21.990042,22.469137,0.0,74.042786,14.713215,0.0,0.0,0.0,0.0,0.0,0.0,0.0,0.0,33.99719,0.0,31.017225,26.073835,35.35204,26.439547,32.501846,41.77835,0.0,16.166634,31.919554,32.087273,13.1635065,38.94822,16.578735,11.619517,17.273123,24.708036,26.637178,0.0,36.641388,14.236628,52.425583,0.0,34.963776,41.73653,22.909714,78.92282,31.738697,77.50553,89.916595,0.0,25.668291,23.608881,2.164073,0.0,0.0,0.0,0.0,0.0,0.0,0.0,0.0,0.0,0.0,0.0,0.0,41.57002,12.725892,43.04408,50.296093,16.436382,0.0,24.557688,17.304123,25.146212,0.0,24.602322,23.31465,8.85781,65.90521,57.874535,99.625046,112.51031,96.26901,36.87961,52.753784,23.981737,19.908386,0.0,16.584715,23.329008,31.017225,26.073835,41.77835,0.0,31.919554,32.087273,20.558805,42.321896,26.637178,0.0,0.0,0.0,13.404217,43.86498,36.87397,0.0,0.0,55.081104,29.07454,52.96118,63.957832,45.84001,10.330547,43.827534,64.25887,35.714,9.334508,27.422915,21.459845,8.980884,19.22803,21.989077,23.81935,20.59732,0.0,36.16279,38.82119,0.0,52.425583,0.0,0.0,0.0,17.334229,0.0,108.60191,21.990042,0.0,51.864155,20.835236,0.0,91.55454,21.733374,16.805988,0.0,0.0,0.0,0.0,0.0,49.32771,79.49819,0.0,0.0,0.0,0.0,0.0,0.0,0.0,0.0,0.0,7.1617317,14.713215,0.0,0.0,21.423897,31.082605,0.0,79.41768,23.908974,28.853245,0.0,0.0,0.0,0.0,0.0,0.0,0.0,0.0,3.7541811,33.57774,59.410725
C14x23_C15x23,0.0,0.0,0.0,21.093824,27.66343,0.0,0.0,0.0,0.0,0.0,0.0,0.0,50.199425,60.661484,0.0,0.0,69.88392,54.391323,23.62003,9.343372,0.0,28.259708,21.12105,41.119446,21.12105,28.259708,0.0,0.0,39.965263,0.0,0.0,42.856556,0.0,0.0,91.50244,0.0,42.853718,26.006878,49.877937,37.27832,70.538055,46.77638,7.3909187,80.40503,0.0,37.658916,0.0,28.145931,0.0,33.443993,0.0,22.149305,0.0,0.0,0.0,0.0,40.687424,29.130121,27.623201,30.455786,30.852327,20.803503,22.358564,0.0,7.024759,3.6082757,21.143196,0.0,0.0,20.541042,15.352186,0.0,0.0,7.700109,0.0,15.942089,0.0,46.783756,0.0,21.980595,0.0,0.0,37.813347,0.0,24.095203,0.0,0.0,0.0,0.0,0.0,0.0,0.0,0.0,0.0,0.0,0.0,0.0,0.0,0.0,35.617207,0.0,53.352585,141.15767,0.0,58.465645,0.0,0.0,81.34159,0.0,0.0,0.0,18.204586,0.0,0.0,22.048359,0.0,18.467041,0.0,27.514822,0.0,0.0,0.0,39.84931,0.0,48.760998,0.0,114.97054,0.0,0.0,0.0,0.0,25.458654,0.0,0.0,0.0,0.0,74.60083,34.472855,138.89096,0.0,0.0,0.0,0.0,2.3989973,0.0,17.170193,26.207731,31.589914,72.65624,41.812637,21.64219,36.486214,26.208881,25.697817,39.189346,0.0,0.0,0.0,39.390526,52.226974,34.67998,0.0,0.0,43.42859,0.0,62.78959,0.0,0.0,29.325672,0.0,41.716072,0.0,0.0,26.513847,0.0,0.0,0.0,0.0,0.0,0.0,49.228645,0.0,0.0,11.296756,0.0,0.0,0.0,36.773964,0.0,44.66059,32.103363,0.0,32.5662,130.71953,0.0,0.0,0.0,22.609215,0.0,0.0,55.950222,0.0,0.0,0.0,0.0,24.771982,0.0,0.0,0.0,20.197401,53.5449,0.0,0.0,0.0,0.0,0.0,0.0,0.0,0.0,0.0,0.0,0.0,0.0,84.066475,0.0,0.0,103.445724,0.0,0.0,96.42228,0.0,0.0,51.56031,0.0,0.0,0.0,0.0,0.0,0.0,0.0,34.34582,0.0,34.34582,0.0,38.04911,0.0,39.03366,0.0,0.0,86.694534,0.0,0.0,0.0,0.0,0.0,0.0,19.184145,0.0,62.208782,58.412647,0.0,0.0,53.85421,44.187416,61.166264,84.83786,44.01969,41.697704,87.74831,72.37047,76.55198,53.878513,58.84598,0.0,50.048878,24.84897,43.118916,41.397655,27.570473,77.42311,0.0,0.0,66.83099,0.0,0.0,0.0,44.977303,26.456518,37.61832,28.73707,0.0,0.0,43.559303,47.379353,22.376383,32.14309,42.14829,38.839455,19.913733,35.631756,6.108058,26.785938,19.193556,21.980595,34.241196,21.228434,31.482956,37.431797,0.0,32.672493,20.847706,15.481389,41.75136,15.878933,21.954208,48.453682,34.835255,19.793806,8.0113325,0.0,37.619694,0.0,53.35292,22.771284,0.0,0.0,0.0,0.0,0.0,0.0,0.0,0.0,20.713913,28.842756,42.123817,17.040121,33.271667,47.67486,20.713913,56.29864,15.332836,33.944588,0.0,0.0,29.86403,27.453207,32.956757,41.02593,15.768692,31.99965,31.045162,0.0,35.12535,25.009315,39.007565,13.454513,61.559498,62.823387,33.29541,58.676357,34.438946,87.40294,140.76466,0.0,0.0,0.0,0.0,0.0,0.0,0.0,0.0,0.0,0.0,0.0,0.0,0.0,0.0,0.0,0.0,0.0,0.0,62.9638,61.997,19.048527,15.265564,18.569143,28.621044,28.653584,10.227973,27.06451,22.754255,8.458173,116.38888,90.917984,154.23422,123.4062,91.476524,33.66752,68.32201,0.0,23.202871,0.0,34.83379,34.555733,52.32226,21.165646,69.9289,19.045015,0.0,0.0,34.754967,50.95857,38.561394,0.0,0.0,11.357525,0.0,59.572075,24.098372,43.55861,50.0002,38.824696,39.570644,32.108204,82.43647,0.0,0.0,0.0,0.0,0.0,0.0,0.0,0.0,0.0,0.0,0.0,0.0,17.321218,0.0,0.0,9.480238,0.0,32.210808,0.0,0.0,0.0,0.0,0.0,61.148804,0.0,0.0,45.689133,23.893883,0.0,148.87335,24.084335,7.3224454,0.0,0.0,0.0,0.0,0.0,23.893883,40.237156,0.0,0.0,0.0,0.0,0.0,0.0,0.0,0.0,0.0,0.0,22.796133,0.0,0.0,52.850407,33.539192,0.0,96.43529,0.0,37.98712,0.0,0.0,0.0,0.0,0.0,0.0,0.0,0.0,0.0,30.524218,65.15585
C14x24_C14x25,46.129444,0.0,0.0,22.442799,80.404785,0.0,12.270596,0.0,41.426083,0.0,25.440264,0.0,82.42701,38.43065,0.0,0.0,116.35954,40.076073,31.683887,0.0,0.0,29.732573,0.0,24.344076,0.0,24.344076,0.0,0.0,34.427723,0.0,0.0,19.527178,0.0,0.0,39.054356,28.353964,40.381012,42.248913,28.337149,0.0,40.07478,0.0,0.0,0.0,13.9280815,0.0,0.0,0.0,0.0,8.740085,0.0,4.1015306,0.0,42.2232,0.0,26.495707,0.0,35.37638,35.245594,28.422108,27.681969,39.439896,19.520126,0.0,10.417079,0.0,14.731975,0.0,24.763716,20.054323,0.0,0.0,0.0,0.0,0.0,0.0,0.0,40.72283,0.0,48.788372,0.0,0.0,63.570152,0.0,64.070625,0.0,49.65298,0.0,0.0,48.237373,40.262917,0.0,0.0,20.806562,0.0,10.403281,0.0,15.105832,0.0,28.542505,49.341732,69.23469,30.962694,0.0,52.280094,0.0,0.0,25.07972,0.0,0.0,0.0,30.657211,47.602726,0.0,0.0,38.388916,23.926449,22.785545,27.104368,32.175255,0.0,0.0,20.683693,0.0,41.677586,0.0,35.62729,49.20606,0.0,0.0,0.0,28.097803,0.0,27.37764,0.0,0.0,62.673252,73.321754,106.00225,0.0,23.333284,0.0,0.0,4.8610306,0.0,33.38661,55.857563,108.90849,0.0,0.0,0.0,29.173216,0.0,19.611637,96.60807,21.98306,0.0,0.0,23.529217,12.373759,35.276733,0.0,0.0,41.831825,0.0,57.34679,0.0,29.1967,37.146503,0.0,26.17621,21.96061,0.0,0.0,58.56296,0.0,0.0,0.0,0.0,0.0,27.985735,0.0,0.0,11.799797,0.0,9.209163,0.0,73.60198,15.455791,79.30102,46.69265,0.0,36.441322,71.310974,7.8448477,10.98599,0.0,0.0,0.0,47.875526,0.0,73.85001,0.0,0.0,0.0,14.391851,0.0,0.0,0.0,0.0,43.79441,0.0,0.0,21.912785,0.0,0.0,0.0,24.195723,0.0,0.0,0.0,0.0,0.0,26.168406,0.0,0.0,0.0,0.0,0.0,73.41186,49.564377,0.0,40.96159,0.0,0.0,0.0,25.329836,0.0,0.0,0.0,49.62607,0.0,31.102194,0.0,33.059673,0.0,30.783606,0.0,0.0,21.94068,0.0,0.0,0.0,16.877745,0.0,35.30671,22.1555,0.0,38.488777,54.331696,19.833815,17.392132,45.8128,55.67501,100.381714,90.52195,61.051456,43.285,71.1392,57.164833,61.11041,82.43927,52.323,25.080343,46.504734,30.365595,53.61321,52.018566,80.09488,77.88799,40.93426,29.335157,49.274193,0.0,0.0,0.0,54.65067,45.246292,52.226997,44.98152,0.0,34.714905,45.819637,44.456806,40.19405,23.84823,20.119991,0.0,0.0,0.0,0.0,0.0,0.0,0.0,0.0,0.0,0.0,0.0,0.0,0.0,0.0,0.0,0.0,0.0,0.0,0.0,0.0,22.043245,16.751022,30.456005,0.0,18.18267,43.919518,18.850412,0.0,0.0,0.0,32.04258,26.55748,17.637835,0.0,0.0,36.040024,18.592754,7.9768233,31.549723,37.548344,34.887306,29.508411,38.818886,8.541655,20.013699,0.0,40.439686,26.134794,16.396461,16.204947,14.037116,21.469217,16.31481,33.223213,0.0,48.19478,27.647755,23.01955,0.0,0.0,0.0,0.0,0.0,96.52529,78.96353,63.759735,0.0,8.486631,31.81744,21.078775,16.998043,0.0,0.0,0.0,0.0,0.0,21.440983,18.758795,19.7561,16.666761,8.254222,0.0,58.458374,21.131174,20.732838,56.067764,36.441322,8.17096,26.30622,7.511144,0.0,10.8824835,36.984295,27.249134,17.900925,58.076916,26.582987,67.313484,40.21513,80.84313,42.938435,32.62962,0.0,0.0,0.0,15.535819,12.704599,13.603654,53.80482,66.20164,14.566917,0.0,68.96574,18.826542,23.938862,56.658783,0.0,0.0,31.679352,17.671425,11.280931,44.618046,0.0,0.0,23.1881,15.612051,27.621006,20.506792,52.63504,36.771152,42.16459,48.870453,41.448345,45.161186,28.009691,31.173855,23.689524,48.240955,28.478352,35.052017,29.497143,0.0,33.883408,16.016928,30.061085,23.01955,14.750039,0.0,0.0,31.80171,28.472872,95.1128,30.456005,0.0,61.653267,10.629039,0.0,47.922565,41.42404,35.819515,0.0,19.782324,54.172924,0.0,0.0,52.24573,86.366516,18.80077,16.4128,0.0,0.0,0.0,0.0,0.0,0.0,0.0,15.301481,18.850412,0.0,11.42133,17.962324,12.779896,0.0,0.0,32.560753,25.53887,0.0,0.0,0.0,0.0,0.0,0.0,24.038862,0.0,19.836168,44.40906,32.566532
C14x24_C15x24,0.0,0.0,0.0,26.271658,51.348316,0.0,12.258872,0.0,0.0,0.0,0.0,0.0,47.420452,39.989452,0.0,0.0,159.66643,52.903885,25.932413,0.0,0.0,33.197613,0.0,23.834745,0.0,23.834745,0.0,0.0,33.70742,0.0,0.0,37.199165,0.0,0.0,74.39833,54.01415,50.17627,34.880325,22.037374,0.0,31.165554,35.355736,21.285976,41.463337,20.985302,20.731668,0.0,0.0,30.102919,0.0,0.0,20.390114,0.0,25.075676,0.0,0.0,0.0,35.981422,36.23635,28.639202,18.998684,44.531086,11.531438,0.0,0.0,0.0,0.0,0.0,38.429184,11.782568,0.0,0.0,0.0,0.0,0.0,0.0,36.153225,41.67624,0.0,24.73682,38.149147,0.0,44.194405,0.0,55.10174,0.0,40.218212,0.0,0.0,21.528315,0.0,63.69375,0.0,0.0,0.0,0.0,0.0,0.0,0.0,37.28987,32.8154,37.219025,98.47228,0.0,36.619453,0.0,0.0,32.45697,24.537054,0.0,0.0,32.94521,25.809004,0.0,29.272413,24.14019,37.49095,24.486069,29.272413,39.391434,0.0,0.0,14.588329,0.0,43.913315,0.0,46.45956,26.754885,0.0,0.0,0.0,75.68945,0.0,38.099792,0.0,0.0,55.493496,77.632675,150.69135,0.0,24.656559,0.0,10.413321,0.0,0.0,27.27463,25.504782,94.58946,45.976566,39.122288,31.690647,39.122288,31.690647,27.296207,58.318947,24.322609,0.0,0.0,54.030582,27.308138,27.642227,0.0,0.0,43.52839,0.0,46.69724,0.0,68.45736,17.409946,0.0,0.0,29.00949,0.0,9.383985,42.394028,0.0,0.0,0.0,0.0,0.0,0.0,0.0,0.0,0.0,0.0,0.0,0.0,44.297676,10.56602,90.69308,45.82268,0.0,43.28686,102.48308,10.962683,21.217575,0.0,0.0,23.190472,45.29608,0.0,32.19657,0.0,0.0,0.0,10.807109,0.0,0.0,0.0,0.0,48.75192,0.0,0.0,28.928017,0.0,0.0,0.0,33.04931,0.0,0.0,0.0,0.0,0.0,33.360893,0.0,0.0,0.0,0.0,0.0,57.489895,23.035315,0.0,31.125376,0.0,0.0,0.0,31.1859,0.0,0.0,0.0,24.573185,0.0,15.400776,0.0,0.0,0.0,13.09561,0.0,0.0,61.981617,0.0,0.0,11.974272,19.583004,0.0,20.8573,0.0,0.0,47.274544,56.589302,19.814865,13.70266,82.52982,93.81769,89.5618,95.69858,89.34014,74.2629,97.29685,93.671104,110.087814,95.13409,103.632416,0.0,73.174576,36.08943,37.654263,89.357834,65.28824,96.99175,41.307686,29.30713,23.039286,0.0,0.0,0.0,72.8992,0.0,0.0,0.0,0.0,0.0,0.0,0.0,31.634783,28.555994,24.673643,0.0,0.0,0.0,0.0,0.0,0.0,0.0,0.0,0.0,0.0,0.0,0.0,0.0,0.0,0.0,0.0,0.0,0.0,0.0,13.886203,29.425133,23.162308,28.54218,0.0,10.934646,61.09708,22.166925,0.0,0.0,0.0,0.0,0.0,0.0,0.0,0.0,28.523914,18.886147,8.4052305,0.0,26.363031,31.508034,23.354464,37.600983,0.0,6.638099,0.0,15.860527,12.609883,13.103616,16.776558,15.500178,28.65887,22.559137,28.578384,32.357014,43.526505,9.170145,31.442753,0.0,28.61082,54.723457,26.948238,77.62592,55.544617,43.683403,50.939243,0.0,14.076123,23.220928,25.533808,16.981804,0.0,0.0,0.0,0.0,0.0,0.0,0.0,0.0,0.0,0.0,23.190472,34.568203,12.877742,64.293,65.55942,43.28686,32.461414,40.154987,44.373055,29.225805,20.73346,39.60996,0.0,17.016035,70.11989,0.0,76.476166,94.29221,80.28267,57.31774,45.118275,0.0,0.0,0.0,17.839788,28.038282,14.334259,0.0,64.12462,0.0,0.0,27.048502,43.018993,26.433964,48.737507,0.0,0.0,31.649086,28.928017,11.88679,0.0,0.0,19.126661,18.531311,35.673824,15.764285,36.381508,29.182838,29.943226,50.907944,55.52268,0.0,22.362324,0.0,41.613422,32.75645,41.49655,28.451143,64.31209,19.474985,0.0,11.959822,10.12946,30.688787,31.442753,0.0,0.0,0.0,8.50806,9.462242,66.42752,28.54218,0.0,56.575626,24.662502,0.0,101.05461,33.840168,28.928017,0.0,12.585698,34.46532,0.0,0.0,41.40152,76.57856,17.722952,0.0,0.0,0.0,0.0,0.0,0.0,0.0,0.0,12.145839,16.052296,0.0,0.0,19.721657,19.36861,0.0,0.0,28.53267,22.250883,0.0,0.0,0.0,0.0,0.0,0.0,24.015896,0.0,31.821049,31.081402,30.817907
C14x25_C14x26,45.33025,42.91938,0.0,0.0,41.42934,0.0,0.0,0.0,44.730858,0.0,38.58503,0.0,53.200485,0.0,0.0,0.0,113.85254,59.796494,0.0,60.525414,0.0,47.93851,0.0,0.0,0.0,0.0,0.0,0.0,0.0,0.0,0.0,0.0,0.0,0.0,0.0,0.0,47.441147,101.55407,0.0,32.343925,0.0,21.71319,0.0,0.0,36.991276,0.0,0.0,0.0,0.0,0.0,0.0,0.0,0.0,100.83941,0.0,34.3814,46.605152,0.0,20.434404,0.0,0.0,75.82292,47.010788,0.0,0.0,0.0,0.0,0.0,62.698296,0.0,0.0,0.0,19.520094,0.0,0.0,21.53027,0.0,0.0,0.0,0.0,38.904034,0.0,108.328285,0.0,141.85513,0.0,0.0,0.0,0.0,55.38971,46.232857,0.0,0.0,0.0,0.0,0.0,0.0,0.0,0.0,0.0,30.056934,144.93585,60.36376,0.0,58.63035,0.0,0.0,14.72301,23.120022,0.0,0.0,29.726625,50.643215,0.0,0.0,40.8409,0.0,0.0,0.0,67.4535,0.0,0.0,0.0,0.0,32.90253,0.0,0.0,0.0,0.0,0.0,0.0,33.91575,0.0,0.0,0.0,0.0,81.39583,0.0,41.958023,0.0,7.182335,0.0,45.129395,0.0,0.0,0.0,65.85005,100.81066,0.0,0.0,0.0,15.062751,0.0,38.865776,159.45691,100.23607,0.0,0.0,0.0,0.0,35.40309,0.0,0.0,85.08638,0.0,58.915623,0.0,0.0,58.595566,0.0,0.0,71.93898,0.0,0.0,107.09911,0.0,0.0,0.0,0.0,0.0,42.01381,0.0,0.0,0.0,0.0,0.0,0.0,61.78089,0.0,47.44506,31.949966,0.0,54.69749,240.174,24.18164,56.942814,0.0,0.0,0.0,72.33279,0.0,54.18734,0.0,0.0,0.0,42.349503,0.0,0.0,0.0,0.0,94.980774,0.0,0.0,84.89554,0.0,0.0,0.0,31.163618,0.0,0.0,0.0,0.0,0.0,40.854515,0.0,0.0,0.0,0.0,0.0,56.961185,56.582535,0.0,46.02834,0.0,0.0,0.0,34.279793,0.0,0.0,0.0,98.20414,0.0,0.0,0.0,72.709785,0.0,37.736305,0.0,0.0,0.0,0.0,0.0,34.212578,80.463264,0.0,34.37415,29.191544,0.0,16.53963,21.838844,40.668694,55.99501,47.291283,64.11565,96.29139,82.91317,90.97854,25.41039,40.23325,0.0,54.68269,112.37288,20.817486,49.333485,93.328545,67.864235,69.91182,0.0,98.62687,25.598835,16.344316,80.30987,8.990694,0.0,0.0,0.0,73.09683,68.096924,56.580307,75.02218,30.027441,54.075405,40.507538,56.39606,95.9933,0.0,49.982635,27.551466,31.588167,56.78612,0.0,51.773438,37.010532,37.181282,23.211464,16.342825,28.593801,36.73527,0.0,22.096218,0.0,48.030888,59.863205,27.705076,13.63011,24.710184,0.0,0.0,0.0,0.0,0.0,0.0,38.092167,65.779816,0.0,0.0,0.0,34.08921,0.0,36.717655,0.0,0.0,48.030888,0.0,0.0,0.0,0.0,0.0,0.0,0.0,0.0,0.0,0.0,0.0,0.0,0.0,0.0,0.0,0.0,0.0,0.0,45.715076,37.794838,40.082863,4.229964,0.0,0.0,0.0,0.0,13.63011,96.896194,74.29819,89.71848,0.0,66.022644,13.174504,47.109077,25.495134,0.0,0.0,0.0,0.0,0.0,47.679543,27.358906,57.14889,34.078426,0.0,0.0,92.44725,43.989933,33.93809,33.60989,0.0,0.0,0.0,0.0,0.0,0.0,0.0,0.0,0.0,0.0,0.0,0.0,0.0,0.0,0.0,0.0,0.0,0.0,0.0,10.893008,0.0,23.89434,47.230434,27.306198,0.0,13.180942,41.61356,34.289005,27.351965,49.8321,0.0,0.0,0.0,68.46346,0.0,0.0,0.0,0.0,0.0,0.0,0.0,0.0,60.392544,0.0,0.0,0.0,0.0,0.0,0.0,0.0,0.0,0.0,0.0,0.0,0.0,0.0,44.613518,30.825567,35.34675,30.121931,57.145294,0.0,0.0,32.828022,27.720816,46.114037,0.0,0.0,47.83755,0.0,0.0,52.065685,42.76089,89.17864,0.0,31.281868,45.69255,0.0,0.0,86.651474,68.6465,36.375183,0.0,0.0,0.0,0.0,0.0,0.0,0.0,0.0,24.257664,0.0,0.0,18.060595,15.383173,81.8689,0.0,0.0,37.5525,43.364227,0.0,0.0,0.0,0.0,0.0,0.0,29.717674,0.0,69.170135,71.901276,0.0
C14x25_C15x25,61.862362,0.0,0.0,26.979122,62.25974,0.0,0.0,0.0,16.778383,0.0,32.858334,29.754488,55.196407,0.0,0.0,0.0,146.40263,86.91273,0.0,0.0,0.0,42.50788,0.0,0.0,0.0,0.0,0.0,0.0,0.0,0.0,0.0,0.0,0.0,0.0,0.0,0.0,25.975357,39.808952,0.0,0.0,0.0,10.185281,0.0,0.0,13.993382,0.0,0.0,0.0,0.0,10.888625,0.0,0.0,0.0,32.73747,0.0,30.386694,0.0,40.23945,50.83521,0.0,0.0,85.55838,32.9788,0.0,0.0,0.0,0.0,0.0,65.86601,3.1729429,0.0,0.0,19.96605,0.0,0.0,21.428066,0.0,29.723644,0.0,30.847244,0.0,0.0,105.05794,0.0,96.03631,0.0,0.0,0.0,0.0,74.789505,62.425533,51.12401,0.0,0.0,0.0,0.0,0.0,0.0,0.0,38.20854,56.01942,74.94583,25.205635,0.0,36.56942,0.0,0.0,23.168613,0.0,0.0,0.0,24.619825,40.38021,0.0,0.0,33.824753,31.284018,0.0,0.0,62.336967,0.0,0.0,0.0,0.0,46.586605,0.0,0.0,41.712425,0.0,0.0,0.0,27.639486,0.0,0.0,0.0,0.0,71.32492,67.09807,99.57021,0.0,45.114563,0.0,7.816851,6.055999,0.0,21.032358,66.66035,152.50845,21.076689,21.076689,21.076689,26.496159,21.076689,22.845531,67.88022,107.61059,0.0,0.0,34.593502,0.0,47.236774,0.0,0.0,62.398758,0.0,40.405537,0.0,0.0,25.1971,0.0,32.611004,39.812496,0.0,0.0,59.06666,0.0,0.0,0.0,0.0,0.0,62.436043,0.0,0.0,7.5899315,0.0,11.473014,0.0,67.31062,14.958146,72.52327,40.62806,0.0,44.383568,130.34872,27.62381,49.489662,0.0,0.0,54.222977,71.18178,0.0,76.84164,0.0,0.0,0.0,14.286463,0.0,0.0,0.0,0.0,83.877106,0.0,0.0,55.82981,0.0,0.0,0.0,0.0,0.0,0.0,0.0,0.0,0.0,19.266409,0.0,0.0,0.0,0.0,0.0,67.01485,52.71867,0.0,45.410187,0.0,0.0,0.0,0.0,0.0,0.0,0.0,93.986275,0.0,0.0,0.0,48.352898,0.0,42.385323,0.0,0.0,32.346138,0.0,0.0,0.0,55.313488,0.0,26.009417,17.215443,0.0,70.747826,52.539513,52.533394,0.0,64.965355,60.51151,143.10638,145.58089,106.34475,52.632835,108.8383,57.30571,73.34184,130.74472,97.70664,40.335175,74.7907,32.61534,74.19032,65.60644,124.85275,74.744896,30.067287,69.58916,40.91212,0.0,0.0,0.0,88.639305,65.76938,38.4427,74.33781,41.419224,51.17859,59.598923,43.731647,36.91151,28.454035,39.694283,0.0,0.0,0.0,0.0,0.0,0.0,0.0,0.0,0.0,0.0,0.0,0.0,0.0,0.0,0.0,0.0,0.0,0.0,0.0,0.0,0.0,0.0,0.0,0.0,0.0,50.908802,20.017492,0.0,0.0,45.259007,28.232952,24.169838,14.207698,0.0,0.0,0.0,0.0,0.0,0.0,0.0,0.0,0.0,0.0,0.0,0.0,0.0,0.0,0.0,0.0,0.0,0.0,0.0,0.0,0.0,0.0,47.304607,40.597675,19.248434,0.0,26.669317,31.040415,21.403454,51.627132,32.181072,80.49082,65.558846,0.0,46.76776,28.956902,32.61534,26.077597,0.0,0.0,0.0,0.0,0.0,40.096226,18.42328,45.597343,41.479294,8.773491,54.222977,78.25402,17.021666,42.868305,55.189,44.383568,17.524471,33.497223,30.153526,11.247606,17.935225,44.916523,29.524805,21.334068,0.0,0.0,0.0,0.0,0.0,0.0,0.0,0.0,0.0,0.0,32.594856,0.0,31.903109,46.491795,57.287857,12.447121,25.127483,56.95494,23.739536,26.01201,46.925774,0.0,0.0,39.46696,48.909508,0.0,0.0,0.0,0.0,0.0,0.0,0.0,0.0,57.932327,0.0,0.0,0.0,0.0,0.0,0.0,0.0,0.0,0.0,0.0,0.0,0.0,0.0,44.911488,20.887337,36.15428,30.810099,40.82394,0.0,0.0,43.83113,22.124212,73.36641,0.0,0.0,56.280888,15.377385,21.717062,65.788795,57.09324,63.708195,0.0,0.0,53.4706,0.0,0.0,33.0989,80.76263,46.987293,20.447493,0.0,0.0,0.0,0.0,0.0,0.0,0.0,0.0,20.017492,0.0,0.0,19.355658,46.76776,0.0,0.0,0.0,26.305197,0.0,0.0,0.0,0.0,0.0,0.0,36.281483,0.0,61.108456,27.464659,0.0
C14x26_C14x27,79.8695,75.62168,0.0,0.0,27.970364,0.0,0.0,0.0,52.615017,0.0,57.65742,28.632847,38.99433,0.0,0.0,0.0,106.87007,0.0,0.0,93.75231,0.0,34.66147,27.310604,0.0,0.0,0.0,0.0,0.0,0.0,0.0,0.0,0.0,0.0,0.0,0.0,0.0,0.0,52.119053,0.0,108.565544,0.0,0.0,0.0,0.0,32.0851,0.0,0.0,0.0,0.0,46.81176,0.0,0.0,0.0,52.829166,0.0,102.3994,118.331375,0.0,0.0,44.565887,0.0,95.90779,28.97015,0.0,0.0,0.0,0.0,0.0,49.290295,17.973724,0.0,0.0,50.507805,0.0,0.0,110.90316,0.0,0.0,0.0,11.068946,15.290554,0.0,99.73166,0.0,40.262142,0.0,0.0,0.0,0.0,24.176167,0.0,59.624252,0.0,0.0,0.0,0.0,0.0,0.0,0.0,0.0,30.949276,108.41807,45.154613,0.0,52.452034,0.0,0.0,37.38255,30.114313,0.0,0.0,0.0,59.663357,0.0,0.0,59.663357,0.0,0.0,0.0,26.91904,0.0,10.887026,0.0,0.0,33.598297,0.0,0.0,4.567968,0.0,0.0,0.0,38.018375,0.0,0.0,14.737835,0.0,30.491362,54.034042,53.030807,0.0,30.253527,0.0,8.808552,0.0,0.0,0.0,50.8147,60.578053,0.0,0.0,0.0,33.451035,0.0,63.929924,147.51117,94.33072,0.0,0.0,0.0,0.0,51.660286,0.0,0.0,60.23904,36.640438,0.0,0.0,0.0,9.905465,32.14275,0.0,37.141182,0.0,0.0,61.51867,0.0,0.0,0.0,0.0,0.0,99.17979,0.0,0.0,25.558266,0.0,18.072422,0.0,45.151367,20.61588,55.401016,0.0,0.0,73.01012,146.56413,0.0,55.62071,0.0,0.0,18.709757,54.04463,0.0,74.77099,0.0,0.0,0.0,19.931467,0.0,0.0,0.0,0.0,153.37814,0.0,0.0,7.579225,0.0,0.0,0.0,32.582996,0.0,0.0,0.0,0.0,0.0,77.23034,0.0,0.0,0.0,0.0,0.0,44.291714,50.305027,0.0,116.868546,0.0,0.0,0.0,29.329992,0.0,0.0,0.0,100.29978,0.0,0.0,0.0,85.55109,0.0,0.0,0.0,0.0,61.940228,0.0,0.0,61.430367,42.62093,0.0,36.82128,53.721798,0.0,0.0,0.0,0.0,0.0,0.0,29.88974,71.82133,21.560648,36.28121,14.973082,23.450762,4.567968,40.82663,28.469635,37.71175,20.782797,32.785892,0.0,19.802086,26.058052,7.579225,57.366863,0.0,0.0,24.291187,0.0,0.0,0.0,56.161865,88.01988,99.04727,69.068634,50.420017,79.54008,48.040768,63.218025,0.0,0.0,37.084747,58.787296,35.235588,77.1926,13.836319,64.26413,110.2394,0.0,89.646835,29.229605,52.0647,0.0,19.464293,27.975227,54.16528,52.971573,123.904785,77.46669,0.0,78.56277,0.0,0.0,0.0,0.0,25.196556,0.0,46.302956,60.24327,0.0,0.0,0.0,0.0,0.0,0.0,0.0,0.0,47.426483,69.33081,0.0,0.0,0.0,0.0,0.0,0.0,0.0,0.0,0.0,0.0,0.0,0.0,0.0,0.0,0.0,0.0,0.0,40.68478,0.0,0.0,14.513265,0.0,53.881973,35.11687,22.4226,0.0,77.1716,71.098595,127.99333,0.0,98.463165,32.9544,0.0,42.929367,0.0,0.0,21.898794,48.384422,50.68083,106.69645,81.37167,55.60938,72.12135,16.009987,18.709757,79.76631,47.522335,73.48347,88.25074,0.0,0.0,0.0,0.0,0.0,0.0,0.0,0.0,0.0,0.0,0.0,0.0,0.0,0.0,0.0,0.0,0.0,0.0,0.0,65.27264,25.457197,23.190891,43.93095,38.24167,0.0,0.0,42.359554,33.27954,0.0,50.27933,0.0,0.0,0.0,7.579225,0.0,0.0,0.0,0.0,0.0,0.0,0.0,0.0,24.577078,0.0,0.0,0.0,0.0,0.0,0.0,0.0,0.0,0.0,0.0,0.0,0.0,0.0,72.33541,45.917843,0.0,22.410358,0.0,0.0,0.0,0.0,36.82128,18.404278,0.0,0.0,31.318972,0.0,23.355913,43.458294,0.0,7.579225,45.766834,35.429504,71.70272,0.0,0.0,83.96139,62.637943,25.15056,0.0,0.0,0.0,0.0,0.0,0.0,0.0,0.0,46.946243,23.355913,0.0,20.455235,39.058743,68.50438,0.0,0.0,45.116543,49.113853,0.0,0.0,0.0,0.0,0.0,0.0,42.239037,0.0,30.39976,59.369667,0.0
C14x26_C15x26,0.0,0.0,0.0,0.0,66.78523,0.0,0.0,0.0,39.208965,0.0,65.01457,0.0,50.731537,0.0,0.0,0.0,123.3817,71.63886,0.0,40.743362,0.0,32.286606,0.0,0.0,0.0,0.0,0.0,0.0,0.0,0.0,0.0,0.0,0.0,0.0,0.0,0.0,0.0,14.275795,0.0,18.847206,0.0,0.0,0.0,0.0,24.91364,0.0,0.0,0.0,0.0,0.0,0.0,0.0,0.0,67.91538,0.0,118.19736,67.93277,0.0,40.0769,0.0,0.0,98.97167,45.315628,0.0,0.0,0.0,0.0,0.0,41.62018,0.0,0.0,0.0,34.390697,0.0,0.0,61.45231,0.0,0.0,0.0,19.709074,27.225954,0.0,133.207,0.0,91.35405,0.0,0.0,0.0,0.0,62.935265,0.0,0.0,0.0,0.0,0.0,0.0,0.0,0.0,0.0,0.0,31.986952,67.18063,38.778904,0.0,66.33011,0.0,0.0,0.0,28.086075,0.0,0.0,41.350597,34.108227,0.0,0.0,21.25332,0.0,0.0,0.0,67.58676,0.0,0.0,0.0,0.0,46.58486,0.0,0.0,17.281507,0.0,0.0,0.0,61.975674,0.0,0.0,0.0,0.0,60.361996,48.93109,53.112446,0.0,29.837803,0.0,30.27277,0.0,0.0,0.0,67.70744,74.12003,0.0,0.0,0.0,35.09774,0.0,77.6105,84.96101,108.44692,0.0,0.0,0.0,0.0,62.44324,0.0,0.0,79.75307,0.0,0.0,0.0,0.0,64.11942,0.0,0.0,48.450928,0.0,0.0,73.21541,0.0,0.0,0.0,0.0,0.0,94.38997,0.0,0.0,55.108593,0.0,38.96766,0.0,35.269302,21.832008,49.30225,0.0,0.0,58.84577,194.61418,22.21169,40.83188,0.0,0.0,33.3571,80.68881,0.0,78.13135,0.0,0.0,0.0,75.77368,0.0,0.0,0.0,0.0,133.96678,0.0,0.0,56.322594,0.0,0.0,0.0,24.057463,0.0,0.0,0.0,0.0,0.0,69.35771,0.0,0.0,0.0,0.0,0.0,31.30751,50.15284,0.0,78.14119,0.0,0.0,0.0,27.524271,0.0,0.0,0.0,158.9478,0.0,0.0,0.0,66.12704,0.0,0.0,0.0,0.0,82.908165,0.0,0.0,41.982502,56.359875,0.0,24.476639,35.711113,0.0,0.0,0.0,0.0,63.77804,38.772476,52.56619,84.24265,72.7698,60.27167,20.33172,39.447823,17.281507,44.83244,91.35405,27.348753,42.164387,67.45216,55.639526,57.318268,42.478546,79.652176,53.2029,13.762826,91.47255,21.161707,0.0,0.0,0.0,56.552547,124.35975,55.17178,112.422295,86.99863,117.249855,70.53712,87.64684,0.0,0.0,54.139553,72.405556,12.087075,57.07715,46.023487,59.565407,64.322754,26.020334,52.123196,0.0,14.788585,48.42474,32.104996,26.842365,44.23806,32.693737,54.44371,63.09476,31.759542,71.15903,0.0,0.0,0.0,0.0,0.0,0.0,71.68685,43.93534,0.0,0.0,0.0,0.0,0.0,0.0,0.0,0.0,32.693737,41.994904,0.0,0.0,0.0,0.0,0.0,0.0,0.0,0.0,0.0,0.0,0.0,0.0,0.0,0.0,0.0,0.0,0.0,49.30265,0.0,0.0,0.0,0.0,0.0,0.0,0.0,31.759542,40.295387,63.657566,127.70231,0.0,90.73593,24.05623,68.47122,23.934353,0.0,0.0,0.0,0.0,0.0,61.431202,56.73134,78.99221,83.051735,49.639317,33.3571,70.06706,27.030981,47.71426,58.0295,0.0,0.0,0.0,0.0,0.0,0.0,0.0,0.0,0.0,0.0,0.0,0.0,0.0,0.0,0.0,0.0,0.0,0.0,0.0,77.41433,0.0,0.0,0.0,0.0,0.0,0.0,0.0,0.0,0.0,0.0,0.0,0.0,0.0,43.58807,0.0,0.0,0.0,0.0,0.0,0.0,0.0,0.0,56.24325,0.0,0.0,0.0,0.0,0.0,0.0,0.0,0.0,0.0,0.0,0.0,0.0,0.0,83.69732,61.555122,0.0,30.378595,0.0,0.0,0.0,32.893196,27.775848,53.654423,0.0,0.0,21.994673,0.0,0.0,75.698105,11.201596,43.58807,0.0,0.0,79.25857,0.0,0.0,78.21876,61.965984,52.514206,0.0,0.0,0.0,0.0,0.0,0.0,0.0,0.0,31.33552,0.0,0.0,18.659964,26.115637,52.13624,0.0,0.0,36.465305,26.787226,0.0,0.0,0.0,0.0,0.0,0.0,33.848286,0.0,59.922295,39.51901,0.0
C14x27_C14x28,24.15204,101.51685,0.0,0.0,35.120354,0.0,0.0,0.0,44.17579,25.89189,13.855177,38.047157,30.978662,0.0,48.454945,0.0,116.376366,0.0,0.0,23.742449,0.0,40.59377,40.59377,0.0,27.62491,0.0,0.0,0.0,0.0,0.0,0.0,0.0,0.0,0.0,31.232681,21.88876,0.0,66.2703,0.0,68.85927,0.0,36.140747,0.0,35.093506,0.0,0.0,0.0,0.0,24.594536,24.594536,0.0,0.0,0.0,0.0,0.0,37.09339,39.074154,0.0,0.0,65.98319,0.0,5.756292,34.21652,0.0,0.0,23.285059,0.0,0.0,0.0,9.142387,9.142387,0.0,0.0,0.0,0.0,82.1375,0.0,0.0,0.0,0.0,64.46045,0.0,35.868404,0.0,0.0,0.0,33.767933,0.0,0.0,0.0,0.0,41.72542,0.0,20.372736,0.0,0.0,0.0,14.277798,0.0,0.0,0.0,55.747135,45.905514,0.0,100.87838,0.0,0.0,0.0,92.03028,0.0,0.0,53.704964,0.0,89.92276,109.83963,0.0,0.0,64.02835,0.0,0.0,0.0,20.071533,18.211155,0.0,0.0,0.0,27.30996,0.0,0.0,0.0,0.0,47.186584,0.0,19.441662,28.568789,0.0,0.0,0.0,175.55203,0.0,0.0,0.0,0.0,0.0,0.0,13.633346,23.174303,23.174303,24.84615,25.587593,17.412895,67.564804,0.0,58.147694,58.147694,39.93196,72.928,0.0,0.0,0.0,30.766087,0.0,0.0,127.06453,49.533054,80.54089,0.0,9.814268,0.0,18.893116,0.0,0.0,0.0,0.0,0.0,0.0,0.0,0.0,0.0,0.0,50.725773,0.0,0.0,0.0,0.0,19.591452,0.0,81.537094,0.0,19.847445,0.0,0.0,43.757904,166.26036,0.0,0.0,0.0,0.0,0.0,0.0,0.0,55.511627,32.535942,0.0,0.0,34.056778,0.0,0.0,0.0,0.0,80.693886,0.0,0.0,0.0,0.0,0.0,0.0,15.415081,0.0,0.0,0.0,0.0,0.0,183.22272,50.892387,0.0,0.0,0.0,0.0,67.81388,33.070415,0.0,135.07579,0.0,0.0,0.0,21.700941,0.0,0.0,0.0,52.742832,0.0,0.0,0.0,44.947872,0.0,0.0,0.0,0.0,61.759743,0.0,0.0,43.329163,0.0,0.0,0.0,56.95571,0.0,88.91554,61.79316,0.0,0.0,0.0,38.42141,96.76751,41.212765,48.872345,0.0,29.819094,0.0,54.205006,58.48777,48.938877,24.729872,44.073845,2.9868999,37.91244,33.673946,34.60885,47.964333,0.0,0.0,10.379197,0.0,0.0,0.0,32.845882,73.47934,81.49697,87.93608,50.863804,66.26482,57.001175,50.628613,0.0,20.62063,28.508202,44.583553,25.790173,81.827866,35.541313,0.0,42.015915,53.613235,61.59458,17.647608,9.7688875,39.509815,80.459465,76.5437,57.782974,49.6931,59.55584,48.23477,25.587593,88.210236,0.0,0.0,0.0,0.0,24.605505,0.0,49.07726,97.687874,0.0,0.0,0.0,0.0,0.0,0.0,0.0,0.0,49.6931,30.362148,0.0,0.0,0.0,0.0,0.0,0.0,0.0,0.0,0.0,0.0,0.0,0.0,0.0,0.0,0.0,0.0,0.0,68.54811,0.0,0.0,9.813723,27.82122,66.036316,24.91678,75.58651,30.160019,48.537884,53.34178,101.22499,0.0,111.51085,36.97724,3.6620443,48.61808,0.0,0.0,0.0,34.070255,30.375061,46.23263,26.404331,27.540358,36.303307,34.056778,0.0,0.0,0.0,9.7688875,74.48884,0.0,0.0,0.0,0.0,0.0,0.0,0.0,0.0,0.0,20.108362,31.08319,82.4562,14.003804,64.13532,50.05758,39.12119,30.433138,19.981428,0.0,15.870074,0.0,0.0,55.28084,22.36277,20.356827,28.20745,44.720352,2.5340695,62.107037,29.361956,0.0,0.0,0.0,31.827719,0.0,0.0,0.0,0.0,0.0,0.0,0.0,0.0,0.0,28.216463,14.092518,57.78767,41.54835,28.59271,25.446047,35.081787,27.417255,19.981428,0.0,50.725773,0.0,0.0,61.50456,43.66159,12.235236,10.700559,0.0,0.0,0.0,0.0,28.225016,7.040607,0.0,0.0,29.909763,0.0,37.317986,42.33903,0.0,28.258007,37.39201,0.0,53.80586,0.0,17.567808,31.097977,26.100796,23.003685,0.0,0.0,0.0,0.0,28.225016,31.776741,27.417255,0.0,52.355083,37.317986,0.0,12.009567,62.651936,77.16352,0.0,0.0,52.058083,0.0,0.0,0.0,0.0,0.0,0.0,0.0,0.0,0.0,0.0,107.21337,22.854572
C14x27_C15x27,28.494545,85.15909,0.0,0.0,36.692772,0.0,0.0,0.0,47.73146,0.0,49.163517,40.28998,51.931065,0.0,0.0,0.0,187.09653,0.0,0.0,52.344315,0.0,0.0,0.0,48.145454,0.0,0.0,0.0,0.0,0.0,0.0,0.0,0.0,0.0,0.0,41.401497,0.0,0.0,0.0,0.0,40.35003,0.0,0.0,0.0,46.519337,0.0,0.0,0.0,0.0,0.0,0.0,0.0,0.0,0.0,0.0,0.0,76.44587,58.45284,0.0,33.473583,56.325676,0.0,82.20866,50.00103,0.0,18.454138,0.0,0.0,0.0,0.0,9.984442,9.984442,0.0,0.0,0.0,0.0,106.929276,0.0,0.0,0.0,0.0,0.0,0.0,122.84632,0.0,0.0,0.0,0.0,0.0,0.0,0.0,0.0,72.83946,0.0,22.333569,0.0,0.0,0.0,0.0,0.0,0.0,0.0,47.883804,76.97446,0.0,40.021824,0.0,0.0,45.32371,36.511486,0.0,0.0,118.473114,0.0,38.973335,85.001686,0.0,0.0,38.973335,0.0,0.0,0.0,0.0,0.0,0.0,0.0,0.0,14.280658,0.0,0.0,0.0,0.0,51.74804,0.0,0.0,43.680367,0.0,0.0,0.0,140.6811,0.0,0.0,0.0,0.0,0.0,0.0,37.629463,65.777435,42.5984,14.73304,39.97178,9.489441,102.798485,0.0,79.86876,68.96495,99.29471,0.0,0.0,0.0,0.0,46.84228,0.0,0.0,69.28017,48.988476,0.0,0.0,0.0,25.950638,26.856312,0.0,0.0,0.0,0.0,0.0,0.0,0.0,0.0,0.0,0.0,87.529274,0.0,0.0,0.0,0.0,0.0,0.0,91.913155,0.0,25.136513,0.0,0.0,68.45342,169.99738,0.0,0.0,0.0,0.0,0.0,0.0,0.0,57.779263,0.0,0.0,0.0,47.787678,0.0,0.0,0.0,0.0,126.71107,0.0,0.0,0.0,0.0,0.0,0.0,64.3505,0.0,0.0,0.0,0.0,0.0,93.94682,0.0,0.0,0.0,0.0,0.0,90.16319,40.977646,0.0,76.04246,0.0,0.0,0.0,35.196743,0.0,0.0,0.0,93.35136,0.0,0.0,0.0,0.0,0.0,0.0,0.0,0.0,75.171684,0.0,0.0,45.370605,0.0,0.0,0.0,66.56914,0.0,0.0,0.0,23.029564,11.03461,0.0,0.0,0.0,0.0,0.0,0.0,0.0,0.0,0.0,0.0,0.0,0.0,0.0,0.0,0.0,0.0,0.0,119.81838,0.0,0.0,40.53601,0.0,0.0,0.0,63.67877,109.48925,93.559166,93.09066,73.7639,96.774765,65.437805,73.182785,0.0,0.0,29.140585,64.78352,19.766527,43.84679,107.09295,62.01032,79.114105,0.0,82.17181,0.0,63.142307,102.99919,106.45218,33.917995,90.55955,93.564354,86.14421,89.5354,89.73862,136.71048,0.0,0.0,0.0,0.0,24.151196,0.0,56.28711,92.64232,0.0,0.0,0.0,0.0,0.0,0.0,0.0,0.0,83.76999,48.07965,0.0,0.0,0.0,0.0,0.0,0.0,0.0,0.0,0.0,0.0,0.0,0.0,0.0,0.0,0.0,0.0,0.0,128.80205,0.0,0.0,28.663288,35.348648,76.109146,55.636284,83.130745,80.34474,73.8294,49.365017,95.067894,0.0,175.25934,12.257262,5.8721895,77.960434,0.0,0.0,12.284827,51.55396,47.517742,85.16566,64.95129,56.023415,64.245155,47.787678,0.0,0.0,0.0,89.11826,65.12657,0.0,0.0,0.0,0.0,0.0,0.0,0.0,0.0,0.0,32.69135,40.29858,103.59235,22.488596,85.01666,66.35545,41.266224,0.0,0.0,0.0,68.88598,24.492609,28.12513,0.0,13.042448,0.0,23.501863,33.130615,21.54006,5.99439,30.068058,0.0,0.0,0.0,0.0,0.0,0.0,0.0,0.0,0.0,0.0,0.0,0.0,0.0,0.0,0.0,0.0,0.0,0.0,0.0,0.0,0.0,0.0,0.0,0.0,0.0,0.0,87.65317,59.524525,0.0,44.25982,0.0,0.0,0.0,0.0,0.0,28.663288,0.0,0.0,0.0,0.0,38.29719,67.55551,0.0,0.0,57.761635,0.0,70.1489,0.0,0.0,17.669394,0.0,28.826405,0.0,0.0,0.0,0.0,0.0,0.0,0.0,0.0,76.97876,38.79808,0.0,31.660265,32.12457,34.435665,0.0,0.0,0.0,24.23987,0.0,0.0,0.0,0.0,0.0,0.0,0.0,0.0,0.0,120.85689,0.0
C14x28_C14x29,34.21949,30.176182,0.0,0.0,37.562805,0.0,0.0,48.464092,25.8977,18.312439,16.329205,0.0,60.711098,25.197533,52.46303,0.0,101.36433,40.331432,0.0,16.43825,26.015211,11.610422,11.610422,0.0,20.204918,0.0,0.0,0.0,18.395618,0.0,0.0,0.0,0.0,0.0,35.90258,0.0,0.0,49.3631,0.0,35.37082,31.779333,26.27945,0.0,25.517958,0.0,0.0,0.0,18.420084,20.657263,20.657263,0.0,0.0,0.0,0.0,0.0,29.449387,27.15051,0.0,53.048035,44.324017,0.0,0.0,0.0,0.0,0.0,25.407743,23.132547,0.0,0.0,28.803396,28.803396,0.0,0.0,0.0,80.839935,105.83451,0.0,87.46612,0.0,46.57473,26.102694,0.0,13.159284,0.0,0.0,0.0,7.2724204,0.0,0.0,0.0,0.0,36.615303,0.0,47.775803,0.0,0.0,0.0,29.669224,0.0,0.0,0.0,49.916927,61.684998,38.617184,69.87694,0.0,0.0,154.34775,42.350048,0.0,0.0,46.367516,0.0,54.07493,66.05191,0.0,0.0,38.50336,41.34592,0.0,0.0,0.0,24.296162,40.59872,0.0,0.0,0.0,0.0,0.0,0.0,0.0,31.7275,0.0,14.188971,14.362028,0.0,0.0,0.0,138.7021,48.613804,0.0,0.0,0.0,0.0,0.0,35.310005,18.415405,18.415405,16.469624,16.961098,5.66877,44.78629,0.0,31.746984,45.996212,36.45482,61.656242,0.0,0.0,0.0,0.0,0.0,49.14734,97.031876,39.288986,52.074524,0.0,37.422348,0.0,40.980328,0.0,0.0,0.0,21.322784,0.0,0.0,0.0,0.0,78.21631,0.0,47.606636,0.0,23.819328,0.0,0.0,0.0,0.0,81.288605,0.0,19.25451,0.0,0.0,27.03386,87.701645,0.0,0.0,0.0,0.0,0.0,0.0,0.0,34.053432,32.56445,0.0,0.0,0.0,0.0,9.3958845,0.0,0.0,59.071526,0.0,0.0,0.0,0.0,0.0,0.0,41.297203,0.0,0.0,0.0,0.0,0.0,99.49902,10.61396,0.0,0.0,0.0,0.0,79.870605,42.308136,0.0,94.25176,40.546124,0.0,0.0,43.911327,0.0,6.2780976,0.0,38.610107,0.0,0.0,0.0,33.443493,0.0,36.9026,0.0,0.0,65.70347,0.0,0.0,42.123127,0.0,0.0,0.0,48.183044,0.0,105.2633,45.466415,45.452858,67.2926,7.684324,47.084026,100.896515,71.52355,101.08142,89.78259,61.599983,57.22875,65.17483,16.907932,38.27194,68.97913,68.314804,40.48821,0.0,32.988487,11.345032,33.124046,0.0,0.0,39.837734,0.0,0.0,0.0,32.770206,150.98961,97.354416,40.927986,103.03707,102.04474,50.77392,49.27631,29.449387,27.492296,33.036896,49.673885,21.240845,50.946922,33.74262,0.0,35.65971,58.15322,58.89463,30.063822,10.184427,69.98596,39.251705,68.58225,27.23954,48.600677,25.633669,13.341506,24.865377,32.75477,0.0,0.0,0.0,0.0,20.826548,0.0,44.09824,84.09166,0.0,0.0,0.0,0.0,0.0,0.0,0.0,0.0,35.538902,19.817266,0.0,0.0,0.0,0.0,0.0,0.0,0.0,0.0,0.0,0.0,0.0,0.0,0.0,0.0,0.0,0.0,0.0,30.329962,0.0,0.0,39.264793,42.72487,19.840872,27.044512,45.00019,18.18263,48.750286,24.97953,43.278294,0.0,63.55966,23.291563,40.470795,29.780895,37.59267,32.66472,0.0,0.0,0.0,43.891598,24.846128,22.21558,26.73631,27.472088,0.0,0.0,0.0,20.120522,85.33921,0.0,0.0,0.0,0.0,0.0,0.0,0.0,0.0,0.0,34.413246,19.889557,56.517006,40.131737,26.41352,23.724897,28.051378,38.15839,4.879712,0.0,0.0,0.0,6.9469724,26.742752,20.74226,0.0,19.856,34.772686,29.47115,28.925821,23.603369,0.0,0.0,0.0,23.275345,3.009203,26.742752,22.59828,15.589838,14.9874,15.855295,0.0,24.403875,42.467133,43.47702,37.898094,59.33997,35.1341,21.337704,29.383486,23.912502,12.564914,4.879712,0.0,47.606636,0.0,0.0,34.130177,25.583223,30.653055,28.16953,0.0,0.0,0.0,4.46984,32.106785,28.16953,0.0,0.0,29.377157,0.0,0.0,51.476044,4.6742196,6.900955,34.92612,0.0,0.0,0.0,40.458214,25.36864,23.987934,20.809742,0.0,0.0,0.0,0.0,23.741,31.654493,12.564914,0.0,39.907402,0.0,0.0,0.0,67.660126,46.284645,0.0,0.0,36.082817,0.0,0.0,0.0,0.0,0.0,36.30343,80.08135,0.0,0.0,0.0,84.46783,29.774231
C14x28_C15x28,43.270267,64.98088,0.0,0.0,37.98901,0.0,0.0,0.0,42.96638,30.381819,0.0,44.64494,73.003586,34.125404,48.05354,0.0,193.13533,0.0,0.0,22.686852,0.0,23.578182,23.578182,0.0,16.045448,0.0,0.0,0.0,23.888138,0.0,0.0,0.0,0.0,0.0,44.699062,0.0,0.0,39.634563,0.0,60.3752,39.67264,26.894266,0.0,42.149315,0.0,0.0,0.0,0.0,13.770348,13.770348,0.0,0.0,0.0,0.0,0.0,0.0,10.844254,0.0,0.0,65.16877,0.0,0.0,35.59152,0.0,0.0,24.220774,30.039408,0.0,0.0,41.74639,41.74639,0.0,0.0,0.0,0.0,85.84595,0.0,33.79638,0.0,33.79638,0.0,0.0,18.074272,0.0,0.0,0.0,33.050087,0.0,0.0,0.0,0.0,103.66759,0.0,50.210052,0.0,0.0,0.0,45.554543,0.0,0.0,0.0,32.61518,71.52627,0.0,48.251144,0.0,0.0,126.859,0.0,0.0,0.0,61.964657,0.0,70.93624,83.35911,0.0,0.0,50.509243,0.0,0.0,0.0,0.0,18.526367,59.11013,0.0,0.0,34.205456,0.0,0.0,0.0,0.0,56.37922,0.0,25.213554,37.05037,0.0,0.0,0.0,153.24806,0.0,0.0,0.0,0.0,0.0,0.0,32.00242,25.27602,25.27602,10.503762,28.381952,19.314514,74.9434,0.0,8.050662,61.063774,54.268436,36.05719,0.0,0.0,0.0,0.0,0.0,0.0,80.62786,32.464867,54.198086,0.0,56.986923,0.0,40.668808,0.0,0.0,0.0,0.0,0.0,0.0,48.888596,0.0,0.0,0.0,47.462067,0.0,0.0,0.0,0.0,0.0,0.0,104.55568,0.0,43.955708,0.0,0.0,62.33011,122.67448,0.0,0.0,0.0,0.0,0.0,0.0,0.0,47.2576,30.153717,0.0,0.0,0.0,0.0,0.0,0.0,0.0,38.002758,0.0,0.0,0.0,0.0,0.0,0.0,48.448605,0.0,0.0,0.0,0.0,0.0,91.69491,0.0,0.0,0.0,0.0,0.0,96.04243,55.432556,0.0,97.46282,0.0,0.0,0.0,0.0,0.0,0.0,0.0,25.227425,0.0,0.0,0.0,27.835287,0.0,42.895832,0.0,0.0,89.79232,0.0,0.0,52.014717,0.0,0.0,0.0,68.26609,0.0,100.96063,78.495026,0.0,0.0,28.899677,36.299366,48.16981,50.10636,83.61535,0.0,67.32602,13.10529,0.0,57.24443,29.027395,78.90278,47.088554,39.275658,0.0,43.671158,0.0,47.298847,0.0,0.0,46.736397,0.0,0.0,0.0,45.570225,122.89812,109.48466,73.902245,105.83262,135.25493,94.21657,56.37922,0.0,28.608969,8.981529,53.753067,10.620397,0.0,65.53324,0.0,46.3069,0.0,99.19227,0.0,35.94445,65.768875,60.848175,0.0,93.16314,83.737854,46.15789,43.112736,41.60862,119.93173,0.0,0.0,0.0,0.0,26.4261,0.0,56.298767,111.27688,0.0,0.0,0.0,0.0,0.0,0.0,0.0,0.0,61.232716,36.524673,0.0,0.0,0.0,0.0,0.0,0.0,0.0,0.0,0.0,0.0,0.0,0.0,0.0,0.0,0.0,0.0,0.0,0.0,0.0,0.0,33.047623,0.0,42.290054,40.008446,32.998955,39.040535,64.05794,16.050001,29.417055,0.0,124.092964,19.314514,22.675814,47.661457,0.0,0.0,0.0,0.0,0.0,0.0,0.0,0.0,0.0,0.0,0.0,0.0,0.0,66.47965,76.19729,0.0,0.0,0.0,0.0,0.0,0.0,0.0,0.0,0.0,72.510445,52.070797,103.62024,60.181236,62.722527,44.30789,23.281746,41.724373,0.0,0.0,0.0,23.423546,24.518328,34.727535,28.541443,0.0,21.511787,61.312393,33.321255,37.562424,6.801967,0.0,0.0,0.0,0.0,5.589363,34.727535,29.34562,20.244614,23.825047,0.0,0.0,26.098999,0.0,48.275345,29.610296,67.8447,14.244677,21.495432,27.186588,21.591564,28.596476,0.0,5.804882,47.462067,0.0,0.0,22.675161,38.85582,0.0,33.047623,0.0,0.0,0.0,16.685236,30.800602,33.047623,0.0,0.0,24.601202,0.0,42.509155,90.25186,23.596489,0.0,39.94967,0.0,0.0,0.0,35.369923,36.633526,31.150194,0.0,0.0,0.0,0.0,0.0,22.175985,20.350018,28.596476,0.0,49.42475,42.509155,0.0,0.0,0.0,36.022984,0.0,0.0,40.020737,0.0,0.0,0.0,0.0,0.0,0.0,0.0,0.0,0.0,0.0,112.94866,9.692189
C14x29_C14x30,48.983013,0.0,0.0,0.0,32.144848,0.0,0.0,41.648315,24.6512,17.43103,18.624142,13.66093,70.02567,26.474182,46.97888,0.0,56.143692,45.09331,0.0,2.8256567,7.724683,16.774252,16.774252,0.0,21.403559,0.0,0.0,0.0,19.486925,0.0,0.0,0.0,0.0,0.0,0.0,23.247871,11.790043,28.156797,0.0,15.603623,18.126986,43.793854,0.0,0.0,0.0,0.0,0.0,28.370544,16.715672,16.715672,0.0,0.0,0.0,0.0,0.0,72.57788,23.516909,0.0,33.29438,42.617035,0.0,26.23707,0.0,0.0,0.0,0.0,0.0,35.073677,0.0,13.599924,27.972822,0.0,0.0,0.0,46.21737,63.081596,0.0,62.102913,0.0,43.979267,24.648073,0.0,59.80386,0.0,0.0,0.0,33.344856,0.0,0.0,0.0,16.551464,23.735868,0.0,0.0,0.0,0.0,0.0,43.27143,0.0,0.0,0.0,45.29215,21.77582,34.888214,108.80838,0.0,0.0,129.75261,38.260624,0.0,0.0,38.00043,0.0,30.01783,42.11732,0.0,0.0,29.781443,43.482933,0.0,0.0,0.0,48.373222,78.5121,14.446376,0.0,0.0,0.0,0.0,0.0,0.0,54.932186,0.0,24.56642,19.253029,0.0,20.547667,0.0,174.6954,61.93372,0.0,0.0,0.0,0.0,0.0,26.68256,30.284977,34.932697,22.259855,14.789994,18.87169,36.22794,0.0,55.441822,26.30926,34.37232,23.244308,0.0,0.0,0.0,19.733034,0.0,84.7707,154.75331,34.975906,43.041485,0.0,29.843084,25.547073,37.006725,0.0,0.0,0.0,26.37704,0.0,0.0,0.0,0.0,63.297043,0.0,56.86285,0.0,22.18001,0.0,0.0,23.324791,31.328293,33.122177,0.0,29.992603,0.0,0.0,26.70729,97.534065,0.0,0.0,0.0,0.0,0.0,0.0,0.0,28.314936,27.076866,0.0,0.0,18.102554,0.0,33.349472,0.0,21.207176,47.93862,0.0,0.0,0.0,0.0,0.0,0.0,12.921551,0.0,0.0,0.0,0.0,0.0,54.45895,0.0,0.0,0.0,0.0,0.0,107.04299,0.0,0.0,143.75186,63.235374,0.0,0.0,17.53539,0.0,28.972406,0.0,58.09287,0.0,0.0,0.0,35.568752,0.0,22.63766,0.0,0.0,56.841736,0.0,0.0,0.0,0.0,0.0,0.0,0.0,0.0,73.62526,31.800987,43.127167,49.13441,35.46191,89.52654,0.0,34.72401,39.85477,81.11296,105.28111,25.228315,78.754524,77.52475,12.164195,100.60343,59.10087,102.58549,54.04988,57.115425,76.4661,36.17293,0.0,0.0,18.27383,0.0,0.0,0.0,42.3522,76.308395,106.976585,105.306114,136.65515,111.97986,103.46314,77.58301,55.940025,28.851126,35.551445,15.091431,13.759646,27.044886,12.446967,0.0,11.043871,17.614359,15.075148,19.457764,11.95385,23.668972,19.069025,27.342358,0.0,35.489193,11.07986,0.0,14.789994,21.794607,0.0,0.0,0.0,0.0,18.192707,0.0,71.331764,34.67688,0.0,0.0,21.267448,27.748116,8.694817,21.987782,0.0,33.42395,0.0,0.0,0.0,0.0,0.0,0.0,0.0,0.0,0.0,0.0,0.0,0.0,0.0,0.0,0.0,0.0,0.0,0.0,0.0,24.4985,27.32604,31.41712,36.075474,20.089405,17.40328,21.688198,16.69801,36.927437,59.00177,45.517822,23.023378,0.0,34.494415,18.87169,44.12395,25.303276,24.015347,0.0,0.0,0.0,0.0,66.11384,67.21087,40.740124,76.16796,35.228687,0.0,0.0,0.0,33.015392,74.12045,0.0,0.0,0.0,0.0,0.0,0.0,0.0,0.0,0.0,0.0,0.0,0.0,0.0,0.0,0.0,0.0,29.613821,32.889515,0.0,0.0,6.9144707,15.980134,30.245901,34.566307,17.279556,31.335054,53.278374,46.227905,34.7462,34.457775,0.0,0.0,0.0,32.889515,13.886984,0.0,6.4897413,21.204664,4.763533,40.172768,32.075382,0.0,44.20335,17.142286,24.14312,47.031693,20.327549,14.0917225,25.420397,23.676794,29.948782,32.889515,20.20953,56.86285,11.387083,0.0,59.876602,44.677643,48.65668,49.19428,0.0,18.12128,18.39075,20.627586,41.11959,27.368853,0.0,0.0,27.392418,0.0,0.0,61.964993,21.570768,46.5128,26.431465,0.0,17.294239,0.0,23.833532,26.418837,31.822224,18.877367,0.0,0.0,0.0,0.0,26.184536,15.702143,29.948782,0.0,19.550367,10.266999,0.0,24.827656,92.336426,2.7320147,0.0,0.0,21.51678,31.06261,0.0,0.0,0.0,0.0,70.590385,33.49055,0.0,0.0,0.0,67.63634,20.578625
C14x29_C15x29,27.51862,26.290403,0.0,0.0,35.644997,0.0,0.0,64.12875,11.635071,0.0,18.823116,0.0,49.81417,29.83857,50.210354,0.0,98.29822,36.996296,0.0,12.664758,30.695423,12.828962,12.828962,0.0,16.36946,0.0,0.0,0.0,0.0,0.0,0.0,0.0,0.0,0.0,43.795197,24.345932,0.0,53.72643,0.0,29.773518,11.023955,52.851242,0.0,25.065193,0.0,0.0,0.0,27.404072,30.732386,30.732386,0.0,0.0,0.0,0.0,0.0,72.81565,3.7058706,0.0,66.53889,42.684193,0.0,0.0,0.0,0.0,0.0,0.0,0.0,0.0,0.0,14.36723,14.36723,0.0,0.0,0.0,67.42118,85.14699,0.0,64.50025,0.0,51.689056,1.476733,0.0,62.53003,0.0,0.0,0.0,12.379661,0.0,0.0,0.0,0.0,51.76902,0.0,50.685028,0.0,0.0,0.0,61.046013,0.0,0.0,0.0,37.08318,32.7569,24.188158,100.09778,0.0,0.0,127.0393,26.526266,0.0,0.0,34.373154,0.0,40.384754,58.05839,0.0,0.0,26.9387,30.650549,0.0,0.0,0.0,20.091658,71.21729,0.0,0.0,11.037643,0.0,0.0,0.0,0.0,26.263891,0.0,11.745568,9.205158,0.0,0.0,0.0,153.02356,56.94875,0.0,0.0,0.0,0.0,0.0,27.230677,0.0,40.943554,38.722195,9.429957,12.032408,24.164202,0.0,0.0,70.58408,0.0,45.09413,0.0,0.0,0.0,0.0,0.0,54.13625,112.81662,22.33631,40.485916,0.0,52.600765,39.264347,25.574638,0.0,0.0,0.0,30.964485,0.0,0.0,0.0,0.0,75.40318,0.0,41.71099,0.0,29.385014,0.0,0.0,0.0,0.0,75.13694,0.0,27.36896,0.0,0.0,9.545046,64.13605,0.0,0.0,0.0,0.0,0.0,0.0,0.0,48.58959,34.35803,0.0,0.0,0.0,0.0,61.557056,0.0,22.408134,42.112637,0.0,0.0,0.0,0.0,0.0,0.0,28.120033,0.0,0.0,0.0,0.0,0.0,28.660381,0.0,0.0,0.0,0.0,0.0,93.42689,30.861681,0.0,135.20122,37.47466,0.0,0.0,21.892035,0.0,7.721465,0.0,66.18077,0.0,0.0,0.0,15.648175,0.0,27.727371,0.0,0.0,70.10193,0.0,0.0,25.970474,0.0,0.0,0.0,53.906513,0.0,72.58482,33.02859,41.722225,100.06041,9.45099,86.0863,0.0,97.76744,95.86236,56.235992,101.18393,0.0,0.0,28.781952,40.77582,141.92825,72.88807,51.04275,56.602802,27.307728,0.0,28.05506,0.0,0.0,39.767735,0.0,0.0,0.0,41.90968,128.88463,33.52524,108.22921,190.81909,128.67963,134.2656,56.052944,19.532862,35.159782,19.365078,16.313347,0.0,24.76864,27.064531,0.0,30.396702,1.0553242,25.747576,0.0,3.1858327,35.402534,27.817598,18.956581,35.902523,34.108074,15.773809,10.055584,9.429957,33.946667,0.0,0.0,0.0,0.0,19.954472,0.0,64.72795,54.943325,0.0,0.0,0.0,0.0,0.0,0.0,0.0,0.0,0.0,0.0,0.0,0.0,0.0,0.0,0.0,0.0,0.0,0.0,0.0,0.0,0.0,0.0,0.0,0.0,0.0,0.0,0.0,37.03465,0.0,0.0,37.00818,0.0,0.0,15.589747,12.150584,21.49856,42.275555,32.82103,49.483868,0.0,84.08447,30.425982,53.49165,39.397804,0.0,20.139015,0.0,0.0,0.0,68.149,64.80663,37.65846,76.98171,40.849487,0.0,0.0,0.0,13.532595,61.502274,0.0,0.0,0.0,0.0,0.0,0.0,0.0,0.0,0.0,43.754353,27.486538,67.08534,45.124027,31.02456,0.0,35.07699,45.308468,0.0,0.0,0.0,8.88935,17.350428,39.737156,25.398092,0.0,46.159996,79.008484,73.53969,54.262993,58.95065,0.0,0.0,0.0,0.0,8.917419,20.423292,11.892654,25.811476,28.526842,37.79643,26.825993,16.241465,40.414684,41.23221,18.99454,68.15677,28.859613,38.785484,31.350533,34.72522,13.553092,0.0,9.261265,41.71099,13.260694,0.0,19.554962,28.974434,0.0,28.120033,0.0,0.0,0.0,14.574998,67.51631,28.120033,0.0,0.0,27.474197,0.0,14.392032,94.42765,5.748847,0.0,24.56983,19.648354,22.233742,0.0,33.445118,54.17176,45.70019,24.269033,0.0,0.0,0.0,0.0,29.805082,0.0,13.553092,0.0,24.604399,14.392032,0.0,27.786966,54.604668,0.0,0.0,0.0,7.384364,43.02453,0.0,0.0,0.0,0.0,32.563866,99.45785,0.0,0.0,0.0,106.36349,26.854399
C14x30_C14x31,62.35284,0.0,0.0,0.0,73.25696,0.0,0.0,27.174332,28.939096,20.463032,58.325294,0.0,62.508163,0.0,54.72216,0.0,26.33339,0.0,0.0,0.0,0.0,0.0,31.169529,0.0,23.049234,0.0,0.0,0.0,0.0,0.0,0.0,0.0,0.0,0.0,0.0,30.095688,33.133675,36.339035,0.0,20.640965,0.0,8.894608,0.0,0.0,0.0,0.0,0.0,19.700281,19.700281,3.4463644,0.0,0.0,0.0,0.0,0.0,85.54434,30.41197,0.0,60.191933,0.0,0.0,78.91759,0.0,0.0,0.0,0.0,0.0,50.65991,0.0,0.0,31.844603,0.0,0.0,0.0,31.142101,22.729464,0.0,62.655613,0.0,45.67839,0.0,0.0,96.93694,0.0,36.122276,0.0,35.53795,0.0,0.0,0.0,24.75095,29.448936,0.0,0.0,0.0,0.0,0.0,46.74401,0.0,0.0,0.0,48.14696,32.927284,23.877405,97.373695,0.0,0.0,114.292076,0.0,0.0,0.0,19.522627,0.0,22.532991,22.532991,0.0,0.0,47.705364,39.33796,0.0,0.0,0.0,40.950127,35.22185,53.515163,0.0,0.0,0.0,0.0,0.0,0.0,65.885994,0.0,24.077583,28.925306,0.0,0.0,0.0,121.65272,40.83899,0.0,0.0,0.0,0.0,0.0,0.0,68.790184,0.0,22.378529,50.35916,8.192845,23.637012,0.0,63.535454,0.0,0.0,21.925331,0.0,22.000128,0.0,12.804113,0.0,58.085686,115.52831,0.0,35.22289,0.0,32.880028,0.0,0.0,0.0,0.0,0.0,42.068565,0.0,0.0,0.0,0.0,44.649494,0.0,43.993618,0.0,14.625461,0.0,0.0,46.01177,0.0,50.62904,0.0,0.0,0.0,0.0,19.893324,165.34103,0.0,0.0,0.0,0.0,0.0,0.0,0.0,53.057346,56.478306,0.0,0.0,0.0,0.0,20.064528,0.0,21.160791,57.5115,0.0,0.0,0.0,0.0,0.0,0.0,9.804505,0.0,0.0,0.0,0.0,0.0,67.57702,0.0,0.0,0.0,0.0,0.0,100.27607,0.0,0.0,128.29489,33.636917,0.0,0.0,27.317125,0.0,19.462435,0.0,39.84949,0.0,0.0,0.0,38.080894,0.0,28.752764,0.0,0.0,79.60304,0.0,0.0,29.905035,0.0,0.0,0.0,0.0,0.0,86.81469,67.41581,35.919456,63.6801,32.748386,81.154915,25.528814,37.452145,39.27959,72.57005,94.254776,23.569792,65.94556,72.24455,25.961931,95.02519,58.804058,90.86607,61.181065,48.671047,66.61546,52.00594,0.0,0.0,14.003315,0.0,0.0,0.0,47.945137,109.12647,151.65927,93.307976,122.73048,79.24169,100.45925,115.86084,64.53834,59.803783,45.998425,20.96347,18.201694,37.471844,11.051896,0.0,14.60918,21.311272,21.709778,25.739344,16.109318,27.631664,25.776733,35.698067,0.0,46.365036,14.675011,0.0,19.56467,28.830591,0.0,0.0,0.0,0.0,16.843422,0.0,66.65494,78.38192,0.0,0.0,0.0,47.526066,23.637012,25.223047,0.0,63.143917,0.0,0.0,0.0,0.0,0.0,0.0,0.0,0.0,0.0,0.0,0.0,0.0,0.0,0.0,0.0,0.0,0.0,0.0,0.0,0.0,45.271523,61.753456,32.36119,0.0,23.400139,30.017443,30.010643,14.190424,46.872345,30.96067,27.031618,0.0,24.729284,10.89887,48.414196,28.408085,0.0,0.0,0.0,0.0,0.0,69.48297,46.736755,77.1335,103.59216,44.31951,0.0,0.0,0.0,37.476303,80.71491,0.0,0.0,0.0,0.0,0.0,0.0,0.0,0.0,0.0,0.0,0.0,0.0,0.0,0.0,0.0,0.0,19.725386,28.766457,0.0,0.0,0.0,38.17407,14.88824,32.914394,83.9691,0.0,50.908592,93.927246,40.704758,74.2424,0.0,0.0,0.0,28.766457,0.0,0.0,0.0,0.0,0.0,0.0,0.0,0.0,45.974335,22.678083,27.90994,50.814846,24.894522,14.60918,28.926409,25.161562,31.04852,32.768932,26.729942,57.93246,30.410042,0.0,55.229233,51.899532,27.023806,52.34896,0.0,0.0,33.636917,31.14597,0.0,0.0,0.0,0.0,42.600792,0.0,0.0,60.314964,28.360935,57.690685,34.947376,5.899438,31.860811,0.0,0.0,29.26203,42.600792,15.403647,0.0,0.0,0.0,0.0,0.0,32.964428,19.509605,0.0,45.18061,0.0,0.0,51.17145,82.40791,0.0,0.0,0.0,36.536663,70.20926,0.0,0.0,0.0,0.0,46.470444,20.22125,0.0,0.0,0.0,68.878555,13.8331175
C14x30_C15x30,21.90618,0.0,0.0,0.0,48.80671,0.0,0.0,30.489395,0.0,0.0,51.17604,0.0,59.30863,16.03364,45.413807,0.0,22.979181,0.0,0.0,0.0,8.6087265,0.0,11.298253,0.0,8.354829,0.0,0.0,0.0,21.717089,0.0,0.0,0.0,0.0,0.0,36.625484,27.956808,13.550884,35.975254,0.0,0.0,19.744139,41.674,0.0,18.83757,0.0,0.0,0.0,45.450993,27.18462,27.18462,0.0,0.0,0.0,0.0,0.0,78.245735,0.0,0.0,81.12687,0.0,0.0,41.590687,0.0,0.0,0.0,0.0,0.0,34.833748,0.0,0.0,25.56542,0.0,0.0,0.0,22.81352,56.54647,0.0,43.01399,0.0,31.563889,0.0,0.0,94.59567,0.0,33.986446,0.0,11.948695,0.0,0.0,0.0,16.154215,31.41137,0.0,56.030895,0.0,0.0,0.0,36.80007,0.0,0.0,0.0,24.472258,20.580091,21.193369,97.22195,0.0,0.0,96.43694,0.0,0.0,0.0,21.981152,0.0,48.257328,48.257328,0.0,0.0,37.530148,36.751118,0.0,0.0,0.0,54.554375,90.74041,33.81364,0.0,0.0,0.0,0.0,0.0,0.0,68.98222,0.0,4.6605353,4.9724526,0.0,24.035553,0.0,177.50153,30.18275,0.0,0.0,0.0,0.0,0.0,25.38541,27.430775,39.207294,58.913673,39.512283,8.574123,22.721142,0.0,41.533466,29.71018,30.554386,24.406418,0.0,16.36107,0.0,10.490467,0.0,24.76556,129.52542,0.0,36.199432,0.0,32.43165,48.0434,33.433914,0.0,0.0,0.0,30.07366,0.0,0.0,0.0,0.0,22.280891,0.0,20.67518,0.0,14.917195,0.0,0.0,30.491869,15.725559,42.30094,0.0,7.2804375,0.0,0.0,27.670023,153.47017,0.0,0.0,0.0,0.0,0.0,47.661987,0.0,38.993946,41.508144,0.0,0.0,25.892986,0.0,20.09084,0.0,7.5601,0.0,0.0,0.0,0.0,0.0,0.0,0.0,17.281843,0.0,0.0,0.0,0.0,0.0,40.44199,0.0,0.0,0.0,0.0,0.0,85.54799,13.085282,0.0,134.24635,29.99545,0.0,0.0,8.077936,0.0,13.894539,0.0,81.99567,0.0,0.0,0.0,24.527046,0.0,53.4651,0.0,0.0,78.84946,0.0,0.0,20.741306,0.0,0.0,0.0,0.0,0.0,79.26304,40.11939,67.81346,70.2794,32.654324,79.03022,0.0,39.01934,36.877533,73.39853,92.6205,23.508541,71.20466,71.4158,26.89688,85.43169,58.651245,92.47373,55.843777,51.31162,69.40231,14.125638,0.0,0.0,0.0,0.0,0.0,0.0,54.945,103.363205,106.99294,107.31022,178.65427,88.130035,135.72264,77.10143,13.762549,49.940548,38.893753,0.0,0.0,0.0,0.0,0.0,0.0,0.0,0.0,0.0,0.0,0.0,0.0,0.0,0.0,0.0,0.0,0.0,0.0,0.0,0.0,0.0,0.0,0.0,25.356022,0.0,89.053825,32.781902,0.0,0.0,18.258696,23.45229,9.147966,18.475283,0.0,31.509937,0.0,0.0,0.0,0.0,0.0,0.0,0.0,0.0,0.0,0.0,0.0,0.0,0.0,0.0,0.0,0.0,0.0,0.0,0.0,0.0,31.283821,36.46403,36.32144,25.642817,22.214153,26.376247,28.595734,17.922842,46.426743,40.6781,22.581396,0.0,35.800316,22.721142,56.586494,32.54735,0.0,0.0,0.0,0.0,0.0,76.199844,65.49159,85.509315,71.93866,34.035606,0.0,0.0,0.0,33.57769,72.04015,0.0,0.0,0.0,0.0,0.0,0.0,0.0,0.0,0.0,37.11506,27.235903,64.9215,40.401653,49.51254,32.493694,40.15408,24.481073,0.0,0.0,0.0,0.0,47.379402,0.0,49.35147,50.303257,35.614033,90.3208,134.17365,101.15115,100.69846,0.0,0.0,0.0,0.0,15.762019,0.0,0.0,20.276413,12.982941,44.63644,34.42393,0.0,54.282204,21.291254,7.3003826,37.421467,24.301859,25.051743,16.00104,17.987307,21.660643,0.0,13.50333,20.67518,31.716589,0.0,36.797417,81.09373,0.0,49.529686,0.0,21.40659,29.99545,38.029736,74.350105,30.360611,0.0,0.0,29.642527,0.0,0.0,58.36383,28.71954,61.039474,17.071945,31.935566,25.411346,0.0,13.928977,36.545803,49.81645,16.558468,0.0,0.0,0.0,0.0,15.212256,20.697329,21.660643,0.0,28.572517,15.647896,0.0,59.001945,68.57033,0.0,0.0,0.0,28.664192,69.128494,0.0,0.0,0.0,0.0,15.855649,26.397558,24.666912,0.0,0.0,57.698555,11.3218355
C14x31_C14x32,0.0,0.0,0.0,0.0,47.111977,0.0,0.0,51.33027,0.0,35.65606,58.818924,16.307285,64.46733,0.0,75.57921,0.0,24.887451,0.0,0.0,0.0,0.0,23.19563,0.0,19.994257,28.276148,0.0,0.0,14.138074,0.0,0.0,0.0,0.0,0.0,0.0,0.0,23.694973,32.012096,35.718353,0.0,20.28841,0.0,1.875849,1.546683,0.0,0.0,0.0,0.0,9.37532,7.766924,0.0,0.0,0.0,0.0,0.0,0.0,66.59457,23.60186,0.0,20.82427,0.0,0.0,45.964912,0.0,0.0,0.0,0.0,0.0,0.0,0.0,28.123087,0.0,6.1188083,0.0,0.0,18.175585,23.914532,0.0,89.20163,21.016571,0.0,0.0,0.0,85.90479,0.0,29.433783,0.0,28.957647,17.797338,0.0,35.594677,13.481601,39.58043,0.0,0.0,0.0,0.0,0.0,19.49026,8.987738,0.0,0.0,39.599648,44.807808,0.0,128.73752,0.0,22.556913,63.800583,0.0,0.0,0.0,0.0,0.0,0.0,0.0,38.5087,0.0,19.25435,15.58051,0.0,16.788185,0.0,32.984707,27.567453,43.10565,0.0,0.0,0.0,0.0,0.0,0.0,83.20874,0.0,32.984997,39.85075,0.0,24.369286,0.0,139.59756,45.030212,0.0,0.0,0.0,0.0,0.0,48.870064,57.755726,20.419733,16.92461,34.57209,0.0,21.148172,0.0,37.541645,13.272976,55.778618,3.6267252,0.0,37.35253,0.0,50.362476,0.0,40.695618,100.444695,27.286085,51.31703,0.0,47.340122,0.0,12.586858,0.0,0.0,0.0,35.054787,0.0,0.0,0.0,0.0,0.0,0.0,0.0,0.0,18.01629,0.0,0.0,67.23135,46.13691,70.61121,0.0,18.194069,10.037428,0.0,17.844616,111.85054,0.0,0.0,0.0,0.0,0.0,0.0,0.0,0.0,70.7308,0.0,0.0,32.14056,0.0,0.0,17.225456,34.98913,72.04259,12.623038,0.0,0.0,0.0,0.0,0.0,15.424675,0.0,0.0,0.0,0.0,0.0,83.816666,0.0,0.0,0.0,0.0,0.0,93.656235,0.0,0.0,128.6296,21.118517,0.0,21.040392,16.46608,0.0,36.234272,0.0,49.266987,0.0,0.0,0.0,0.0,0.0,45.831997,0.0,21.134901,65.04575,0.0,0.0,0.0,0.0,0.0,0.0,13.064784,0.0,116.26162,70.2959,59.893505,40.154305,60.969448,33.983906,35.949203,30.124916,66.99419,39.434628,91.59375,64.806404,57.149174,58.867565,8.557138,39.621452,52.417854,68.93964,48.16915,67.054695,73.05938,44.565414,0.0,0.0,33.794132,0.0,0.0,0.0,61.950382,110.6214,94.36523,97.202644,65.423294,86.552826,79.53734,110.72131,57.066162,76.07644,21.643229,7.1504393,0.0,32.939568,31.950455,0.0,22.098654,18.225763,39.31213,20.632235,29.99159,29.615747,15.044173,15.840833,16.235004,45.056046,37.216797,17.091244,13.431351,31.45033,36.74837,29.614685,22.556551,25.019642,0.0,26.412079,34.842606,75.06833,0.0,0.0,16.932253,15.594256,16.227057,41.18521,23.028936,0.0,0.0,0.0,0.0,0.0,0.0,0.0,0.0,0.0,0.0,0.0,0.0,0.0,0.0,0.0,0.0,0.0,0.0,0.0,0.0,0.0,39.79586,52.152702,0.0,51.31014,63.993767,46.684967,49.00259,9.448529,18.39937,48.084087,37.043854,0.0,20.421474,15.501727,49.761448,20.50257,0.0,0.0,0.0,0.0,0.0,70.23447,56.954723,73.904755,78.34843,32.356094,46.143204,58.329945,36.6176,72.590004,91.9103,0.0,0.0,0.0,0.0,0.0,0.0,0.0,0.0,0.0,0.0,0.0,0.0,0.0,0.0,0.0,0.0,35.786198,41.93224,47.261497,0.0,0.0,18.320095,8.234626,18.204823,37.565006,10.436133,32.050884,54.328987,25.843546,37.555412,22.92505,26.183842,0.0,0.0,0.0,0.0,0.0,0.0,0.0,0.0,0.0,0.0,43.92568,32.95523,35.44243,47.11608,22.465172,22.098654,25.78496,20.692837,30.736843,35.93877,0.0,44.81142,28.292313,0.0,48.914238,38.631912,33.013123,43.62757,0.0,19.570614,21.118517,0.0,0.0,15.424675,16.940384,20.449615,50.073357,0.0,14.831701,81.00809,52.801094,63.271282,31.15204,12.677363,16.308092,0.0,15.932721,11.122099,40.188755,24.215868,0.0,0.0,0.0,0.0,0.0,0.0,0.0,0.0,32.705685,51.14001,0.0,41.018196,70.23634,20.421474,0.0,0.0,25.859211,72.352646,0.0,0.0,0.0,0.0,21.58827,37.307785,0.0,0.0,0.0,77.188835,26.303114
C14x31_C15x31,0.0,0.0,0.0,0.0,31.864115,0.0,0.0,24.40166,0.0,14.627529,59.65142,14.627529,51.97533,0.0,48.832676,0.0,22.613823,0.0,0.0,3.8999646,0.0,16.476217,0.0,23.30089,32.952435,0.0,0.0,16.476217,0.0,0.0,0.0,0.0,0.0,0.0,0.0,35.058556,22.325005,19.005445,0.0,6.2880635,0.0,8.163382,0.0,0.0,3.0728493,0.0,0.0,25.173803,20.855074,0.0,0.0,0.0,0.0,27.740536,0.0,87.76354,14.255858,0.0,30.96291,0.0,0.0,55.955227,0.0,0.0,0.0,0.0,0.0,29.159561,0.0,16.6597,0.0,6.1720247,0.0,0.0,30.41356,16.786743,0.0,36.918755,27.312263,0.0,24.299744,0.0,58.60866,0.0,29.094534,0.0,26.323526,15.071737,19.427362,30.143475,22.567411,64.87046,0.0,0.0,0.0,0.0,0.0,29.018923,15.117017,0.0,12.218501,38.47252,34.503918,0.0,82.8445,0.0,29.572428,101.56036,26.310612,0.0,0.0,0.0,22.262234,23.863428,23.863428,34.542053,0.0,38.848053,21.817316,0.0,15.770913,0.0,24.919218,20.826603,26.79578,0.0,0.0,10.321429,0.0,0.0,0.0,62.649113,0.0,31.374687,17.211308,0.0,35.272667,0.0,100.60455,32.104584,19.83926,0.0,14.843307,0.0,0.0,41.030132,47.624,24.394247,28.10559,40.983677,0.0,20.408768,0.0,42.2835,21.658703,36.154514,0.0,14.0955515,31.06947,0.0,12.584009,0.0,23.599682,73.4451,26.456331,34.228012,0.0,38.212505,20.273783,22.702711,0.0,23.184038,0.0,59.2289,20.77032,0.0,0.0,0.0,25.344711,0.0,0.0,0.0,19.973652,0.0,0.0,85.975975,26.793467,34.393204,0.0,17.09305,0.0,0.0,9.610316,130.92932,11.469279,18.406172,0.0,23.041061,23.041061,0.0,23.908323,0.0,50.889317,0.0,0.0,50.25879,0.0,14.121137,16.98262,20.075764,45.955387,11.322783,0.0,28.48974,0.0,0.0,0.0,31.121206,0.0,0.0,0.0,0.0,0.0,62.45981,0.0,0.0,27.313019,0.0,0.0,77.50688,0.0,0.0,96.36727,20.754421,0.0,21.36501,30.369083,0.0,21.97805,0.0,75.62723,0.0,0.0,0.0,0.0,0.0,18.603106,0.0,22.295307,42.84814,0.0,0.0,0.0,0.0,0.0,15.105743,11.7190275,0.0,50.066353,49.288734,34.499355,62.790035,34.606182,71.73702,45.882122,62.40144,66.151505,88.89,102.525536,34.870792,99.16369,62.885574,19.120192,69.32474,51.262924,102.21496,34.980698,74.95254,96.25215,21.924156,0.0,0.0,13.835834,0.0,0.0,0.0,25.584044,80.26646,120.322556,76.303665,91.32257,62.201057,110.37343,90.94539,37.275627,38.318512,49.897503,38.035786,19.301846,27.65585,17.882496,0.0,26.20877,24.299744,33.767834,14.322964,18.191525,32.95343,25.173712,26.310612,25.386976,30.34661,29.171257,8.957311,11.725829,18.122293,0.0,0.0,0.0,0.0,0.0,0.0,59.994373,71.0865,0.0,0.0,33.017124,21.836563,9.964661,0.0,19.64797,35.842834,0.0,0.0,0.0,0.0,0.0,0.0,0.0,0.0,0.0,0.0,0.0,0.0,0.0,0.0,0.0,0.0,0.0,0.0,0.0,23.416681,33.41235,36.44482,0.0,76.937065,91.20168,57.574413,79.83296,9.096892,16.273577,21.352499,0.0,0.0,28.248222,19.50162,50.31757,35.08325,0.0,0.0,0.0,0.0,0.0,74.85067,24.401165,66.36405,96.11732,39.97276,35.750484,52.544872,37.09613,42.267067,63.70927,0.0,0.0,0.0,0.0,0.0,0.0,0.0,0.0,0.0,0.0,0.0,0.0,0.0,0.0,0.0,0.0,28.604582,44.204655,0.0,0.0,0.0,27.212008,0.0,31.217678,75.56918,17.89591,48.97618,80.37507,45.9368,75.6863,19.195179,30.893423,0.0,0.0,0.0,0.0,0.0,0.0,0.0,0.0,0.0,0.0,54.5376,27.690626,26.977884,40.210274,28.05031,26.20877,21.458357,32.78718,30.451767,40.29058,34.830887,59.30137,29.611631,0.0,43.87575,26.380028,32.487717,39.133648,0.0,18.140184,20.754421,19.017637,28.045736,20.045269,18.294376,23.846197,37.663677,0.0,15.115769,39.579197,30.959429,86.10923,11.771477,19.480482,34.593502,0.0,0.0,18.219658,52.89474,13.948622,0.0,0.0,0.0,0.0,0.0,0.0,0.0,0.0,24.541655,34.00019,0.0,33.41303,55.287403,13.176907,0.0,13.954001,21.561268,45.098866,0.0,0.0,0.0,0.0,14.292485,32.202587,0.0,0.0,9.693451,44.117714,21.22069
C14x32_C14x33,23.199991,0.0,0.0,0.0,36.002823,0.0,0.0,53.945774,0.0,49.250923,56.4072,34.24156,32.133617,0.0,69.02842,0.0,39.92539,0.0,0.0,0.0,6.3767376,95.72859,0.0,64.312965,34.84328,43.89461,0.0,17.42164,0.0,0.0,0.0,27.405443,0.0,0.0,27.405443,0.0,49.41136,41.72428,23.068216,0.0,0.0,15.6534,0.44995737,8.831104,0.0,8.831104,0.0,11.664659,0.0,0.0,0.0,0.0,0.0,0.0,0.0,39.84937,0.0,0.0,0.0,0.0,0.0,65.31248,0.0,0.0,0.0,0.0,0.0,0.0,0.0,61.723206,0.0,0.0,0.0,0.0,0.0,20.254198,0.0,89.13608,17.006424,0.0,0.0,0.0,160.47935,0.0,27.567886,0.0,0.0,10.506889,0.0,21.013779,13.419706,43.74778,0.0,21.724983,0.0,21.724983,0.0,0.0,0.0,0.0,0.0,94.88562,65.79313,0.0,60.20925,0.0,10.594055,38.602806,0.0,0.0,0.0,0.0,0.0,0.0,0.0,36.25466,0.0,18.12733,0.0,0.0,18.063366,0.0,32.507553,31.162466,29.756348,0.0,27.33136,0.0,0.0,0.0,0.0,118.32197,0.0,0.0,43.186207,0.0,11.825923,0.0,175.02507,38.629955,0.0,0.0,0.0,0.0,0.0,35.364002,45.550312,16.104467,29.533236,16.558487,0.0,25.172281,0.0,39.2433,13.874602,45.53011,16.09649,0.0,55.94721,0.0,66.74223,0.0,30.935171,88.44985,34.253006,111.76191,0.0,0.0,0.0,0.0,0.0,0.0,0.0,56.651527,0.0,0.0,0.0,0.0,17.665699,0.0,0.0,0.0,21.582657,0.0,0.0,44.101357,28.325975,78.842636,0.0,16.770943,15.663555,0.0,23.750248,122.56927,0.0,0.0,0.0,0.0,0.0,0.0,0.0,0.0,43.114243,0.0,0.0,33.83457,0.0,26.507406,10.06097,19.564606,62.405025,10.980411,0.0,0.0,0.0,0.0,0.0,18.731358,0.0,0.0,0.0,0.0,0.0,51.687862,0.0,0.0,0.0,0.0,0.0,60.230976,0.0,0.0,62.947517,20.105326,0.0,30.155273,16.182644,0.0,31.610882,0.0,75.52325,0.0,0.0,0.0,0.0,0.0,49.790527,0.0,13.244823,54.727074,0.0,0.0,0.0,0.0,0.0,0.0,21.789042,0.0,133.0167,154.14447,27.98385,17.589449,43.267902,27.231348,31.903875,17.020487,38.021423,26.347023,50.928005,35.486656,47.696774,49.364674,13.694654,21.724983,29.317871,41.5193,27.405443,52.4907,42.247524,63.079674,0.0,0.0,41.038784,0.0,0.0,0.0,51.00436,63.130108,99.97396,103.46993,36.071785,48.678886,45.503525,110.02219,82.319176,71.01901,34.14903,0.0,0.0,0.0,0.0,0.0,0.0,0.0,0.0,0.0,0.0,0.0,0.0,0.0,0.0,0.0,0.0,0.0,0.0,0.0,29.36081,47.859856,35.96858,32.96188,0.0,28.933159,32.01976,7.9755,0.0,0.0,13.573908,23.152758,16.558487,25.458174,26.394073,24.983072,0.0,0.0,30.898449,0.0,17.020487,37.075203,50.928005,12.2165,45.63066,50.448692,13.496204,22.12013,8.258921,5.8836293,43.33099,18.59386,21.900167,34.75703,42.247524,0.0,25.704514,21.602522,23.924236,70.75932,138.4351,49.82865,89.92794,12.964381,19.917276,0.0,0.0,0.0,67.51992,28.886152,60.12497,81.96013,0.0,0.0,0.0,0.0,0.0,48.203194,31.323841,40.18932,47.06507,28.97565,21.25524,88.85672,39.86469,57.14657,73.01824,0.0,0.0,0.0,0.0,0.0,0.0,0.0,0.0,0.0,37.63175,38.619553,50.224556,53.7773,29.074202,21.900167,34.75703,44.486534,36.304596,61.563,0.0,0.0,54.768436,27.397636,30.651817,80.88172,24.957088,39.208603,56.343594,32.95818,74.88501,21.495731,24.96765,0.0,84.49505,0.0,0.0,0.0,0.0,0.0,0.0,0.0,0.0,53.241337,0.0,0.0,0.0,0.0,0.0,0.0,0.0,0.0,0.0,0.0,0.0,0.0,0.0,0.0,0.0,49.07778,52.980278,0.0,25.314932,20.105326,35.326706,21.789042,18.731358,22.317942,24.803095,45.799427,0.0,3.9208667,144.57988,49.2157,36.0967,15.0858755,24.553041,9.571177,0.0,0.0,31.323841,36.75851,0.0,0.0,0.0,0.0,0.0,0.0,0.0,0.0,0.0,0.0,5.6395297,0.0,47.229546,80.89399,77.84995,0.0,0.0,9.931943,139.54243,0.0,0.0,0.0,0.0,8.233985,21.436098,0.0,0.0,0.0,25.83302,11.006248
C14x32_C15x32,0.0,0.0,0.0,0.0,66.58828,0.0,0.0,22.928251,0.0,26.52301,58.292027,26.52301,64.86129,0.0,87.666885,0.0,49.009014,0.0,0.0,0.0,7.9754643,47.899284,0.0,57.80716,64.72486,0.0,31.155033,32.36243,0.0,23.944324,0.0,0.0,18.832253,0.0,0.0,0.0,25.49062,43.241062,0.0,0.0,0.0,16.621975,13.70522,0.0,0.0,0.0,4.251425,13.70522,0.0,0.0,0.0,0.0,0.0,0.0,0.0,67.35815,0.0,19.283686,26.838877,0.0,0.0,26.04329,0.0,0.0,0.0,0.0,0.0,0.0,0.0,30.884161,0.0,12.611427,0.0,0.0,6.88139,38.310547,0.0,43.37916,21.190428,0.0,0.0,0.0,75.11287,0.0,26.38382,23.637043,0.0,10.040164,0.0,20.080328,15.606151,25.944256,0.0,0.0,0.0,0.0,4.6924,0.0,25.555397,0.0,0.0,84.42419,59.297836,0.0,59.42508,18.700298,19.425018,67.24808,0.0,0.0,0.0,0.0,0.0,0.0,0.0,28.670513,0.0,21.042498,13.800427,0.0,23.967026,0.0,23.07285,26.152233,42.568867,19.398949,0.0,0.0,25.311499,14.980335,0.0,68.15547,27.446445,0.0,28.510117,11.920893,21.993767,0.0,142.49457,15.955067,0.0,22.576845,0.0,0.0,23.82122,37.627613,46.107487,16.301456,16.685562,22.2413,0.0,18.448204,0.0,89.37987,31.600555,38.209877,0.0,0.0,35.18926,0.0,31.884962,27.183826,18.000454,97.21823,39.9336,66.54635,37.23494,0.0,0.0,0.0,10.635285,0.0,18.329666,26.926657,0.0,36.94561,0.0,9.152659,14.022569,38.76161,0.0,10.231522,22.153835,0.0,32.34423,85.42051,17.239235,68.278786,0.0,14.25672,0.0,0.0,8.428594,98.444824,0.0,0.0,12.442208,0.0,0.0,0.0,0.0,0.0,83.85315,0.0,16.130457,26.90497,8.670893,24.153372,28.17524,24.277779,62.099636,0.0,0.0,0.0,28.92516,27.803843,9.521242,20.065619,0.0,26.986425,28.60266,0.0,19.554426,70.3196,0.0,35.92716,0.0,0.0,0.0,90.562584,0.0,30.188307,108.560074,10.693102,27.884056,37.869076,16.558483,24.20374,17.588625,31.366549,127.339836,0.0,0.0,20.635963,0.0,24.595718,33.199993,11.07869,29.731554,50.999626,20.537725,0.0,0.0,0.0,8.382653,0.0,13.947482,0.0,64.7342,75.6272,19.84712,12.663786,64.68192,15.264333,38.138176,31.857319,72.11835,49.974564,97.864044,67.64229,63.557224,63.16749,13.021447,26.903582,54.88489,74.30282,50.327198,73.34771,77.299416,42.185493,0.0,0.0,25.927582,0.0,0.0,0.0,77.88783,121.49772,107.07479,106.418205,32.903046,92.46452,84.78618,123.56881,53.084095,54.010002,16.238562,0.0,0.0,0.0,0.0,0.0,0.0,0.0,0.0,0.0,0.0,0.0,0.0,0.0,0.0,0.0,0.0,0.0,0.0,0.0,31.993921,19.092731,26.341936,14.937705,0.0,28.76534,32.16328,48.227306,0.0,0.0,19.314482,16.706373,11.897488,8.674813,24.928026,19.830906,0.0,0.0,0.0,0.0,0.0,0.0,0.0,0.0,0.0,0.0,0.0,0.0,0.0,0.0,0.0,0.0,0.0,0.0,0.0,0.0,27.767849,36.37101,15.8547,36.765697,71.92923,54.798874,55.1492,9.256431,31.085976,34.804676,34.67016,0.0,48.640293,17.021086,53.108177,68.147964,0.0,0.0,0.0,0.0,0.0,67.054085,49.882534,68.32047,78.84096,27.832348,38.15076,81.827095,57.22682,52.086304,63.961254,0.0,0.0,0.0,0.0,0.0,0.0,0.0,0.0,0.0,0.0,0.0,0.0,0.0,0.0,0.0,0.0,25.848797,60.092274,17.818613,0.0,0.0,27.434057,16.012024,33.873756,36.661003,31.069519,33.47585,38.23742,18.814747,32.78561,15.569006,28.142092,0.0,0.0,0.0,0.0,0.0,0.0,0.0,0.0,0.0,0.0,39.526176,0.0,0.0,0.0,0.0,0.0,0.0,0.0,0.0,0.0,0.0,0.0,18.381344,0.0,28.144047,51.575417,48.391594,38.663906,40.90635,13.0727625,21.89437,0.0,0.0,13.669755,29.507383,36.347523,50.345966,0.0,27.152828,118.995766,63.921623,76.39081,21.333654,17.035685,28.964687,0.0,18.888647,42.876644,31.71748,0.0,28.445728,0.0,0.0,0.0,0.0,0.0,0.0,0.0,0.0,39.85721,0.0,35.29293,58.976364,39.15078,0.0,0.0,0.0,55.870823,23.78288,16.400106,4.176017,35.677654,7.4077306,23.07909,0.0,0.0,0.0,70.71426,32.923866
C14x33_C14x34,0.0,0.0,0.0,0.0,0.0,0.0,0.0,0.0,0.0,0.0,19.5971,0.0,35.246433,21.630169,0.0,0.0,120.48258,0.0,0.0,0.0,0.0,89.54823,0.0,63.320164,0.0,55.884968,0.0,0.0,39.51664,0.0,0.0,19.156178,0.0,0.0,19.156178,0.0,128.30615,46.662296,52.04074,0.0,36.79836,66.89336,0.0,37.738907,0.0,37.738907,0.0,37.738907,0.0,0.0,0.0,42.09062,0.0,0.0,0.0,54.33082,0.0,0.0,0.0,0.0,0.0,0.0,0.0,0.0,0.0,0.0,0.0,0.0,0.0,57.64387,0.0,0.0,0.0,0.0,0.0,43.852863,0.0,179.99222,0.0,33.01799,0.0,0.0,0.0,0.0,0.0,0.0,0.0,0.0,0.0,0.0,0.0,107.869286,0.0,44.829292,0.0,44.829292,0.0,0.0,0.0,0.0,0.0,84.3124,70.58448,0.0,81.019264,0.0,0.0,40.065758,0.0,0.0,0.0,0.0,0.0,0.0,0.0,0.0,0.0,0.0,28.555042,0.0,0.0,30.384777,38.34027,36.75384,0.0,0.0,44.15266,0.0,0.0,0.0,0.0,135.0577,0.0,0.0,0.0,0.0,0.0,0.0,154.00868,0.0,0.0,0.0,0.0,0.0,0.0,0.0,0.0,49.435413,66.54167,0.0,0.0,56.106,0.0,0.0,66.3909,0.0,48.350258,0.0,101.07005,0.0,0.0,0.0,0.0,73.65553,117.2267,116.811554,0.0,0.0,0.0,0.0,0.0,0.0,0.0,92.848495,0.0,0.0,0.0,0.0,0.0,0.0,0.0,0.0,0.0,0.0,0.0,55.906834,0.0,46.93976,0.0,55.72172,31.207737,0.0,47.319496,151.2982,0.0,0.0,0.0,0.0,0.0,0.0,0.0,0.0,0.0,0.0,0.0,0.0,0.0,0.0,0.0,0.0,96.39587,0.0,0.0,0.0,0.0,0.0,0.0,0.0,0.0,0.0,0.0,0.0,0.0,64.163414,0.0,0.0,0.0,0.0,0.0,46.315567,0.0,0.0,79.849464,0.0,0.0,0.0,0.0,0.0,0.0,0.0,126.66545,0.0,0.0,0.0,0.0,0.0,105.15166,0.0,0.0,55.17994,0.0,0.0,0.0,0.0,0.0,0.0,36.289627,0.0,174.68018,200.37138,0.0,0.0,35.666904,42.09062,0.0,19.299946,11.0864315,31.756786,52.42543,29.376858,75.83876,0.0,37.6326,44.829292,15.378926,25.122107,19.156178,63.23387,42.814724,75.52967,0.0,0.0,0.0,0.0,0.0,0.0,0.0,30.192,125.92136,55.38703,74.433784,29.21422,31.806585,104.992424,129.49359,90.63051,39.928547,0.0,0.0,0.0,0.0,0.0,0.0,0.0,0.0,0.0,0.0,0.0,0.0,0.0,0.0,0.0,0.0,0.0,0.0,0.0,0.0,0.0,0.0,0.0,0.0,39.070137,0.0,35.35518,0.0,0.0,0.0,0.0,0.0,0.0,0.0,0.0,0.0,0.0,68.4618,50.324177,19.299946,53.419083,83.44845,56.301483,62.350822,50.061768,45.841362,58.94024,36.652233,37.6326,98.35438,30.88598,81.94601,67.8403,59.222137,0.0,75.54599,70.79803,41.16632,41.47707,89.019196,109.68949,53.057762,0.0,0.0,0.0,0.0,0.0,43.32639,65.08372,51.33047,84.7165,0.0,0.0,0.0,0.0,10.67324,48.026855,0.0,51.060658,55.561485,25.583357,0.0,0.0,0.0,48.353508,91.41894,0.0,0.0,0.0,0.0,0.0,0.0,0.0,0.0,0.0,48.375477,13.7687645,65.532295,44.150204,29.675179,55.763584,27.665369,0.0,0.0,25.539469,52.6885,0.0,63.22067,35.584568,69.93058,90.461464,32.414738,104.47336,51.33047,54.746338,75.89039,0.0,0.0,0.0,85.62945,48.4098,35.584568,29.995111,39.446285,5.3172383,51.33047,28.013712,33.160297,27.835094,0.0,0.0,0.0,0.0,0.0,0.0,0.0,0.0,0.0,0.0,0.0,18.761091,0.0,0.0,0.0,0.0,0.0,59.222137,0.0,0.0,103.46094,48.402027,49.144993,0.0,0.0,46.315567,0.0,0.0,0.0,61.38623,53.101498,0.0,0.0,0.0,0.0,0.0,0.0,53.558357,0.0,0.0,0.0,0.0,0.0,0.0,0.0,0.0,0.0,0.0,0.0,0.0,49.16351,75.32962,85.14781,0.0,0.0,0.0,92.51925,0.0,0.0,0.0,0.0,0.0,0.0,0.0,0.0,0.0,12.977371,0.0
C14x33_C15x33,5.522809,10.817504,0.0,0.0,29.751137,0.0,0.0,0.0,0.0,30.097065,89.775154,30.097065,36.64549,0.0,78.57199,0.0,55.671024,0.0,0.0,0.0,0.0,47.21531,0.0,51.567017,41.466705,17.92079,0.0,20.733353,0.0,0.0,0.0,10.585526,0.0,0.0,10.585526,0.0,33.91315,43.98031,31.454918,0.0,0.0,39.514572,0.0,23.87241,0.0,23.87241,0.0,31.532124,0.0,0.0,0.0,27.723276,0.0,0.0,0.0,74.9346,0.0,0.0,0.0,0.0,0.0,34.654194,0.0,0.0,0.0,0.0,0.0,0.0,0.0,30.821304,0.0,7.3783565,0.0,0.0,0.0,24.319935,0.0,79.428825,16.00835,0.0,0.0,0.0,82.509995,0.0,0.0,0.0,0.0,10.723641,0.0,21.447283,0.0,35.938778,0.0,38.7324,0.0,38.7324,0.0,0.0,16.133987,0.0,0.0,112.53612,99.94387,0.0,97.62515,0.0,4.891062,50.543686,0.0,0.0,0.0,0.0,0.0,0.0,24.118305,34.827698,0.0,17.413849,34.108433,0.0,15.164777,0.0,35.80945,31.026442,21.446232,0.0,36.159286,0.0,0.0,0.0,0.0,104.44822,0.0,0.0,30.089083,0.0,10.361849,0.0,183.69545,0.0,0.0,0.0,0.0,0.0,0.0,25.871168,46.489994,16.436695,38.018417,0.0,0.0,36.19113,0.0,59.922554,21.185822,39.002213,0.0,0.0,96.04278,0.0,32.67994,0.0,0.0,84.07629,32.202873,146.37975,0.0,0.0,0.0,0.0,0.0,0.0,0.0,49.267643,0.0,0.0,0.0,0.0,0.0,0.0,0.0,0.0,0.0,0.0,0.0,58.552074,0.0,63.288746,0.0,17.11692,25.809689,11.123078,39.13457,115.6272,0.0,0.0,0.0,0.0,0.0,0.0,0.0,0.0,53.676662,0.0,0.0,15.785827,0.0,0.0,16.31319,17.696648,75.0543,11.206931,0.0,0.0,0.0,0.0,0.0,16.30274,0.0,0.0,0.0,0.0,0.0,63.482788,0.0,0.0,0.0,0.0,0.0,62.85326,0.0,0.0,86.309715,0.0,0.0,32.777943,11.439282,0.0,0.0,0.0,108.1706,0.0,0.0,0.0,0.0,0.0,47.605938,0.0,18.446924,41.321953,0.0,0.0,0.0,0.0,0.0,0.0,27.180447,0.0,104.3866,106.918846,43.45641,24.228777,41.49718,27.723276,29.732609,10.889695,24.301023,38.265724,59.17985,23.064978,40.455925,41.67588,31.922075,38.7324,21.982191,38.623528,10.585526,46.098312,40.537624,46.441425,0.0,0.0,16.30274,0.0,0.0,0.0,41.31169,75.472,141.76265,146.03749,29.376072,77.02835,0.0,149.1089,43.51219,71.270874,24.231798,0.0,0.0,0.0,0.0,0.0,0.0,0.0,0.0,0.0,0.0,0.0,0.0,0.0,0.0,0.0,0.0,0.0,0.0,0.0,0.0,0.0,0.0,0.0,0.0,35.173786,22.891766,28.872135,0.0,0.0,0.0,0.0,0.0,0.0,0.0,19.551594,0.0,0.0,41.49718,16.969692,10.889695,37.12649,59.17985,53.685925,29.298258,23.854753,27.99344,35.530468,0.0,31.922075,48.375477,13.141215,37.299656,37.764576,40.537624,0.0,18.226088,21.023859,33.35466,52.317093,65.334236,162.76518,73.57391,12.700174,24.31477,0.0,0.0,0.0,67.202965,41.596905,89.45163,115.50387,0.0,0.0,0.0,0.0,0.0,90.90866,0.0,72.527405,77.177765,47.08682,23.75291,91.57249,48.616352,73.37868,107.570045,0.0,0.0,0.0,0.0,0.0,0.0,0.0,0.0,0.0,48.562885,10.105368,39.38372,51.25775,32.37146,37.299656,37.764576,43.279472,42.544804,13.043667,0.0,0.0,70.636024,59.694054,88.8631,80.86771,46.33587,68.22753,86.10823,39.314934,67.0995,15.74781,22.309464,0.0,81.07525,0.0,0.0,0.0,0.0,0.0,0.0,0.0,0.0,31.747263,0.0,0.0,0.0,0.0,0.0,0.0,0.0,0.0,0.0,0.0,0.0,19.55391,0.0,0.0,31.697266,42.374264,46.11111,0.0,0.0,0.0,47.444412,27.180447,16.30274,26.171453,27.295063,45.30923,0.0,13.301473,116.860756,51.143852,48.56142,15.543756,25.05956,18.67156,0.0,0.0,24.48768,45.30923,0.0,0.0,0.0,0.0,0.0,0.0,0.0,0.0,24.911522,0.0,13.301473,25.445812,76.71606,90.440926,46.725117,0.0,0.0,2.3538172,70.16334,0.0,0.0,0.0,0.0,0.0,0.0,0.0,0.0,0.0,24.48768,16.903395
C14x34_C15x34,0.0,0.0,0.0,0.0,0.0,0.0,74.08504,0.0,0.0,0.0,58.13809,0.0,47.004128,31.272383,0.0,0.0,103.50846,0.0,0.0,0.0,0.0,32.387287,0.0,20.643482,0.0,18.219475,0.0,0.0,12.883115,0.0,0.0,0.0,0.0,0.0,0.0,0.0,84.74844,63.724186,49.653038,0.0,50.2596,59.8302,0.0,0.0,0.0,64.45739,0.0,73.03311,0.0,0.0,0.0,68.683846,0.0,0.0,0.0,70.55246,0.0,0.0,63.973316,0.0,0.0,0.0,0.0,0.0,0.0,0.0,0.0,0.0,0.0,0.0,0.0,0.0,0.0,0.0,0.0,57.494076,0.0,152.77577,77.80137,104.09582,0.0,0.0,46.475883,0.0,0.0,0.0,0.0,0.0,0.0,0.0,0.0,74.0788,0.0,0.0,0.0,90.371994,0.0,0.0,0.0,0.0,0.0,70.54237,134.24939,0.0,49.485218,0.0,35.504795,85.87339,0.0,0.0,0.0,0.0,0.0,0.0,0.0,0.0,0.0,0.0,23.05988,0.0,54.659363,35.442383,0.0,47.727493,0.0,0.0,0.0,0.0,0.0,0.0,0.0,141.25818,0.0,0.0,0.0,0.0,0.0,0.0,192.5352,0.0,0.0,0.0,0.0,0.0,0.0,0.0,0.0,0.0,26.333652,0.0,0.0,75.51852,0.0,0.0,85.505356,0.0,0.0,0.0,138.61726,0.0,0.0,0.0,0.0,63.222576,100.607185,184.88612,0.0,0.0,0.0,0.0,0.0,0.0,0.0,64.84558,0.0,0.0,0.0,0.0,0.0,0.0,0.0,0.0,0.0,0.0,0.0,82.91769,0.0,24.132633,0.0,46.872787,20.622116,0.0,0.0,168.7722,0.0,0.0,0.0,0.0,0.0,0.0,0.0,0.0,0.0,0.0,0.0,0.0,0.0,0.0,0.0,0.0,58.62292,0.0,0.0,0.0,0.0,0.0,0.0,0.0,0.0,0.0,0.0,0.0,0.0,29.4877,0.0,0.0,0.0,0.0,0.0,69.88357,0.0,0.0,52.644005,0.0,0.0,0.0,0.0,0.0,0.0,0.0,80.44175,0.0,0.0,0.0,0.0,0.0,125.551186,0.0,0.0,105.77016,0.0,0.0,0.0,0.0,0.0,0.0,41.34916,0.0,96.48383,114.13981,0.0,0.0,0.0,0.0,0.0,0.0,0.0,0.0,0.0,0.0,0.0,0.0,0.0,0.0,0.0,0.0,0.0,0.0,0.0,82.39229,0.0,0.0,0.0,0.0,0.0,0.0,0.0,23.116776,157.13527,70.2898,63.902653,51.06191,41.30313,133.91237,52.594425,93.70499,126.318855,0.0,0.0,0.0,0.0,0.0,0.0,0.0,0.0,0.0,0.0,0.0,0.0,0.0,0.0,0.0,0.0,0.0,0.0,0.0,0.0,0.0,0.0,0.0,0.0,23.955776,0.0,0.0,0.0,0.0,0.0,0.0,0.0,0.0,0.0,0.0,0.0,0.0,87.48869,0.0,50.308186,76.97976,132.19476,126.987976,52.12016,57.744682,60.469135,64.62621,29.00171,0.0,81.67645,0.0,57.231262,78.568665,84.60904,0.0,108.86581,81.663315,72.710594,34.237576,97.03767,129.26968,52.678368,0.0,0.0,0.0,0.0,0.0,58.89624,60.575474,73.71065,103.62747,0.0,0.0,0.0,44.22135,18.94652,63.808666,0.0,62.123047,63.272213,21.50272,0.0,0.0,0.0,59.718346,124.19858,0.0,0.0,0.0,0.0,0.0,0.0,0.0,0.0,0.0,0.0,0.0,0.0,0.0,0.0,0.0,0.0,0.0,0.0,0.0,94.59522,0.0,81.20815,20.445086,117.8719,57.103928,56.128246,70.434906,67.25539,38.448097,78.535225,33.591125,81.843544,0.0,0.0,61.86385,23.414501,60.122284,71.258026,53.65048,59.69132,88.00777,23.705343,40.936596,0.0,0.0,0.0,0.0,0.0,0.0,0.0,0.0,0.0,0.0,0.0,26.387508,0.0,0.0,0.0,0.0,0.0,84.60904,0.0,0.0,132.2148,55.150284,63.81829,0.0,0.0,69.88357,0.0,0.0,75.356026,61.31602,45.496216,0.0,0.0,0.0,0.0,0.0,0.0,20.892176,0.0,0.0,0.0,0.0,0.0,0.0,0.0,0.0,0.0,0.0,0.0,0.0,85.29806,60.314835,112.79207,0.0,0.0,0.0,69.074875,0.0,0.0,0.0,0.0,0.0,0.0,0.0,0.0,0.0,16.852045,71.95744
C15x13_C15x14,12.294483,5.1251936,7.4825597,9.899385,9.941734,0.0,9.231508,7.8380547,28.035353,28.605354,31.00024,0.0,25.43276,18.245,10.649132,9.480532,44.059376,0.0,0.0,13.838615,8.15514,31.874048,10.154583,8.2911825,6.968403,17.62739,12.813423,13.470796,20.345566,13.544122,13.140223,27.258396,20.25107,12.560966,14.31967,0.0,0.0,22.74408,34.48895,41.15313,39.807213,54.89001,61.926235,32.462353,57.28315,58.065716,42.20821,40.83019,0.0,71.73686,3.9255407,9.973389,7.4095263,0.0,0.0,0.0,9.462005,6.0866704,13.634813,0.0,0.0,0.0,64.34197,25.865587,16.736847,18.41713,41.070213,9.108099,11.5949955,26.818064,11.923556,23.032227,71.85253,57.9527,24.558914,137.459,0.0,29.386862,19.212244,20.77965,24.724155,18.864376,34.99265,13.981926,21.580238,19.255033,0.0,7.196786,0.0,8.6283045,5.133088,11.361453,19.159,20.292389,2.4536932,36.297188,26.384577,0.0,12.321054,0.0,16.314598,37.202423,68.945,16.96785,31.272173,14.524818,13.05368,62.714146,16.648848,10.547108,13.304659,0.0,10.871078,0.0,7.240115,8.712459,4.3562293,3.6650424,15.147053,24.4787,5.134115,5.1036196,11.7218275,3.6088037,23.393906,9.315296,6.5869093,11.21707,8.265126,19.566319,0.0,0.0,0.0,0.0,0.0,9.3634405,27.772259,34.855606,30.943584,11.913511,17.334642,17.102295,21.74804,8.372538,0.0,0.0,50.813496,63.342308,74.47823,22.524658,30.146152,61.899563,25.918615,32.423523,40.41802,0.0,0.0,10.235371,38.801586,0.0,0.0,21.698181,20.989777,57.725613,30.236423,21.181463,25.191376,0.0,14.863496,0.0,14.811225,33.89798,24.977211,24.161749,6.9635787,14.150963,23.10883,12.240807,10.650659,0.0,0.0,22.714214,21.972635,80.17544,28.328527,25.700125,27.403654,38.528683,30.73168,29.238064,11.473071,12.875114,13.636767,27.139503,4.022596,8.393115,0.0,9.265433,36.828144,16.755621,5.6714754,19.588802,12.847984,25.543898,18.75302,3.8953242,0.0,0.0,25.305172,9.468624,46.65886,21.767078,21.271856,39.75691,29.294271,23.274462,34.49834,41.80253,10.398031,16.616682,9.462909,5.037555,4.4452195,11.5793495,4.067799,6.5417843,2.9464927,4.3433447,5.417028,37.754646,17.321411,2.62863,6.8473167,16.26042,12.491198,0.0,49.074688,15.168721,13.19822,10.680286,27.21877,11.776416,21.098505,0.0,0.0,15.616941,13.345548,12.845893,14.407175,27.947136,13.381347,9.716784,15.491356,35.884663,26.441063,32.372055,23.651276,11.248426,0.0,8.767205,55.135387,3.7635896,18.493246,9.033469,12.755745,12.504256,20.258554,19.396935,0.0,11.03753,19.703983,25.713827,31.668888,35.23486,17.869904,31.081509,24.689493,0.0,39.120564,178.32532,13.425759,11.008531,53.250114,55.85259,39.551785,35.638912,23.757235,42.96137,41.785316,39.143116,29.20778,14.813178,52.357853,0.0,0.0,11.670404,0.0,16.14046,16.46488,6.8459716,28.141123,0.0,16.72692,44.35074,0.0,25.42815,19.05902,0.0,41.674503,23.842752,3.5987327,0.0,3.733447,53.692787,31.785223,0.0,48.30947,36.645588,22.912565,15.318043,18.807009,5.8786383,41.232372,36.44131,0.0,0.0,22.914125,5.1831527,28.178665,14.025992,5.965017,8.366303,0.0,4.5723743,20.417439,36.374893,12.881258,7.3339143,0.0,0.0,38.971478,31.26061,31.247879,0.0,28.866861,32.6237,44.816788,47.459267,34.361073,21.48418,40.300045,0.0,9.078652,52.143314,25.121534,38.864796,9.865525,25.668533,18.989384,44.504955,2.7568269,50.63923,104.474464,12.169715,37.250877,31.034775,35.143852,49.191216,15.145135,11.398017,6.4902916,4.8174634,11.473071,35.471214,26.022148,2.5577896,0.0,2.4269025,29.515352,19.432901,14.715012,16.596243,10.125502,11.332252,11.891225,0.0,6.280297,59.994835,14.484362,33.338688,32.606247,46.964645,6.6912875,9.606985,10.8835125,19.374697,0.0,19.209982,12.010997,0.0,19.537605,7.165744,30.104208,0.0,29.932741,30.901287,0.0,26.971268,28.986595,0.0,31.037836,42.219257,40.55154,13.336477,2.08155,37.183727,31.862566,20.762009,41.983974,41.504837,52.282837,37.654335,36.955944,40.44482,40.481342,17.85723,0.0,0.0,0.0,0.0,0.0,0.0,0.0,0.0,0.0,0.0,0.0,50.763515,0.0,12.947299,21.22096,45.54976,35.98337,13.403524,13.615651,10.876737,22.74152,31.579039,44.855602,6.8336496,3.7248192,42.034626,6.9760118,0.0,54.177532,15.732757,26.576262,0.0,33.72454,9.25494,20.593498,14.118602,32.110447,27.887005,26.983917,5.1620398,7.712682,19.80498,12.989896,27.864832,6.987433,18.243666,22.792734,15.248583,10.015158,16.240175,13.456227,91.256226,61.367558,11.043517,2.9487631,8.46744,45.504574,16.161804,19.687916,23.714304,32.57751,18.613264,4.5985045,30.75628,17.219997,39.45825,43.472534,0.0
C15x13_C16x13,11.053891,9.391731,3.2795482,15.727818,11.076333,0.0,4.561552,9.17071,41.377686,14.28415,44.458256,0.0,19.960783,23.74176,12.668278,6.9380555,53.23744,0.0,0.0,11.858375,3.8724902,26.418776,11.995626,9.794388,8.311677,14.727474,9.377135,8.323836,15.65719,11.8826475,10.095745,37.906,31.188173,24.042742,25.465036,0.0,0.0,38.527073,31.24078,38.23288,33.21295,50.384266,82.75088,26.837395,51.3128,59.80165,38.076332,40.70463,0.0,86.168816,4.3507476,12.4135,7.9038043,0.0,0.0,0.0,11.143479,5.072861,17.316383,0.0,0.0,0.0,58.975536,22.597092,21.864347,18.55444,34.952084,12.192941,4.641604,33.918777,15.401053,25.278938,75.7067,42.232788,28.455248,139.62662,0.0,17.717321,32.74557,14.519259,37.648308,44.145527,43.43087,12.210327,28.254993,17.301815,0.0,4.552899,0.0,5.884539,0.0,5.8317165,9.650145,12.356384,11.818965,27.533676,17.530977,0.0,12.136707,0.0,20.822323,38.785145,39.778522,13.589224,24.590387,17.627903,12.761398,59.409306,15.798383,13.589224,0.0,0.0,0.0,0.0,0.0,0.0,0.0,0.0,0.0,26.05189,7.3947067,5.0388856,14.118212,3.56303,41.69353,12.0778885,9.861555,15.748898,12.766129,20.988842,0.0,0.0,0.0,0.0,0.0,18.85628,61.12271,16.302694,17.052534,6.127557,24.540663,18.210238,28.314148,17.162462,0.0,0.0,52.55848,75.65404,54.27552,16.638754,0.0,60.86213,37.69093,30.923126,44.51155,0.0,0.0,13.131024,47.879826,0.0,0.0,15.4867935,9.720753,38.747402,14.789649,20.92714,17.909262,0.0,15.990171,0.0,11.532214,23.562584,17.484463,18.691364,9.876166,11.211113,30.870901,16.301952,17.673626,0.0,0.0,21.893187,14.258405,54.84575,19.014502,32.424515,20.614414,37.09123,34.6256,31.8259,10.516879,6.521706,7.987426,0.0,5.705087,16.30043,0.0,13.47076,31.429033,12.110233,7.7582607,37.516987,15.301542,24.762964,19.568834,18.177767,0.0,0.0,20.718431,4.828806,55.21653,19.526102,20.142588,32.23385,26.128906,20.579674,30.889711,40.275913,9.504659,17.26668,9.752657,7.5182543,0.0,0.0,0.0,6.978177,4.0306373,3.841224,5.169789,35.15487,31.887932,2.7442424,9.248608,20.194208,9.646547,0.0,57.161137,14.578839,12.205586,5.900278,27.90051,12.471297,27.015574,0.0,0.0,13.27704,12.554141,13.702823,11.149567,17.209862,6.684782,3.6797216,22.90594,26.624516,19.756548,29.62888,19.777433,18.83944,0.0,21.751528,55.427036,19.643583,36.030907,19.533876,7.379779,14.536172,42.67378,24.210888,0.0,9.841317,42.607677,42.760612,41.742336,43.326977,16.521122,50.861683,37.00985,0.0,58.71558,194.68886,17.490862,10.1156645,64.50201,39.755875,40.172646,23.390629,15.202103,27.851162,27.808023,27.907835,28.277473,10.782557,53.549854,0.0,0.0,6.8719163,5.8523493,26.338026,14.108832,11.171268,25.750835,0.0,21.363796,48.31544,0.0,40.76778,28.021805,0.0,49.68731,29.40653,19.09506,0.0,13.312886,50.235664,47.437374,0.0,57.804703,37.998795,15.495751,28.601492,16.731691,2.7070806,51.694115,52.485413,0.0,0.0,25.581402,0.0,27.071444,14.733184,6.486685,6.376535,0.0,4.150357,22.897127,31.029095,22.917856,9.128246,0.0,0.0,26.292345,21.97255,34.384842,0.0,31.624336,36.572662,43.81353,48.514538,27.460619,16.136868,37.312916,7.3901043,10.268455,30.237463,26.321537,34.449463,10.3077545,22.43921,19.840597,58.75633,3.666714,38.967823,110.743095,11.979764,34.801098,38.330185,31.521124,42.72808,20.096615,14.438996,6.5158525,5.8844676,10.516879,50.516937,30.878637,3.2523077,0.0,11.446636,22.805185,19.387121,4.492275,34.63236,12.14745,12.665499,13.33644,13.2682,15.6750345,41.69039,14.63268,25.197498,17.533564,28.42514,7.9630117,7.8763733,7.9019446,12.62301,0.0,12.323599,10.840657,0.0,21.058115,13.770886,12.291531,0.0,19.291357,26.14273,0.0,22.371656,28.970026,0.0,27.231924,40.87462,31.43699,13.949239,0.0,26.650232,32.525814,24.342575,32.9879,38.362843,44.41087,45.96497,34.36229,39.78826,39.767097,19.58941,0.0,0.0,0.0,0.0,0.0,0.0,0.0,0.0,0.0,0.0,0.0,41.45009,0.0,21.021273,20.004263,52.073246,32.083088,17.546608,19.62644,22.466331,19.646877,29.62888,37.562275,5.122522,0.0,23.914633,12.963844,0.0,56.72809,28.237427,46.01541,0.0,24.226,9.562681,14.531926,13.005697,21.70705,18.762627,26.059721,5.433346,7.824656,12.424165,5.6933713,28.896502,9.171548,10.235175,17.382849,16.625088,13.738496,10.894849,18.83944,82.362175,64.01359,4.373963,3.6235693,29.881012,39.457592,17.239935,24.438465,30.091139,27.89653,17.631315,7.53866,27.806763,23.197044,34.81247,39.056217,0.0
C15x14_C15x15,0.0,0.0,0.0,0.0,28.890211,4.9696774,4.4400535,5.513979,27.045893,27.192081,35.18442,17.33109,26.105394,15.418448,6.467764,11.362506,0.0,0.0,0.0,13.180538,5.737045,19.118544,17.690151,14.485299,13.0006695,12.283224,15.357008,0.0,20.941519,12.073031,10.329256,21.382257,20.03604,11.381362,11.256395,13.356572,0.0,33.518204,24.736727,40.34421,42.173344,54.656975,69.607216,22.845886,47.95791,42.382748,52.98871,22.70717,35.32372,59.584293,5.942975,11.165116,8.312354,0.0,0.0,0.0,9.012051,6.2074456,5.8412967,0.0,0.0,0.0,38.578194,30.98801,29.229044,26.233295,42.256668,11.765353,8.7224865,24.444017,11.869515,22.716284,41.873005,41.3353,19.11156,121.2234,0.0,28.151455,28.386284,19.938768,23.230766,20.56741,39.192135,12.339045,12.055395,22.830275,15.219284,5.5752683,4.033333,6.2725244,8.3118515,13.276066,16.264017,13.433413,12.50969,24.921114,31.157434,20.770395,10.8625145,0.0,13.428466,26.838875,50.82624,22.233164,20.508152,18.130333,15.257183,41.468513,12.486174,9.463939,6.187921,11.645045,8.688825,0.0,11.513316,7.125649,0.0,7.4583616,18.953913,29.264753,10.486957,4.050868,19.317616,4.050868,37.669765,9.358834,6.6176953,8.965362,9.90583,17.437765,6.7619305,40.673523,9.457815,0.0,0.0,11.222171,21.877533,19.779928,58.26647,9.027899,13.333216,14.7318735,20.858303,0.0,10.430868,0.0,67.41564,69.795166,64.59233,22.620173,27.502716,59.274742,26.452932,37.30639,35.157364,0.0,0.0,0.0,46.652832,13.559528,14.035439,25.890375,14.7007065,51.38008,18.004616,21.103825,29.059496,19.371853,11.968918,11.145899,10.243942,24.604465,27.185482,14.181309,0.0,16.960062,45.115204,8.513945,4.8342676,0.0,0.0,30.056873,17.06647,42.855927,32.660404,35.39695,19.560183,28.561432,28.994751,32.580997,12.776338,16.010416,12.702951,39.136726,4.7734256,0.0,0.0,17.458143,30.04446,17.982416,6.9621778,16.343498,10.803162,30.691515,18.490564,16.141779,0.0,0.0,29.758768,5.9879274,30.175138,10.760537,17.664139,30.626913,33.839684,29.19125,42.469513,29.749577,10.408207,19.939293,8.314547,4.34015,5.635546,25.777048,3.6567118,8.43796,4.4375987,4.404571,4.8321147,23.081758,20.381847,3.250257,14.86671,12.706506,15.611032,7.853882,28.511047,11.998195,6.812645,9.904459,22.570253,12.032072,20.702793,0.0,0.0,18.71705,11.493957,11.772268,19.335108,27.984207,16.03767,8.37158,14.430739,27.938951,30.869755,27.997059,36.504887,12.690227,0.0,8.062421,73.263756,19.841206,14.006327,9.473444,13.3639,13.100421,23.276524,21.164799,0.0,11.563766,20.432966,26.651367,33.397736,36.37224,18.721886,34.076977,23.389463,9.629548,39.503418,167.841,10.870687,18.020325,77.305565,65.58803,59.070568,24.555346,12.274706,28.122171,23.798983,42.63844,42.364006,21.806028,39.329098,23.366327,0.0,6.3757553,9.041005,15.356949,15.681913,0.0,27.216991,4.281218,15.695862,44.003246,0.0,24.808777,15.6516695,0.0,40.763344,23.651056,10.3869705,0.0,3.5559082,51.6314,31.595818,0.0,51.58507,35.711487,24.587156,16.825378,31.059206,5.5517488,22.327608,28.64328,0.0,0.0,35.977566,10.404673,24.573261,14.347584,0.0,5.159713,0.0,9.282309,9.596695,24.691017,8.975996,0.0,0.0,0.0,26.123259,21.783207,24.040836,0.0,21.732025,22.883076,32.209194,33.96902,28.402943,20.816484,32.06285,0.0,0.0,37.0298,22.733707,57.464993,14.60674,39.968967,22.91661,50.135212,14.856197,46.6354,93.86699,8.227452,43.45039,30.918617,39.806522,54.91306,16.732641,7.532276,5.1515036,3.823739,9.034235,38.02637,26.02001,10.829757,0.0,12.014706,24.639269,15.589577,9.825956,14.475997,9.979592,18.292353,19.760614,0.0,0.0,52.714474,32.385944,34.177372,14.536226,23.107529,3.584786,11.038666,7.312268,12.528894,0.0,14.952338,10.958551,0.0,28.647415,6.612962,24.657314,5.004088,11.616832,34.6837,0.0,36.065044,25.288683,0.0,33.415947,44.41037,47.10429,12.090215,3.2444832,27.930252,32.188057,16.361286,42.095413,42.926437,53.54941,39.013077,39.806522,43.022717,43.87737,18.62786,13.292077,5.542703,11.306041,0.0,8.020907,10.691148,18.122585,12.477297,22.558458,12.326314,0.0,37.812424,0.0,16.314388,27.055756,77.0724,48.24854,8.942459,16.297266,14.219074,8.810995,27.154015,62.85965,5.754717,4.1739326,24.700014,0.0,9.247262,53.634228,13.003498,36.67504,4.8893476,23.737516,19.209364,7.7974863,13.472538,31.902609,16.23463,31.52057,9.152729,0.0,18.9746,10.149707,37.934204,10.347441,22.952652,30.42773,14.308224,14.242256,18.754826,15.2866335,81.18703,39.668003,19.543198,0.51665556,6.6168075,40.307587,17.503426,19.017815,28.609392,40.2693,18.228146,5.993534,29.774864,14.933953,33.04369,45.35787,0.0
C15x14_C16x14,0.0,0.0,0.0,0.0,17.556486,8.292154,8.328989,9.7150345,29.006031,24.678957,50.018353,11.700297,29.549335,14.065318,5.122139,9.469486,0.0,0.0,0.0,13.908976,3.3593814,32.073086,16.365988,12.41312,12.344855,14.943159,12.798494,7.8340306,21.348019,10.061636,11.08059,29.189236,18.595058,13.341842,13.148691,0.0,0.0,21.668179,30.067963,42.537792,42.955536,62.577694,79.76893,26.44665,52.05539,51.963963,44.506016,25.787146,0.0,92.585915,5.3509054,11.706692,7.45777,0.0,0.0,0.0,7.239758,6.759751,6.4541707,0.0,0.0,0.0,60.09174,23.979103,23.257069,23.129171,39.997383,9.374477,0.0,21.519995,10.981045,25.574247,58.110924,57.39168,26.042114,130.62758,11.176283,27.866003,39.629944,13.3097,30.455856,18.695078,36.503315,12.889296,19.402542,16.964565,0.0,9.488543,5.6328673,14.61484,13.581463,19.246819,19.630817,15.3533745,18.803968,30.167229,25.837584,0.0,15.484756,0.0,12.704783,23.372753,40.155514,19.781816,32.5123,15.109777,21.300474,51.89436,16.369545,11.480069,9.716821,0.0,9.358007,6.7236223,6.555955,0.0,0.0,8.0008545,11.98848,50.99446,6.3312206,5.3658233,25.73848,5.3658233,38.934956,8.462688,5.028753,11.4780655,9.117776,14.470106,4.909811,33.637558,6.8429995,0.0,0.0,9.037801,34.007446,22.994005,44.039803,10.3046465,16.545906,13.143493,24.042759,0.0,2.6091583,0.0,55.492428,83.80205,68.89657,18.40236,28.110067,60.902653,26.41351,29.674433,44.812923,0.0,0.0,9.582613,50.50027,13.036147,13.489526,21.360466,12.647584,48.811214,19.049864,20.47509,24.83934,0.0,15.333973,0.0,14.321326,29.759203,25.44335,14.742084,0.0,13.989217,43.534332,10.359813,12.765408,7.3263297,13.252268,25.154957,10.035574,40.354336,27.101004,22.802755,18.084589,32.32938,30.309446,35.149757,9.992076,15.854474,12.889013,25.9626,3.9790864,7.8853283,0.0,6.8953896,32.90031,13.534732,2.9355757,16.444984,8.118028,25.49652,15.610102,15.643489,0.0,0.0,23.254692,7.74884,48.17481,12.631764,21.792452,33.548,28.682674,24.52449,35.851833,27.641615,11.827306,15.5668,6.929323,5.2647443,4.44004,15.249269,7.7673593,7.0321755,0.0,5.3428893,4.2128773,21.795465,21.613718,3.7729578,17.849707,8.128436,12.3373375,7.7162976,33.207497,13.460999,16.586702,10.667842,19.704096,9.157289,20.298086,0.0,0.0,16.780357,13.603126,9.810981,14.913244,28.44656,13.365755,10.155002,12.338167,30.795979,26.329765,29.18503,22.82385,12.7848015,0.0,8.911119,70.84543,19.046392,18.002302,9.973779,12.273614,12.08686,22.200394,21.548615,0.0,12.193815,20.80351,24.193796,32.025356,36.84794,19.061401,34.97529,24.868423,9.151605,40.905426,176.14871,8.375632,14.311928,67.04955,54.663097,47.1826,28.984978,20.709448,43.192272,23.983,47.4566,36.77417,19.023243,53.542538,19.703707,0.0,10.386019,0.0,16.205667,16.548592,0.0,25.166168,0.0,15.125903,46.43513,0.0,27.227306,20.568672,0.0,39.388535,24.958157,9.843433,0.0,3.381669,55.536045,32.244972,0.0,60.38217,45.60257,17.740025,20.901863,22.555416,1.3618982,45.018635,33.902184,0.0,0.0,19.787945,5.628389,25.617096,7.6151404,0.0,7.597573,0.0,10.0425205,21.130146,30.741888,14.186914,0.0,0.0,0.0,31.642365,25.948788,29.370214,0.0,27.004345,28.939037,39.003044,41.859585,29.706934,26.340645,33.48908,0.0,0.0,34.30512,21.625616,47.991768,11.997852,32.830166,18.469027,49.537292,16.529125,49.26095,100.12302,13.156479,32.54113,30.954834,29.703625,40.459866,18.474363,12.227817,5.6524954,4.882324,9.992076,54.512474,25.878223,7.2272906,0.0,6.8103685,17.890535,19.263706,7.616542,15.64765,7.577895,12.145885,16.796404,0.0,0.0,55.636566,29.862684,33.2764,29.065964,27.75215,4.1175866,7.3311725,8.312763,14.760193,0.0,15.119111,11.865504,0.0,27.666027,9.017556,21.54579,4.852422,28.58867,37.020977,0.0,38.105377,35.369133,0.0,34.482666,50.40948,40.329285,15.019911,1.6232346,20.47154,31.931324,18.22086,43.918316,45.59147,56.19431,37.45686,40.907097,43.887875,46.087654,15.21605,0.0,0.0,0.0,0.0,0.0,0.0,0.0,0.0,0.0,0.0,0.0,24.595732,0.0,21.43612,21.86308,61.600586,43.779274,16.618973,14.67774,13.08087,23.161232,28.119497,62.89634,4.900122,4.3982024,18.713982,0.0,4.9769034,50.333447,16.865519,24.13357,0.0,35.141544,16.979723,19.588646,10.669561,37.497334,13.693594,30.222364,3.2561722,2.9325016,18.759527,3.4069765,32.6679,9.206569,21.024399,30.470346,9.479406,14.058975,13.152912,19.672943,84.29948,67.32945,8.522558,2.2351224,7.690348,38.83074,14.587313,17.818687,22.456015,33.40527,19.17734,5.4803276,50.666103,17.061575,35.938995,51.08195,0.0
C15x15_C15x16,0.0,0.0,0.0,0.0,18.513,2.825947,2.8251739,5.6632166,26.23686,22.972467,43.857784,25.023954,16.134697,0.0,0.0,12.589034,0.0,0.0,0.0,9.314358,2.8463795,12.498806,17.076586,9.1690855,8.485155,9.560332,17.014723,16.61339,14.270662,5.214931,14.139684,16.978703,30.217352,13.764821,14.505848,17.723827,0.0,18.179428,21.207094,31.403585,31.655727,32.167023,49.007496,33.191223,39.84559,38.84943,69.14114,16.178919,40.554367,69.17166,10.203127,17.771704,15.827897,0.0,0.0,0.0,3.408386,2.377358,10.1874695,0.0,0.0,0.0,24.691973,33.613377,18.113955,16.762817,28.192358,7.3497353,8.597273,40.501163,34.26338,23.92984,24.32662,43.862503,20.92682,129.14868,0.0,25.88341,20.385279,19.526907,23.447662,20.087452,34.08388,17.729933,25.228361,38.9218,22.829374,15.160497,8.936775,18.010386,21.666529,35.35837,17.126415,18.048412,17.592825,21.125181,37.59692,22.052275,13.3313055,0.0,14.774076,22.449816,23.903536,11.110114,14.677702,16.761078,9.794855,23.623272,11.26629,7.635124,0.0,0.0,0.0,0.0,0.0,0.0,0.0,0.0,0.0,22.54905,16.887323,11.823405,34.251007,8.8575325,39.003742,20.434818,9.80974,8.575565,4.009547,21.30536,8.522281,33.510735,18.708616,10.973439,5.386615,10.613454,17.811514,10.684896,46.456165,5.6548696,9.637038,16.722448,21.403929,0.0,8.638488,0.0,91.30015,96.31625,62.03865,31.67582,38.4301,56.979023,27.687544,35.99053,35.6043,0.0,8.23966,9.655826,32.651756,10.937098,17.612541,30.324097,8.962772,45.393692,14.679912,18.881754,36.66791,21.507368,15.026591,8.668767,13.489646,27.573147,47.84567,12.035813,0.0,18.864294,27.827076,0.0,0.0,0.0,0.0,34.827232,14.090113,24.308405,43.15729,21.619432,13.286723,56.516953,24.063934,45.017456,0.0,10.128493,13.024608,39.26471,9.526273,0.0,0.0,12.901854,25.860897,7.8471184,1.8202003,22.165522,18.478401,33.08282,20.369059,34.37431,4.495047,7.1464825,55.052044,0.0,29.699251,23.46443,24.35783,30.815424,53.471756,36.046387,58.20493,27.870619,11.321721,24.854113,0.0,0.0,12.305097,17.342957,7.2174892,0.0,0.0,0.0,10.122327,19.7502,18.643137,7.096868,10.002415,16.731112,32.66577,14.62702,25.146437,12.854027,5.9956884,22.87581,26.985662,8.563915,23.58257,2.1699944,6.38026,33.050518,21.027996,0.0,34.155746,26.522907,14.92048,6.796682,9.008441,26.26728,43.974686,28.107384,37.471275,17.65439,4.3433228,16.074781,85.71703,39.59713,10.45976,23.605124,10.211595,10.394853,16.101707,10.8586445,0.0,11.120802,11.674283,26.000305,29.798643,24.35712,13.8148575,40.147747,19.576275,17.454573,37.858994,165.7913,3.313197,26.595177,87.34597,59.71279,45.36808,23.538788,14.235609,19.386938,16.74784,37.299847,29.326706,19.818691,25.924236,25.0402,0.0,13.280453,17.543695,0.0,13.985568,0.0,16.099455,26.215487,26.102627,29.02464,0.0,32.246662,11.494573,8.248539,40.119637,13.945951,21.680687,0.0,0.0,38.478218,41.491425,0.0,35.78303,36.457634,29.646336,13.72966,22.264492,7.10115,25.65785,13.547548,2.706233,0.0,31.279558,0.0,35.215267,4.412936,0.0,0.0,0.0,14.160233,7.8748903,25.645504,7.8260236,0.0,0.0,9.3863735,24.249472,23.123556,19.56893,0.0,20.2947,22.434649,28.594173,32.704533,26.883804,19.153387,30.045025,0.0,0.0,35.42629,20.298002,51.046215,0.0,39.25935,7.201627,51.99974,15.204195,45.02079,97.95542,4.4549084,29.718172,43.621563,46.384747,41.448532,11.264952,3.4861088,6.80577,6.966069,11.79161,46.280273,37.692974,14.290277,0.0,12.599403,26.001255,24.122292,3.6682703,11.449785,13.147292,18.575111,31.841446,0.0,20.149633,45.362263,27.793528,31.207972,19.55089,25.91751,0.0,15.681212,9.055809,17.60244,0.0,22.968325,15.86591,0.0,26.666086,7.8471184,28.728403,11.39079,8.000522,26.054634,9.536118,17.729527,18.801552,0.0,30.70844,21.718925,28.95781,15.742112,3.9946065,24.593145,40.73312,12.084696,39.355225,45.01015,43.89438,34.427895,46.384747,33.143726,39.13876,6.823468,14.578047,0.0,11.064752,0.0,12.107892,8.751528,28.063622,19.385605,31.363573,11.947364,0.0,18.135489,2.97507,29.20994,28.478376,59.277477,60.90106,26.693714,13.03507,14.878626,6.8263655,23.788195,88.77992,5.0958486,7.6104016,13.624439,0.0,8.5919895,70.80919,9.755857,35.311226,4.2959285,27.322115,42.972267,7.937844,15.230845,29.23458,15.056069,48.207535,12.471336,5.0216193,15.793955,7.2605476,38.465748,0.0,26.847462,32.554985,12.583169,6.5916395,15.606307,19.327398,54.62314,27.13371,8.004934,3.4566185,3.512543,33.938656,16.310726,38.755962,27.749773,50.88965,16.937517,5.3351903,27.224785,12.880226,27.966965,43.076267,0.0
C15x15_C16x15,0.0,0.0,0.0,0.0,2.9736686,1.1086916,0.3954788,6.2519555,28.12208,23.048756,36.58445,16.098446,23.808186,9.842981,0.0,12.683407,0.0,0.0,0.0,11.084118,3.0330982,21.046108,13.441746,9.729967,8.563182,9.874753,9.687035,16.29681,15.893481,2.96903,16.166893,20.172733,19.78925,16.784498,8.503785,11.232674,0.0,20.672049,21.10572,36.007523,33.969795,54.304382,58.782967,20.598024,47.314095,39.20431,46.058586,20.47296,31.848137,75.28513,7.3313055,13.39011,15.731168,0.0,0.0,0.0,6.328402,5.3515916,8.245512,0.0,0.0,0.0,40.8488,24.252213,21.764925,20.220547,32.18655,6.6421824,4.5321455,27.203571,21.28639,25.964592,28.659117,47.398582,22.805052,138.15231,8.914054,21.188444,28.00575,15.870782,22.039251,13.975451,40.516853,15.053762,17.230804,31.458998,21.752958,13.098807,9.476109,15.561137,19.52827,26.638947,18.258808,9.250737,17.586952,21.944656,21.52749,11.250369,8.310467,0.0,18.34269,24.192698,24.382885,26.75445,28.45878,22.096601,12.053866,61.41894,17.93384,10.2978325,0.0,0.0,0.0,0.0,0.0,0.0,0.0,0.0,0.0,20.74525,18.144005,12.330807,37.02286,9.485939,42.768887,11.634206,4.999421,7.514049,6.4430313,12.129835,8.250277,38.882675,17.70305,12.241131,5.5981965,13.029679,26.112675,14.113318,68.72101,11.230455,12.046088,13.422711,26.880268,0.0,12.966879,0.0,88.01271,84.96541,59.555824,31.377874,38.150757,51.84285,31.663435,31.229965,33.258144,0.0,0.0,9.2609825,37.6606,15.086334,27.79091,16.58475,8.123425,41.800404,10.44278,16.51528,23.100956,12.07267,8.310655,3.189943,10.142761,31.89504,31.601593,14.046851,0.0,10.369597,27.134817,14.2546625,9.440806,0.0,0.0,20.007042,10.444684,21.65825,26.02193,29.25325,17.23422,32.992115,27.669306,41.334354,8.677213,13.1963825,12.6024,37.059578,6.520288,0.0,0.0,15.653204,26.517653,16.629936,2.1968846,21.243677,14.042213,18.977814,13.944758,22.841803,0.0,0.0,48.3085,0.0,28.784008,22.521313,24.661814,36.3017,34.588837,22.830738,31.310913,35.23267,11.205064,24.043295,0.0,0.0,14.06415,39.09222,9.010711,0.0,0.0,0.0,11.262539,29.506779,12.870305,6.938909,19.28715,11.181677,25.02574,6.788918,31.121063,14.257843,9.442912,13.023942,20.344942,12.355326,11.041419,5.019617,5.7587485,34.028885,20.550201,15.540198,32.27998,17.482634,8.494714,7.204897,11.602764,30.929792,27.148281,29.74817,35.9239,14.6316595,0.0,13.17976,76.166916,30.084307,16.180569,17.852575,11.540693,14.786782,27.285624,25.076414,4.240542,7.3821135,16.036951,35.701366,28.422014,26.40469,10.41925,28.003197,24.27264,20.090376,39.253277,158.02121,0.0,26.637186,80.699905,64.08648,52.71287,22.740108,16.560719,40.335,23.706636,52.77558,26.105364,13.353249,27.251965,29.698618,0.0,10.275126,8.913416,17.33618,13.187638,2.6530414,19.31245,19.405663,21.487339,34.53942,0.0,30.774078,15.9056225,0.0,38.41278,24.650305,16.185408,4.1684847,2.9559774,46.022976,46.993866,0.0,43.613415,40.332005,43.429874,15.583409,21.645538,1.3976836,19.740444,22.643158,0.0,0.0,32.257965,0.0,34.087124,4.5273175,2.5920055,8.9607,4.2004366,10.336392,12.136041,25.254072,11.090649,2.0242794,3.1805673,0.0,24.259089,22.974253,20.394745,0.0,20.47479,21.31759,29.262072,31.79519,26.898754,28.964825,29.640217,0.0,3.3030252,37.48719,25.710909,44.003807,0.0,26.9829,6.175814,49.53646,15.378468,42.585274,102.837364,8.144264,36.284573,46.13497,38.97961,49.01028,19.682255,7.8202863,7.2670393,4.7573752,12.5908,44.03518,41.423798,11.238868,0.0,13.028445,25.704819,23.610628,3.6076014,17.843363,10.985003,19.001228,16.871769,0.0,6.7274303,41.739014,35.340904,27.899536,21.391579,17.236803,0.0,11.191851,4.4559965,9.926884,2.2448409,14.132662,15.218179,0.0,28.838821,20.9697,23.182268,11.288715,11.696017,35.499424,0.0,34.100784,28.668715,0.0,32.714874,44.694218,41.664993,21.749048,4.1563125,25.042637,35.698864,18.922432,40.646595,48.447964,46.269417,33.23824,37.458305,35.882633,37.758865,4.432146,16.62522,0.0,5.4192014,0.0,6.456952,5.503922,21.851555,23.529957,23.917149,9.642384,0.0,11.6280575,0.0,18.943518,29.180038,71.19548,72.392845,8.83515,10.227739,11.12731,10.751187,24.09636,69.88636,4.5793424,8.433296,33.525978,0.0,6.6419864,72.68065,16.028337,38.88397,2.5170906,38.24546,34.695934,6.337586,10.2309675,33.11794,18.690697,35.543266,9.415133,0.0,15.095935,5.6239586,38.69184,0.0,41.202,29.30014,11.504257,11.301879,12.662849,23.000103,76.676994,46.172714,12.58971,4.6640296,2.1588647,35.528675,14.131292,27.585968,25.044647,32.963554,21.355854,4.8200703,29.71369,13.750456,31.112017,58.51345,0.0
C15x16_C15x17,13.761642,0.0,0.0,8.887299,19.5502,6.7848644,0.60322565,4.7848644,29.011267,15.481853,26.537445,15.853437,20.542253,0.0,23.066164,3.692661,0.0,0.0,0.0,8.331198,2.5116882,11.63669,13.121214,8.353525,9.752431,9.35146,16.67935,16.285927,13.895309,28.671682,11.538622,23.017338,24.658728,15.70149,11.837428,14.463446,0.0,14.48644,18.105646,19.348282,23.285593,20.480726,49.49751,16.67392,44.75294,40.452015,34.733696,7.4971123,20.372866,46.899605,14.957864,21.92723,15.882381,2.7221117,2.727217,5.2189736,22.77394,17.160019,24.022308,0.0,0.0,0.0,17.436132,17.329794,12.971605,10.827855,18.886631,0.0,0.0,37.41732,40.445374,27.316675,29.664782,45.168617,16.89694,117.04707,0.0,24.150564,19.227242,20.68363,21.48381,18.405035,29.089766,15.9934225,24.368544,32.397167,19.002386,12.770788,12.926527,8.125458,21.285984,25.456434,7.2687693,3.9283152,0.0,10.65553,3.9283152,0.0,8.660107,0.0,15.555278,25.09389,25.996058,7.6188235,9.100648,10.135359,6.0971065,15.649638,6.8126817,3.8932102,2.5781543,8.377497,6.648273,0.0,6.9014707,4.8965287,0.0,7.210501,15.779849,18.032076,16.382137,14.589513,18.594717,9.048091,28.944069,29.434727,14.130149,11.74088,21.093937,31.872444,11.060443,21.122316,5.977478,0.0,0.0,15.359753,26.226633,16.842144,86.56701,8.328591,12.450462,22.36879,26.726038,8.906036,22.924343,4.4531636,90.57093,124.356895,56.0669,26.068823,29.335548,48.41783,21.25755,33.64585,46.19687,0.0,10.704141,5.4454966,12.935283,0.0,0.0,36.912933,9.385657,54.88544,17.712635,18.708172,44.148945,25.895329,10.592576,5.2160163,18.875277,34.736927,20.069012,4.331806,0.0,20.686272,29.907593,0.0,0.0,17.366129,17.361856,49.473515,12.5793705,21.746977,22.871342,18.232105,12.386991,41.17222,30.114317,49.89285,1.3717761,3.5489416,0.0,24.039148,12.695658,0.0,0.0,19.77929,30.594175,6.571982,7.167775,24.962326,22.92371,5.442876,11.613664,30.317106,4.269567,6.0380793,26.73992,0.0,33.693874,36.63963,22.77904,36.9429,58.80405,42.985096,51.960743,38.325237,8.661521,22.548904,0.0,0.0,2.1265264,10.512034,3.6195033,0.0,0.0,0.0,10.7038145,8.14758,24.05947,0.0,0.0,11.48341,54.419147,18.659975,33.65685,3.5820405,5.0657706,23.632847,18.410547,17.839308,25.389381,14.634304,14.630705,47.625137,34.434944,14.514424,48.05665,36.22498,38.94354,14.959054,11.888573,31.979921,56.96508,35.618324,39.06424,12.959277,9.743097,4.8122125,85.931274,44.23341,6.82821,15.409601,12.096065,11.696858,17.171589,7.7183447,0.0,16.063591,7.6210594,24.6713,23.058159,7.488291,29.656536,32.73429,18.778275,11.394476,44.78084,183.74574,12.379933,34.64914,97.23795,61.72716,49.038727,22.930788,22.278723,19.9004,7.6210594,28.591925,7.488291,34.36938,21.76241,11.394476,2.7916133,16.963228,20.37896,12.241304,10.763299,0.0,12.308442,33.42795,19.66696,26.956297,18.56231,24.173822,8.846228,10.875017,38.66357,8.548049,18.079292,0.0,12.419931,42.262833,35.275543,0.0,24.181334,38.41963,30.255812,15.331949,14.868709,4.6184373,33.35684,24.388388,6.497441,0.0,38.22416,8.306309,35.431473,13.851974,0.0,0.0,0.0,16.77157,9.716263,31.938097,8.611614,0.0,0.0,11.581173,23.758528,27.30307,27.737871,0.0,23.845074,27.680504,29.24739,29.13236,31.39858,26.701557,33.39255,0.0,0.0,41.85845,19.675129,49.557114,0.0,33.056896,17.958899,70.6993,18.108055,38.07747,125.86216,8.136805,43.258278,47.614986,43.025307,45.996338,13.109777,3.5133483,8.0644045,11.014778,2.982562,22.153456,31.303194,9.290682,23.48693,22.875769,22.532955,19.850233,8.16567,8.846228,13.086519,6.0936666,24.633852,0.0,18.452215,51.618816,26.254433,35.046143,23.863073,24.23509,0.0,26.123924,9.9304495,21.19371,7.025202,11.575541,22.862461,0.0,34.38278,6.571982,12.300892,0.0,4.9193125,16.401478,5.8635106,12.028867,14.2444935,0.0,16.944103,14.960622,16.930956,21.035583,11.562399,24.496666,46.558594,12.496044,47.45673,48.104507,28.323662,35.59978,43.041435,31.464777,22.999786,5.3177767,13.225941,0.0,12.133423,0.0,10.4635515,22.842127,11.771373,27.934273,34.491203,6.811933,10.18601,23.388271,7.425169,25.133724,21.354992,57.24525,71.95346,29.059055,7.198349,18.389671,6.927958,22.956099,98.794495,2.5769851,9.342772,6.750918,8.462233,13.902197,55.389465,7.456182,37.132515,11.212686,24.18158,39.77273,0.0,35.962704,35.724407,6.6534553,55.483246,19.040062,6.754764,15.854692,9.19652,37.508636,0.0,35.800163,35.344593,20.360092,4.8806977,15.295158,16.759119,44.25707,34.22812,1.7356163,4.848842,3.1418881,25.73657,3.9979653,28.662724,30.278866,52.165913,12.604644,4.507714,18.771622,18.882513,35.91815,42.01948,8.354473
C15x16_C16x16,13.198369,0.0,6.6214914,0.0,10.494526,7.2868333,3.1164203,0.0,24.560596,20.070372,40.72324,23.451859,4.0711417,0.0,9.12136,3.4668722,0.0,0.0,0.0,7.0186067,2.115329,14.23327,19.48802,10.612256,11.130389,8.928409,18.634811,5.039657,17.298256,19.536007,17.826746,24.237984,23.481352,10.926697,11.514934,12.605413,0.0,19.654757,16.878487,26.25909,28.284351,29.245926,40.389587,29.02741,33.70953,39.385784,59.192944,13.051625,30.154799,68.795815,9.548846,22.498262,20.520367,2.6148336,2.43386,5.007518,0.0,0.0,12.332247,0.0,0.0,0.0,15.119702,19.795366,11.273176,11.823578,18.375572,0.0,0.0,35.932693,49.19861,31.698198,28.91324,39.41385,12.66974,123.15568,0.0,25.358282,23.6336,21.991663,15.99685,22.622961,42.0241,21.313932,30.328123,45.80341,23.333735,17.392433,15.359462,17.497799,32.1654,39.478054,3.8230562,0.0,8.252624,11.22061,6.976293,5.8354864,16.57821,0.0,6.4918485,10.458906,11.349898,19.27887,24.949854,27.19364,16.711046,42.51591,11.311188,12.654156,2.4726286,8.0346,6.3862658,0.0,7.024323,4.6961102,0.0,6.2249684,15.317428,15.221759,19.02823,15.393644,35.34641,9.223769,42.503387,21.810835,10.695735,7.5723753,6.7633715,14.474844,10.818587,23.147875,23.249027,11.843804,6.838024,18.361134,25.2035,12.306214,57.393593,5.3925653,8.372179,14.701302,18.968082,0.0,14.571546,0.0,84.53767,137.6806,61.302204,25.343025,28.5188,51.398594,42.657448,35.639477,53.207012,0.0,8.731832,5.635262,15.27067,11.650428,22.860048,12.781508,3.319861,25.971317,16.806555,16.248384,22.073675,18.464052,11.381206,7.3580546,12.021891,29.033812,50.98252,11.241285,0.0,10.828439,30.601831,0.0,0.0,0.0,0.0,28.958809,7.5217423,25.093935,42.33523,27.308678,10.996125,45.79391,26.741037,61.86058,1.3156284,2.218474,2.3944495,45.857784,8.411866,0.0,0.0,13.879069,22.758371,6.9098625,3.272315,26.541956,23.737282,9.666,5.2395587,21.392159,7.5823207,0.0,55.258305,0.0,32.49326,38.596478,20.32913,26.428913,43.687077,33.110046,35.34557,34.681324,10.437339,22.429726,0.0,0.0,4.8666,7.9622793,5.952864,24.321234,8.940303,11.317524,5.951617,35.6014,13.497184,6.421981,10.04045,7.672262,40.685783,0.0,26.858429,24.38785,6.3344846,7.0159645,17.13763,14.521719,24.983944,9.707198,6.460066,27.448511,22.437885,22.246426,57.771923,21.051926,21.143917,9.839006,13.82597,28.549961,50.132893,24.718649,28.974913,17.012148,5.9513807,7.6249003,91.642296,44.841557,18.276873,18.234152,18.024763,13.760299,16.809404,20.379604,0.0,8.816405,16.303429,34.326233,34.713966,9.09396,15.845787,30.692081,19.64414,17.423409,32.740204,149.62187,15.545444,25.31217,101.363075,52.798214,50.91402,22.258726,9.508512,20.221434,19.61275,41.293884,6.974755,19.062218,21.169521,20.96007,2.6773508,7.421065,10.373122,19.17216,17.689447,0.0,12.870124,34.648655,22.431587,33.14396,0.0,31.506788,21.017658,7.0513954,42.03787,23.43571,18.523966,0.0,11.915176,28.635626,37.14612,0.0,20.902342,34.787304,23.774967,14.177169,12.516047,2.8295512,30.527847,23.17258,6.937624,0.0,29.0652,8.632644,30.641558,6.8528013,0.0,0.0,0.0,12.935708,11.6848345,31.968359,8.797281,0.0,0.0,12.19534,20.283876,21.34004,24.575363,0.0,27.018532,22.193457,35.192074,29.539114,27.903938,24.885233,37.96664,0.0,0.0,42.19472,21.912674,36.758358,22.979044,27.510855,8.410753,45.853973,30.671995,51.823654,119.32181,7.7268844,24.591303,39.508705,38.68293,37.415936,14.714732,4.2903743,7.984036,16.982433,4.414419,52.49244,50.631645,29.037384,0.0,16.31947,15.811308,17.553625,3.7278855,23.175188,9.968753,4.211415,23.37633,0.0,15.00588,35.37905,32.883724,24.220861,18.400686,19.31012,0.0,19.95175,5.3101177,10.060846,4.7602773,25.001131,13.460374,0.0,26.093863,8.001067,13.805978,13.499957,7.1729765,23.738115,9.055655,13.156458,18.248446,0.0,28.120024,21.93428,28.192142,13.085295,3.6395996,36.057507,35.334362,22.638666,46.537186,51.1293,27.045635,42.998493,30.735273,48.871616,25.738905,4.313198,11.426427,0.0,5.5163565,0.0,12.1470375,10.771395,25.972145,13.983159,22.25561,4.382754,0.0,30.995068,4.5162253,22.006365,21.595343,72.69857,81.5208,22.278667,11.787107,15.448512,9.224087,16.416927,104.06837,6.1110516,5.3624763,25.993174,0.0,13.201825,70.1439,15.731578,28.180698,6.218868,27.327677,37.85249,5.3773484,21.062895,38.378475,24.854435,52.51285,11.818122,0.0,13.534083,9.315676,31.766802,17.242483,23.443434,27.417982,19.334381,5.3759727,14.803399,21.836283,57.158066,21.429913,0.0,8.338286,0.0,33.542393,21.754572,36.55892,46.32078,42.688976,9.531284,0.0,17.966076,21.554686,32.058395,54.97318,6.8638887
C15x17_C15x18,5.239477,7.0679045,16.584318,16.07237,10.432953,0.0,7.409824,17.260994,28.55749,11.98887,33.3999,14.401371,31.028666,0.0,18.214176,1.2468736,54.2322,0.0,0.0,6.421849,4.029803,19.058323,26.77609,16.918722,14.7823715,18.663082,17.068426,0.0,23.926943,13.228004,8.987082,27.899807,25.515928,19.401154,12.883277,13.487268,19.865707,14.93977,17.623503,16.772514,22.594154,9.596327,18.761856,4.3287888,18.761856,12.94517,8.573367,0.0,4.53173,28.503592,9.914673,14.257784,13.039537,2.2520463,0.0,0.0,22.190025,11.770006,12.811081,0.0,0.0,0.0,22.445953,20.102352,19.926039,17.409948,28.179976,0.0,0.0,30.20008,18.300917,15.7990885,19.267862,28.99886,19.349854,90.01481,3.3490274,14.191613,19.706356,24.390049,11.739908,14.191613,30.115658,27.664951,33.8652,36.384274,19.232084,6.7808175,9.127245,0.0,11.729701,14.052311,14.492688,9.623825,1.9538223,20.841194,19.060434,10.075007,3.562146,0.0,25.672108,18.31419,31.1542,6.2448835,6.520896,5.3350787,4.5216546,14.754077,2.6937408,4.0565515,3.6205652,5.500222,6.533584,0.0,6.1610527,0.0,5.9426947,4.2266545,8.402742,22.026762,11.242316,9.7240095,12.069978,6.0306144,21.514877,24.212791,12.225308,21.680824,18.686298,9.370329,3.0008514,15.468475,0.0,0.0,0.0,25.127306,40.75544,37.987896,126.76694,21.196054,19.386106,16.708527,23.929222,16.063446,21.76228,0.0,65.63681,113.884544,50.988037,21.738626,23.563358,44.41651,24.304092,23.722425,45.31133,0.0,0.0,7.0302496,33.564697,17.558964,17.138544,38.3089,21.463787,76.70193,54.330326,16.54719,15.070694,7.966102,7.4526944,10.650912,9.829979,10.6424885,0.0,0.0,0.0,13.429613,34.475574,0.0,0.0,13.713703,16.480946,35.149506,19.693636,29.44973,29.328138,12.657602,16.432026,38.1542,27.918526,65.788,1.6418241,4.2475863,1.4860681,82.929825,15.061607,18.648197,17.387331,25.761568,25.761568,10.487639,6.42208,21.26689,13.130487,2.9870954,9.135391,24.911999,0.0,0.0,7.445681,2.4104347,24.561197,8.99135,29.45381,44.944626,38.73694,7.0030556,38.138348,56.701656,12.576525,16.540342,0.0,0.0,0.0,0.0,0.0,18.101116,7.1131773,13.763267,8.0476,12.306757,30.662643,0.0,0.0,18.84381,30.008963,3.8672638,30.47144,29.397835,16.471077,25.392094,16.31121,0.0,13.217393,11.556433,13.888368,39.315475,23.261942,8.888495,9.888971,46.6495,7.570613,9.049904,22.338495,46.98956,40.499428,40.794918,46.483856,24.581211,8.741428,10.569729,63.8999,53.172756,24.465288,10.851685,11.035062,20.911295,15.9327345,7.1615,10.007884,15.646901,8.220891,30.2795,23.07019,15.862358,27.149714,35.12701,21.23471,9.002554,34.961235,193.85031,10.273539,24.438469,97.74821,49.04005,57.500027,17.724031,14.147486,14.552414,8.691094,32.01137,16.769623,19.228537,22.449253,6.3759775,0.0,12.238131,15.665264,9.249624,3.562498,13.221034,9.611849,35.86347,16.481567,24.19611,21.693222,33.642082,30.592232,8.382674,30.835709,6.589002,20.51056,12.5142,9.573524,30.110641,36.752235,0.0,26.592714,10.6424885,50.056313,12.336127,23.18707,0.0,29.718893,26.444004,1.1813079,0.0,21.916416,6.0082006,37.681946,17.436642,11.543792,0.0,15.581691,27.987144,32.14439,44.283173,27.474878,13.89183,13.149134,0.0,32.06818,36.171227,38.433422,19.01178,17.414328,16.402906,34.797802,41.701504,7.3430276,42.98861,42.356018,5.0270834,15.920068,41.4523,18.41588,26.256105,23.13724,55.15691,20.889288,73.83833,18.26372,11.858432,109.9257,7.5034976,39.60177,41.917458,49.795513,53.029568,6.402925,11.1508,2.5096028,7.9098406,3.5697095,33.07101,37.760563,11.952779,28.523436,26.968403,0.0,0.0,0.0,33.118904,19.322544,7.359206,9.014569,15.046842,16.477453,53.3743,43.808956,14.690314,64.64777,28.723774,0.0,15.15186,6.7807612,7.609361,5.834972,0.0,19.850824,15.058562,33.548714,10.075343,25.703693,9.916698,17.060184,23.502672,0.0,17.019737,20.398,10.090236,11.709003,22.132488,22.479864,24.760008,4.5932193,17.77478,31.277086,41.21061,56.7731,40.788017,29.279325,21.029293,28.25353,34.38067,21.857374,12.602235,8.742932,0.0,7.098656,8.495658,0.0,4.001692,0.0,20.781466,20.47566,4.8288064,7.2488213,5.896845,5.793799,16.578539,50.58843,37.836617,76.959915,36.225765,5.3676763,12.184479,22.525877,28.07662,118.48621,2.9568927,15.769735,6.473859,13.556251,11.26517,49.603436,12.687684,32.221905,2.3103778,36.79972,48.205154,0.0,18.931562,33.05236,7.544344,43.689983,11.922464,0.0,33.6419,5.6501393,41.156372,21.187946,46.020046,36.83276,18.18349,11.695432,17.574678,21.350426,69.102104,36.202282,25.11202,5.186546,6.044501,26.758745,9.87834,32.328613,15.001371,31.82453,20.17496,5.4274435,25.177658,11.406362,15.546999,53.91687,11.265739
C15x17_C16x17,0.0,0.0,16.687775,5.713789,18.784023,11.635491,10.339919,10.329553,25.051327,14.469976,31.221107,17.086512,23.338144,0.0,20.163157,3.3582492,61.637688,0.0,0.0,8.156881,4.295051,8.021589,0.0,5.1143746,0.0,14.013196,4.9643655,15.698702,8.858356,20.769426,9.814897,19.59044,18.664055,14.1913,9.42369,9.86549,0.0,22.600605,24.46035,27.556837,36.300465,17.6681,32.917236,12.450145,29.128735,34.23099,24.658089,0.0,15.095651,50.805523,9.260274,13.824309,12.178888,11.925958,4.4888844,13.441564,18.754955,21.353683,16.774328,0.0,0.0,0.0,23.60761,18.103449,17.484602,15.678767,25.375036,0.0,0.0,26.82582,32.271263,22.436749,33.291233,48.031063,19.051254,115.22863,9.748643,17.74302,20.093716,28.686474,15.179004,15.236358,25.935452,21.13453,31.93575,27.795624,14.692274,12.53413,12.539838,0.0,20.481377,21.399696,7.961176,5.286595,2.4690282,9.889102,10.470346,5.5344405,10.540695,0.0,24.75661,26.09236,28.759102,25.532234,20.355986,21.815979,17.838182,42.9314,11.015132,16.587881,7.9108453,10.555287,16.679325,0.0,10.629027,0.0,5.5938125,7.4632654,19.351658,34.124363,11.563398,10.3670635,14.267092,5.8014565,30.007723,22.087526,11.152239,12.630343,7.0604205,16.605328,6.6833897,12.06221,8.789833,4.7205358,2.682456,10.807769,20.365322,14.639483,50.54181,8.377597,21.051477,17.82052,25.260235,8.471627,8.076576,0.0,65.0532,146.13545,47.72376,17.926607,23.874676,44.248623,21.977339,26.632195,56.161144,31.84327,0.0,8.904372,24.343569,19.919704,20.631035,18.024855,10.099002,45.295094,43.423565,10.587419,27.068699,17.162102,9.141697,13.064726,23.4181,32.02417,27.109133,0.0,0.0,20.100618,47.228905,0.0,0.0,5.168775,21.654716,25.29389,14.171711,28.7433,29.357811,25.61987,16.448654,51.274006,26.22489,77.87976,0.0,0.0,0.0,26.116783,12.574998,7.429473,2.9595037,20.71776,39.661285,12.330365,7.145577,24.811478,20.203512,3.4400985,14.623704,26.518684,6.3666773,3.5671346,26.240559,0.0,35.066246,34.05006,23.189964,36.02849,30.49888,18.757679,23.033428,47.755474,12.166713,16.001368,0.0,0.0,0.0,0.0,0.0,18.451782,11.38614,14.029898,13.903815,9.2565,24.068256,0.0,0.0,16.513374,28.906431,17.987148,33.28034,14.534432,8.143381,7.033972,24.573895,14.856024,20.660357,5.014963,18.248266,23.615898,19.809048,11.596745,46.580685,30.821356,22.459778,17.077394,23.476759,42.6754,36.12563,28.609308,30.346872,16.209057,5.4275236,6.3468,73.87105,34.249466,11.193504,9.379412,8.725479,8.3234625,12.323244,16.801292,9.280618,11.646967,9.960956,21.406437,27.12149,8.0636015,19.08553,26.147232,14.373879,6.769375,31.429401,168.84532,6.090544,17.291727,82.15927,81.4417,62.4234,31.298763,21.405617,17.477045,10.62324,22.82971,8.599733,28.125315,18.072935,9.875144,3.0809388,10.398219,10.241312,12.339531,12.680926,14.590151,14.180054,34.31256,17.608555,26.148508,15.286564,22.683187,15.46538,8.955871,36.18091,23.21332,16.457361,12.822463,14.25041,35.105545,33.981785,0.0,27.564058,30.658394,39.456818,17.532652,0.0,0.0,46.4459,32.106087,11.142583,0.0,33.838413,14.23055,32.187637,11.670904,12.077697,0.0,12.290853,24.546808,13.727578,47.647842,10.787975,12.950695,11.381638,6.013242,27.72806,38.591892,41.2804,2.7952118,35.470623,33.261467,43.67105,44.64225,25.604216,41.03158,50.20475,0.0,13.632942,50.32516,19.13839,45.391678,19.430866,31.322481,16.014763,65.23231,19.513779,40.386097,118.3458,6.7063932,34.586708,45.31095,32.363285,42.762314,19.096277,5.6211295,8.736443,11.201466,0.0,27.457829,33.41736,12.719821,14.3284645,15.425881,0.0,0.0,0.0,16.68912,9.846646,0.0,27.126858,0.0,21.961887,45.11167,20.798939,14.275715,29.233536,27.47471,0.0,14.5951805,10.149027,13.667286,2.532111,13.687704,11.92393,2.5631232,26.414019,12.224125,0.0,10.746332,6.462573,24.593117,2.8308718,13.053622,21.306602,1.3159103,21.557814,23.041801,25.912848,11.129694,5.979805,25.174564,24.62549,20.37246,50.636158,46.78758,18.119877,49.361794,26.402822,41.391617,11.415723,9.265177,8.458039,0.0,10.624831,3.324363,9.393088,13.444518,14.329409,18.094666,22.139975,7.7298317,6.434183,13.6087055,6.672448,23.22896,13.172123,51.29806,57.59956,26.603537,9.876506,22.187399,10.654775,29.65909,112.00984,4.73114,7.670869,4.921015,9.943632,16.01256,72.980736,12.683856,26.615652,6.854211,29.090149,39.44563,0.0,33.870068,41.087643,7.89756,49.475246,23.927378,0.0,38.039402,7.567523,36.0946,21.594961,35.14364,31.512094,20.927086,12.81444,17.59301,20.116547,43.352554,31.78926,13.266612,1.4824139,6.516086,27.782639,12.934005,21.31776,35.21645,30.139887,11.181861,6.2505336,35.093777,26.776993,28.088596,48.709614,11.54657
C15x18_C15x19,22.104816,29.818766,61.779278,16.474163,13.343786,0.0,9.477193,26.582844,14.845381,13.645323,19.679703,13.645323,37.76139,18.01501,0.0,0.0,81.41667,16.123926,14.319389,26.29475,15.952556,49.669994,37.013824,16.553085,0.0,23.016695,0.0,15.008304,43.360237,0.0,18.686817,20.264305,0.0,16.993456,0.0,0.0,20.392859,30.917429,9.002473,16.759068,16.9594,0.0,0.0,0.0,0.0,0.0,0.0,0.0,0.0,0.0,4.9575105,5.9117174,0.0,0.0,0.0,0.0,14.383479,0.0,32.928165,0.0,0.0,0.0,44.912643,0.0,14.967643,0.0,39.207226,7.7444806,0.0,37.178116,27.70494,21.99665,23.419584,35.295834,23.94244,118.458595,0.0,30.392372,2.3795385,15.683814,2.3795385,31.367628,66.4362,30.219105,86.76966,0.0,0.0,7.9650106,9.786071,0.0,9.103616,7.807283,0.0,0.0,0.0,0.0,0.0,0.0,12.304412,12.71929,19.435736,43.998142,60.961803,12.658468,13.911803,0.0,4.920382,19.07545,4.920382,6.3279085,0.0,15.812429,18.154974,3.7984023,18.669092,0.0,6.3048186,12.151086,14.709712,28.334772,4.886223,5.389155,13.6661005,0.0,14.981903,0.0,0.0,28.658672,0.0,0.0,6.068015,13.269496,0.0,0.0,0.0,0.0,42.063538,28.437893,113.67009,29.072783,12.3537,0.0,22.961693,25.619396,0.0,10.516091,31.244461,86.85711,33.609722,13.332736,26.066942,52.725857,20.44705,33.913097,94.27571,0.0,21.16271,26.939638,31.73177,18.933693,50.306126,0.0,33.082897,131.25366,93.21333,24.64362,0.0,0.0,0.0,0.0,0.0,0.0,0.0,0.0,0.0,0.0,38.675323,0.0,11.414394,0.0,10.459634,0.0,27.161192,20.173456,0.0,42.361332,20.62384,28.479227,36.24534,83.49767,21.513226,12.886412,10.260376,137.55035,3.2278645,25.590965,0.0,16.446005,7.8555546,18.506407,19.309904,27.366076,0.0,0.0,0.0,45.19315,0.0,13.359263,13.033987,3.7247758,30.38699,10.747392,13.793229,24.075338,0.0,0.0,0.0,53.597084,13.140119,0.0,0.0,0.0,0.0,0.0,0.0,0.0,18.819134,12.379133,0.0,14.771008,15.545316,0.0,12.896651,9.906662,0.0,15.946361,31.15403,0.0,29.183083,0.0,34.818157,0.0,20.863762,0.0,0.0,0.0,46.44024,0.0,22.697723,31.862192,0.0,6.997407,25.169203,37.989735,0.0,34.30469,70.64518,16.304457,16.244308,30.573261,54.889656,49.90733,50.546585,11.564412,21.940874,41.156017,30.652027,14.7611475,39.03468,38.30095,17.153217,70.49227,40.458435,0.0,16.322891,36.4291,39.640728,14.154894,32.17554,149.60474,14.46858,17.565247,83.7275,33.71289,50.15305,36.59236,33.196106,21.70902,12.148611,49.92551,12.856853,11.560538,28.075188,10.025075,0.0,34.170853,0.0,11.936555,8.038774,22.725098,10.001771,58.673077,35.15771,15.683814,26.692686,36.19465,48.102757,23.72083,39.464554,14.047475,28.662567,37.14743,8.634317,40.06375,38.064377,18.057522,14.388279,0.0,32.85549,23.838593,47.89287,0.0,16.171537,47.3872,0.0,0.0,6.364809,14.709712,24.249102,17.963282,8.779175,8.475271,20.295124,15.112759,25.83937,25.954329,21.03892,12.207246,19.954494,11.828597,18.26082,13.129169,24.049139,14.065615,14.14676,20.682316,22.52421,25.54557,0.0,20.146217,16.448109,9.360094,15.50875,16.680012,41.269424,5.4584756,15.013821,34.160503,15.405355,41.064415,14.260714,24.129549,122.7013,0.0,58.548588,57.52905,52.395622,63.373264,0.0,0.0,3.1055443,12.939818,8.388956,16.219982,16.320122,5.106723,14.439934,16.375368,0.0,0.0,0.0,53.680946,47.33412,19.421207,24.720942,23.89989,30.229338,34.043564,30.19558,24.930468,54.393284,17.638704,0.0,0.0,0.0,0.0,0.0,0.0,0.0,0.0,0.0,17.485268,42.754166,20.388107,16.84886,16.92382,7.7129736,11.90718,15.681521,9.171647,12.143032,16.657286,10.725181,12.362795,0.0,5.366862,14.467961,48.67776,48.894325,30.806461,17.926956,38.962593,35.082233,38.09962,39.2567,15.410505,0.0,0.0,0.0,0.0,0.0,0.0,0.0,0.0,0.0,0.0,0.0,14.7922735,15.85069,27.018059,39.376163,22.410368,46.48088,16.728884,11.219348,6.3083253,48.623863,44.102642,129.21315,0.0,27.271063,7.052733,17.719189,23.134596,102.39764,46.586094,77.13482,0.0,44.082367,51.054634,29.183083,0.0,76.81424,18.110033,30.71185,0.0,0.0,41.048195,0.0,39.31588,24.76345,33.795933,28.867552,8.596451,25.985128,19.353569,17.573063,82.33068,44.906696,0.0,16.349195,32.23936,51.308228,0.0,0.0,0.0,0.0,19.268084,18.766653,29.655535,17.343996,24.231083,62.651672,0.0
C15x18_C16x18,13.718081,20.011894,40.02379,17.330706,9.537233,5.2867866,8.2434,16.099012,27.39027,25.17612,19.83571,25.17612,31.265467,19.864586,11.513857,1.1244245,64.71105,0.0,0.0,10.84713,6.9277883,51.024822,38.023434,17.004595,0.0,20.341335,15.392223,15.417677,44.542953,11.175799,7.144019,30.408663,23.01014,6.496642,0.0,0.0,22.945683,32.468273,12.951522,31.845955,33.926064,5.5055447,11.62256,0.0,10.431429,13.166789,9.963267,0.0,0.0,14.213127,6.488671,15.539897,11.758991,11.176598,0.0,5.491477,22.735817,7.513692,9.899351,0.0,0.0,0.0,33.918274,18.128202,11.303646,0.0,29.609512,0.0,0.0,12.710428,11.938016,17.08251,18.187555,27.410603,18.593603,87.39143,13.03958,13.318609,11.801764,24.188534,4.627241,25.9246,49.630806,16.990164,50.67992,32.406967,0.0,7.0715566,8.688344,0.0,8.082441,11.058337,6.9019866,0.0,7.5897546,22.003801,16.650206,0.0,0.0,0.0,11.132668,30.854155,21.792973,6.01817,8.336418,5.4433537,3.0637677,15.018545,0.0,0.0,2.8061144,6.453436,7.4094853,0.0,7.027076,0.0,6.972591,5.6144185,6.0033903,37.524216,6.7328105,0.0,11.175106,4.6740203,22.703642,21.860775,0.0,9.311715,16.851213,11.171341,0.0,0.0,0.0,0.0,0.0,22.88813,43.440895,13.362273,101.5248,17.098848,17.191114,12.524136,28.274965,26.607752,19.625116,14.23363,50.89062,111.09208,29.225405,17.06237,22.666561,54.108913,31.097805,34.123306,87.82208,0.0,0.0,12.053328,16.6062,35.862232,64.79162,34.144024,20.107643,86.08848,62.189476,38.713432,18.71047,0.0,0.0,0.0,6.0647597,11.088911,0.0,0.0,0.0,12.110759,29.287024,0.0,6.0942564,12.36695,17.140373,32.043625,21.6989,17.990593,24.81653,29.360256,18.392244,44.559555,28.69762,113.46029,1.7158452,3.8029904,4.9376945,99.13255,6.468822,19.459614,15.604707,26.787256,30.755676,23.145798,21.064447,19.927853,11.656048,0.0,7.9679265,44.65093,0.0,14.73084,8.385168,1.887471,22.41613,4.702453,20.178722,35.220875,34.661396,16.248829,34.543983,42.82572,10.443385,12.235018,0.0,4.935899,0.0,21.253294,0.0,11.483736,18.307621,12.042662,0.0,12.400678,24.567425,0.0,0.0,19.193499,27.37632,12.104981,15.523748,25.594322,18.210102,22.712412,7.9898524,5.21706,2.0384936,10.4215355,15.852953,33.833878,35.112297,8.015602,22.281187,27.919666,10.529763,6.7654643,15.506328,42.009003,34.359818,25.194809,50.33539,10.153029,25.274416,40.72044,50.5101,49.48969,31.540821,15.136159,25.265987,18.218584,24.361343,4.332822,31.948727,13.413295,17.320078,39.63305,43.581318,16.100302,15.781836,12.933805,18.3157,0.0,47.07102,187.73528,2.988844,26.645613,60.90833,74.39504,81.83367,33.26179,38.559944,17.056236,8.1647625,45.176956,23.211233,14.679023,32.0773,0.0,0.0,39.69219,18.066622,12.964514,6.39355,29.16634,17.511156,56.343628,6.1683145,24.791243,22.226795,33.127003,30.261074,23.813612,29.112785,6.435869,27.44467,28.881062,9.830311,34.501842,36.507454,8.992659,18.623623,12.355118,32.38254,28.059895,21.952547,0.0,25.216421,28.460617,5.125089,0.0,24.919184,6.0033903,21.085855,19.595469,11.861741,4.5250297,16.610956,20.702753,33.82375,45.407635,30.247425,12.700317,14.3315525,9.380246,32.795868,37.355915,42.34671,20.622137,25.612757,16.02236,37.47825,45.65102,5.4483933,44.712593,45.806183,1.5730145,18.627806,45.367588,19.630878,21.370752,14.605739,43.35119,16.805122,35.70764,6.164502,19.192307,102.37067,6.8079066,49.933754,48.943264,24.416931,55.965107,9.035826,13.124248,2.600211,11.326895,0.0,26.574913,31.89677,9.987753,23.802328,22.088634,0.0,0.0,0.0,35.259995,21.308365,2.9719312,9.499911,6.0764947,29.088474,29.60265,18.587023,5.9325156,30.125137,12.536014,0.0,0.0,0.0,0.0,0.0,0.0,0.0,0.0,0.0,20.410143,27.244379,23.367609,14.14302,18.986692,8.504854,13.713223,17.706802,8.622914,8.978847,19.088463,19.153341,14.959796,0.0,18.035189,34.908802,37.545216,54.06729,36.873722,28.544077,41.970016,23.835981,34.277264,20.626385,10.042626,0.0,0.0,0.0,0.0,0.0,0.0,0.0,0.0,0.0,0.0,0.0,8.709732,6.129476,23.650309,37.165543,30.591097,55.979088,24.473421,10.693511,12.22196,28.854435,33.718605,122.199974,0.0,11.285236,5.6256886,10.881303,14.252841,56.495464,29.069496,43.38285,0.0,33.648235,50.2978,18.210102,16.497877,55.251385,12.458666,33.15755,7.8249054,0.0,49.587322,14.4442835,35.853386,22.595083,37.406723,32.317997,0.0,16.009007,13.80623,7.894675,77.304146,39.145214,0.0,4.650625,40.933094,42.90959,0.0,28.018278,0.0,28.359673,16.449213,18.116158,41.701675,18.682734,8.531923,54.99422,11.903925
C15x19_C15x20,0.0,0.0,0.0,50.658226,33.375725,0.0,0.0,0.0,0.0,0.0,0.0,0.0,47.292637,41.144096,43.3736,0.0,63.6897,69.2597,69.2597,43.817394,0.0,53.982258,60.85205,0.0,0.0,0.0,0.0,0.0,62.690983,0.0,0.0,0.0,0.0,0.0,0.0,0.0,0.0,55.93844,0.0,0.0,0.0,0.0,9.392569,0.0,9.392569,0.0,0.0,0.0,0.0,9.392569,0.0,0.0,0.0,14.658289,0.0,22.035532,4.9069314,0.0,66.404076,0.0,0.0,0.0,0.0,0.0,0.0,0.0,0.0,18.209139,0.0,43.396038,43.60626,0.0,0.0,43.040974,0.0,83.74682,18.28192,16.044235,0.0,10.63855,0.0,15.947166,198.66455,0.0,58.575397,0.0,0.0,0.0,18.342855,0.0,0.0,0.0,0.0,0.0,0.0,0.0,0.0,0.0,0.0,0.0,16.53341,77.436,80.890015,21.003115,46.88768,0.0,0.0,120.0966,0.0,0.0,0.0,26.96592,26.96592,32.911526,0.0,0.0,54.628548,32.911526,0.0,0.0,0.0,0.0,23.956532,0.0,16.033678,0.0,0.0,34.20935,0.0,0.0,0.0,73.260124,0.0,0.0,0.0,0.0,9.229715,0.0,197.59761,0.0,13.169557,0.0,15.082599,30.55488,0.0,6.2920556,49.40135,46.493664,44.939713,0.0,15.69354,33.806305,0.0,42.587,78.560326,0.0,53.706806,33.534016,67.93445,29.694145,35.24338,0.0,0.0,86.13361,73.91048,75.9643,0.0,0.0,0.0,0.0,0.0,17.479687,0.0,0.0,12.101235,0.0,76.91346,0.0,0.0,0.0,0.0,0.0,0.0,0.0,0.0,119.976006,0.0,39.97496,19.805841,41.83573,0.0,0.0,0.0,128.76984,19.174187,27.95033,0.0,0.0,0.0,0.0,53.58589,0.0,36.049156,0.0,0.0,48.7555,0.0,0.0,0.0,0.0,92.87548,0.0,0.0,4.786792,0.0,0.0,0.0,65.68585,0.0,0.0,0.0,0.0,0.0,51.480324,0.0,0.0,9.686517,0.0,0.0,32.34921,0.0,0.0,55.92674,0.0,0.0,0.0,84.91413,0.0,0.0,0.0,50.000977,0.0,72.96799,0.0,32.772816,0.0,62.423717,0.0,0.0,132.59499,0.0,0.0,0.0,29.518755,0.0,17.377474,41.311977,0.0,84.8805,58.101063,70.506065,71.2721,50.948215,13.237484,22.984375,41.483036,0.0,14.878436,37.654305,36.6531,0.0,63.040394,27.567554,0.0,6.4712443,36.718555,36.370304,14.267365,36.978466,95.32263,28.299877,37.966263,103.98806,14.107147,29.074745,32.072117,55.516705,34.237236,29.186855,64.673996,4.233515,33.077095,37.31279,18.275442,0.0,30.512856,0.0,23.829683,16.152477,30.738935,0.0,37.321793,50.000977,9.069248,0.0,32.121666,6.8853035,47.979996,41.73199,29.156425,28.148998,25.447805,28.890266,16.26035,21.785698,20.583616,0.0,17.479687,34.252296,18.240232,30.333387,0.0,23.87923,63.78984,0.0,0.0,0.0,0.0,0.0,0.0,0.0,13.22774,0.0,0.0,0.0,0.0,0.0,0.0,0.0,0.0,0.0,0.0,0.0,0.0,0.0,0.0,0.0,0.0,0.0,0.0,0.0,0.0,0.0,0.0,63.81672,0.0,0.0,0.0,0.0,43.80458,14.000816,32.186024,107.55,0.0,68.11016,50.088257,33.272617,51.20926,0.0,0.0,0.0,0.0,0.0,15.357639,48.037086,0.0,0.0,30.482647,0.0,0.0,0.0,65.5473,57.65793,24.010735,0.0,22.380093,35.929623,47.750214,41.32455,32.18318,71.89458,25.606483,0.0,0.0,0.0,0.0,0.0,0.0,0.0,0.0,0.0,0.0,52.692753,33.79266,0.0,0.0,0.0,0.0,0.0,0.0,0.0,0.0,0.0,0.0,0.0,0.0,0.0,8.1459465,48.480495,37.48852,0.0,54.393665,17.121466,43.676605,72.345825,0.0,0.0,0.0,0.0,0.0,0.0,0.0,0.0,0.0,0.0,0.0,0.0,0.0,84.366974,38.671856,57.09209,33.954838,69.56492,0.0,0.0,0.0,85.91182,81.95749,71.21829,0.0,0.0,26.415533,64.735245,33.938267,140.93698,160.55743,116.53338,0.0,73.92961,133.87567,0.0,25.448118,84.27282,30.835752,24.482296,0.0,0.0,0.0,0.0,17.377474,6.9777775,34.252296,0.0,41.421177,33.938267,0.0,28.241013,132.31056,30.179491,0.0,17.461967,0.0,124.76706,0.0,0.0,0.0,0.0,0.0,0.0,0.0,0.0,13.173177,88.409035,0.0
C15x19_C16x19,0.0,40.038425,80.07685,48.79102,23.648764,0.0,13.293697,0.0,0.0,19.828148,29.377426,19.828148,69.4379,17.1006,0.0,0.0,66.7396,22.617098,17.227575,29.141706,0.0,68.74385,0.0,0.0,0.0,16.153011,0.0,0.0,48.609245,0.0,73.83163,25.002829,0.0,0.0,0.0,0.0,19.805073,91.16806,0.0,35.20752,25.362082,0.0,6.164056,0.0,6.164056,0.0,0.0,0.0,0.0,6.164056,0.0,5.9355087,0.0,12.528419,0.0,0.0,11.4058895,0.0,48.09551,0.0,0.0,0.0,34.654797,0.0,0.0,0.0,43.48413,0.0,0.0,28.613081,0.0,0.0,0.0,39.48896,0.0,98.688194,3.437842,0.0,0.0,0.0,0.0,18.085875,111.24786,0.0,102.79951,0.0,0.0,0.0,22.922695,0.0,0.0,0.0,0.0,0.0,0.0,0.0,0.0,0.0,0.0,16.400997,0.0,24.154648,25.217903,21.045794,76.27691,0.0,0.0,118.507195,0.0,0.0,0.0,13.699479,13.699479,16.720022,19.411556,0.0,27.752907,16.720022,22.595392,31.238306,0.0,0.0,31.178852,0.0,22.459991,0.0,0.0,11.820936,0.0,0.0,0.0,13.181882,0.0,0.0,0.0,0.0,36.71097,0.0,169.4964,0.0,11.311487,0.0,30.776913,62.349,0.0,18.388628,49.345512,74.78288,40.471855,0.0,16.62813,86.603584,27.411316,41.326,92.863365,0.0,16.890917,18.975761,46.911896,68.093056,80.81828,0.0,0.0,111.50306,54.270466,93.93668,0.0,0.0,12.279456,0.0,0.0,9.815086,0.0,0.0,0.0,0.0,35.83866,0.0,0.0,0.0,8.231656,0.0,0.0,0.0,0.0,70.931465,0.0,27.332407,33.641884,106.681465,0.0,0.0,14.392272,140.71162,8.647798,31.404842,0.0,25.810314,18.592712,24.526657,51.588326,0.0,0.0,0.0,0.0,62.584232,0.0,0.0,0.0,0.0,28.914429,0.0,0.0,30.982063,0.0,0.0,0.0,58.2939,0.0,0.0,0.0,0.0,0.0,0.0,0.0,0.0,19.026552,0.0,0.0,27.199873,0.0,0.0,23.05787,0.0,0.0,0.0,50.540646,0.0,0.0,0.0,32.953762,0.0,0.0,0.0,12.283383,0.0,53.16782,0.0,0.0,15.706853,0.0,0.0,0.0,37.39993,0.0,26.012465,61.84019,0.0,63.602882,82.61502,103.61967,91.487305,0.0,0.0,0.0,0.0,0.0,0.0,0.0,0.0,0.0,0.0,0.0,0.0,0.0,0.0,0.0,0.0,0.0,184.93854,21.692783,30.736996,100.526405,28.35916,39.309383,37.911312,58.762405,27.341461,27.403446,61.041138,14.349752,15.044609,35.35934,12.626097,0.0,48.231697,4.491133,22.872126,14.5042305,39.349926,16.390593,66.44021,23.301828,12.788645,23.618603,25.673803,29.783508,35.9525,44.66382,29.21567,36.13302,39.06949,26.125105,47.709656,27.411316,22.156628,0.0,9.815086,29.698736,35.65715,27.259872,0.0,21.972094,66.032974,0.0,0.0,0.0,0.0,0.0,0.0,0.0,0.0,0.0,0.0,29.469366,29.24251,25.958576,2.7294722,19.225252,0.0,23.823376,18.130226,28.191166,17.354662,18.304268,22.82549,27.567947,33.026657,0.0,26.959503,18.130152,0.0,2.7294722,18.130226,44.536385,0.0,0.0,0.0,0.0,0.0,0.0,32.04823,94.087265,0.0,102.57709,74.38737,62.354137,74.81243,0.0,0.0,0.0,0.0,0.0,39.940765,61.365135,19.08851,38.012638,33.511505,0.0,0.0,0.0,37.756603,43.65035,25.042845,31.876629,30.817919,28.541216,47.69624,38.58021,32.064762,68.818146,25.57754,0.0,0.0,0.0,0.0,0.0,0.0,0.0,0.0,0.0,24.526657,31.330479,0.0,0.0,0.0,0.0,0.0,0.0,0.0,0.0,0.0,0.0,0.0,0.0,0.0,18.130152,64.20651,63.71225,46.88242,27.051702,49.731136,50.061546,54.542885,56.33255,0.0,0.0,0.0,0.0,0.0,0.0,0.0,0.0,0.0,0.0,0.0,0.0,22.722214,63.218086,34.20702,52.268658,24.192345,68.399124,0.0,0.0,0.0,54.85713,50.29101,103.65854,0.0,0.0,11.869092,52.99066,27.90931,90.80811,77.122856,111.36998,0.0,49.68227,114.14597,0.0,0.0,73.210304,14.704114,35.980553,0.0,0.0,55.135895,0.0,27.01644,18.213678,29.698736,0.0,34.062923,27.90931,0.0,18.978561,87.82055,47.83219,0.0,0.0,75.221,56.358356,0.0,0.0,0.0,0.0,0.0,0.0,38.98697,0.0,7.4543843,109.956,0.0
C15x20_C15x21,0.0,0.0,0.0,67.87577,32.243538,0.0,0.0,0.0,0.0,0.0,0.0,0.0,53.74058,45.82513,46.919624,0.0,29.740934,53.873936,53.873936,0.0,0.0,63.81155,61.63242,63.81155,0.0,0.0,0.0,0.0,68.22661,0.0,0.0,0.0,0.0,0.0,0.0,0.0,21.947214,134.76581,0.0,0.0,0.0,0.0,0.0,0.0,0.0,0.0,0.0,0.0,0.0,0.0,0.0,0.0,0.0,0.0,0.0,0.0,0.0,0.0,0.0,24.77963,24.309025,0.0,24.918638,0.0,24.918638,0.0,26.642733,45.326675,0.0,52.597145,55.81558,0.0,0.0,0.0,0.0,53.690216,0.0,27.01832,0.0,0.0,0.0,13.271138,222.92534,0.0,0.0,0.0,0.0,0.0,0.0,0.0,0.0,22.606174,0.0,0.0,0.0,0.0,0.0,0.0,0.0,39.88864,0.0,21.28209,33.135426,42.66494,83.75243,0.0,0.0,68.97913,0.0,0.0,0.0,0.0,0.0,45.106926,64.32107,0.0,49.045616,0.0,40.618233,0.0,0.0,0.0,67.933624,0.0,0.0,0.0,0.0,0.0,0.0,0.0,0.0,160.33301,0.0,0.0,0.0,0.0,0.0,0.0,139.26154,0.0,0.0,0.0,0.0,3.572825,0.0,36.535828,29.895126,58.302536,60.25371,0.0,0.0,54.03068,0.0,31.610865,98.984085,41.163437,0.0,0.0,111.04435,29.055725,21.20546,0.0,0.0,144.15057,50.350475,60.835556,0.0,0.0,0.0,0.0,0.0,0.0,0.0,0.0,0.0,0.0,75.01113,0.0,0.0,0.0,0.0,0.0,0.0,0.0,0.0,175.47745,0.0,26.429749,0.0,31.493372,0.0,0.0,0.0,162.02615,0.0,0.0,0.0,0.0,0.0,0.0,0.0,0.0,33.759064,0.0,0.0,34.6915,0.0,0.0,0.0,17.8214,178.10162,0.0,0.0,0.0,0.0,0.0,0.0,72.91182,0.0,0.0,0.0,0.0,0.0,134.46867,0.0,0.0,0.0,0.0,0.0,27.637156,0.0,0.0,99.08914,0.0,0.0,0.0,36.60671,0.0,0.0,0.0,91.82609,0.0,28.584948,0.0,0.0,0.0,45.977573,0.0,0.0,143.98347,0.0,0.0,0.0,0.0,0.0,0.0,44.99408,0.0,83.37026,58.86998,54.204235,52.08665,30.872772,1.3639599,71.70233,41.316624,52.969265,26.576391,31.673494,69.53791,0.0,70.738846,14.194456,22.342144,56.61847,23.492296,64.646996,63.04758,16.971626,110.1128,90.382484,83.35062,130.35739,0.0,0.0,0.0,0.0,72.05763,61.42831,113.50923,8.910095,38.3723,69.38545,20.51371,0.0,0.0,0.0,0.0,0.0,0.0,0.0,0.0,0.0,0.0,0.0,0.0,0.0,0.0,0.0,0.0,0.0,0.0,0.0,0.0,0.0,0.0,0.0,31.974136,63.800686,31.01099,0.0,0.0,81.70733,75.39029,0.0,0.0,0.0,0.0,0.0,0.0,0.0,0.0,0.0,0.0,0.0,0.0,0.0,0.0,0.0,0.0,0.0,0.0,0.0,0.0,0.0,0.0,0.0,0.0,0.0,0.0,0.0,0.0,37.8834,36.915554,74.32334,0.0,16.908785,52.127453,66.04054,41.124878,19.562021,57.56782,204.70154,68.422066,0.0,0.0,0.0,0.0,0.0,0.0,0.0,0.0,0.0,0.0,0.0,0.0,0.0,0.0,0.0,0.0,0.0,40.737217,77.90276,94.52685,6.662797,44.57209,67.316505,44.829144,65.218735,78.766304,72.90874,45.966743,0.0,0.0,0.0,0.0,0.0,0.0,0.0,0.0,0.0,0.0,45.102272,29.618223,0.0,0.0,0.0,0.0,0.0,0.0,0.0,0.0,0.0,0.0,0.0,0.0,0.0,40.737217,57.677525,26.113005,0.0,60.582123,17.452116,51.62748,80.74227,0.0,0.0,0.0,0.0,0.0,0.0,0.0,0.0,0.0,0.0,0.0,0.0,44.352497,35.262074,39.21744,0.0,32.84678,81.01791,0.0,0.0,0.0,52.059444,0.0,86.56757,0.0,0.0,27.112282,49.26709,0.0,90.12267,97.291985,53.48413,0.0,76.994705,32.035545,0.0,44.950314,64.61153,35.556515,0.0,0.0,0.0,0.0,0.0,42.492485,20.076551,70.851265,0.0,0.0,150.92097,0.0,42.766632,144.0439,39.860416,0.0,0.0,33.16191,174.89386,0.0,0.0,0.0,0.0,0.0,0.0,0.0,0.0,0.0,59.371567,0.0
C15x20_C16x20,0.0,0.0,0.0,72.51262,53.61307,0.0,0.0,0.0,0.0,0.0,16.427898,0.0,59.44707,50.317993,59.997208,0.0,15.827871,23.044104,23.044104,0.0,0.0,0.0,142.22096,0.0,0.0,0.0,0.0,0.0,51.098812,0.0,0.0,0.0,0.0,0.0,0.0,0.0,0.0,125.36218,0.0,0.0,0.0,20.67441,0.0,0.0,0.0,0.0,0.0,0.0,0.0,0.0,0.0,0.0,0.0,0.0,0.0,23.036348,0.0,0.0,0.0,32.389194,31.774073,0.0,0.0,0.0,0.0,0.0,29.25488,34.404045,0.0,0.0,96.929985,0.0,0.0,76.991035,0.0,124.1023,0.0,32.490234,0.0,0.0,0.0,14.624504,159.07301,0.0,0.0,0.0,0.0,0.0,0.0,0.0,0.0,0.0,0.0,0.0,0.0,0.0,0.0,0.0,0.0,45.21074,0.0,0.0,37.010315,22.910437,172.87932,0.0,0.0,142.3847,0.0,0.0,0.0,0.0,0.0,60.363667,59.355915,0.0,36.507553,0.0,0.0,0.0,0.0,0.0,10.969462,0.0,0.0,0.0,0.0,0.0,0.0,0.0,0.0,80.97713,0.0,0.0,0.0,0.0,0.0,0.0,126.74856,0.0,0.0,0.0,0.0,57.432594,0.0,0.0,53.749783,36.308186,30.921797,0.0,0.0,57.556522,0.0,88.2238,58.907753,45.361206,7.498638,0.0,80.289185,59.062256,0.0,0.0,0.0,158.2374,72.0993,76.601685,0.0,0.0,0.0,0.0,0.0,0.0,0.0,0.0,0.0,0.0,12.161494,0.0,0.0,0.0,0.0,0.0,0.0,0.0,0.0,46.149437,0.0,50.265877,0.0,69.45312,0.0,0.0,0.0,208.67517,0.0,0.0,0.0,0.0,0.0,0.0,0.0,0.0,34.463184,0.0,0.0,0.0,0.0,0.0,0.0,0.0,0.0,0.0,0.0,0.0,0.0,0.0,0.0,51.491764,0.0,0.0,0.0,0.0,0.0,23.147108,0.0,0.0,0.0,0.0,0.0,40.676994,0.0,0.0,60.506958,0.0,0.0,0.0,67.95432,0.0,0.0,0.0,31.931593,0.0,9.940125,0.0,0.0,0.0,50.75097,0.0,0.0,60.667343,0.0,0.0,0.0,0.0,0.0,0.0,0.0,0.0,73.405464,55.33744,65.13648,49.35064,29.795736,15.605882,45.38199,30.90283,50.823917,54.858204,54.702877,8.904424,49.775745,50.477177,42.559593,26.415342,0.0,21.020716,71.45536,31.842548,43.439705,111.569984,82.39262,114.19048,92.06095,0.0,0.0,0.0,107.64463,52.140953,51.06562,51.78522,27.09986,0.0,73.30702,32.667706,0.0,59.16319,0.0,0.0,0.0,0.0,0.0,0.0,0.0,0.0,0.0,0.0,0.0,0.0,0.0,0.0,0.0,0.0,0.0,0.0,0.0,0.0,0.0,0.0,0.0,0.0,0.0,0.0,0.0,151.88983,0.0,0.0,0.0,0.0,0.0,0.0,0.0,10.6673765,0.0,0.0,0.0,0.0,0.0,0.0,0.0,0.0,0.0,0.0,0.0,0.0,0.0,0.0,0.0,0.0,0.0,0.0,0.0,0.0,0.0,0.0,52.48861,0.0,0.0,0.0,0.0,30.140743,0.0,52.511246,125.59658,65.26742,28.3935,44.41131,20.539719,48.29944,0.0,0.0,0.0,0.0,0.0,25.02267,60.10666,13.617784,17.943583,31.942236,0.0,0.0,0.0,49.020187,86.38336,89.51702,79.94832,67.81536,76.01997,66.50294,77.59859,73.52461,88.246506,53.58179,0.0,0.0,0.0,0.0,0.0,0.0,0.0,0.0,0.0,0.0,0.0,60.205654,49.020187,60.499287,50.472984,51.945755,34.933598,30.888369,22.509117,77.87311,10.536426,0.0,0.0,0.0,0.0,44.731243,55.205997,49.615215,0.0,66.52181,20.539719,52.90805,75.839516,0.0,0.0,0.0,0.0,0.0,0.0,0.0,0.0,0.0,0.0,0.0,0.0,0.0,74.65175,40.225307,67.450294,39.20371,96.42426,0.0,0.0,0.0,66.98202,62.91537,53.848778,0.0,0.0,8.1515875,77.03821,0.0,110.07065,93.897835,136.89523,0.0,93.083374,121.65206,0.0,63.6079,101.032074,10.690432,0.0,0.0,0.0,0.0,0.0,46.82579,24.417395,64.29711,0.0,0.0,0.0,0.0,0.0,174.14304,0.0,0.0,0.0,64.9643,211.43938,0.0,0.0,0.0,0.0,0.0,0.0,0.0,0.0,0.0,104.107796,0.0
C15x21_C15x22,0.0,0.0,0.0,0.0,42.834045,0.0,0.0,0.0,0.0,0.0,0.0,0.0,83.96959,35.861435,0.0,0.0,68.842865,69.92507,86.79011,0.0,0.0,49.385952,0.0,49.385952,0.0,0.0,0.0,0.0,66.834984,0.0,0.0,0.0,0.0,0.0,0.0,0.0,81.84112,84.77911,0.0,0.0,66.81869,0.0,36.745766,0.0,0.0,0.0,0.0,26.251217,0.0,53.60562,0.0,0.0,0.0,0.0,0.0,0.0,0.0,10.388613,0.0,0.0,0.0,36.803947,10.102672,0.0,10.102672,0.0,26.292301,0.0,0.0,33.92809,0.0,0.0,0.0,0.0,0.0,44.259975,0.0,37.809387,0.0,0.0,0.0,37.677555,175.39919,0.0,0.0,0.0,0.0,0.0,90.10835,0.0,0.0,47.31859,0.0,0.0,0.0,0.0,0.0,0.0,0.0,0.0,0.0,31.697744,67.35144,60.4878,125.30944,0.0,0.0,0.0,0.0,0.0,0.0,0.0,0.0,25.1654,59.947815,0.0,0.0,0.0,103.12709,0.0,0.0,0.0,0.0,0.0,0.0,0.0,0.0,0.0,0.0,0.0,0.0,134.54442,0.0,0.0,0.0,0.0,0.0,0.0,113.06246,0.0,0.0,0.0,0.0,0.0,0.0,96.07203,0.0,58.08162,79.51098,48.42911,0.0,18.529835,0.0,0.0,51.36157,48.856537,0.0,83.74285,112.259384,43.291058,34.87875,0.0,0.0,74.9686,0.0,97.87844,0.0,0.0,0.0,0.0,0.0,0.0,0.0,18.848734,0.0,0.0,0.0,0.0,0.0,0.0,33.468037,0.0,0.0,0.0,0.0,62.53706,0.0,22.033888,0.0,92.178734,0.0,0.0,0.0,153.10918,0.0,0.0,0.0,0.0,0.0,0.0,86.17691,0.0,0.0,0.0,0.0,45.283344,0.0,0.0,0.0,68.34253,194.2917,0.0,0.0,0.0,0.0,0.0,0.0,0.0,0.0,0.0,0.0,0.0,0.0,48.23086,0.0,0.0,84.19923,0.0,0.0,11.781921,0.0,0.0,70.02024,0.0,0.0,0.0,0.0,0.0,0.0,0.0,104.74241,0.0,65.99186,0.0,196.30861,0.0,58.914326,0.0,0.0,177.28755,0.0,0.0,0.0,0.0,0.0,0.0,0.0,0.0,133.48015,93.765015,0.0,67.9895,20.985342,2.6115642,129.62607,79.10864,108.19979,0.0,59.111027,136.08472,40.137783,151.00623,86.35084,42.77834,114.93876,44.980534,126.68388,87.2276,32.49545,113.79292,0.0,0.0,160.13026,0.0,0.0,0.0,62.930992,66.54712,34.095272,107.0627,47.05235,70.69185,77.91556,125.646126,0.0,0.0,19.685377,0.0,0.0,0.0,0.0,0.0,0.0,0.0,0.0,0.0,0.0,0.0,0.0,0.0,0.0,0.0,0.0,0.0,0.0,0.0,0.0,26.383965,78.38262,66.541504,0.0,0.0,130.22874,0.0,0.0,0.0,0.0,0.0,0.0,0.0,0.0,0.0,0.0,0.0,0.0,0.0,0.0,0.0,0.0,0.0,0.0,0.0,0.0,0.0,0.0,0.0,0.0,0.0,0.0,0.0,0.0,0.0,0.0,57.327114,0.0,0.0,44.215534,85.0404,45.254078,0.0,0.0,59.89467,160.57227,18.816204,0.0,0.0,0.0,0.0,0.0,0.0,0.0,0.0,0.0,0.0,0.0,0.0,0.0,0.0,0.0,0.0,0.0,44.039444,136.28154,0.0,0.0,0.0,0.0,0.0,0.0,0.0,0.0,0.0,0.0,0.0,0.0,0.0,0.0,0.0,0.0,0.0,0.0,0.0,0.0,33.061367,0.0,0.0,0.0,0.0,0.0,0.0,0.0,0.0,0.0,0.0,0.0,0.0,0.0,17.125238,51.293106,98.62114,0.0,70.46722,36.706684,56.61359,88.68977,0.0,0.0,0.0,0.0,0.0,0.0,0.0,0.0,0.0,0.0,0.0,0.0,57.25979,44.40352,0.0,0.0,0.0,0.0,0.0,0.0,0.0,44.039444,0.0,115.011444,0.0,0.0,0.0,0.0,0.0,226.86201,107.87417,112.77071,0.0,0.0,0.0,0.0,0.0,0.0,62.557976,0.0,63.85762,0.0,0.0,0.0,0.0,48.222157,52.377388,0.0,0.0,169.74194,0.0,25.11835,121.97923,60.933865,0.0,49.05402,0.0,79.24114,0.0,0.0,0.0,0.0,0.0,0.0,0.0,0.0,0.0,83.663345,0.0
C15x21_C16x21,0.0,0.0,0.0,0.0,45.58697,0.0,0.0,0.0,0.0,0.0,0.0,0.0,62.33314,31.43589,0.0,0.0,0.0,0.0,69.66574,59.54389,0.0,55.4044,0.0,55.4044,0.0,0.0,0.0,0.0,59.237778,0.0,0.0,0.0,0.0,0.0,0.0,0.0,37.731846,44.980167,0.0,47.546474,19.551624,0.0,0.0,0.0,0.0,0.0,0.0,0.0,0.0,46.642063,0.0,0.0,0.0,0.0,0.0,0.0,0.0,0.0,0.0,0.0,28.374245,32.593185,17.028484,0.0,17.028484,0.0,18.206669,0.0,0.0,60.272423,0.0,0.0,0.0,28.944195,0.0,83.74643,0.0,0.0,0.0,0.0,0.0,45.205112,195.29013,0.0,0.0,0.0,0.0,0.0,0.0,0.0,0.0,43.80893,0.0,0.0,0.0,0.0,0.0,0.0,0.0,21.024237,0.0,77.85853,44.554623,42.694187,96.20806,0.0,0.0,41.81896,0.0,0.0,0.0,0.0,0.0,77.82314,70.928604,0.0,0.0,0.0,63.067596,0.0,0.0,0.0,56.59081,0.0,0.0,0.0,0.0,0.0,0.0,0.0,0.0,117.379486,0.0,0.0,0.0,0.0,0.0,0.0,67.129486,0.0,0.0,0.0,0.0,0.0,0.0,93.796936,31.570955,46.31333,0.0,0.0,0.0,66.0659,0.0,50.20733,42.28893,59.037502,3.8326178,0.0,75.7882,33.91474,32.930553,0.0,0.0,129.70282,53.172966,54.952885,0.0,0.0,0.0,0.0,0.0,0.0,0.0,0.0,0.0,0.0,0.0,0.0,0.0,0.0,54.55205,0.0,0.0,0.0,0.0,0.0,0.0,0.0,0.0,93.606865,0.0,0.0,0.0,126.38177,0.0,0.0,0.0,0.0,0.0,0.0,0.0,0.0,0.0,0.0,0.0,47.792496,0.0,0.0,0.0,47.088974,105.990685,0.0,0.0,0.0,0.0,0.0,0.0,0.0,0.0,0.0,0.0,0.0,0.0,59.32379,0.0,0.0,0.0,0.0,0.0,10.908047,0.0,0.0,41.8589,0.0,0.0,0.0,0.0,0.0,0.0,0.0,77.18912,0.0,56.212196,0.0,155.54625,0.0,28.021385,0.0,0.0,117.280045,0.0,0.0,0.0,0.0,0.0,0.0,0.0,0.0,36.179367,42.462902,53.82745,71.756805,48.596394,0.0,109.1874,62.831013,73.8878,43.036854,53.412525,115.09457,33.946796,124.38872,72.04396,0.0,97.21021,38.042583,88.468185,97.29264,0.0,81.27718,95.44905,90.47767,89.32626,0.0,0.0,0.0,62.795357,93.69028,48.937634,119.204025,63.21656,66.74327,106.59063,84.85611,0.0,0.0,0.0,42.519314,30.177122,5.880035,0.0,52.7924,54.580948,31.286345,59.324966,45.8592,33.36565,94.981064,27.954931,29.548542,29.531504,36.672344,17.74309,0.0,45.72405,41.855625,36.868015,22.75671,54.954453,63.8155,0.0,0.0,160.18404,88.9179,0.0,0.0,0.0,0.0,0.0,0.0,0.0,0.0,0.0,0.0,0.0,0.0,0.0,0.0,0.0,0.0,0.0,0.0,0.0,0.0,0.0,0.0,0.0,0.0,0.0,0.0,0.0,0.0,43.702305,35.642277,0.0,0.0,43.820675,81.90354,65.1505,0.0,0.0,54.160206,163.53644,71.640434,0.0,0.0,0.0,0.0,0.0,0.0,0.0,0.0,0.0,0.0,0.0,0.0,0.0,0.0,0.0,0.0,0.0,18.665403,52.488926,84.10042,41.126453,34.661007,61.6949,47.342125,68.874695,83.181694,70.918106,48.543495,0.0,0.0,0.0,0.0,0.0,0.0,0.0,0.0,0.0,0.0,0.0,0.0,0.0,0.0,0.0,0.0,0.0,0.0,0.0,0.0,0.0,0.0,0.0,0.0,0.0,15.855044,51.74285,43.864574,36.868015,19.309856,5.917696,38.837994,90.66969,0.0,0.0,0.0,0.0,0.0,0.0,0.0,0.0,0.0,0.0,0.0,0.0,18.25272,137.23654,41.41585,0.0,0.0,83.46025,0.0,0.0,0.0,34.546387,0.0,97.57157,0.0,0.0,0.0,0.0,0.0,122.69167,36.475876,114.22235,0.0,0.0,0.0,0.0,0.0,40.729324,10.244944,0.0,0.0,0.0,0.0,0.0,0.0,61.47837,86.40618,0.0,0.0,113.18678,0.0,62.35177,66.665825,52.61548,0.0,0.0,0.0,153.37038,0.0,0.0,0.0,0.0,0.0,0.0,0.0,0.0,0.0,43.36553,0.0
C15x22_C15x23,0.0,0.0,0.0,41.710915,30.718838,0.0,0.0,0.0,0.0,0.0,0.0,0.0,38.35934,59.04626,0.0,0.0,64.507195,52.1915,43.436646,0.0,0.0,51.435234,0.0,36.459797,0.0,36.459797,0.0,0.0,51.561943,0.0,0.0,25.44648,0.0,0.0,50.89296,0.0,0.0,14.704122,13.638323,0.0,69.319046,13.518569,50.80677,27.037138,0.0,13.518569,0.0,21.337435,0.0,74.118164,0.0,9.873202,0.0,0.0,0.0,0.0,0.0,0.0,0.0,39.467075,25.004805,26.958864,9.841157,0.0,6.9758916,0.0,23.173555,0.0,0.0,33.646385,0.0,0.0,0.0,8.816223,0.0,29.463526,0.0,37.584503,0.0,0.0,0.0,0.0,99.07123,0.0,57.165386,0.0,0.0,0.0,52.704872,0.0,0.0,27.676905,0.0,43.278423,0.0,21.639212,0.0,0.0,0.0,37.877674,0.0,27.917473,15.177517,0.0,58.051445,0.0,0.0,73.61406,0.0,0.0,0.0,0.0,0.0,0.0,35.94943,0.0,24.556055,0.0,42.557194,0.0,0.0,0.0,4.9024754,0.0,5.2986116,0.0,34.866707,0.0,0.0,0.0,0.0,246.87787,0.0,0.0,0.0,0.0,16.239061,0.0,186.64594,0.0,0.0,0.0,0.0,3.9622858,0.0,24.86609,0.0,43.28221,59.55566,33.955418,0.0,21.784668,0.0,0.0,45.813026,0.0,0.0,0.0,99.46929,50.67096,40.824593,0.0,0.0,0.0,0.0,68.19972,0.0,0.0,24.335123,0.0,51.967983,0.0,0.0,30.386833,0.0,0.0,0.0,0.0,0.0,0.0,105.028755,0.0,0.0,0.0,0.0,35.39797,0.0,16.698292,0.0,60.395626,0.0,0.0,47.165863,168.5901,0.0,0.0,0.0,25.886372,0.0,0.0,55.5652,0.0,0.0,0.0,0.0,33.71166,0.0,0.0,0.0,65.36522,104.5101,0.0,0.0,0.0,0.0,0.0,0.0,0.0,0.0,0.0,0.0,0.0,0.0,83.76265,0.0,0.0,119.32152,0.0,0.0,71.55807,0.0,0.0,48.251095,0.0,0.0,0.0,0.0,0.0,0.0,0.0,54.939644,0.0,29.403114,0.0,84.323975,0.0,47.264572,0.0,0.0,127.24655,0.0,0.0,0.0,0.0,0.0,0.0,0.0,0.0,69.501884,66.02651,0.0,24.93611,73.00478,36.61789,114.24809,65.85631,57.460094,74.900314,57.152428,79.68322,66.67656,127.82569,56.389713,52.168045,73.45962,46.258472,70.515045,142.52295,72.571205,79.78437,0.0,0.0,90.00782,0.0,0.0,0.0,64.93158,27.256872,49.07398,33.834766,0.0,0.0,51.899113,32.126846,0.0,39.13002,61.077183,0.0,0.0,0.0,0.0,0.0,0.0,0.0,0.0,0.0,0.0,0.0,0.0,0.0,0.0,0.0,0.0,0.0,0.0,0.0,56.997814,19.730661,34.50194,64.78915,0.0,0.0,90.94208,27.648415,0.0,0.0,0.0,0.0,0.0,0.0,0.0,0.0,23.706724,12.184215,30.282253,20.562853,10.650446,0.0,23.706724,15.659757,32.83222,39.7864,8.824553,28.279474,13.677941,23.390352,38.204216,55.332836,19.251917,30.460049,30.102406,0.0,0.0,0.0,0.0,13.593708,62.659298,64.25204,29.17895,0.0,0.0,96.04351,230.3253,0.0,0.0,0.0,0.0,0.0,0.0,0.0,0.0,0.0,0.0,0.0,0.0,0.0,0.0,0.0,0.0,0.0,0.0,84.43584,91.53877,47.165863,6.6497846,26.469875,24.378653,23.487082,42.036087,49.86211,59.727207,24.215525,26.016596,86.418076,114.69659,39.503094,91.74226,38.503834,60.920097,0.0,0.0,0.0,44.632153,25.159264,30.282253,20.562853,15.659757,32.83222,8.824553,28.279474,8.559423,55.332836,30.102406,0.0,0.0,0.0,0.0,51.69778,29.080267,66.17685,56.997814,36.006977,37.74956,30.63055,80.73978,0.0,0.0,0.0,0.0,0.0,0.0,0.0,0.0,0.0,0.0,0.0,0.0,23.368574,0.0,0.0,0.0,0.0,0.0,0.0,0.0,0.0,0.0,0.0,75.91313,0.0,0.0,56.649105,23.415155,0.0,155.39731,32.64873,32.45483,0.0,0.0,0.0,0.0,0.0,23.415155,40.056965,0.0,23.289654,0.0,0.0,0.0,0.0,0.0,0.0,0.0,0.0,74.01388,0.0,0.0,59.98779,58.190937,0.0,127.74195,0.0,34.849495,0.0,0.0,0.0,0.0,0.0,0.0,0.0,0.0,0.0,34.397778,66.12195
C15x22_C16x22,0.0,0.0,0.0,0.0,77.54927,0.0,0.0,0.0,0.0,0.0,0.0,0.0,70.90628,54.938046,0.0,0.0,62.093136,55.176556,77.43933,0.0,0.0,58.991764,0.0,0.0,0.0,0.0,0.0,0.0,58.748352,0.0,0.0,0.0,0.0,0.0,0.0,0.0,0.0,0.0,0.0,0.0,78.85532,0.0,0.0,0.0,0.0,0.0,0.0,0.0,0.0,96.7659,0.0,0.0,0.0,0.0,0.0,0.0,0.0,10.655317,0.0,19.545109,59.604572,37.792736,11.657742,0.0,0.0,0.0,18.309341,0.0,0.0,39.857197,0.0,0.0,0.0,0.0,0.0,12.160597,0.0,36.61712,0.0,0.0,0.0,38.45326,140.16873,0.0,0.0,0.0,0.0,0.0,0.0,0.0,0.0,40.652397,0.0,0.0,0.0,0.0,0.0,0.0,0.0,0.0,0.0,0.0,7.3118644,61.73312,43.791214,0.0,0.0,82.504234,0.0,0.0,0.0,0.0,0.0,36.18123,51.8327,0.0,0.0,0.0,89.16681,0.0,0.0,0.0,15.151994,0.0,13.483588,0.0,0.0,0.0,0.0,0.0,0.0,194.9107,0.0,0.0,0.0,0.0,15.838654,0.0,129.83284,0.0,0.0,0.0,0.0,0.0,0.0,98.049965,0.0,29.49335,56.70484,32.06409,0.0,38.23091,0.0,0.0,50.67633,49.862396,0.0,67.22828,90.121185,44.686684,28.333933,0.0,0.0,63.052895,0.0,60.919525,0.0,0.0,0.0,0.0,34.287918,0.0,0.0,0.0,0.0,0.0,0.0,0.0,0.0,0.0,134.77011,0.0,0.0,0.0,0.0,0.0,0.0,31.35747,0.0,59.053635,0.0,64.55804,0.0,170.74585,0.0,0.0,0.0,34.71719,0.0,0.0,81.59264,0.0,0.0,0.0,0.0,68.36648,0.0,0.0,0.0,85.4352,98.19807,0.0,0.0,0.0,0.0,0.0,0.0,0.0,0.0,0.0,0.0,0.0,0.0,115.38252,0.0,0.0,121.420135,0.0,0.0,127.940926,0.0,0.0,71.4525,0.0,0.0,0.0,0.0,0.0,0.0,0.0,29.093716,0.0,68.96282,0.0,174.39424,0.0,55.98917,0.0,0.0,61.30183,0.0,0.0,0.0,0.0,0.0,0.0,0.0,0.0,103.3467,67.95464,0.0,67.93734,100.44421,32.748753,170.44774,43.538742,79.05692,116.67861,78.63361,100.52842,52.010498,118.7574,85.42699,55.283623,101.06999,34.42604,84.404274,174.53964,70.716484,75.34036,0.0,0.0,121.94256,35.09361,73.8492,24.594849,119.8077,66.331955,51.602936,142.11371,66.15638,14.902352,72.08029,93.00409,0.0,44.815052,80.88162,0.0,0.0,0.0,0.0,0.0,0.0,0.0,0.0,0.0,0.0,0.0,0.0,0.0,0.0,0.0,0.0,0.0,0.0,0.0,83.336395,0.0,21.369417,95.11893,0.0,0.0,141.09393,45.97154,0.0,0.0,0.0,0.0,0.0,0.0,0.0,0.0,0.0,0.0,0.0,0.0,0.0,0.0,0.0,0.0,0.0,0.0,0.0,0.0,0.0,0.0,0.0,0.0,0.0,0.0,0.0,0.0,0.0,0.0,0.0,0.0,67.37216,120.92987,58.77131,0.0,0.0,87.82859,94.532135,38.360767,46.990425,32.396744,13.001272,56.814835,0.0,0.0,0.0,0.0,0.0,0.0,0.0,0.0,0.0,0.0,0.0,0.0,0.0,86.3856,77.588295,0.0,0.0,0.0,0.0,0.0,0.0,0.0,0.0,0.0,0.0,0.0,0.0,0.0,0.0,0.0,0.0,0.0,0.0,0.0,0.0,25.271164,0.0,0.0,0.0,0.0,0.0,0.0,0.0,0.0,0.0,0.0,0.0,0.0,0.0,70.291016,48.709324,42.713913,83.336395,21.286226,45.67777,25.208097,140.32083,0.0,0.0,0.0,0.0,0.0,0.0,0.0,0.0,0.0,0.0,0.0,0.0,0.0,78.36717,0.0,0.0,0.0,0.0,0.0,0.0,0.0,0.0,0.0,77.76744,0.0,0.0,0.0,0.0,0.0,301.15823,0.0,0.0,0.0,0.0,0.0,0.0,0.0,0.0,0.0,0.0,60.7309,0.0,0.0,0.0,0.0,50.41067,53.455734,62.628036,0.0,135.01431,0.0,0.0,83.96085,52.804825,0.0,131.19568,0.0,59.64493,0.0,0.0,0.0,0.0,0.0,0.0,0.0,0.0,0.0,64.59507,0.0
C15x23_C15x24,0.0,0.0,0.0,27.724886,32.490486,0.0,0.0,0.0,0.0,0.0,0.0,0.0,50.96464,74.1429,0.0,0.0,120.40564,60.331505,31.075476,0.0,0.0,40.59317,0.0,28.774416,0.0,28.774416,0.0,0.0,46.463825,0.0,0.0,44.576717,0.0,0.0,89.153435,0.0,55.352985,60.072773,22.229359,0.0,35.895115,29.000805,15.653525,26.568932,29.214716,13.284466,0.0,20.967932,0.0,0.0,0.0,30.58736,0.0,27.60411,0.0,0.0,0.0,83.27536,34.594627,38.03668,24.09856,33.309544,14.063591,0.0,0.0,0.0,0.0,0.0,0.0,18.184303,0.0,0.0,0.0,0.0,0.0,0.0,59.80686,61.801373,0.0,0.0,20.048967,0.0,66.6694,0.0,47.012722,0.0,0.0,0.0,0.0,0.0,0.0,35.12701,0.0,0.0,0.0,0.0,0.0,0.0,0.0,58.555637,22.480059,40.809006,91.20612,0.0,48.200188,0.0,0.0,50.80887,40.941944,0.0,0.0,0.0,0.0,0.0,50.22853,0.0,0.0,0.0,66.12149,0.0,0.0,0.0,27.53277,0.0,38.345093,0.0,21.503956,19.93839,0.0,0.0,0.0,131.30573,0.0,0.0,0.0,0.0,58.94285,23.990356,203.27303,0.0,22.220522,0.0,2.6280842,3.8176358,0.0,96.781364,28.911049,78.25864,79.994255,29.260832,23.254473,29.260832,23.254473,28.430973,76.95913,29.745743,0.0,0.0,41.855618,28.978275,48.688156,0.0,0.0,39.61114,0.0,41.08606,0.0,0.0,9.381003,0.0,0.0,7.299009,0.0,54.713684,36.69877,0.0,0.0,0.0,0.0,0.0,0.0,0.0,0.0,12.462011,0.0,18.236227,0.0,45.24012,8.753255,107.839325,30.878075,0.0,45.18529,157.0112,27.726397,0.0,0.0,0.0,10.422275,0.0,0.0,0.0,0.0,0.0,0.0,39.196423,0.0,0.0,0.0,28.318947,68.41326,0.0,0.0,21.47726,0.0,0.0,0.0,0.0,0.0,0.0,0.0,0.0,0.0,55.35322,0.0,0.0,0.0,0.0,0.0,64.3578,0.0,0.0,41.469902,0.0,0.0,0.0,0.0,0.0,0.0,0.0,34.721756,0.0,18.582716,0.0,0.0,0.0,14.830788,0.0,0.0,0.0,0.0,0.0,0.0,13.951793,0.0,0.0,22.893131,0.0,49.32765,64.55436,0.0,49.69833,122.1852,0.0,194.78976,101.64699,58.135975,123.9133,90.03179,70.63561,116.9852,78.15579,79.63133,0.0,0.0,74.33364,67.20121,126.08401,76.08736,86.64786,62.311237,33.357628,40.252705,0.0,0.0,0.0,57.950634,0.0,0.0,0.0,0.0,0.0,0.0,0.0,40.098576,39.525684,39.17039,0.0,0.0,0.0,0.0,0.0,0.0,0.0,0.0,0.0,0.0,0.0,0.0,0.0,0.0,0.0,0.0,0.0,0.0,0.0,0.0,40.846283,31.854109,24.581532,0.0,0.0,40.583973,27.083204,0.0,0.0,0.0,0.0,0.0,0.0,0.0,0.0,27.986254,18.530153,21.273205,8.585506,31.591497,37.756886,27.986254,37.951984,0.0,0.0,20.64343,19.006077,15.110747,22.91046,20.10378,16.804966,34.66446,27.033195,32.919384,53.153137,39.97684,27.589016,40.12437,17.25288,75.38508,84.620705,42.695095,56.961586,35.157093,54.418327,92.41608,0.0,0.0,0.0,0.0,0.0,0.0,0.0,0.0,0.0,0.0,0.0,0.0,0.0,0.0,0.0,0.0,0.0,0.0,93.285995,95.93093,45.18529,6.407023,65.96294,32.416885,34.029324,29.40602,40.09421,66.18598,24.352877,80.29885,35.06123,89.43674,112.81879,95.27106,69.32892,54.06639,0.0,0.0,0.0,21.377876,45.738724,34.236816,13.849636,37.951984,12.462011,20.64343,19.006077,30.73201,33.34449,32.919384,0.0,0.0,10.345962,0.0,34.35116,13.863548,0.0,0.0,36.99493,49.62487,35.30344,45.64677,0.0,0.0,0.0,0.0,0.0,0.0,0.0,0.0,0.0,0.0,0.0,0.0,39.702377,0.0,0.0,19.608995,0.0,40.12437,0.0,0.0,0.0,0.0,0.0,108.61171,0.0,0.0,91.01568,20.491962,0.0,108.200714,50.10029,31.198526,0.0,31.12022,45.332333,0.0,0.0,27.899385,87.621826,0.0,34.304356,0.0,0.0,0.0,0.0,0.0,0.0,0.0,0.0,41.976006,0.0,0.0,38.62013,20.626501,0.0,0.0,0.0,0.0,0.0,0.0,0.0,0.0,0.0,0.0,0.0,0.0,26.70887,34.569344,35.436977
C15x23_C16x23,0.0,0.0,0.0,30.440895,23.457802,0.0,0.0,0.0,0.0,79.42828,0.0,0.0,80.19767,60.26009,0.0,0.0,93.76121,54.222084,40.586533,0.0,0.0,42.158497,0.0,29.43313,0.0,29.43313,0.0,0.0,47.527493,0.0,0.0,27.283525,0.0,0.0,54.56705,0.0,0.0,45.455425,42.16068,0.0,68.079445,0.0,0.0,0.0,0.0,0.0,0.0,0.0,0.0,72.83693,0.0,3.6068518,0.0,0.0,0.0,0.0,0.0,59.096737,0.0,49.46396,31.33844,33.787457,25.177841,0.0,5.7800026,0.0,9.333326,0.0,0.0,33.242065,0.0,0.0,0.0,16.91147,0.0,56.51757,56.907887,45.648754,0.0,0.0,31.826921,0.0,119.854675,0.0,69.157715,0.0,0.0,0.0,0.0,0.0,0.0,42.65874,0.0,51.07779,0.0,25.538895,0.0,0.0,0.0,64.764046,0.0,0.0,0.0,0.0,57.288383,0.0,0.0,54.121925,43.333485,0.0,0.0,0.0,0.0,0.0,24.154192,0.0,16.499058,0.0,31.796892,0.0,0.0,0.0,34.642315,0.0,5.050615,0.0,71.54904,0.0,0.0,0.0,0.0,155.72986,0.0,0.0,0.0,0.0,46.745686,0.0,177.32582,0.0,0.0,0.0,0.0,17.205608,0.0,82.425545,0.0,27.308071,94.25323,34.476578,0.0,34.476578,0.0,0.0,67.49554,0.0,0.0,0.0,66.51316,42.44511,25.2354,0.0,0.0,41.40452,0.0,75.41301,0.0,0.0,16.761803,0.0,32.37518,0.0,0.0,58.794357,0.0,0.0,0.0,0.0,0.0,0.0,100.68121,0.0,0.0,0.0,0.0,23.31162,0.0,61.723064,0.0,59.67866,0.0,0.0,39.83199,144.20706,0.0,0.0,0.0,0.0,0.0,0.0,0.0,0.0,0.0,0.0,0.0,44.67888,0.0,0.0,0.0,70.80549,87.47293,0.0,0.0,0.0,0.0,0.0,0.0,0.0,0.0,0.0,0.0,0.0,0.0,51.970104,0.0,0.0,0.0,0.0,0.0,0.0,0.0,0.0,38.634075,0.0,0.0,0.0,0.0,0.0,0.0,0.0,19.832672,0.0,28.676807,0.0,82.26268,0.0,13.682239,0.0,0.0,0.0,0.0,0.0,0.0,0.0,0.0,0.0,0.0,0.0,76.99608,69.936134,0.0,0.0,136.95291,34.978264,122.71899,73.91142,41.106194,73.91579,70.51495,50.26075,79.14002,154.64134,43.354206,61.569443,0.0,92.86387,65.77541,89.90307,92.683586,78.860306,0.0,0.0,55.000267,0.0,0.0,0.0,59.75099,0.0,0.0,0.0,0.0,0.0,0.0,0.0,40.200253,50.70806,10.699889,0.0,0.0,0.0,0.0,0.0,0.0,0.0,0.0,0.0,0.0,0.0,0.0,0.0,0.0,0.0,0.0,0.0,0.0,0.0,50.06836,43.892693,40.258068,30.284525,0.0,0.0,69.816925,39.10214,0.0,0.0,0.0,0.0,0.0,0.0,0.0,0.0,29.24948,41.613083,56.80782,36.11502,30.658323,54.17186,29.24948,30.961658,21.621923,40.85032,22.293121,22.538425,45.267117,0.0,0.0,7.4339213,37.249817,34.16527,38.44499,48.9661,0.0,0.0,0.0,0.0,80.884056,100.90256,50.98337,0.0,0.0,121.84697,171.36382,0.0,27.408821,32.624615,19.369747,36.38371,0.0,0.0,0.0,0.0,0.0,0.0,0.0,0.0,0.0,0.0,0.0,0.0,0.0,150.55083,70.538315,39.83199,0.0,48.10796,44.342506,37.170826,0.0,29.302359,15.608715,34.019012,126.53686,121.89823,158.05049,66.03968,62.617653,74.49963,68.33054,0.0,0.0,0.0,25.055,36.943974,56.80782,36.11502,30.961658,21.621923,22.293121,22.538425,38.519768,7.4339213,38.44499,0.0,0.0,0.0,0.0,91.731094,58.317154,0.0,68.61258,0.0,62.20025,0.0,100.43829,0.0,0.0,0.0,0.0,0.0,0.0,0.0,0.0,0.0,0.0,0.0,0.0,58.82255,0.0,0.0,0.0,0.0,0.0,0.0,0.0,0.0,0.0,0.0,50.32396,0.0,0.0,0.0,21.157919,0.0,92.28856,61.247204,41.44936,0.0,33.774147,33.600334,0.0,0.0,21.157919,58.181072,0.0,79.541794,0.0,0.0,0.0,0.0,0.0,0.0,0.0,0.0,94.157394,0.0,0.0,36.259716,37.037804,0.0,0.0,0.0,0.0,0.0,0.0,0.0,0.0,0.0,0.0,0.0,0.0,0.0,34.641285,56.336315
C15x24_C15x25,94.631905,0.0,0.0,28.994139,48.029884,0.0,0.0,0.0,20.696903,0.0,26.41113,23.916296,47.791878,0.0,0.0,0.0,193.8583,62.872173,0.0,0.0,0.0,52.377174,0.0,0.0,0.0,0.0,0.0,0.0,0.0,0.0,0.0,0.0,0.0,0.0,0.0,0.0,26.969114,30.38769,0.0,0.0,0.0,30.738045,0.0,0.0,45.22147,0.0,0.0,0.0,0.0,0.0,0.0,0.0,0.0,54.035866,0.0,40.56082,0.0,95.06588,52.81529,35.960697,0.0,61.413345,0.0,0.0,0.0,0.0,0.0,0.0,56.608032,5.483012,0.0,0.0,9.287536,13.590873,0.0,22.27185,55.928383,0.0,0.0,41.057014,0.0,0.0,63.98319,0.0,83.63456,0.0,0.0,0.0,0.0,26.597261,0.0,96.44159,0.0,0.0,0.0,0.0,0.0,0.0,0.0,43.475224,34.50486,40.356003,106.771935,0.0,58.15279,0.0,0.0,36.53482,15.740237,0.0,0.0,14.056472,56.995884,0.0,16.06036,33.526363,20.569473,0.0,16.06036,49.931458,0.0,0.0,0.0,0.0,49.821663,0.0,0.0,60.351105,0.0,0.0,0.0,64.90186,0.0,0.0,0.0,0.0,68.70412,73.748184,95.91542,0.0,40.510185,0.0,22.439785,5.451618,0.0,73.49731,35.480568,95.92509,0.0,0.0,0.0,43.073334,0.0,32.352276,92.30073,50.75591,0.0,0.0,44.38828,0.0,82.80082,0.0,0.0,71.16419,0.0,31.843918,0.0,0.0,28.21801,0.0,21.088562,61.022926,0.0,32.285667,89.64243,0.0,0.0,0.0,0.0,0.0,0.0,0.0,0.0,3.5305812,0.0,5.1664596,0.0,42.585663,22.76884,162.49759,41.649094,0.0,60.947006,171.2239,14.412028,0.0,0.0,0.0,0.0,57.54208,0.0,44.227,0.0,0.0,0.0,27.0839,0.0,0.0,0.0,0.0,69.056435,0.0,0.0,59.738544,0.0,0.0,0.0,0.0,0.0,0.0,0.0,0.0,0.0,29.823473,0.0,0.0,0.0,0.0,0.0,57.174683,30.021366,0.0,31.408089,0.0,0.0,0.0,0.0,0.0,0.0,0.0,47.12963,0.0,0.0,0.0,0.0,0.0,33.99761,0.0,0.0,92.9716,0.0,0.0,15.178246,15.627932,0.0,32.69221,0.0,0.0,54.322243,40.247772,25.116758,35.23306,106.11207,71.60515,171.72012,108.63075,126.755516,69.126114,124.960175,77.61612,75.59269,146.45537,58.887386,81.44564,100.63619,69.11991,103.04253,71.97528,123.67766,109.77448,63.988247,59.131943,30.278246,0.0,0.0,0.0,62.496037,42.649837,34.423626,44.391045,0.0,0.0,60.141518,42.008892,0.0,34.665703,45.305355,0.0,0.0,0.0,0.0,0.0,0.0,0.0,0.0,0.0,0.0,0.0,0.0,0.0,0.0,0.0,0.0,0.0,0.0,0.0,0.0,0.0,0.0,0.0,0.0,13.860445,72.17103,26.289494,0.0,0.0,0.0,0.0,0.0,0.0,0.0,0.0,0.0,0.0,0.0,0.0,0.0,0.0,0.0,0.0,0.0,0.0,0.0,0.0,0.0,0.0,0.0,0.0,0.0,0.0,0.0,37.813442,48.407387,42.48618,22.103563,66.899734,61.40434,58.52264,22.135506,0.0,32.7115,40.318016,48.500774,0.0,21.923368,45.031944,45.439648,30.939388,0.0,0.0,0.0,0.0,0.0,47.21876,29.251144,26.330915,28.08452,14.625262,0.0,44.559345,18.856499,92.67581,50.860703,60.947006,19.40134,46.926403,37.74911,0.0,13.781147,47.277695,60.06425,20.248114,0.0,0.0,0.0,0.0,0.0,0.0,0.0,0.0,0.0,0.0,0.0,24.0046,32.428955,21.208216,56.504032,3.5305812,25.54165,50.212814,36.531544,26.440756,40.60562,0.0,0.0,40.117477,35.139664,0.0,0.0,0.0,0.0,0.0,0.0,0.0,0.0,36.10588,0.0,0.0,0.0,0.0,0.0,0.0,0.0,0.0,0.0,0.0,0.0,28.238089,0.0,36.857357,17.092478,37.50426,38.63779,0.0,0.0,0.0,21.750528,19.230356,110.23325,0.0,0.0,40.608494,13.313592,17.539213,142.51398,47.454758,55.31033,0.0,0.0,34.61227,0.0,0.0,45.84492,80.85721,22.46511,39.237206,0.0,0.0,0.0,0.0,0.0,0.0,0.0,0.0,20.347433,0.0,0.0,20.676182,25.930378,0.0,0.0,0.0,32.910458,0.0,0.0,0.0,0.0,0.0,0.0,30.441866,0.0,65.747665,32.417255,0.0
C15x24_C16x24,95.98622,0.0,0.0,11.244156,70.45328,0.0,0.0,0.0,0.0,0.0,0.0,25.077608,59.070385,0.0,0.0,0.0,205.76532,121.53025,14.691665,0.0,0.0,45.41802,0.0,0.0,0.0,0.0,0.0,0.0,0.0,0.0,0.0,0.0,0.0,0.0,0.0,0.0,76.58587,48.993862,0.0,0.0,0.0,32.230602,0.0,0.0,0.0,0.0,0.0,0.0,0.0,0.0,0.0,0.0,0.0,30.241692,0.0,0.0,0.0,96.95284,32.5964,51.67286,17.316576,80.34611,16.567286,0.0,0.0,0.0,0.0,0.0,57.0136,4.16308,0.0,0.0,0.0,0.0,0.0,0.0,58.92252,52.99562,0.0,0.0,99.91093,0.0,59.826084,0.0,112.40642,0.0,0.0,0.0,0.0,0.0,0.0,86.895195,0.0,0.0,0.0,0.0,0.0,0.0,0.0,88.08664,0.0,40.0717,64.8327,0.0,49.77843,0.0,0.0,47.832638,70.69213,0.0,0.0,21.576159,21.735306,0.0,24.65205,0.0,31.57337,0.0,24.65205,0.0,0.0,0.0,28.057734,0.0,33.58718,0.0,0.0,34.96992,0.0,0.0,0.0,95.36674,0.0,0.0,0.0,0.0,47.77378,32.536987,168.49556,0.0,25.786423,0.0,19.028175,27.64091,0.0,65.26488,25.530834,69.10881,47.308086,22.672514,22.672514,38.84475,22.672514,27.954695,75.66991,25.865404,0.0,0.0,22.6284,43.442276,45.489296,0.0,0.0,85.06657,0.0,43.640213,0.0,0.0,0.0,24.340977,0.0,60.49008,0.0,68.60748,63.35337,0.0,0.0,0.0,0.0,0.0,0.0,0.0,0.0,18.748121,0.0,27.434978,0.0,0.0,21.459185,180.70134,41.12672,53.033905,60.182594,121.063896,28.220165,29.904594,0.0,0.0,15.976103,0.0,0.0,0.0,0.0,0.0,0.0,40.9059,0.0,0.0,0.0,0.0,67.901886,0.0,0.0,38.26602,0.0,0.0,0.0,0.0,0.0,0.0,0.0,0.0,0.0,67.02156,0.0,0.0,0.0,0.0,0.0,0.0,0.0,0.0,45.216698,0.0,0.0,0.0,0.0,0.0,0.0,0.0,34.09443,0.0,24.669186,0.0,0.0,0.0,12.717627,0.0,0.0,68.47241,0.0,0.0,0.0,14.166704,0.0,0.0,0.0,0.0,64.03933,58.424374,55.898727,51.865826,145.42677,89.161835,139.90128,82.385925,95.179276,116.65483,196.06679,123.88771,114.97878,186.86884,0.0,24.464344,80.83751,145.16928,73.31708,112.588554,135.56479,99.12546,58.81655,57.026764,0.0,0.0,0.0,0.0,99.42127,0.0,0.0,0.0,0.0,0.0,0.0,0.0,43.930008,14.786729,0.0,0.0,0.0,0.0,0.0,0.0,0.0,0.0,0.0,0.0,0.0,0.0,0.0,0.0,0.0,0.0,0.0,0.0,0.0,0.0,0.0,0.0,0.0,0.0,0.0,0.0,63.50595,43.395336,0.0,0.0,0.0,0.0,0.0,0.0,0.0,0.0,0.0,0.0,0.0,0.0,0.0,0.0,0.0,0.0,0.0,0.0,0.0,0.0,0.0,0.0,0.0,0.0,0.0,0.0,0.0,85.51208,42.067417,46.900433,41.337475,78.67257,123.32965,101.35215,50.466404,55.53609,76.85915,53.239697,83.551216,0.0,0.0,0.0,0.0,0.0,0.0,0.0,0.0,0.0,0.0,0.0,0.0,0.0,0.0,0.0,0.0,0.0,0.0,116.4535,85.55423,60.182594,0.0,39.457844,53.801796,33.17772,0.0,52.51046,37.468307,26.976185,0.0,0.0,0.0,0.0,0.0,0.0,0.0,0.0,0.0,0.0,0.0,29.255455,40.749203,14.062974,59.24772,18.748121,26.781885,48.872326,40.67705,24.097435,37.985832,0.0,0.0,15.859124,0.0,0.0,0.0,0.0,0.0,0.0,0.0,0.0,0.0,0.0,0.0,0.0,0.0,0.0,0.0,0.0,0.0,0.0,0.0,0.0,0.0,28.13481,0.0,0.0,24.403866,40.78913,41.337475,0.0,0.0,0.0,0.0,0.0,111.89543,0.0,0.0,0.0,54.25696,0.0,132.9917,59.630157,55.586395,0.0,30.19266,31.673445,0.0,0.0,65.71565,70.08155,49.997337,82.757706,0.0,0.0,0.0,0.0,0.0,0.0,28.379856,0.0,43.395336,0.0,0.0,26.415682,31.092808,0.0,0.0,0.0,30.660381,0.0,0.0,0.0,0.0,0.0,0.0,0.0,0.0,57.411613,54.25696,0.0
C15x25_C15x26,54.745728,0.0,0.0,32.634842,45.780815,0.0,0.0,0.0,27.895992,0.0,21.321169,32.2352,54.832153,0.0,0.0,0.0,161.10585,85.32939,0.0,0.0,0.0,25.980516,0.0,0.0,0.0,0.0,0.0,0.0,0.0,0.0,0.0,0.0,0.0,0.0,0.0,0.0,0.0,42.60669,0.0,0.0,0.0,0.0,0.0,0.0,0.0,0.0,0.0,0.0,0.0,11.730209,0.0,0.0,0.0,81.6767,0.0,50.348755,0.0,54.533543,43.924213,0.0,0.0,90.06467,76.209114,0.0,0.0,0.0,0.0,0.0,51.572224,0.0,0.0,0.0,33.27071,25.057877,0.0,64.6875,0.0,0.0,0.0,19.067219,0.0,0.0,138.2814,0.0,124.41832,0.0,0.0,0.0,0.0,55.80682,0.0,64.48754,0.0,0.0,0.0,0.0,0.0,0.0,0.0,57.818348,18.263737,110.970985,52.8269,0.0,37.886955,0.0,0.0,26.620346,0.0,0.0,0.0,32.39157,33.192593,0.0,0.0,19.52469,20.796072,0.0,0.0,65.3857,0.0,0.0,0.0,0.0,52.94392,0.0,0.0,0.0,0.0,0.0,0.0,42.295086,0.0,0.0,0.0,0.0,83.70316,47.337578,92.09642,0.0,42.747337,0.0,37.19906,23.306236,0.0,29.408344,65.92568,79.55919,0.0,0.0,27.729973,31.995724,0.0,33.63608,72.79756,103.56278,0.0,0.0,3.8033628,0.0,73.42223,0.0,0.0,124.16926,0.0,0.0,0.0,0.0,25.308336,0.0,37.169117,52.822426,0.0,0.0,60.254124,0.0,0.0,0.0,0.0,0.0,64.50687,0.0,0.0,53.3139,0.0,47.26591,0.0,37.66723,35.906395,61.143448,0.0,0.0,45.554882,255.61276,36.530846,54.24599,0.0,0.0,21.630518,80.13661,0.0,49.78066,0.0,0.0,0.0,60.316914,0.0,0.0,0.0,0.0,112.05691,0.0,0.0,78.81381,0.0,0.0,0.0,0.0,0.0,0.0,0.0,0.0,0.0,8.747546,0.0,0.0,0.0,0.0,0.0,34.837852,40.25547,0.0,43.176865,0.0,0.0,0.0,0.0,0.0,0.0,0.0,99.08273,0.0,0.0,0.0,55.457733,0.0,0.0,0.0,0.0,0.0,0.0,0.0,22.962086,48.549923,0.0,37.632828,18.546028,0.0,0.0,0.0,84.024216,99.65493,0.0,0.0,149.029,148.4582,191.40022,61.8579,64.54768,0.0,58.27644,156.17944,83.20676,128.81102,181.2791,7.2483253,84.57551,127.083,145.7959,80.64045,76.99254,85.12303,28.609442,0.0,0.0,0.0,47.73537,72.664894,56.681515,107.98837,0.0,0.0,87.87512,69.383705,51.172703,31.846975,43.225094,0.0,0.0,0.0,0.0,0.0,0.0,0.0,0.0,0.0,0.0,0.0,0.0,0.0,0.0,0.0,0.0,0.0,0.0,0.0,0.0,0.0,0.0,0.0,0.0,0.0,49.876457,42.935616,0.0,0.0,0.0,0.0,0.0,0.0,0.0,0.0,0.0,0.0,0.0,0.0,0.0,0.0,0.0,0.0,0.0,0.0,0.0,0.0,0.0,0.0,0.0,0.0,0.0,0.0,0.0,0.0,0.0,0.0,0.0,14.702745,55.779747,34.76843,30.2184,0.0,0.0,55.954872,114.299164,0.0,56.48341,39.80764,44.836967,29.111906,0.0,0.0,0.0,0.0,0.0,83.15764,24.006052,29.062845,40.705193,18.154556,12.723598,67.75794,26.150677,60.255543,55.501743,45.554882,0.0,33.855057,48.449707,24.788248,0.0,21.10074,29.760416,22.555367,0.0,0.0,0.0,0.0,0.0,0.0,0.0,0.0,0.0,0.0,21.434135,0.0,0.0,33.000465,35.141773,43.562614,18.633879,34.521957,2.663338,17.384108,53.571507,0.0,0.0,0.0,46.360203,0.0,0.0,0.0,0.0,0.0,0.0,0.0,0.0,53.051697,0.0,0.0,0.0,0.0,0.0,0.0,0.0,0.0,0.0,0.0,0.0,0.0,0.0,48.50649,0.0,0.0,41.070152,0.0,0.0,0.0,41.538887,22.136547,66.54091,0.0,0.0,30.829355,0.0,26.533825,149.29549,0.0,58.125664,0.0,0.0,53.91384,0.0,0.0,28.25917,68.95349,75.15354,39.491196,0.0,0.0,0.0,0.0,0.0,0.0,0.0,0.0,24.457298,0.0,0.0,14.65833,72.02919,0.0,0.0,0.0,17.699848,0.0,0.0,0.0,0.0,0.0,0.0,32.745968,0.0,98.566605,14.277577,0.0
C15x25_C16x25,68.091034,0.0,0.0,10.716891,43.083885,0.0,0.0,46.307777,15.685421,0.0,20.016024,0.0,37.622303,0.0,0.0,0.0,221.25337,128.70886,0.0,0.0,37.477535,67.02946,0.0,0.0,0.0,0.0,0.0,0.0,0.0,0.0,0.0,0.0,0.0,0.0,0.0,0.0,0.0,19.648066,0.0,0.0,0.0,16.426512,0.0,0.0,13.003289,0.0,0.0,0.0,0.0,0.0,0.0,0.0,0.0,69.67686,0.0,52.30138,0.0,49.724144,57.511005,0.0,0.0,120.103455,36.04551,0.0,0.0,0.0,0.0,0.0,77.24283,39.213955,0.0,0.0,33.45394,25.195877,9.9848385,77.80199,54.654964,0.0,0.0,17.97996,26.895311,0.0,85.53738,0.0,127.842064,0.0,0.0,0.0,0.0,52.439014,0.0,126.50704,0.0,0.0,0.0,0.0,0.0,0.0,0.0,54.043465,17.222294,79.25315,53.701286,0.0,34.89156,0.0,0.0,36.25306,18.324955,0.0,0.0,0.0,46.116386,0.0,0.0,27.126781,28.893187,0.0,0.0,47.66707,0.0,0.0,24.10867,0.0,58.55383,0.0,0.0,25.768791,0.0,0.0,0.0,42.99515,0.0,0.0,0.0,0.0,26.76222,35.53413,122.080795,36.103424,52.372475,0.0,41.976177,26.29923,0.0,61.262383,14.87153,70.75084,0.0,0.0,0.0,23.032595,0.0,31.387,90.916145,61.91758,0.0,0.0,0.0,0.0,105.55111,0.0,35.095524,87.23218,0.0,0.0,0.0,0.0,9.741198,0.0,0.0,80.072014,0.0,0.0,67.36182,0.0,0.0,0.0,23.84828,0.0,0.0,0.0,0.0,62.609097,0.0,55.506653,0.0,31.286509,0.0,145.97997,0.0,0.0,54.960026,171.70041,0.0,35.46032,0.0,0.0,20.397093,63.589325,0.0,27.428799,0.0,0.0,0.0,75.37905,0.0,39.374233,0.0,0.0,68.201385,0.0,0.0,58.71189,0.0,0.0,0.0,0.0,0.0,0.0,0.0,0.0,0.0,27.827236,0.0,0.0,0.0,0.0,0.0,47.52147,31.228672,0.0,30.85413,39.39031,0.0,0.0,0.0,0.0,15.002386,0.0,91.7658,0.0,0.0,0.0,0.0,0.0,0.0,0.0,0.0,46.760365,0.0,0.0,15.168958,34.36182,0.0,0.0,17.597809,0.0,0.0,0.0,10.333411,93.97236,127.446266,67.456215,134.52429,47.4662,133.08841,70.13598,146.75746,47.669106,114.97903,160.47719,81.24837,73.20889,56.82846,84.17392,30.888638,118.2141,108.609795,59.42969,65.18038,67.902916,38.038033,0.0,0.0,0.0,88.993706,54.003498,46.655228,65.11709,29.706089,33.06457,38.50463,47.96793,43.65447,20.331133,0.0,0.0,0.0,0.0,0.0,0.0,0.0,0.0,0.0,0.0,0.0,0.0,0.0,0.0,0.0,0.0,0.0,0.0,0.0,0.0,0.0,0.0,0.0,0.0,0.0,13.851963,33.470135,28.363647,0.0,0.0,0.0,0.0,0.0,0.0,0.0,0.0,0.0,0.0,0.0,0.0,0.0,0.0,0.0,0.0,0.0,0.0,0.0,0.0,0.0,0.0,0.0,0.0,0.0,0.0,0.0,37.554207,0.0,0.0,0.0,92.31232,98.20518,43.670017,30.543911,0.0,0.0,24.51552,116.64962,0.0,56.71137,0.0,38.470966,8.74201,0.0,0.0,0.0,0.0,0.0,13.986318,31.11558,39.10727,59.927746,39.00798,11.998067,58.98119,15.287342,82.216095,54.379047,54.960026,0.0,18.944735,20.083256,0.0,0.0,27.898533,42.288902,17.350544,0.0,0.0,0.0,0.0,0.0,0.0,0.0,0.0,0.0,0.0,0.0,0.0,22.140745,33.649338,58.109074,0.0,0.0,57.474163,38.2864,38.9619,61.69879,0.0,0.0,0.0,34.535763,0.0,0.0,0.0,0.0,0.0,0.0,0.0,0.0,36.482563,0.0,0.0,0.0,0.0,0.0,0.0,0.0,0.0,0.0,0.0,0.0,0.0,0.0,25.453436,29.472929,36.351,48.53999,0.0,0.0,0.0,40.525387,19.77158,140.6018,0.0,0.0,49.48099,25.971285,22.061506,129.09212,50.81007,43.300377,0.0,0.0,18.41548,0.0,0.0,51.704155,68.3225,9.242483,22.19553,0.0,0.0,0.0,0.0,0.0,0.0,0.0,0.0,16.15671,0.0,0.0,0.0,67.0767,0.0,0.0,0.0,0.0,0.0,0.0,0.0,0.0,38.303528,33.5787,8.601434,0.0,76.1505,38.52543,0.0
C15x26_C15x27,50.190186,39.908314,0.0,0.0,33.92895,0.0,0.0,0.0,45.179905,0.0,86.78122,0.0,89.09082,0.0,0.0,0.0,189.07677,55.841743,0.0,45.088722,0.0,0.0,0.0,18.205704,0.0,0.0,0.0,0.0,0.0,0.0,0.0,0.0,0.0,0.0,35.43566,0.0,0.0,0.0,0.0,48.50488,0.0,0.0,0.0,0.0,26.058046,0.0,0.0,0.0,0.0,27.65351,0.0,0.0,0.0,65.298355,0.0,133.10399,79.61562,0.0,52.19172,0.0,0.0,112.13695,44.11543,0.0,41.97172,0.0,0.0,0.0,0.0,10.182702,0.0,0.0,0.0,0.0,0.0,162.46997,0.0,0.0,0.0,0.0,0.0,0.0,135.27727,0.0,65.01057,0.0,0.0,0.0,0.0,0.0,0.0,104.041306,0.0,47.41411,0.0,0.0,0.0,0.0,0.0,0.0,20.039318,58.97104,44.18265,0.0,0.0,0.0,0.0,35.96395,0.0,0.0,0.0,27.952286,48.263805,0.0,20.05511,0.0,0.0,0.0,0.0,0.0,0.0,0.0,0.0,0.0,0.0,0.0,37.960293,0.0,0.0,0.0,0.0,82.78739,0.0,0.0,0.0,0.0,0.0,0.0,105.169365,0.0,38.22896,0.0,17.1166,0.0,0.0,44.91328,75.60877,82.7697,0.0,0.0,0.0,50.976482,0.0,67.52663,73.9221,95.282,0.0,0.0,0.0,0.0,0.0,0.0,0.0,69.72071,0.0,0.0,0.0,0.0,44.557796,0.0,0.0,30.164366,0.0,0.0,54.003353,0.0,0.0,0.0,0.0,0.0,84.228004,0.0,0.0,0.0,0.0,0.0,0.0,53.894806,31.393639,19.29755,0.0,0.0,65.37508,242.01335,0.0,35.628193,0.0,0.0,2.4914153,0.0,0.0,51.996635,0.0,0.0,0.0,113.57052,0.0,0.0,0.0,0.0,143.55457,0.0,0.0,6.1554995,0.0,0.0,0.0,25.162542,0.0,0.0,0.0,0.0,0.0,63.137585,0.0,0.0,0.0,0.0,0.0,54.624496,35.215057,0.0,58.888554,0.0,0.0,0.0,28.788599,0.0,0.0,0.0,58.195343,0.0,0.0,0.0,38.27349,0.0,0.0,0.0,0.0,118.4579,0.0,0.0,43.95176,34.614765,0.0,46.73426,49.595665,0.0,0.0,0.0,41.482315,91.988304,40.56475,70.304535,102.66483,46.43191,86.978226,0.0,60.108894,0.0,52.99703,65.01057,50.215294,57.532757,72.37904,31.06713,0.0,62.999996,8.705191,132.41217,84.32641,73.107155,31.766819,0.0,0.0,0.0,43.067383,141.33984,86.12031,105.64234,93.490875,117.616135,50.113594,102.37516,0.0,0.0,13.328082,76.11833,11.282663,59.698986,13.721296,62.301544,78.94276,27.215578,60.817707,15.45953,15.467898,38.935463,19.302485,28.075369,46.270134,26.664818,76.36556,65.99302,0.0,67.41668,0.0,0.0,0.0,0.0,0.0,0.0,62.334732,49.68959,0.0,0.0,0.0,0.0,0.0,0.0,0.0,0.0,26.664818,52.92165,0.0,0.0,0.0,0.0,0.0,0.0,0.0,0.0,0.0,0.0,0.0,0.0,0.0,0.0,0.0,0.0,0.0,0.0,0.0,0.0,22.791948,54.367718,80.05066,50.690693,30.893454,0.0,51.77199,51.20119,74.563965,0.0,101.503815,70.946724,38.23189,49.57977,0.0,0.0,0.0,0.0,0.0,90.64142,71.64697,76.35781,77.53503,83.85643,0.0,0.0,0.0,49.91987,44.009556,0.0,0.0,0.0,0.0,0.0,0.0,0.0,0.0,0.0,58.282013,37.528515,105.236694,32.160156,56.689907,42.203373,0.0,0.0,0.0,0.0,59.852573,0.0,0.0,0.0,0.0,0.0,0.0,0.0,0.0,0.0,0.0,0.0,0.0,0.0,0.0,0.0,0.0,0.0,0.0,0.0,0.0,0.0,0.0,0.0,0.0,0.0,0.0,0.0,0.0,0.0,0.0,0.0,0.0,0.0,0.0,0.0,0.0,79.973366,62.9666,0.0,51.20956,0.0,0.0,0.0,34.413692,56.0703,56.05963,0.0,0.0,0.0,0.0,0.0,105.82326,0.0,0.0,0.0,0.0,54.842613,0.0,0.0,84.34057,51.747005,41.482315,0.0,0.0,0.0,0.0,0.0,0.0,0.0,0.0,0.0,0.0,0.0,19.517109,19.803328,58.323387,0.0,0.0,38.14034,0.0,0.0,0.0,0.0,0.0,0.0,0.0,0.0,0.0,49.824974,0.0,0.0
C15x26_C16x26,61.304066,41.33509,0.0,0.0,49.6323,0.0,0.0,0.0,35.575417,0.0,68.333,35.346413,42.185482,0.0,0.0,0.0,183.8346,100.99367,0.0,0.0,0.0,26.364859,0.0,18.85658,0.0,18.111279,0.0,0.0,0.0,0.0,0.0,31.439009,0.0,0.0,0.0,0.0,49.791317,0.0,38.790565,0.0,0.0,0.0,0.0,0.0,0.0,0.0,0.0,0.0,0.0,0.0,0.0,0.0,0.0,75.60767,0.0,154.11847,0.0,0.0,51.045788,0.0,0.0,150.39839,18.46179,0.0,55.312347,0.0,0.0,0.0,55.775578,10.546747,0.0,0.0,0.0,0.0,0.0,140.81781,0.0,0.0,0.0,0.0,0.0,0.0,124.884415,0.0,55.570847,0.0,0.0,0.0,0.0,0.0,0.0,129.3779,0.0,0.0,0.0,48.541298,0.0,0.0,0.0,0.0,17.470886,51.412743,24.47465,0.0,46.316544,0.0,0.0,58.671402,0.0,0.0,0.0,27.887676,23.003273,0.0,0.0,0.0,0.0,0.0,0.0,0.0,0.0,0.0,0.0,0.0,0.0,0.0,0.0,6.1141424,0.0,0.0,0.0,91.22337,0.0,0.0,0.0,0.0,0.0,0.0,109.35383,0.0,33.084866,0.0,37.969563,0.0,0.0,40.696976,56.37886,77.726524,64.21047,0.0,27.083664,34.020634,0.0,33.56497,66.34273,75.32598,0.0,0.0,4.4059825,0.0,125.67659,0.0,0.0,68.806076,0.0,0.0,0.0,0.0,41.240395,0.0,0.0,44.052975,0.0,0.0,21.502695,0.0,0.0,0.0,0.0,0.0,57.03987,0.0,0.0,0.0,0.0,0.0,0.0,26.524508,0.0,53.327015,0.0,0.0,0.0,190.4068,0.0,36.204247,0.0,0.0,19.757338,0.0,0.0,33.636078,0.0,0.0,0.0,152.74908,0.0,0.0,0.0,40.129623,176.74252,0.0,0.0,33.943176,0.0,0.0,0.0,0.0,0.0,0.0,0.0,0.0,0.0,0.0,0.0,0.0,0.0,0.0,0.0,34.97596,49.628616,0.0,97.222595,0.0,0.0,0.0,0.0,0.0,0.0,0.0,131.79541,0.0,0.0,0.0,75.809654,0.0,0.0,0.0,0.0,56.92384,0.0,0.0,14.275016,50.2802,0.0,30.10732,44.142086,0.0,0.0,0.0,50.902607,123.72161,57.08363,70.47093,89.900475,55.945168,72.12749,23.034367,49.665077,19.813492,61.705708,62.10811,60.750107,48.541298,66.64143,17.773556,39.12989,92.091515,56.49583,84.12296,59.705135,82.48087,58.25708,0.0,0.0,0.0,48.778114,92.27578,100.271935,90.30277,5.5270557,93.38168,63.586174,149.64894,0.0,35.66213,0.0,0.0,0.0,0.0,0.0,0.0,0.0,0.0,0.0,0.0,0.0,0.0,0.0,0.0,0.0,0.0,0.0,0.0,0.0,0.0,0.0,0.0,0.0,0.0,0.0,0.0,29.307325,42.41223,0.0,0.0,0.0,0.0,0.0,0.0,0.0,0.0,0.0,0.0,12.842789,29.542488,55.945168,48.27429,28.392088,30.633204,0.0,68.58152,19.110544,38.701283,9.112512,21.927809,27.441074,22.828753,34.565716,37.33655,56.49583,0.0,48.27429,68.58152,0.0,65.28926,103.55442,60.402214,54.803696,0.0,0.0,41.332222,175.29213,0.0,75.02,40.610268,26.169968,40.404522,0.0,0.0,0.0,0.0,0.0,78.87933,37.607925,87.872696,127.47811,112.78449,0.0,0.0,0.0,70.24837,25.346018,0.0,0.0,0.0,0.0,0.0,0.0,0.0,0.0,0.0,0.0,0.0,0.0,0.0,0.0,0.0,0.0,0.0,0.0,0.0,35.97168,0.0,14.022603,32.256435,33.447346,0.0,20.86615,42.256607,19.406338,24.925934,61.685867,0.0,0.0,0.0,0.0,0.0,0.0,0.0,0.0,0.0,0.0,0.0,0.0,0.0,0.0,0.0,0.0,0.0,0.0,0.0,0.0,0.0,0.0,0.0,0.0,0.0,0.0,81.04821,46.54049,0.0,83.63069,0.0,56.061012,113.33793,20.016163,43.737373,83.2313,0.0,0.0,0.0,0.0,29.71248,173.8188,0.0,0.0,0.0,8.139141,61.013813,0.0,0.0,0.0,56.291912,42.965363,0.0,0.0,0.0,0.0,0.0,0.0,0.0,0.0,0.0,28.332409,0.0,6.203132,32.69449,43.10597,0.0,0.0,0.0,25.809774,0.0,0.0,0.0,0.0,0.0,0.0,0.0,0.0,35.804947,22.36728,0.0
C15x27_C15x28,45.85965,55.82717,0.0,0.0,37.464165,0.0,0.0,0.0,68.87755,0.0,48.35528,37.83091,100.10755,53.346916,65.37764,0.0,149.93512,0.0,0.0,22.813028,0.0,0.0,0.0,23.23557,0.0,0.0,0.0,0.0,0.0,0.0,0.0,0.0,0.0,0.0,0.0,0.0,0.0,0.0,0.0,48.626625,43.696335,30.95454,0.0,42.158257,0.0,0.0,0.0,0.0,0.0,0.0,0.0,0.0,0.0,0.0,0.0,47.421494,23.419785,0.0,55.71208,50.45063,0.0,65.84939,45.31355,0.0,0.0,0.0,52.641495,0.0,0.0,9.048424,9.048424,0.0,0.0,0.0,0.0,78.8678,0.0,0.0,0.0,0.0,0.0,0.0,50.0116,0.0,0.0,0.0,0.0,0.0,0.0,0.0,0.0,102.16121,0.0,64.70613,0.0,0.0,0.0,0.0,0.0,0.0,0.0,28.105822,42.474113,0.0,20.994158,0.0,0.0,56.136383,0.0,0.0,0.0,85.1339,0.0,38.96216,89.82307,0.0,0.0,38.96216,0.0,0.0,0.0,0.0,0.0,52.698685,0.0,0.0,72.125244,0.0,0.0,0.0,0.0,93.04839,0.0,0.0,39.01013,0.0,0.0,0.0,238.57765,0.0,0.0,0.0,0.0,0.0,0.0,37.542583,38.604897,81.768196,65.95284,36.224518,12.953988,88.731575,0.0,34.47826,73.02765,67.75848,0.0,0.0,7.0937943,0.0,45.986267,0.0,0.0,130.5614,45.487114,23.349924,0.0,0.0,46.41443,19.94923,0.0,0.0,0.0,0.0,0.0,0.0,58.460026,0.0,0.0,0.0,0.0,0.0,0.0,0.0,0.0,0.0,0.0,94.016525,0.0,44.04769,0.0,0.0,68.65178,177.3969,0.0,0.0,0.0,0.0,0.0,0.0,0.0,68.14711,43.482716,0.0,0.0,102.567474,0.0,0.0,0.0,0.0,49.089783,0.0,0.0,0.0,0.0,0.0,0.0,39.02086,0.0,0.0,0.0,0.0,0.0,135.57399,0.0,0.0,0.0,0.0,0.0,68.8356,43.03662,0.0,0.0,0.0,0.0,0.0,15.15475,0.0,0.0,0.0,37.100285,0.0,0.0,0.0,0.0,0.0,38.668232,0.0,0.0,124.85907,0.0,0.0,63.84922,0.0,0.0,0.0,106.92793,0.0,49.37271,20.437252,20.870596,62.62477,0.0,0.0,0.0,0.0,0.0,0.0,0.0,0.0,0.0,0.0,0.0,0.0,0.0,0.0,0.0,0.0,0.0,111.30828,0.0,0.0,49.26245,0.0,0.0,0.0,69.5363,207.99068,127.79274,162.60121,136.3874,200.8854,0.0,149.7053,0.0,0.0,19.761099,44.959408,13.395683,39.45227,43.229885,25.031515,37.295914,16.056786,79.634254,0.0,28.949926,42.499794,54.45557,21.720186,75.03428,65.38224,37.918358,39.233494,36.224518,94.92813,0.0,0.0,0.0,0.0,20.81971,0.0,76.66947,82.9178,0.0,0.0,0.0,0.0,0.0,0.0,0.0,0.0,65.38224,40.22909,0.0,0.0,0.0,0.0,0.0,0.0,0.0,0.0,0.0,0.0,0.0,0.0,0.0,0.0,0.0,0.0,0.0,0.0,0.0,0.0,66.4128,17.370705,63.316376,50.42051,57.95788,42.082615,54.49983,25.325178,45.011845,0.0,140.18507,93.27141,52.813393,54.7639,0.0,0.0,0.0,0.0,0.0,58.074078,27.726551,52.678097,76.97237,72.52615,0.0,0.0,0.0,90.16191,41.908478,0.0,0.0,0.0,0.0,0.0,0.0,0.0,0.0,0.0,34.758034,56.40695,147.98741,31.543015,58.348606,48.801704,75.76062,0.0,0.0,0.0,0.0,22.196484,33.915615,41.119125,15.02098,0.0,34.11414,36.667046,0.0,39.663727,36.74699,0.0,0.0,0.0,0.0,29.473196,35.73316,26.307877,0.0,36.654816,0.0,0.0,20.449253,0.0,0.0,0.0,0.0,0.0,0.0,0.0,0.0,0.0,0.0,0.0,0.0,0.0,0.0,45.780922,43.848053,0.0,37.71653,0.0,0.0,0.0,29.473196,48.24423,55.381317,0.0,0.0,19.163181,0.0,35.069107,71.61334,0.0,0.0,52.346615,0.0,0.0,0.0,27.460432,35.19639,22.262182,20.870596,0.0,0.0,0.0,0.0,0.0,0.0,0.0,0.0,45.732212,38.168808,0.0,0.0,0.0,54.444733,0.0,0.0,33.353607,0.0,0.0,0.0,0.0,0.0,0.0,0.0,0.0,0.0,0.0,108.828705,0.0
C15x27_C16x27,0.0,97.77698,0.0,0.0,84.52166,0.0,0.0,0.0,92.27805,0.0,98.47056,0.0,163.91629,0.0,0.0,0.0,189.92728,0.0,0.0,0.0,0.0,0.0,0.0,0.0,0.0,0.0,0.0,0.0,0.0,0.0,0.0,0.0,0.0,0.0,20.452526,0.0,0.0,0.0,0.0,29.939465,0.0,0.0,0.0,0.0,0.0,0.0,0.0,0.0,0.0,0.0,0.0,0.0,0.0,0.0,0.0,125.04829,52.13278,0.0,104.98452,0.0,0.0,89.69015,0.0,0.0,105.425186,0.0,0.0,0.0,0.0,0.0,0.0,0.0,0.0,0.0,0.0,123.714516,0.0,0.0,0.0,0.0,0.0,0.0,94.55505,0.0,0.0,0.0,0.0,0.0,0.0,0.0,0.0,146.1627,0.0,41.695854,0.0,0.0,0.0,0.0,0.0,0.0,0.0,22.51076,42.011086,0.0,6.3261924,0.0,0.0,39.705288,0.0,0.0,0.0,38.61437,0.0,0.0,27.704906,0.0,0.0,0.0,0.0,0.0,0.0,0.0,0.0,0.0,0.0,0.0,0.0,0.0,0.0,0.0,0.0,150.4032,0.0,0.0,0.0,0.0,0.0,0.0,199.89774,0.0,0.0,0.0,0.0,0.0,0.0,20.322325,72.06225,86.33802,159.91406,0.0,67.45097,71.51575,0.0,46.7493,101.396416,151.81898,0.0,0.0,14.737399,0.0,82.37203,0.0,0.0,64.60197,0.0,0.0,0.0,0.0,64.728,0.0,0.0,0.0,0.0,0.0,0.0,0.0,99.097786,0.0,0.0,0.0,0.0,0.0,0.0,0.0,0.0,0.0,0.0,122.76886,0.0,0.0,0.0,0.0,116.073654,272.41568,0.0,0.0,0.0,0.0,0.0,0.0,0.0,40.42632,0.0,0.0,0.0,118.3088,0.0,0.0,0.0,0.0,64.27525,0.0,0.0,0.0,0.0,0.0,0.0,81.87697,0.0,0.0,0.0,0.0,0.0,95.89154,0.0,0.0,0.0,0.0,0.0,73.06441,90.82163,0.0,56.928047,0.0,0.0,0.0,0.0,0.0,0.0,0.0,47.34859,0.0,0.0,0.0,0.0,0.0,0.0,0.0,0.0,122.26287,0.0,0.0,37.01634,0.0,0.0,0.0,92.23554,0.0,0.0,0.0,44.79483,80.34672,0.0,0.0,0.0,0.0,0.0,0.0,0.0,0.0,0.0,0.0,0.0,0.0,0.0,0.0,0.0,0.0,0.0,189.59465,0.0,0.0,103.36677,0.0,0.0,0.0,146.68379,0.0,109.876816,140.05202,65.90305,112.6526,32.32657,138.58101,0.0,0.0,0.0,94.50288,17.135782,31.105213,28.080841,0.0,48.986015,41.334232,109.5721,0.0,82.68136,0.0,90.50462,6.5449667,86.55001,44.883472,69.21834,103.716965,53.42801,107.94595,0.0,0.0,0.0,0.0,0.0,0.0,18.317532,75.46712,0.0,0.0,0.0,0.0,0.0,0.0,0.0,0.0,44.883472,55.26078,0.0,0.0,0.0,0.0,0.0,0.0,0.0,0.0,0.0,0.0,0.0,0.0,0.0,0.0,0.0,0.0,0.0,0.0,0.0,0.0,74.16323,0.0,144.12524,55.525314,134.84311,53.42801,94.4429,23.423615,79.6716,0.0,179.13779,101.138535,64.22843,68.15995,0.0,0.0,0.0,0.0,0.0,81.89499,0.0,91.28601,105.9095,83.65695,0.0,0.0,0.0,130.39423,0.0,0.0,0.0,0.0,0.0,0.0,0.0,0.0,0.0,0.0,79.42528,24.596613,139.84656,94.44094,94.81915,43.515793,45.546364,0.0,0.0,0.0,0.0,0.0,0.0,0.0,0.0,0.0,0.0,0.0,0.0,0.0,0.0,0.0,0.0,0.0,0.0,0.0,0.0,0.0,0.0,0.0,0.0,0.0,0.0,0.0,0.0,0.0,0.0,0.0,0.0,0.0,0.0,0.0,0.0,0.0,0.0,0.0,0.0,56.013947,64.36812,0.0,79.140114,0.0,0.0,0.0,7.5971923,74.44094,13.989567,0.0,0.0,0.0,0.0,0.0,92.5256,0.0,0.0,0.0,0.0,0.0,0.0,0.0,128.09402,78.591866,44.79483,0.0,0.0,0.0,0.0,0.0,0.0,0.0,0.0,40.866417,85.62371,0.0,0.0,0.0,0.0,0.0,0.0,49.349625,0.0,0.0,0.0,0.0,0.0,0.0,0.0,0.0,0.0,0.0,0.0,0.0
C15x28_C15x29,52.57109,22.70595,0.0,0.0,38.496452,0.0,0.0,0.0,47.506996,33.59252,77.54488,0.0,99.20383,44.42031,80.9522,0.0,109.94572,0.0,0.0,14.329593,0.0,14.837726,14.837726,0.0,15.796502,0.0,0.0,0.0,24.426554,0.0,0.0,0.0,0.0,0.0,56.812096,0.0,0.0,28.992104,0.0,30.872175,31.700493,30.207804,0.0,54.998398,0.0,0.0,0.0,0.0,0.0,0.0,0.0,0.0,0.0,0.0,0.0,91.93345,0.0,0.0,0.0,48.85359,0.0,0.0,0.0,0.0,0.0,26.3146,40.69097,0.0,0.0,24.09611,24.09611,0.0,0.0,0.0,0.0,106.118324,0.0,20.756157,0.0,23.344902,0.0,0.0,90.751114,0.0,0.0,0.0,35.907185,0.0,0.0,0.0,0.0,36.758644,0.0,99.15101,0.0,0.0,0.0,40.71523,0.0,0.0,0.0,42.88968,43.047173,13.600574,34.373817,0.0,0.0,107.97122,0.0,0.0,0.0,43.40693,0.0,50.10022,59.714504,0.0,0.0,25.9021,0.0,0.0,0.0,0.0,27.529207,82.3473,0.0,0.0,45.178314,0.0,0.0,0.0,0.0,70.83973,0.0,27.926369,4.873283,0.0,0.0,0.0,192.97304,0.0,0.0,0.0,0.0,0.0,0.0,31.494465,13.048713,50.051933,53.748898,10.906504,20.82591,26.71537,0.0,10.362839,15.942035,0.0,40.710625,0.0,7.1474953,0.0,0.0,0.0,0.0,99.58954,30.546442,44.986946,0.0,61.07114,34.705025,23.956692,0.0,0.0,0.0,0.0,0.0,0.0,19.152685,0.0,0.0,0.0,51.670677,0.0,0.0,0.0,0.0,0.0,0.0,145.46811,0.0,82.621735,0.0,0.0,46.140636,85.11307,0.0,0.0,0.0,0.0,0.0,0.0,0.0,59.72813,45.198296,0.0,0.0,0.0,0.0,0.0,0.0,42.778416,84.399124,0.0,0.0,0.0,0.0,0.0,0.0,33.768867,0.0,0.0,0.0,0.0,0.0,0.0,0.0,0.0,0.0,0.0,0.0,97.584335,53.945496,0.0,128.7985,0.0,0.0,0.0,25.319897,0.0,0.0,0.0,0.0,0.0,0.0,0.0,29.408749,0.0,0.0,0.0,0.0,88.922,0.0,0.0,46.419037,0.0,0.0,0.0,83.48782,0.0,61.665073,53.237095,0.0,0.0,31.397982,18.206003,52.333973,33.920986,94.20329,23.556883,69.6051,15.010761,0.0,62.19307,31.056778,70.52084,51.581467,42.55536,0.0,48.36989,0.0,42.845554,0.0,0.0,56.519733,0.0,0.0,0.0,42.3771,243.62123,0.0,160.83888,182.37552,133.39598,80.34444,125.09045,0.0,42.258522,22.963844,21.425669,0.0,33.143047,31.302305,0.0,35.156227,23.957893,24.40269,0.0,5.2483597,41.171543,29.666893,27.310719,23.745323,32.243694,13.156644,11.630091,10.906504,25.491764,0.0,0.0,0.0,0.0,22.550903,0.0,48.998814,133.46802,0.0,0.0,0.0,0.0,0.0,0.0,0.0,0.0,0.0,0.0,0.0,0.0,0.0,0.0,0.0,0.0,0.0,0.0,0.0,0.0,0.0,0.0,0.0,0.0,0.0,0.0,0.0,0.0,0.0,0.0,70.1453,0.0,0.0,21.178488,32.13718,48.35526,82.58385,17.12023,6.1015954,0.0,83.22283,28.483849,33.603794,34.93949,0.0,0.0,0.0,0.0,0.0,85.006966,33.34375,82.10431,115.47758,100.33676,0.0,0.0,0.0,32.441936,68.03864,0.0,0.0,0.0,0.0,0.0,0.0,0.0,0.0,0.0,43.172466,19.993462,95.56892,79.0525,30.343315,57.307167,22.366722,43.16041,0.0,0.0,0.0,10.281247,54.539783,16.873562,29.099472,0.0,43.015015,129.85475,73.92068,37.86413,5.094467,0.0,0.0,0.0,0.0,28.031246,0.0,3.8934805,20.770487,27.726627,37.992245,29.122494,53.120834,0.0,54.388298,33.68892,72.57578,17.139137,0.0,29.780575,0.0,31.691677,0.0,0.0,51.670677,0.0,0.0,29.246159,32.955177,0.0,33.768867,0.0,0.0,0.0,47.707413,51.65207,33.768867,0.0,0.0,31.776115,0.0,0.0,149.10179,25.636345,0.0,34.90304,0.0,25.296259,0.0,70.24448,27.871986,29.10754,17.31434,0.0,0.0,0.0,0.0,19.626505,24.73666,31.691677,0.0,44.892704,0.0,0.0,0.0,0.0,32.321877,0.0,0.0,17.917362,0.0,0.0,0.0,0.0,0.0,0.0,0.0,0.0,0.0,0.0,96.6675,14.402082
C15x28_C16x28,54.236217,66.02437,0.0,0.0,133.44797,0.0,0.0,0.0,122.94225,0.0,0.0,67.52587,187.83914,29.829815,65.3995,0.0,135.36752,0.0,0.0,21.747507,0.0,26.862875,26.862875,18.724241,0.0,0.0,0.0,0.0,31.207045,0.0,0.0,0.0,0.0,0.0,0.0,0.0,0.0,0.0,0.0,57.875374,0.0,28.43673,0.0,0.0,0.0,0.0,0.0,28.43673,0.0,0.0,0.0,0.0,0.0,0.0,0.0,0.0,36.442703,0.0,70.209305,50.58862,0.0,0.0,0.0,0.0,44.201275,0.0,0.0,0.0,0.0,53.71246,53.71246,0.0,0.0,0.0,0.0,96.55237,0.0,19.110777,0.0,0.0,0.0,0.0,70.74917,0.0,0.0,0.0,0.0,0.0,0.0,0.0,91.41796,114.250626,0.0,78.19552,0.0,0.0,0.0,0.0,0.0,0.0,0.0,0.0,47.71276,0.0,0.0,0.0,0.0,0.0,0.0,0.0,0.0,0.0,0.0,0.0,0.0,0.0,0.0,0.0,0.0,0.0,0.0,0.0,0.0,105.20581,0.0,0.0,33.461147,0.0,0.0,0.0,0.0,70.50804,0.0,0.0,30.26237,0.0,0.0,0.0,104.31555,0.0,0.0,0.0,0.0,0.0,0.0,47.3118,33.82181,71.63724,79.5254,24.153742,32.689354,59.164345,0.0,23.178896,49.094715,121.51689,0.0,0.0,14.028841,0.0,0.0,0.0,0.0,107.618065,37.493736,45.851715,0.0,0.0,0.0,59.057304,0.0,0.0,0.0,44.58809,0.0,0.0,129.57857,0.0,0.0,0.0,0.0,0.0,0.0,0.0,0.0,0.0,0.0,142.8536,0.0,108.995316,0.0,0.0,0.0,138.21004,0.0,0.0,0.0,0.0,0.0,0.0,0.0,0.0,0.0,0.0,0.0,0.0,0.0,0.0,0.0,0.0,53.653477,0.0,0.0,0.0,0.0,0.0,0.0,37.621296,0.0,0.0,0.0,0.0,0.0,0.0,0.0,0.0,0.0,0.0,0.0,0.0,112.67495,0.0,143.64473,0.0,0.0,0.0,0.0,0.0,0.0,0.0,30.110104,0.0,0.0,0.0,0.0,0.0,57.174366,0.0,0.0,86.36774,0.0,0.0,51.748707,0.0,0.0,0.0,87.342384,0.0,63.045727,49.01689,26.301476,78.92079,0.0,0.0,0.0,0.0,0.0,0.0,0.0,0.0,0.0,0.0,0.0,0.0,0.0,0.0,0.0,0.0,0.0,103.283806,0.0,0.0,62.96764,0.0,0.0,0.0,151.03,103.37879,113.454025,233.71199,164.82031,115.93866,0.0,116.13489,0.0,0.0,0.0,54.46807,10.18066,46.956062,61.13796,0.0,44.389572,19.110777,73.13332,0.0,43.69954,63.045727,68.272835,25.851349,89.30574,77.758766,44.24673,54.1178,40.24471,98.29997,0.0,0.0,0.0,0.0,38.499847,0.0,87.371574,71.858795,0.0,0.0,17.516031,82.505905,40.24471,33.102577,0.0,0.0,0.0,0.0,0.0,0.0,0.0,0.0,0.0,0.0,0.0,0.0,0.0,0.0,0.0,0.0,0.0,0.0,0.0,0.0,0.0,0.0,0.0,0.0,95.55739,21.890858,57.45018,85.557335,41.370316,28.059797,71.61463,14.397629,63.997845,0.0,135.78905,62.1914,58.522743,54.893,0.0,0.0,0.0,0.0,0.0,0.0,0.0,0.0,0.0,0.0,0.0,0.0,0.0,155.30049,0.0,0.0,0.0,0.0,0.0,0.0,0.0,0.0,0.0,0.0,83.11831,71.99028,167.40144,131.20425,120.41179,0.0,63.673653,0.0,0.0,0.0,0.0,50.310818,58.41837,33.530327,40.109962,13.361734,30.23102,78.15284,46.827137,35.81046,0.0,0.0,0.0,0.0,0.0,50.76647,29.138372,33.15363,35.825356,35.535492,0.0,53.600296,49.375072,0.0,0.0,0.0,0.0,0.0,0.0,0.0,0.0,0.0,0.0,0.0,0.0,0.0,0.0,16.01952,34.845055,22.933228,37.621296,0.0,0.0,0.0,50.76647,39.407536,79.68485,0.0,0.0,0.0,0.0,28.422915,46.754444,0.0,0.0,30.211235,0.0,0.0,0.0,71.89465,34.925194,0.0,26.301476,0.0,0.0,0.0,0.0,0.0,0.0,0.0,0.0,0.0,51.912624,0.0,0.0,0.0,52.737408,0.0,0.0,34.32305,0.0,0.0,0.0,0.0,0.0,0.0,0.0,0.0,0.0,0.0,111.29305,0.0
C15x29_C15x30,12.068316,0.0,0.0,0.0,38.272747,0.0,0.0,0.0,0.0,0.0,0.0,0.0,101.20941,62.254375,41.09656,0.0,80.03331,0.0,0.0,0.0,0.0,0.0,0.0,0.0,0.0,0.0,0.0,0.0,0.0,0.0,0.0,0.0,0.0,0.0,51.08921,35.804787,0.0,68.00683,0.0,0.0,31.172562,79.33726,0.0,47.046204,0.0,0.0,0.0,27.411352,32.971333,32.971333,0.0,0.0,0.0,0.0,0.0,98.982574,0.0,0.0,67.15528,0.0,0.0,0.0,0.0,0.0,0.0,0.0,0.0,0.0,0.0,0.0,0.0,0.0,0.0,0.0,0.0,70.05709,0.0,42.100166,0.0,25.249266,0.0,0.0,52.636383,0.0,17.364084,0.0,22.29414,0.0,0.0,0.0,0.0,65.82837,0.0,79.547455,0.0,0.0,0.0,43.652496,0.0,0.0,0.0,43.561886,40.59594,32.90539,72.39982,0.0,0.0,118.52729,0.0,0.0,0.0,31.862597,0.0,41.971153,45.46417,0.0,0.0,32.641327,38.653496,12.265549,0.0,0.0,27.550375,71.27461,17.076147,0.0,53.01796,0.0,0.0,0.0,0.0,30.658072,0.0,5.875513,0.0,0.0,41.251278,0.0,251.10551,0.0,0.0,0.0,0.0,0.0,0.0,34.084423,0.0,35.664116,27.723953,18.59393,16.19521,13.511495,0.0,0.0,51.852097,36.066235,0.0,4.3989286,7.2828665,0.0,0.0,0.0,0.0,150.23949,0.0,40.203205,0.0,37.646976,34.981228,27.025473,0.0,0.0,0.0,33.56889,0.0,0.0,0.0,0.0,0.0,0.0,32.38746,0.0,0.0,0.0,0.0,26.278236,0.0,67.090706,0.0,92.25312,0.0,0.0,70.30003,42.498817,0.0,0.0,0.0,0.0,0.0,47.6681,0.0,58.219425,60.765385,0.0,0.0,0.0,0.0,0.0,0.0,20.526651,31.286648,0.0,0.0,0.0,0.0,0.0,0.0,36.54586,0.0,0.0,0.0,0.0,0.0,35.17274,0.0,0.0,0.0,0.0,0.0,146.15414,9.088645,0.0,153.5458,0.0,0.0,0.0,0.0,0.0,0.0,0.0,101.97929,0.0,0.0,0.0,31.893581,0.0,51.85057,0.0,0.0,106.70752,0.0,0.0,32.62231,0.0,0.0,0.0,39.592686,0.0,72.967995,40.790974,0.0,109.35016,28.436745,68.70624,0.0,86.68141,78.9736,56.9938,84.28904,18.567186,41.707287,38.614582,48.71013,121.287964,79.37314,69.25664,62.015705,22.804647,35.52949,34.774277,0.0,0.0,0.0,0.0,0.0,0.0,44.93497,124.57407,111.75521,103.46827,202.5935,117.75208,166.17189,33.831276,32.69429,48.095142,0.0,0.0,0.0,0.0,0.0,0.0,0.0,0.0,0.0,0.0,0.0,0.0,0.0,0.0,0.0,0.0,0.0,0.0,0.0,0.0,0.0,0.0,0.0,0.0,39.334064,0.0,93.17828,71.78728,0.0,0.0,0.0,0.0,0.0,0.0,0.0,0.0,0.0,0.0,0.0,0.0,0.0,0.0,0.0,0.0,0.0,0.0,0.0,0.0,0.0,0.0,0.0,0.0,0.0,0.0,0.0,0.0,0.0,0.0,43.2772,0.0,0.0,16.384562,34.77999,37.603333,76.29695,54.754387,42.182636,0.0,44.978123,34.774277,85.85633,43.969612,0.0,0.0,0.0,0.0,0.0,76.62205,98.31652,56.414696,113.10028,135.15451,0.0,0.0,0.0,35.25257,45.102375,0.0,0.0,0.0,0.0,0.0,0.0,0.0,0.0,0.0,38.207726,18.891623,92.25476,70.48128,45.50838,46.570713,42.46112,30.203884,20.512962,0.0,0.0,0.0,25.387535,52.504498,84.220566,28.733099,43.63296,127.79154,61.830402,69.600395,31.719744,0.0,0.0,0.0,20.512962,25.387535,12.073985,21.121687,55.196705,0.0,61.830402,42.799282,27.019644,64.18855,26.841774,9.10046,45.048767,29.83052,24.485401,0.0,4.7876897,29.757973,20.512962,16.560978,32.38746,17.275198,0.0,0.0,0.0,0.0,0.0,0.0,0.0,0.0,30.233698,78.15244,0.0,0.0,0.0,25.533575,0.0,0.0,128.64662,23.218506,29.00971,0.0,0.0,0.0,0.0,16.574339,42.034073,55.20937,20.875175,0.0,0.0,0.0,0.0,19.62058,26.093014,29.757973,0.0,29.27095,18.014393,0.0,19.732903,71.079155,0.0,0.0,0.0,18.165937,30.513515,0.0,0.0,0.0,0.0,0.0,0.0,18.397202,0.0,0.0,82.57057,7.5036445
C15x30_C15x31,20.017023,0.0,0.0,0.0,40.30593,0.0,0.0,27.7347,0.0,0.0,43.400524,0.0,45.96533,15.6949415,24.61033,0.0,29.263739,0.0,0.0,7.8437314,7.772148,6.300945,0.0,8.910882,12.60189,0.0,0.0,6.300945,1.9458779,0.0,0.0,0.0,0.0,0.0,46.980934,30.820734,20.112024,61.233246,0.0,20.259378,0.0,57.124435,0.0,25.821508,26.414457,0.0,0.0,67.48174,37.355686,0.0,0.0,0.0,0.0,6.305633,0.0,37.349884,6.868376,0.0,28.837349,0.0,0.0,39.937435,0.0,0.0,0.0,0.0,0.0,31.448675,0.0,14.051887,0.0,15.716099,0.0,0.0,20.073061,58.518524,0.0,35.802322,1.2754121,24.382698,1.1347352,0.0,51.10028,0.0,26.870874,0.0,24.31165,11.403176,14.698612,22.806353,14.56447,49.08056,0.0,33.06978,0.0,0.0,0.0,53.732246,0.0,0.0,7.268415,40.33353,35.442673,0.0,75.422264,0.0,28.518831,100.257385,25.373228,0.0,0.0,0.0,24.569134,21.453196,21.453196,38.12144,0.0,42.873642,19.757404,6.676684,0.0,0.0,38.793873,66.432014,0.0,0.0,35.96768,7.0294175,0.0,0.0,0.0,30.491453,0.0,6.407217,5.0555077,0.0,42.12588,0.0,115.72,27.50229,12.202718,0.0,12.162933,0.0,0.0,33.108604,9.510895,41.306355,24.671392,46.48,0.0,21.99773,0.0,0.0,51.06131,50.236805,13.375553,25.512747,42.238907,0.0,10.086061,0.0,27.735237,82.21713,30.709871,35.041862,0.0,43.172226,27.458982,21.214006,0.0,17.485771,0.0,44.671375,9.306529,0.0,0.0,0.0,23.135252,0.0,0.0,0.0,14.174937,0.0,0.0,26.275948,0.0,31.926937,13.222066,55.973763,0.0,0.0,28.41355,100.20947,0.0,20.216812,0.0,0.0,0.0,31.871342,16.833519,0.0,35.93204,0.0,0.0,20.653296,0.0,18.13845,11.91296,11.130743,27.62745,0.0,0.0,15.817472,0.0,0.0,0.0,31.065695,0.0,0.0,0.0,0.0,0.0,29.751179,0.0,0.0,0.0,0.0,0.0,68.85191,0.0,0.0,133.35669,27.951517,0.0,20.732887,41.076675,0.0,6.665191,0.0,76.801735,0.0,0.0,0.0,0.0,0.0,33.813786,0.0,14.092816,41.510303,0.0,0.0,0.0,9.654945,0.0,18.01592,13.976742,0.0,48.09603,48.831764,17.087503,62.888203,22.725643,97.19222,0.0,70.48984,59.12857,85.72305,101.29562,23.74878,62.73096,58.0793,29.399164,128.3636,52.55194,79.663376,73.629166,15.306518,53.439083,25.163982,0.0,0.0,13.811154,0.0,0.0,0.0,28.408453,78.04322,80.14131,71.21524,157.39595,64.43775,114.32729,38.36294,13.458498,48.496998,51.720207,27.810652,10.135355,29.228962,18.973722,0.0,23.492891,1.1347352,0.0,14.89267,6.7265787,31.93839,20.25794,25.373228,13.839851,29.982565,11.752292,6.366079,12.794172,26.319523,0.0,0.0,0.0,0.0,0.0,0.0,65.4025,31.66784,0.0,0.0,0.0,24.34491,12.67741,16.679893,29.228962,32.718185,0.0,0.0,0.0,0.0,0.0,0.0,0.0,0.0,0.0,0.0,0.0,0.0,0.0,0.0,0.0,0.0,0.0,0.0,0.0,14.585804,32.61547,42.27552,25.378754,0.0,0.0,65.42165,56.209286,9.925713,33.88541,45.510834,39.7353,0.0,17.45375,19.247965,55.288292,24.208261,0.0,0.0,0.0,0.0,0.0,61.83392,44.185925,92.101555,104.89972,71.25021,0.0,59.748173,26.118868,38.36027,60.335533,0.0,0.0,0.0,0.0,0.0,0.0,0.0,0.0,0.0,12.677122,23.358086,46.99989,39.825768,54.99927,24.239805,41.833073,37.061844,24.542374,0.0,0.0,0.0,56.443165,52.900055,36.818237,82.207924,51.314034,96.399216,131.09544,31.527493,48.17535,17.0547,47.220814,0.0,0.0,18.777323,17.59861,8.985262,25.614828,4.7928033,43.612392,19.63975,9.917185,42.969044,24.75087,11.4766655,52.300632,28.590889,33.223965,21.997932,24.728615,28.424236,22.369284,18.564127,35.862965,29.573822,0.0,32.61051,59.126656,29.658854,39.063843,0.0,18.23263,27.951517,45.3049,14.405537,26.159883,0.0,3.3686175,45.522717,0.0,11.060868,54.932556,20.330845,47.807743,17.3571,16.799713,21.793306,0.0,13.956168,38.694893,60.941788,0.0,0.0,0.0,0.0,0.0,0.0,0.0,0.0,0.0,14.2573805,27.381517,0.0,33.657795,58.845493,0.0,0.0,24.142178,18.791288,44.26866,0.0,0.0,0.0,0.0,22.480139,21.98042,18.346903,0.0,12.433429,43.71742,12.074924
C15x30_C16x30,10.486399,0.0,0.0,0.0,46.542713,0.0,0.0,0.0,0.0,0.0,104.478836,0.0,55.49567,22.856647,26.707783,0.0,36.01788,0.0,42.775024,9.517222,0.0,0.0,0.0,0.0,0.0,0.0,0.0,0.0,0.0,0.0,0.0,0.0,0.0,0.0,65.367134,47.375328,0.0,75.66385,0.0,22.123806,44.308556,115.373215,0.0,50.079693,25.664894,0.0,0.0,62.865894,36.29564,0.0,0.0,0.0,0.0,7.6509643,0.0,18.721327,9.681904,0.0,72.1824,0.0,36.84388,0.0,0.0,0.0,0.0,0.0,0.0,0.0,0.0,0.0,0.0,0.0,0.0,0.0,0.0,91.64496,0.0,0.0,1.3768353,1.8997182,1.3768353,0.0,57.146618,0.0,9.882047,0.0,28.923342,0.0,19.647673,0.0,0.0,48.12677,0.0,90.607414,0.0,0.0,0.0,65.66841,0.0,0.0,8.8191595,42.043026,32.63356,0.0,85.76088,0.0,30.692492,74.575615,30.692492,0.0,0.0,0.0,29.316704,14.881039,14.881039,0.0,0.0,11.573113,40.450348,10.657778,16.299744,0.0,30.05802,56.05481,20.289017,0.0,67.42359,7.9778533,0.0,0.0,0.0,47.510742,0.0,7.774222,0.0,0.0,32.50992,0.0,191.08514,0.0,19.612234,0.0,7.8437085,0.0,0.0,0.0,0.0,31.47859,37.099457,10.045005,0.0,21.954054,0.0,0.0,39.22964,61.674194,13.573736,30.822233,35.737576,10.033249,0.0,0.0,0.0,83.16133,0.0,0.0,0.0,52.653793,53.33101,41.201977,0.0,21.216429,0.0,51.96942,11.292114,0.0,0.0,0.0,0.0,0.0,0.0,0.0,0.0,0.0,0.0,23.987476,0.0,54.061268,15.30107,33.887226,0.0,0.0,36.093525,123.91158,0.0,28.570616,0.0,20.185572,20.185572,42.181427,6.599854,0.0,44.748,0.0,0.0,0.0,0.0,0.0,0.0,13.505531,75.18641,0.0,0.0,19.19219,0.0,0.0,0.0,0.0,0.0,0.0,0.0,0.0,0.0,22.198097,0.0,0.0,24.412958,0.0,0.0,84.4834,0.0,0.0,121.41436,0.0,0.0,0.0,16.365086,0.0,0.0,0.0,84.025894,0.0,35.24721,0.0,0.0,0.0,63.139324,0.0,0.0,52.082462,0.0,0.0,0.0,11.993651,0.0,21.859688,0.0,0.0,48.017006,35.21691,26.223442,65.06491,28.557915,85.680275,0.0,52.73797,49.843132,60.915817,73.2831,59.816128,76.1696,40.591156,20.955523,92.15937,37.45866,70.27615,66.48677,41.248592,38.091015,0.0,0.0,0.0,0.0,0.0,0.0,0.0,64.260254,75.69759,130.43097,57.146618,129.74739,52.736515,93.60399,70.63309,0.0,69.46394,40.078762,29.141573,17.286701,36.389996,23.021841,0.0,28.809404,1.3768353,25.882364,17.812902,14.38893,37.91005,21.372389,30.692492,19.401972,34.968754,19.734156,7.7243066,15.523859,20.605059,0.0,0.0,0.0,0.0,0.0,0.0,116.821655,115.736465,0.0,0.0,0.0,0.0,0.0,0.0,36.389996,0.0,0.0,0.0,0.0,0.0,0.0,0.0,0.0,0.0,0.0,0.0,0.0,0.0,0.0,0.0,0.0,0.0,0.0,0.0,0.0,21.70302,0.0,0.0,29.804043,49.44435,59.799294,72.49421,43.090576,4.556432,25.972399,32.48879,25.029276,0.0,28.235023,21.954054,50.075474,24.832085,0.0,0.0,0.0,0.0,0.0,97.60767,51.37793,77.012344,63.33218,80.41887,0.0,0.0,0.0,25.056034,28.877071,0.0,0.0,0.0,0.0,0.0,0.0,0.0,0.0,0.0,17.077026,24.171274,88.32796,72.65021,53.873558,41.399437,49.84581,0.0,0.0,0.0,0.0,0.0,35.09391,60.566418,38.47069,30.11189,86.79896,129.15732,98.05835,33.961426,33.241848,31.257797,51.039246,0.0,62.12466,11.674923,20.149033,16.571905,35.784527,0.0,32.62172,9.741343,23.366789,39.658524,35.51586,12.376706,64.016365,40.40495,40.74265,26.691275,30.004557,36.126133,27.141857,7.8848724,47.07238,38.67213,0.0,0.0,0.0,0.0,0.0,0.0,0.0,0.0,28.168615,16.951447,21.600708,0.0,0.0,69.265564,0.0,0.0,72.56889,19.936773,26.48084,0.0,20.877514,14.806488,0.0,34.714848,46.9506,78.38994,0.0,0.0,0.0,0.0,0.0,0.0,0.0,0.0,0.0,46.51312,28.625841,0.0,43.05736,47.343334,0.0,0.0,34.85937,33.83799,49.77277,0.0,0.0,0.0,0.0,0.0,0.0,24.227318,0.0,15.628272,50.600197,10.543394
C15x31_C15x32,0.0,0.0,0.0,0.0,51.77923,0.0,0.0,21.637646,0.0,17.824415,56.634342,13.802147,55.41008,0.0,15.639777,18.644102,47.470863,0.0,0.0,7.6870184,7.616865,2.489484,0.0,3.0044293,3.363965,0.0,1.61923,1.6819825,0.0,25.73652,0.0,0.0,29.956573,0.0,0.0,13.312513,20.535099,39.71659,0.0,14.669961,0.0,30.706984,0.0,0.0,11.558682,0.0,17.681715,28.312874,16.346447,0.0,0.0,0.0,18.569256,19.029997,0.0,59.913074,11.97101,10.890951,30.550106,0.0,0.0,25.22705,0.0,0.0,0.0,0.0,0.0,0.0,0.0,23.871002,0.0,22.468502,0.0,0.0,7.400441,68.25402,0.0,40.054592,17.796446,0.0,12.148901,0.0,43.587624,0.0,23.534277,8.084347,21.292835,17.031944,11.515641,34.06389,11.410546,37.99544,0.0,0.0,0.0,0.0,22.942043,31.120173,5.596931,0.0,19.859987,57.494144,54.80082,0.0,69.142334,17.795994,18.485668,56.041355,11.4242525,0.0,0.0,0.0,16.10216,17.260298,17.260298,34.381866,0.0,25.16903,16.549564,0.0,21.080996,0.0,20.294493,23.003069,29.813032,27.362146,0.0,14.015195,19.49417,29.009756,0.0,52.9177,9.882269,27.121138,19.002522,17.485884,27.00617,0.0,109.050316,16.689756,21.678875,21.962559,5.097431,0.0,0.0,38.790672,58.30517,20.61399,29.125507,44.14467,0.0,20.807732,0.0,72.074585,25.482214,34.87266,0.0,19.802736,33.909824,0.0,30.451324,16.784178,19.204191,60.025692,24.656303,39.185184,25.048481,45.10737,18.937439,0.0,31.5944,15.914062,13.874126,38.98133,15.85455,30.094328,0.0,18.929811,11.930823,28.814302,0.0,12.852043,21.157736,0.0,22.701887,58.882786,21.550816,33.000084,6.887223,28.748104,0.0,0.0,9.79547,92.03723,5.9094644,8.447755,25.991781,15.938594,15.938594,0.0,16.78919,0.0,53.33742,0.0,15.405187,22.839405,11.439564,23.067368,19.849825,22.967546,40.427967,0.0,0.0,25.853373,10.993638,35.980686,0.0,23.88594,0.0,21.262878,7.763834,0.0,6.00249,59.171593,0.0,26.544098,22.725037,0.0,0.0,78.30177,0.0,17.542591,85.359924,10.402479,15.073572,18.241117,27.066721,15.630867,16.395487,17.786234,81.032684,16.791147,0.0,33.683132,0.0,25.984371,11.959784,33.22336,15.852958,46.97031,0.0,0.0,0.0,10.492367,14.644391,12.601365,0.0,0.0,61.033314,51.017296,11.764825,22.15301,54.309135,31.081072,37.61899,47.8956,53.37035,37.496838,87.10803,46.000866,72.861534,49.418022,35.623703,72.22605,55.870457,55.899563,44.00683,62.944786,84.85629,19.590687,0.0,0.0,13.055124,0.0,0.0,0.0,30.746473,91.78658,79.083855,53.638287,99.035126,60.64175,129.31511,68.32022,20.573185,47.98051,23.495562,12.273762,0.0,21.555332,8.555203,0.0,27.990818,12.148901,24.667854,12.215499,16.546495,19.799719,7.4686017,11.4242525,16.298643,26.539415,23.569096,18.12855,12.151345,28.052597,0.0,0.0,0.0,0.0,0.0,14.086121,32.075306,48.73816,0.0,0.0,15.793135,15.955208,12.04045,16.635967,21.555332,16.872732,0.0,0.0,0.0,0.0,0.0,0.0,0.0,0.0,0.0,0.0,0.0,0.0,0.0,0.0,0.0,0.0,0.0,0.0,0.0,14.011933,24.84183,27.14939,15.141829,52.58882,74.98044,95.99637,55.39533,5.6808405,29.934729,52.333504,45.692142,0.0,31.25334,19.223326,68.726776,48.88544,0.0,0.0,0.0,0.0,0.0,64.81121,71.30854,58.834763,77.66301,51.313816,55.087143,78.50022,4.1652474,44.611507,72.08095,0.0,0.0,0.0,0.0,0.0,0.0,0.0,0.0,0.0,0.0,0.0,0.0,0.0,0.0,0.0,0.0,53.99816,22.83938,0.0,0.0,0.0,43.957684,27.874191,61.84556,57.77955,56.725674,53.92266,45.244972,36.82372,68.68248,31.791965,39.776463,0.0,0.0,0.0,0.0,0.0,0.0,0.0,0.0,0.0,0.0,27.902761,22.99578,34.04349,38.961,11.946929,39.584995,24.073006,22.505882,30.879967,36.562187,0.0,41.780746,20.069387,0.0,28.00819,75.39336,0.0,36.92547,15.547352,12.901364,21.834484,30.720676,23.396038,15.281288,10.95242,17.014692,51.804485,0.0,5.151901,13.843916,44.797005,69.9939,16.866837,15.386302,21.173496,0.0,0.0,53.130814,45.932076,0.0,13.554074,0.0,0.0,0.0,0.0,0.0,0.0,0.0,16.619913,24.419683,0.0,30.016037,45.793125,7.927738,0.0,9.1959915,37.871574,41.49288,18.258127,10.6795225,3.9882514,9.645677,7.0746584,22.761599,0.0,0.0,11.203173,52.167763,24.138954
C15x31_C16x31,19.663479,0.0,0.0,0.0,51.74424,0.0,0.0,24.876503,0.0,14.412972,41.731804,10.020577,49.494247,0.0,18.350187,12.4930105,36.10323,0.0,0.0,4.262065,6.2953687,6.4501595,0.0,9.121903,12.900319,0.0,1.4934465,6.4501595,0.0,23.271753,0.0,0.0,25.997927,0.0,39.99267,49.228565,25.277517,35.062084,0.0,7.528762,0.0,63.673504,0.0,18.682018,16.260937,0.0,12.144568,41.701942,22.996437,0.0,0.0,0.0,16.205515,14.121231,0.0,0.0,17.919407,10.657555,27.352139,0.0,0.0,33.145,0.0,0.0,0.0,0.0,0.0,0.0,0.0,23.737286,0.0,22.241116,0.0,0.0,28.407003,57.442673,0.0,35.933674,21.157526,17.18811,26.568527,0.0,51.418488,0.0,27.416105,7.456346,14.119019,0.0,26.914082,0.0,0.0,58.294758,0.0,32.34748,0.0,0.0,21.02804,39.817795,0.0,0.0,8.6079235,35.674458,35.27806,0.0,55.217667,16.41358,21.976917,48.709343,27.597479,0.0,0.0,0.0,21.795584,7.2647734,16.554657,10.515681,0.0,11.826561,20.723095,5.8014846,25.062407,0.0,26.951157,25.062407,27.094095,25.236626,38.82156,13.496923,10.080251,26.756247,0.0,23.287258,9.114603,17.259024,0.0,16.219515,26.243895,0.0,101.06318,6.050177,26.041254,19.449053,13.441451,0.0,0.0,0.0,18.614243,24.507198,21.601135,32.740204,0.0,13.171214,6.3584156,48.349636,24.509985,43.65162,0.0,35.157894,48.48066,0.0,18.182594,15.255964,8.941939,48.583126,9.900972,35.15371,25.320097,47.945053,29.84608,0.0,24.276161,18.455194,13.783363,47.32922,6.6204705,27.780746,0.0,17.459322,12.524879,28.056011,0.0,8.437816,22.484365,0.0,20.989883,47.011765,15.412167,26.92055,11.735453,35.54178,0.0,0.0,11.577245,102.91621,10.149686,29.65556,22.146368,40.218563,32.027565,27.189518,3.109174,0.0,30.28439,0.0,14.208494,23.935251,9.015784,16.849121,0.0,15.23626,40.193737,10.636826,0.0,16.469662,12.300455,32.692795,8.049812,11.174458,0.0,18.055815,0.0,0.0,6.4301167,35.907787,0.0,24.482122,41.16377,0.0,0.0,69.94192,0.0,15.158154,89.693306,25.16694,13.015559,14.965826,11.880399,14.416644,6.8672633,16.745138,69.681145,20.712885,0.0,31.06659,0.0,20.074389,31.448574,26.017159,8.242456,41.424564,2.9495595,0.0,0.0,8.673359,6.477745,6.1355777,4.660228,0.0,54.164494,48.987625,11.241944,17.905544,26.693987,61.396595,0.0,43.064453,84.352165,31.306494,57.451256,96.56037,94.05176,58.11102,33.757385,69.07767,47.34235,64.76943,63.608154,16.87668,26.953367,17.725342,0.0,0.0,11.788657,18.614243,11.788657,18.61636,27.829891,101.566185,113.2452,69.969925,83.17457,57.00366,92.49891,32.429157,0.0,40.253048,25.556135,43.744743,25.719345,37.422607,17.709969,0.0,34.826244,26.568527,49.69115,11.603142,24.239864,40.047977,16.718306,27.597479,29.603182,21.168163,39.851246,8.967648,10.51235,24.147615,0.0,0.0,0.0,0.0,0.0,10.679226,55.83563,57.902378,0.0,0.0,20.5784,6.7154684,8.929883,14.158546,29.801043,17.712852,0.0,0.0,0.0,0.0,0.0,0.0,0.0,0.0,0.0,0.0,0.0,0.0,0.0,0.0,0.0,0.0,0.0,0.0,0.0,36.07751,17.09183,17.175138,14.825109,87.111694,89.158966,101.49688,33.474983,6.9916058,26.324425,38.226933,33.37576,0.0,20.00866,11.838924,61.905678,27.751907,0.0,0.0,0.0,0.0,0.0,77.42097,48.56731,54.750507,52.798813,51.82078,32.223503,56.815674,22.170721,30.871681,48.069042,0.0,0.0,0.0,0.0,0.0,0.0,0.0,0.0,0.0,0.0,20.021866,42.735184,38.949963,47.789803,21.202978,30.880478,44.920544,12.62285,0.0,0.0,0.0,33.43399,46.86417,40.757545,48.67815,54.389038,69.39284,75.818665,25.221947,28.526287,37.796276,47.75534,24.326277,0.0,0.0,0.0,0.0,0.0,0.0,0.0,0.0,0.0,20.221838,34.18972,0.0,52.60443,41.939297,39.221035,5.58516,26.099586,38.012005,23.291616,26.904596,53.12566,24.749695,0.0,37.72776,30.097866,15.261131,14.051426,17.395472,11.899172,25.16694,12.867379,0.0,15.520748,0.0,7.19498,47.117455,0.0,11.933242,47.889107,20.947227,24.588903,15.94502,18.229553,17.427147,0.0,22.89709,37.33366,64.59935,0.0,12.890193,0.0,0.0,0.0,0.0,0.0,0.0,0.0,16.488195,29.541107,0.0,37.144314,59.14746,18.612953,0.0,45.68103,25.124332,44.967896,15.895343,6.900961,3.6784399,14.655965,6.5250907,15.31278,15.941937,0.0,14.129501,40.421272,40.448895
C15x32_C15x33,9.015829,8.6794615,0.0,0.0,60.05676,0.0,0.0,0.0,0.0,40.55986,84.19828,40.55986,62.48922,0.0,65.140625,0.8519754,65.84388,0.0,0.0,0.0,0.0,37.716915,0.0,30.407715,26.958544,0.0,12.976379,13.479272,0.0,26.832514,0.0,0.0,0.0,0.0,0.0,0.0,32.589996,60.152027,0.0,0.0,0.0,32.38617,0.0,0.0,0.0,0.0,16.992384,24.962162,0.0,0.0,0.0,0.0,20.074324,0.0,0.0,44.058517,0.0,14.763089,37.1615,0.0,0.0,26.629082,0.0,0.0,0.0,0.0,0.0,0.0,0.0,31.027815,0.0,0.0,0.0,0.0,0.0,20.750784,0.0,40.496304,18.995884,0.0,0.0,0.0,68.516685,0.0,19.338207,17.32494,0.0,2.5402195,0.0,5.080439,0.0,27.01399,0.0,0.0,0.0,0.0,26.158041,0.0,0.0,0.0,0.0,125.18156,90.077034,0.0,109.57992,27.708073,28.781885,97.451454,0.0,0.0,0.0,0.0,0.0,0.0,15.952925,32.75381,0.0,24.0394,22.560843,0.0,26.934378,0.0,25.929495,21.900959,47.83931,26.18281,0.0,0.0,16.903566,15.972177,0.0,100.42904,35.290756,0.0,36.65843,7.617088,14.053349,0.0,158.67366,0.0,0.0,23.202774,0.0,0.0,16.46239,40.17587,0.0,0.0,12.702491,31.704317,0.0,24.171112,0.0,58.69697,20.752514,41.159897,0.0,0.0,54.443737,0.0,37.933945,29.458328,0.0,105.3526,43.274895,90.63706,36.07169,0.0,0.0,0.0,18.05369,0.0,28.44367,41.78434,0.0,32.352985,0.0,0.0,0.0,18.843687,0.0,20.612658,0.0,0.0,21.143528,55.83966,0.0,60.35907,0.0,14.654871,7.299844,9.523167,14.168601,95.01073,0.0,0.0,24.867935,0.0,0.0,0.0,0.0,0.0,86.16415,12.541386,1.3264419,27.06559,38.873783,0.0,23.988838,30.909021,81.34259,21.365168,0.0,0.0,28.224297,22.836288,0.0,35.57376,0.0,17.596283,38.67775,0.0,9.711126,34.15479,0.0,17.298038,0.0,0.0,0.0,102.4909,0.0,0.0,47.583366,0.0,9.394224,31.423912,40.895126,31.883669,0.0,27.62983,111.276764,28.137133,0.0,23.44006,0.0,27.273079,33.439518,24.202883,13.394953,37.38118,0.0,0.0,0.0,0.0,13.576357,0.0,17.679703,0.0,61.657578,94.03578,32.16849,27.06559,85.20571,53.646496,57.5347,20.35586,47.0242,74.04688,115.67554,45.172985,63.801304,46.29906,61.771473,69.90459,0.0,61.027554,0.0,94.31079,75.42644,43.464092,0.0,0.0,24.234718,0.0,0.0,0.0,85.67027,75.85487,102.918076,74.68515,112.76329,51.020958,57.700348,152.13303,25.330744,59.406605,9.184216,0.0,0.0,0.0,0.0,0.0,0.0,0.0,0.0,0.0,0.0,0.0,0.0,0.0,0.0,0.0,0.0,0.0,0.0,0.0,0.0,0.0,0.0,0.0,10.759441,31.614655,0.0,26.379269,0.0,0.0,0.0,0.0,0.0,0.0,0.0,15.83282,0.0,0.0,0.0,0.0,0.0,0.0,0.0,0.0,0.0,0.0,0.0,0.0,0.0,0.0,0.0,0.0,0.0,0.0,0.0,0.0,28.384596,16.007757,0.0,34.570023,46.612152,86.56867,45.59442,13.194769,15.334711,28.37294,28.26328,0.0,56.018433,28.526154,79.03515,78.30475,0.0,0.0,0.0,0.0,0.0,67.379105,53.11876,54.270855,65.986305,56.185505,28.776804,89.27599,47.312088,52.99242,73.25382,0.0,0.0,0.0,0.0,0.0,0.0,0.0,0.0,0.0,0.0,0.0,0.0,0.0,0.0,0.0,0.0,51.663357,58.63623,21.465433,0.0,0.0,35.954647,30.767174,38.33141,64.186874,55.742622,61.32091,77.15702,38.754654,67.47781,29.487982,35.116436,0.0,0.0,0.0,0.0,0.0,0.0,0.0,0.0,0.0,0.0,26.573895,0.0,0.0,0.0,0.0,0.0,0.0,0.0,0.0,0.0,0.0,0.0,39.60135,0.0,57.24491,45.346447,83.749374,68.546135,39.915184,17.524818,0.0,0.0,0.0,24.234718,22.099703,27.60922,67.80802,0.0,14.851995,152.187,84.20417,74.53985,0.0,17.7381,9.758292,0.0,0.0,38.36994,39.532734,0.0,20.550695,0.0,0.0,0.0,0.0,0.0,0.0,21.107416,0.0,21.80101,21.63039,30.74829,60.05874,41.98423,0.0,0.0,23.603046,67.53343,23.874214,17.076317,23.114658,39.768654,0.0,0.0,0.0,0.0,0.0,44.989166,47.075356
C15x32_C16x32,4.658093,0.0,0.0,0.0,35.214027,8.859969,0.0,0.0,0.0,14.511754,31.893799,14.511754,45.50221,0.0,0.0,10.02759,82.259186,0.0,0.0,5.0915465,0.0,22.823383,0.0,22.823383,24.952463,0.0,24.233562,12.476232,0.0,24.761438,0.0,0.0,26.61064,0.0,0.0,26.87401,28.37794,17.941479,0.0,14.48109,0.0,24.485,0.0,0.0,7.6641407,0.0,9.13448,31.733685,9.224885,0.0,0.0,0.0,15.886936,22.07133,0.0,30.807064,11.819694,16.551756,0.0,0.0,0.0,25.918802,4.7701426,0.0,5.756838,6.44575,0.0,0.0,0.0,18.81911,0.0,19.683466,0.0,0.0,0.0,48.974518,0.0,36.63473,16.276985,0.0,11.907515,0.0,72.80785,0.0,21.149466,13.019216,13.148069,0.0,14.848071,13.846999,0.0,43.85081,0.0,0.0,0.0,0.0,28.71009,28.994242,9.450343,0.0,23.033966,63.602585,47.233982,0.0,70.07966,15.792028,18.944431,65.58432,13.2500515,0.0,0.0,0.0,18.174856,0.0,16.620918,32.771397,0.0,24.052309,33.35838,0.0,16.698048,0.0,31.221378,16.698048,23.988562,21.991236,0.0,15.868748,18.913113,27.336182,0.0,45.61089,26.50959,26.771961,17.654312,14.107176,38.989758,0.0,72.989006,0.0,25.575148,30.481653,5.9120917,0.0,15.8178625,24.596106,33.745113,11.930699,23.073895,7.6989617,0.0,38.75994,0.0,69.75265,24.661283,24.634197,0.0,21.591635,55.805332,0.0,21.525736,27.17439,0.0,60.80354,18.097044,20.820858,45.267994,45.71602,0.0,0.0,23.969416,18.37184,21.896414,38.301056,18.38839,40.68045,0.0,12.829853,0.0,43.051533,0.0,23.280378,0.0,0.0,30.754486,59.570465,0.0,55.595955,7.9879236,23.137903,0.0,8.622365,11.253822,81.48955,5.472783,19.372633,31.295715,16.33186,19.189035,0.0,16.573034,0.0,37.050064,0.0,0.0,18.053644,29.638506,0.0,15.70964,19.708775,70.18956,18.974138,0.0,29.211716,34.81588,37.94269,18.48024,14.579169,0.0,24.409296,33.275852,0.0,21.818972,47.29233,0.0,35.87718,25.620075,0.0,0.0,83.62305,0.0,29.459076,76.028564,0.0,22.264996,19.59402,27.692938,25.044746,0.0,24.031061,87.44858,36.21643,0.0,29.850605,0.0,30.249722,32.042004,28.114496,15.542328,54.891457,20.2463,0.0,0.0,5.8169417,6.9329023,14.615286,11.600468,0.0,24.682714,40.067776,16.389406,22.14466,29.67522,38.797493,45.48441,56.475502,40.474274,48.738155,49.849884,68.638275,76.40628,50.635525,68.815315,59.47606,52.998875,47.921307,46.87441,34.717823,32.58423,33.116314,0.0,0.0,9.932098,8.550828,14.0675335,18.74015,74.81618,65.03258,122.766815,81.359314,95.563965,85.15665,75.31608,67.2103,13.704937,33.192333,18.754496,20.076706,11.690881,19.019371,8.445058,0.0,25.862339,10.13453,26.499493,7.027874,17.884583,20.14724,8.550222,11.277169,17.873602,25.664684,25.845585,11.314727,11.994901,25.98592,0.0,0.0,0.0,0.0,0.0,25.3163,27.753864,26.216442,18.788893,24.233925,0.0,0.0,0.0,0.0,19.019371,9.844313,0.0,0.0,0.0,0.0,0.0,0.0,0.0,0.0,0.0,0.0,0.0,0.0,0.0,0.0,0.0,0.0,0.0,0.0,0.0,20.519758,24.823723,12.360019,14.0675335,55.372612,75.66378,85.9348,48.94514,3.2041702,9.637395,43.1775,37.698074,17.178242,30.542065,18.984953,42.88478,45.782764,0.0,0.0,0.0,0.0,0.0,63.054123,60.95122,36.673203,56.75594,39.678127,60.876892,75.19121,24.525139,39.372864,59.526337,0.0,0.0,0.0,0.0,0.0,0.0,0.0,0.0,0.0,0.0,0.0,0.0,0.0,0.0,0.0,0.0,51.06636,25.330858,0.0,18.567623,0.0,39.085373,26.42056,46.254494,47.99612,36.331863,48.84077,59.214188,28.840664,54.334423,22.808517,29.554516,0.0,0.0,0.0,0.0,0.0,0.0,0.0,0.0,0.0,0.0,18.627449,24.650883,33.60519,41.083073,23.317724,36.57487,20.44668,22.113127,30.549109,35.16046,0.0,43.47762,38.34708,0.0,80.84828,20.182016,56.77622,28.092216,67.63615,13.981824,4.176028,0.0,0.0,15.084546,7.316736,18.740679,35.34753,0.0,14.760322,91.1353,29.326406,32.20122,20.600563,18.677057,15.899548,0.0,15.730985,39.859146,47.567642,0.0,28.357803,0.0,0.0,0.0,0.0,0.0,0.0,30.254303,13.025009,21.666443,19.62761,36.82035,64.65868,25.449903,0.0,21.043974,22.304317,69.09059,27.697989,9.841512,0.0,40.506706,0.0,0.0,0.0,0.0,14.053876,76.176155,87.96832
C15x33_C15x34,22.211136,43.504868,0.0,0.0,45.968285,0.0,40.017548,0.0,0.0,21.115732,62.985157,21.115732,69.65108,36.75206,51.051746,0.0,39.47325,0.0,0.0,0.0,0.0,36.679382,0.0,25.936241,0.0,0.0,0.0,0.0,24.904856,0.0,0.0,0.0,0.0,0.0,0.0,0.0,21.294676,55.424355,0.0,0.0,43.71348,78.15295,0.0,0.0,0.0,0.0,0.0,33.435825,0.0,0.0,0.0,0.0,0.0,0.0,0.0,59.595657,0.0,0.0,35.793,0.0,0.0,39.30905,0.0,0.0,0.0,0.0,0.0,0.0,0.0,0.0,0.0,9.429793,0.0,0.0,0.0,31.081713,0.0,139.42711,33.226307,0.0,0.0,0.0,33.25081,0.0,0.0,0.0,0.0,26.874723,0.0,53.749447,0.0,59.7681,0.0,0.0,0.0,0.0,0.0,0.0,0.0,0.0,0.0,79.862465,76.28961,0.0,57.043045,0.0,50.20916,69.29878,0.0,0.0,0.0,0.0,0.0,0.0,24.170435,34.90297,0.0,17.451485,34.182156,0.0,49.76506,0.0,23.488749,34.69794,23.984066,0.0,0.0,0.0,0.0,0.0,0.0,101.14232,0.0,0.0,35.64032,0.0,27.811232,0.0,178.191,0.0,0.0,0.0,0.0,0.0,0.0,45.13646,34.043846,12.036316,22.92714,0.0,0.0,41.301186,0.0,78.7966,27.858807,60.3342,0.0,0.0,107.05112,0.0,22.097637,0.0,0.0,49.47065,18.37918,137.45099,0.0,0.0,0.0,0.0,0.0,0.0,0.0,58.1248,0.0,0.0,0.0,0.0,0.0,0.0,0.0,0.0,0.0,0.0,0.0,53.99666,0.0,60.292995,0.0,14.035868,14.753933,19.247557,13.610078,135.74242,0.0,0.0,0.0,0.0,0.0,0.0,0.0,0.0,78.1554,0.0,0.0,17.363419,0.0,0.0,15.11251,37.19678,82.98727,27.934622,0.0,0.0,0.0,0.0,0.0,20.636877,0.0,0.0,0.0,0.0,0.0,23.530838,0.0,0.0,0.0,0.0,0.0,101.61865,0.0,0.0,56.107025,0.0,0.0,14.846682,0.0,0.0,0.0,0.0,113.935234,0.0,0.0,0.0,0.0,0.0,117.92801,0.0,25.5518,75.15666,0.0,0.0,0.0,0.0,0.0,0.0,34.978176,0.0,104.28427,128.06433,61.686176,26.650137,39.399876,37.872566,0.0,27.811232,9.810992,27.154953,62.371956,19.953465,53.434864,13.402192,13.915078,46.87195,37.453396,37.58015,0.0,50.403023,40.04995,55.840137,0.0,0.0,20.636877,0.0,0.0,0.0,21.54126,34.378944,187.24246,46.96296,164.24518,131.24138,0.0,176.6185,48.74033,63.70543,26.390251,0.0,0.0,0.0,0.0,0.0,0.0,0.0,0.0,0.0,0.0,0.0,0.0,0.0,0.0,0.0,0.0,0.0,0.0,0.0,0.0,0.0,0.0,0.0,26.455076,80.47911,28.761318,0.0,0.0,0.0,0.0,0.0,0.0,0.0,0.0,0.0,0.0,0.0,0.0,0.0,0.0,0.0,0.0,0.0,0.0,0.0,0.0,0.0,0.0,0.0,0.0,0.0,0.0,0.0,0.0,0.0,23.138191,27.71481,44.777058,24.936144,72.71535,87.33728,31.89849,15.270406,26.798996,0.0,0.0,0.0,83.34105,52.683617,91.6787,85.26967,0.0,0.0,0.0,0.0,0.0,110.21525,0.0,79.9375,107.56396,51.79255,22.425072,116.64732,28.68631,91.24964,114.76351,0.0,0.0,0.0,0.0,0.0,0.0,0.0,0.0,0.0,0.0,0.0,0.0,0.0,0.0,0.0,0.0,57.908512,56.639187,13.9703865,0.0,0.0,92.09332,0.0,139.5349,91.094666,64.37948,95.71075,87.8399,49.063572,93.612816,53.930412,66.36537,0.0,0.0,56.56347,26.056358,55.494644,43.656723,44.362698,45.26374,45.122734,34.236572,27.176565,0.0,0.0,0.0,0.0,0.0,0.0,0.0,0.0,0.0,0.0,0.0,26.809801,0.0,64.871826,78.714325,46.35093,58.369904,0.0,0.0,0.0,58.905933,34.978176,20.636877,29.13859,10.332712,60.307728,0.0,0.0,54.86781,71.71686,59.92224,26.48355,17.427288,10.179609,0.0,0.0,0.0,71.237434,0.0,0.0,0.0,0.0,0.0,0.0,0.0,0.0,56.16062,0.0,0.0,40.47081,53.351013,62.895763,63.35113,0.0,0.0,18.887367,51.772427,0.0,0.0,0.0,0.0,0.0,0.0,0.0,0.0,0.0,0.0,86.77898
C15x33_C16x33,14.330261,24.459661,0.0,0.0,58.2537,0.0,26.619226,0.0,0.0,21.669968,100.73774,21.669968,67.17828,23.479033,0.0,0.0,82.42583,0.0,0.0,0.0,0.0,34.01371,0.0,32.2579,25.939623,0.0,9.186658,12.969811,14.048329,25.090477,0.0,0.0,8.631874,0.0,0.0,0.0,26.51536,36.01907,0.0,0.0,38.285522,54.02811,0.0,0.0,0.0,0.0,19.466543,27.343605,0.0,0.0,0.0,0.0,22.606697,0.0,0.0,30.173588,0.0,17.28817,37.769768,0.0,0.0,23.17665,9.369375,0.0,8.885721,7.1452966,0.0,0.0,0.0,0.0,0.0,10.509541,0.0,0.0,0.0,31.852629,0.0,86.95177,26.732914,0.0,0.0,25.168756,50.38553,0.0,23.844425,19.510477,0.0,18.83439,0.0,37.66878,0.0,41.886784,0.0,0.0,0.0,0.0,29.598835,0.0,8.897889,0.0,0.0,92.890366,103.82598,0.0,66.54239,24.407228,31.68268,82.197174,0.0,0.0,0.0,0.0,0.0,25.033745,29.469437,17.93645,0.0,8.968225,46.437855,0.0,32.80674,0.0,44.28077,31.085012,21.486721,27.138212,0.0,0.0,10.747016,17.987064,0.0,110.49156,38.278576,0.0,19.566307,3.4709961,27.789944,0.0,166.19908,0.0,0.0,26.287462,0.0,0.0,17.107855,18.693197,22.385191,7.91436,16.031023,0.0,0.0,14.398402,0.0,36.864765,27.496216,56.66179,0.0,0.0,120.30803,0.0,17.847118,33.17449,0.0,105.2821,0.0,89.31587,40.210545,0.0,0.0,0.0,20.331161,0.0,27.415298,40.083042,0.0,37.294964,0.0,0.0,0.0,25.344025,0.0,24.372908,0.0,0.0,18.887846,55.337906,0.0,64.88829,0.0,22.747454,24.516125,16.184607,13.93727,92.42349,0.0,0.0,27.846066,0.0,0.0,0.0,0.0,0.0,41.16317,14.12348,1.4937724,17.524897,43.777706,0.0,17.735735,27.986006,60.58201,11.953815,0.0,0.0,33.05604,23.456842,10.715886,0.0,0.0,14.570122,43.556946,0.0,13.258063,19.074144,0.0,19.480185,0.0,0.0,0.0,103.26667,0.0,5.046727,46.897842,0.0,10.579305,28.236887,21.876146,34.724167,0.0,28.43364,87.139824,33.742615,0.0,24.11052,0.0,28.835272,83.58956,25.338081,16.975332,48.74824,3.926445,0.0,0.0,0.0,9.82936,0.0,0.0,0.0,56.838673,57.69969,48.378056,39.01093,24.868176,11.115382,33.14032,27.789944,20.677591,33.299873,38.291508,28.431778,40.72978,19.66011,41.046806,37.00787,34.529713,39.993614,0.0,27.670937,11.88187,47.451145,0.0,0.0,0.0,0.0,0.0,0.0,103.00816,72.45686,142.72224,68.89149,129.6802,120.996445,19.885015,96.962425,17.046225,25.788372,20.10077,0.0,0.0,0.0,0.0,0.0,0.0,0.0,0.0,0.0,0.0,0.0,0.0,0.0,0.0,0.0,0.0,0.0,0.0,0.0,0.0,0.0,0.0,0.0,16.898653,45.19024,24.155592,32.930687,0.0,0.0,0.0,0.0,0.0,0.0,0.0,0.0,0.0,0.0,0.0,0.0,0.0,0.0,0.0,0.0,0.0,0.0,0.0,0.0,0.0,0.0,0.0,0.0,0.0,0.0,0.0,0.0,17.303738,6.7409787,34.105526,45.231327,43.201836,100.22121,52.64076,4.7712507,0.0,0.0,24.78988,0.0,66.22404,23.063553,94.06405,77.24923,0.0,0.0,0.0,0.0,0.0,83.33131,43.404453,39.45822,70.39178,64.35761,40.67653,72.323814,36.14102,60.83975,54.672985,0.0,0.0,0.0,0.0,0.0,0.0,0.0,0.0,0.0,0.0,0.0,0.0,0.0,0.0,0.0,0.0,32.12095,16.803501,11.887387,0.0,0.0,96.37464,59.38354,121.50214,67.16228,67.6454,77.28492,71.76687,29.741238,91.744865,40.600834,48.03119,0.0,0.0,53.10054,15.031154,50.68916,38.082348,0.0,35.870434,41.99077,18.059715,20.699686,0.0,0.0,0.0,0.0,0.0,0.0,0.0,0.0,0.0,0.0,0.0,17.93606,33.07717,70.27438,44.763416,71.338234,0.0,46.748306,19.735573,0.0,42.437595,24.085674,32.109993,11.589197,17.679537,40.607067,0.0,23.285513,124.03101,49.957054,47.55715,24.416193,10.999379,6.9281745,0.0,0.0,31.762005,47.966373,0.0,22.773176,0.0,0.0,0.0,0.0,0.0,0.0,74.57787,0.0,23.285513,40.013515,33.672935,38.39702,52.214123,0.0,0.0,14.289302,50.42093,21.788574,19.524187,0.0,45.62256,0.0,0.0,0.0,0.0,0.0,58.432747,78.70483
C15x34_C16x34,0.0,36.41255,0.0,11.301007,44.691612,0.0,68.48705,0.0,50.16264,50.16264,63.000908,0.0,66.79293,0.0,0.0,0.0,35.858505,0.0,10.315949,6.90009,0.0,32.481033,0.0,24.727747,0.0,0.0,0.0,0.0,16.442846,0.0,0.0,0.0,0.0,0.0,0.0,0.0,37.830105,32.702415,0.0,23.586376,54.258102,62.060215,25.291271,0.0,25.291271,0.0,0.0,50.582542,0.0,0.0,29.465345,0.0,0.0,22.571444,0.0,49.10056,32.0253,0.0,62.8367,0.0,42.050014,59.4677,0.0,0.0,0.0,0.0,0.0,0.0,0.0,0.0,0.0,0.0,0.0,0.0,0.0,20.528276,0.0,74.75124,63.749626,0.0,0.0,0.0,0.0,0.0,0.0,0.0,0.0,0.0,0.0,0.0,0.0,29.940367,35.45452,0.0,0.0,0.0,0.0,0.0,0.0,0.0,34.864544,106.184875,120.41375,0.0,76.825096,0.0,58.026695,66.66215,0.0,25.224607,0.0,0.0,20.896114,0.0,28.249119,0.0,20.896114,0.0,39.950287,0.0,54.62671,0.0,36.526978,22.808828,0.0,0.0,0.0,15.093047,0.0,0.0,40.197887,138.83385,0.0,0.0,40.197887,0.0,0.0,0.0,185.00876,0.0,26.742994,0.0,11.481434,11.481434,0.0,0.0,22.30118,12.875591,31.632732,0.0,0.0,40.83768,18.263166,52.200497,30.137972,61.444065,0.0,68.76749,105.77796,30.925919,43.73585,0.0,0.0,89.85518,0.0,101.420685,0.0,0.0,0.0,0.0,0.0,26.849669,0.0,59.634174,38.924034,0.0,0.0,0.0,0.0,0.0,0.0,0.0,0.0,0.0,0.0,41.130695,0.0,61.942287,17.399677,0.0,0.0,20.097244,20.981983,113.396484,4.8538117,31.55324,0.0,0.0,12.340619,0.0,0.0,83.88696,0.0,0.0,0.0,36.0928,0.0,0.0,0.0,35.690247,91.011246,0.0,34.524845,34.524845,0.0,0.0,0.0,26.690216,12.825667,0.0,0.0,35.146053,0.0,22.487267,8.509065,0.0,0.0,25.742638,0.0,93.78561,0.0,0.0,43.949516,0.0,0.0,0.0,16.411964,0.0,0.0,0.0,111.68797,0.0,36.67142,0.0,0.0,0.0,49.569847,0.0,0.0,67.68744,0.0,0.0,0.0,0.0,0.0,14.317176,0.0,18.642467,82.94279,94.62804,59.486637,34.502052,66.36586,58.93069,30.665329,19.843086,25.651335,50.449215,94.26583,30.186094,80.837585,0.0,21.051075,70.90904,0.0,0.0,0.0,80.395775,69.04969,62.158337,0.0,0.0,0.0,0.0,0.0,0.0,34.62299,38.893013,70.0074,31.762959,66.32766,98.29917,55.51525,69.62479,39.09489,29.337246,77.62874,27.685474,0.0,30.200508,13.337641,0.0,36.67142,27.712406,35.02086,18.642467,33.18293,30.749243,0.0,25.224607,25.521463,47.132915,43.735367,4.964489,18.263166,34.887123,23.900137,26.849669,24.22804,29.924952,0.0,51.72311,53.28967,0.0,0.0,0.0,0.0,0.0,0.0,0.0,0.0,0.0,0.0,0.0,0.0,0.0,0.0,0.0,0.0,0.0,0.0,0.0,0.0,0.0,0.0,0.0,0.0,0.0,0.0,0.0,0.0,0.0,52.308815,51.35067,72.072685,24.681238,51.485275,83.0033,37.97486,0.0,0.0,0.0,0.0,0.0,62.301903,28.092356,85.273224,54.289333,0.0,0.0,0.0,0.0,0.0,79.490555,20.339132,62.36188,76.18226,55.517853,0.0,0.0,0.0,51.041893,60.141037,0.0,0.0,0.0,0.0,0.0,0.0,0.0,0.0,0.0,0.0,0.0,0.0,0.0,0.0,0.0,0.0,0.0,0.0,0.0,0.0,0.0,81.42492,21.501354,103.99908,74.656784,39.798164,82.670006,60.29728,38.96073,84.71774,53.541664,73.85998,12.340619,0.0,76.334015,0.0,74.13503,54.97988,24.212948,0.0,85.08629,30.255363,28.813366,0.0,0.0,0.0,0.0,0.0,0.0,0.0,0.0,0.0,0.0,0.0,0.5732078,0.0,42.49574,39.783424,41.176487,46.228813,0.0,0.0,0.0,40.053432,0.0,26.690216,0.0,0.0,36.61799,9.349865,0.0,44.883213,48.764305,46.67358,0.0,18.642467,10.88942,0.0,0.0,16.194443,63.424213,0.0,0.0,0.0,0.0,0.0,0.0,0.0,0.0,66.15398,0.0,0.0,40.762573,42.189133,49.267242,81.03281,0.0,0.0,13.763796,56.778263,0.0,0.0,0.0,0.0,0.0,0.0,0.0,10.5255375,29.464798,23.946777,46.292725
C16x13_C16x14,0.0,0.0,0.0,11.030459,16.786663,7.722337,7.158599,8.965028,32.84822,14.050955,34.152195,8.200714,23.789743,16.922476,4.3363385,7.9164605,0.0,0.0,0.0,10.754561,4.9747763,24.185417,10.589592,8.646366,5.626159,15.61156,6.113904,10.7022,12.227808,15.587843,24.013271,31.29463,31.825912,25.069185,19.606752,0.0,0.0,33.99613,27.60607,33.57885,21.62255,56.405148,68.31843,21.041002,51.853443,56.030247,34.154003,39.659233,0.0,69.833336,6.0899773,15.071517,7.731368,0.0,0.0,0.0,12.29365,6.2835097,8.415613,0.0,0.0,0.0,56.08509,17.73102,20.050604,17.73102,29.087067,5.9896274,7.419436,22.10845,11.669848,29.023783,70.40136,37.303425,23.908302,132.91425,4.2361746,18.094896,24.81579,9.076869,23.536236,27.230604,43.517254,13.840474,32.86448,13.523229,0.0,8.868325,7.9110694,0.0,14.505115,21.281942,11.915445,10.62928,4.1299233,29.494308,11.550757,0.0,15.169868,0.0,19.105288,35.53642,47.85561,23.863684,39.886223,19.21165,27.076468,76.25762,21.193415,15.132965,0.0,0.0,0.0,0.0,0.0,0.0,0.0,0.0,0.0,29.009256,17.139956,11.58147,16.307735,8.189336,39.426243,12.938227,7.9707575,15.584322,12.645936,24.596174,5.5868444,21.717815,5.415852,0.0,0.0,19.103298,46.732765,28.285446,32.690037,9.605738,24.546892,16.94444,34.58881,19.048521,2.065003,0.0,47.389385,71.80824,56.874313,21.427954,0.0,57.263317,27.241827,24.416328,37.15567,0.0,0.0,9.136809,38.33584,15.280685,13.282979,10.701389,15.374816,45.715084,18.65923,21.839516,10.686261,0.0,14.974638,0.0,12.6118355,24.244263,11.996669,18.542816,0.0,6.257028,21.924164,15.492796,8.3600855,5.798381,18.453327,16.938974,13.69346,55.07596,16.84936,40.936676,18.703796,36.317753,31.15352,28.115526,9.403733,6.8593836,0.0,17.05934,4.1677666,15.487305,0.0,10.187105,26.160149,9.240479,4.122864,19.229408,10.382273,25.9559,18.898338,27.164196,0.0,0.0,24.71631,8.817357,41.64851,13.469842,20.888523,36.277378,26.518467,17.388254,22.306879,60.979668,12.876034,16.346424,10.24124,8.066996,1.6634908,7.5794077,4.254257,6.154823,0.0,4.848137,1.2871325,34.3036,17.410929,2.9860852,13.605579,11.78891,9.873603,8.110994,62.341717,16.13113,14.5837965,2.7817314,22.47265,10.824207,17.999155,0.0,0.0,13.541914,16.130697,12.045612,16.175062,12.771015,3.1847553,3.2853062,23.982578,29.30228,18.051376,30.689877,20.616869,20.465742,0.0,19.641912,64.313866,32.935665,39.367767,22.891237,18.616186,23.156586,45.367527,22.979418,0.0,25.576736,25.565973,52.034473,48.278896,44.797157,12.351397,37.78423,47.531567,21.00423,59.53784,180.08556,8.2547245,17.53012,57.409363,45.800785,42.116215,18.843576,23.039446,30.190956,26.972292,29.067339,25.024452,6.899699,58.780727,11.733319,0.0,10.945591,4.82186,20.094604,12.795539,0.0,28.540567,0.0,18.057045,30.635965,0.0,43.34298,31.527514,0.0,51.685402,32.049057,19.835005,0.0,13.642808,37.65922,47.376263,0.0,43.722034,31.942526,42.16218,18.319605,15.818458,0.0,50.62593,44.53081,0.0,0.0,18.678276,0.0,25.72499,7.559359,0.0,6.7490034,0.0,9.871947,25.919613,31.662582,18.133707,0.0,0.0,0.0,33.24204,27.274235,24.33723,0.0,20.180815,31.78667,42.10149,40.24969,26.197142,34.57863,39.199524,9.552221,0.0,39.17146,21.220716,38.43923,10.352897,34.22115,19.927488,60.636875,21.518091,32.905025,86.05529,15.758207,26.001211,39.42513,25.1923,42.63507,22.591215,22.144709,5.8261905,10.537897,9.403733,50.91199,33.509792,10.611902,0.0,24.305109,12.331312,8.464712,6.3927417,36.712936,18.234058,10.91324,14.021475,12.374372,14.619068,40.584976,16.38104,19.26088,13.68297,33.273647,6.309244,6.2837024,5.7578645,8.471836,0.0,9.441034,12.46159,0.0,26.518467,11.980239,18.881138,7.695828,26.64047,29.811745,0.0,27.826624,27.97462,0.0,28.716602,36.839684,43.7951,23.516727,3.5035524,19.779613,32.036922,26.462507,29.612598,38.62852,28.085829,49.778984,28.52477,38.406322,37.700443,20.527916,0.0,0.0,0.0,0.0,0.0,0.0,0.0,0.0,0.0,0.0,0.0,31.937008,0.0,27.516108,18.863894,43.012203,43.577015,15.351581,21.420698,9.517055,21.581202,27.611322,65.1346,5.0565534,4.067349,22.485903,16.5014,9.254498,56.5752,31.919304,48.273155,0.0,21.547129,8.8864975,14.054151,9.400445,27.786652,21.28349,28.437874,3.6005132,9.800394,16.133404,7.69785,29.351688,7.645191,30.474247,22.884974,20.281755,25.628607,10.4634,33.045834,103.13042,45.944862,0.0,2.7953057,17.256165,53.94192,14.603731,25.981737,30.344488,23.263632,18.27563,3.802658,38.419277,23.90227,30.809402,48.05116,0.0
C16x13_C17x13,0.0,0.0,0.0,14.064362,20.674242,4.5771446,15.455484,10.493993,28.972595,15.224076,41.128944,0.0,27.395994,20.012333,3.3631907,13.801032,41.5369,0.0,0.0,0.0,0.0,37.794292,16.646889,13.592127,10.130317,20.789698,13.013087,14.297929,21.72821,7.5422144,18.2113,43.15543,27.012676,20.614967,19.196487,14.967376,0.0,18.928913,6.3764133,13.864725,8.363648,44.893303,80.94984,21.330772,58.321857,61.907997,38.750645,36.656033,16.207308,91.47877,9.642577,20.185799,12.635083,0.0,0.0,0.0,20.88663,11.643752,8.420403,0.0,0.0,0.0,43.05653,14.824945,27.860435,20.263363,28.377094,7.217201,0.0,42.48284,18.712006,29.263454,72.011185,26.180809,32.275795,149.23207,5.768216,19.762737,16.060627,11.423078,25.094522,36.411217,39.64439,12.008998,25.697763,15.735906,7.949505,12.605222,3.3637252,0.0,16.00946,27.344522,2.1236763,6.9153404,1.8760594,9.362313,2.7827442,5.391846,10.214083,0.0,20.46281,16.129538,35.469357,20.838568,30.697916,12.184814,15.872988,50.049763,25.080534,9.29895,0.0,0.0,0.0,0.0,0.0,0.0,0.0,0.0,0.0,32.926125,24.070818,16.402287,17.978691,11.598167,57.06841,10.755741,7.847899,19.41743,12.901476,19.413246,0.0,0.0,0.0,0.0,0.0,18.12953,55.992683,0.0,19.670868,7.0117307,35.203873,23.39042,44.52837,22.556347,3.8071175,0.0,48.728836,74.46666,65.87211,17.088564,0.0,70.142456,31.069845,28.285872,39.443188,0.0,0.0,7.538151,28.345007,3.9616666,5.11655,13.602742,12.266893,37.04636,14.157599,25.617714,12.394062,3.802642,14.183221,0.0,8.615178,24.056017,15.9834795,15.119515,0.0,9.059376,18.341505,0.0,20.223835,10.690113,25.236183,17.61125,16.856565,50.335823,18.84686,48.719006,21.134329,30.597288,34.211983,32.474827,4.201859,3.6124606,3.1912544,0.0,4.3773847,14.051353,0.0,15.421899,26.680984,5.1135488,8.245893,30.831463,12.431962,10.988326,13.98238,44.684917,0.0,0.0,16.469202,9.560018,42.7146,18.628553,18.85139,37.177555,24.70179,5.622175,22.721352,68.372185,12.320584,16.144192,15.448449,11.789623,6.6147404,23.167221,9.425581,7.8326,4.170624,5.977519,5.2692943,26.08197,25.244965,0.0,8.56049,21.381754,16.15378,0.0,72.792015,18.07546,19.057203,11.628086,11.252762,0.0,27.310608,0.0,0.0,10.57515,18.439007,8.630739,10.920074,34.77925,13.325104,10.169172,28.997215,22.35965,13.370222,33.631023,21.13753,17.900394,0.0,20.626398,42.06879,39.82198,34.56609,23.11622,18.700487,33.16846,37.24085,36.102806,16.681139,26.367657,31.293148,32.24157,63.49367,21.868227,24.37863,38.064404,60.704624,0.0,48.260162,192.87093,5.536721,17.256418,70.50994,38.982925,27.753088,22.628614,31.851194,24.341536,24.541756,23.564371,14.293612,19.954214,40.45123,0.0,0.0,15.948664,11.029089,21.479849,9.898793,0.0,23.366547,0.0,26.123484,33.626957,0.0,50.321526,32.177677,0.0,54.496983,33.608208,27.035673,14.749269,15.519956,35.039253,57.655262,9.84924,32.800278,33.38938,22.09142,17.089727,23.012365,0.0,51.0606,65.63024,0.0,2.3699102,19.555563,0.0,24.835163,10.456111,0.0,0.0,10.163219,9.911609,28.87734,21.360256,28.963724,0.0,14.566486,0.0,30.109728,16.406189,28.13572,0.0,17.603735,27.183167,38.375244,36.29961,25.535192,16.89485,39.463554,12.800834,0.0,24.53167,18.248325,31.471668,12.96704,29.156017,16.827501,64.665215,25.448187,33.868748,73.45787,16.926317,33.20723,43.76447,26.897146,36.658325,23.33188,24.36837,5.4319043,18.468197,4.201859,45.64329,26.438765,18.942282,0.0,31.737123,0.0,0.0,0.0,36.425014,22.946732,3.4960706,6.677995,7.5311627,11.286536,27.69807,6.575687,15.596677,12.144773,22.345903,8.503791,8.892048,4.9868455,6.8224654,0.0,8.798305,9.066687,0.0,19.351795,6.86099,7.132073,2.3188193,23.607222,27.912298,0.0,26.180271,20.881168,0.0,25.996428,25.0145,32.95971,12.178948,3.0082881,24.048706,31.762402,30.180956,22.950382,34.06597,26.217066,35.65491,21.37509,29.387661,28.465645,13.137686,9.182131,5.4108047,1.6990858,6.332542,6.919115,0.0,4.379616,7.0692368,11.899061,9.607962,0.0,22.987827,0.0,36.217976,23.472368,38.05849,34.691486,18.244019,14.709452,19.805313,24.666294,30.493143,69.9198,0.0,0.0,18.53048,17.965181,0.0,69.50567,43.930798,61.334896,0.0,33.426815,11.139684,17.652147,6.9135313,49.594032,29.977648,29.197393,8.018773,6.502835,9.349664,4.9798985,32.201862,11.287539,16.549145,13.983572,30.764233,21.347782,10.1910305,43.554565,82.15022,65.26658,1.6681547,3.8949733,30.733868,59.093204,16.388588,23.455656,16.900208,24.02057,17.826445,8.904337,45.38117,12.897545,24.62315,43.149155,0.0
C16x14_C16x15,0.0,0.0,0.0,0.0,17.28136,5.258541,0.81839836,5.2704177,29.58019,20.4439,51.00844,12.271367,33.039196,14.347687,0.0,12.443004,0.0,0.0,0.0,10.29831,2.9246032,21.540112,15.017434,10.618929,8.941626,11.25117,9.609767,18.254913,17.892822,7.861137,19.304365,27.083006,23.131937,20.872713,7.1282973,13.650248,0.0,15.005878,19.046848,30.782665,30.290348,60.376457,67.404564,23.44682,45.29405,46.41401,36.705677,22.862122,19.353619,81.540016,7.812127,15.46445,12.229779,0.0,0.0,0.0,11.772104,7.1332493,8.545354,0.0,0.0,0.0,50.96783,22.738459,25.126322,21.157513,42.33768,6.808821,4.370029,42.41574,17.512306,30.088634,22.689026,38.381577,16.371836,137.59756,7.178329,19.282255,24.131966,14.587219,20.256807,12.694455,56.70573,15.397068,29.6348,24.1039,9.98179,16.10564,5.5740933,9.654613,12.464051,31.358597,16.519268,4.0019245,15.278033,21.434275,18.307281,10.803201,11.733535,0.0,14.034253,16.30308,20.637636,23.096342,41.026527,17.439144,22.913002,72.03814,21.478413,11.139761,0.0,0.0,0.0,0.0,0.0,0.0,0.0,0.0,0.0,23.56773,21.345497,13.168328,21.916386,6.967338,39.74158,8.445839,4.8205895,15.664297,11.342358,15.587984,8.924801,41.60808,13.971654,0.0,0.0,10.712308,34.005154,11.226912,47.404755,8.10106,22.156876,16.04357,30.099684,0.0,3.2457488,0.0,66.34006,111.932594,53.608154,19.051777,26.68084,47.998497,31.597183,35.25555,41.599953,0.0,0.0,9.012845,36.00979,14.656194,26.06629,16.313953,8.766539,45.98513,9.626928,18.540037,14.077261,8.307048,8.378412,0.0,14.216754,31.890047,26.324614,16.39628,0.0,9.540401,26.376303,12.887432,6.925248,9.113831,19.356993,14.974882,8.04697,17.738703,20.418823,18.83449,12.799806,0.0,28.592434,42.31267,7.1397552,11.54908,10.548425,33.38179,0.0,10.761231,0.0,6.996628,28.014175,26.277504,2.9049456,21.435919,11.6093,20.54906,11.241965,21.143404,0.0,0.0,33.362907,0.0,41.888557,23.043894,20.318851,33.48619,27.6422,16.78848,25.958223,41.45715,15.224419,17.163334,6.657915,6.0076575,11.424237,47.19158,20.059776,0.0,0.0,0.0,4.1368365,34.487965,13.394629,4.91413,20.299437,8.317456,20.429459,8.312579,35.56294,16.227064,8.719848,8.019416,15.7275,10.75972,9.759832,3.961597,8.800509,25.810204,11.132906,12.264681,21.268618,18.708044,6.2820086,4.5168657,10.709217,27.114561,22.038034,29.685083,28.516409,18.731972,0.0,16.094069,71.19252,28.852512,23.961206,17.822073,11.140729,15.8180065,25.011587,25.413517,4.297548,16.74835,16.252537,35.12586,35.094765,27.032898,9.154574,24.465328,34.157078,20.360455,40.282112,152.92,0.0,19.182186,74.10563,73.77601,61.476784,25.709076,23.5675,32.93465,21.400946,46.252876,26.351639,12.054521,33.29628,26.810148,0.0,13.194005,0.0,18.204435,12.433714,2.785915,27.329762,20.377565,20.359587,30.589582,0.0,39.28118,30.704916,0.0,49.30061,25.884878,15.163521,4.3772573,5.2093625,36.321194,46.257298,0.0,40.443718,48.341274,47.396637,16.304356,24.251099,1.3476881,34.27811,35.292885,0.0,0.0,17.487642,0.0,22.549425,6.495656,1.4683962,11.849024,5.410698,14.910322,18.998743,27.866907,12.542032,2.3733554,3.7290392,0.0,25.801092,26.396898,17.53268,0.0,15.354048,27.826498,32.68193,32.82395,33.28725,32.63678,34.953323,0.0,3.0632284,34.069794,11.869638,39.361454,0.0,26.36666,16.342571,51.154533,16.83484,44.16462,107.531746,9.15389,31.847004,49.259544,31.41686,51.757977,24.450018,11.010092,7.2264113,12.930097,11.663753,61.664234,55.878952,7.626944,0.0,17.737581,12.938726,12.497818,5.0315137,23.973827,13.428347,16.302414,16.833948,0.0,5.67243,35.81342,29.798717,23.357643,15.378343,16.694878,0.0,13.0499115,3.2846258,7.7099786,2.5305855,16.815615,16.487019,0.0,24.971136,18.732296,21.071947,10.609115,24.10105,36.24994,0.0,33.56268,22.241262,0.0,27.61505,42.69818,45.468124,16.34695,5.8126607,21.922325,34.62588,30.213846,37.368126,50.29736,38.053055,44.252693,29.030245,34.17649,40.73642,14.897122,9.9564,3.928862,5.629829,4.5981483,6.349354,2.9539204,7.49796,9.475316,13.288034,5.937444,5.3781075,15.577362,0.0,27.744701,20.078209,58.08583,55.280487,17.216938,13.3132925,10.026649,13.631596,29.685083,93.272285,4.0103593,10.176085,24.475796,0.0,11.010092,78.46892,14.967979,25.001917,0.0,32.33635,16.16511,19.656454,10.738012,44.655758,23.02921,33.51397,5.0979548,0.0,18.585155,6.9693165,32.45362,0.0,34.182945,21.52397,8.083881,22.89425,9.72591,29.058702,91.02047,35.426292,7.5334225,1.548688,2.244459,51.837177,11.15274,22.034428,23.76696,25.84591,15.908768,3.4285073,44.25775,21.445717,33.486713,66.87534,0.0
C16x14_C17x14,0.0,0.0,0.0,8.604262,20.98026,6.5691733,9.358234,7.7814245,26.20617,16.486465,40.57382,10.570903,58.353638,18.625181,1.440158,23.776995,5.260331,0.0,0.0,14.994673,5.5386543,42.071796,21.872688,16.589788,16.498556,19.987787,17.104832,11.305286,26.295988,3.8426683,15.708622,25.2224,21.584425,16.399363,12.8260355,0.0,0.0,31.289011,14.692253,28.135538,28.132807,69.98655,77.64168,26.72667,47.284115,52.558002,44.97725,26.060184,0.0,91.06888,6.466521,9.9455805,8.51107,0.0,0.0,0.0,10.300784,3.5889828,7.444009,13.687591,19.089794,33.610798,42.494293,11.412881,9.303956,10.813554,38.65358,11.672012,10.485019,47.334038,24.608469,31.327637,22.070457,38.300842,15.925492,133.97682,14.164881,18.781443,17.463554,9.278554,22.604443,25.154617,38.995605,13.269235,19.974472,17.46463,0.0,11.189772,2.5385485,9.801156,13.2469845,28.74205,8.948936,8.478999,0.0,15.640483,8.948936,0.0,10.510485,18.75455,15.058923,31.98363,39.541615,16.261824,35.371536,15.84155,21.669086,60.40844,15.917558,12.036054,10.422378,0.0,10.3413315,8.266487,8.060345,5.119907,0.0,10.524996,15.498021,38.192783,20.908684,9.969492,18.481411,6.0982103,35.5349,12.4163265,7.378109,13.929874,12.544734,19.648384,7.100305,25.79725,9.345242,0.0,0.0,13.205962,30.700212,0.0,36.12611,5.1985207,24.541658,23.344334,37.14671,12.522874,4.5204415,0.0,61.8436,85.74313,52.550163,19.923618,0.0,51.24127,24.705856,44.183537,52.87141,0.0,0.0,8.364587,45.258842,6.7796974,9.7018175,21.174654,12.356594,51.83749,18.945839,18.150654,8.664716,0.0,11.099112,13.109747,9.550736,23.258982,8.712229,10.562242,14.035862,4.807395,14.199153,10.327269,6.2996135,12.693077,25.700644,17.736317,10.350131,17.292814,21.382809,37.77036,12.478064,31.769964,26.386436,14.891104,8.048032,12.769851,10.381346,14.673494,0.0,11.238924,0.0,8.672949,27.009491,20.408234,1.9379357,16.041538,7.9188676,10.044759,21.434069,36.51423,0.0,0.0,11.300653,0.0,41.662804,12.33261,17.475136,36.19523,23.000332,8.456657,24.57697,52.301434,16.362167,21.53547,3.254511,3.254511,22.25053,84.847755,29.052217,0.0,0.0,0.0,0.8748709,43.749985,15.492083,2.2942667,13.2215805,11.968899,18.879423,12.059151,53.465134,26.648169,15.550694,3.8131757,13.16144,5.891387,10.556407,0.0,0.0,17.283922,7.500608,13.984127,12.065407,34.90203,12.643515,9.606259,21.629105,30.964317,29.45365,29.296509,22.75069,18.540443,0.0,15.932225,40.91915,41.177113,38.003944,13.934297,11.954678,18.833515,30.712536,22.592224,4.112631,17.890512,24.889389,33.690258,38.591396,29.007935,18.031387,25.41256,35.33714,13.488197,39.762527,153.02817,3.4781575,10.648228,61.402813,57.291485,49.31004,40.931324,27.610659,38.921036,31.541544,31.563812,17.790956,22.850615,39.00951,16.889648,0.0,18.14148,4.0447865,22.092789,15.505145,2.8996086,29.177998,28.205782,17.81497,26.630491,0.0,38.55217,42.100044,0.0,43.114723,25.027233,24.152868,4.5558934,10.596508,32.83869,43.24997,23.529509,32.096745,22.433218,29.836256,12.908517,23.89003,0.0,48.671497,44.262432,0.0,9.427846,12.685393,6.9199314,19.258318,5.549432,1.3357396,5.983703,2.835042,7.6136765,31.13962,34.417953,15.431779,2.1447177,3.3698018,0.0,24.986803,21.182266,20.725706,0.0,10.612836,20.807688,33.776516,28.719328,13.776746,20.197065,26.876955,7.0006905,2.6926785,28.795145,17.951736,33.985085,0.0,23.795227,12.040631,54.08577,20.909813,48.18145,92.81076,15.5,26.73597,39.195255,27.811317,42.543472,21.170126,21.435658,5.537252,11.399623,8.848867,45.114975,33.20719,21.523495,0.0,27.781994,9.385647,12.023812,4.105904,40.699394,15.797649,20.019533,24.123802,9.966907,12.284422,38.420986,18.586872,15.512823,9.457824,21.319113,3.0836067,11.218651,4.5549436,6.701917,0.0,7.468633,10.270563,0.0,22.185093,14.283522,21.284811,9.305143,41.465702,45.831154,0.0,33.272575,27.598476,0.0,21.23283,38.24283,35.789513,18.812817,3.8807857,20.468151,47.33352,40.967373,45.280354,33.309223,34.44153,40.321766,26.552013,31.858494,33.62881,11.479467,0.0,0.0,0.0,0.0,0.0,0.0,0.0,0.0,0.0,0.0,0.0,18.292019,0.0,35.9512,19.366676,44.38143,53.227978,19.38413,12.676156,14.428445,26.74315,27.397053,73.04458,3.142037,7.7059836,29.35821,13.403656,8.724631,58.8952,16.068527,46.20636,0.0,19.520102,15.102092,22.394136,7.64763,50.348648,20.372965,15.310221,5.128976,12.953708,19.335014,4.924225,29.163334,0.0,30.560879,25.798355,16.617628,23.831442,2.9010246,35.036095,93.053696,57.49409,7.7083006,2.4832964,12.992891,54.48662,17.452309,24.402462,11.90543,28.904728,11.455396,3.1187723,47.559288,11.90543,28.77316,49.58352,0.0
C16x15_C16x16,13.454332,17.07887,3.7399194,0.0,1.5840652,1.1435194,0.49506143,0.0,22.364805,24.595844,36.33049,15.212192,0.0,6.7515345,2.7766638,14.078495,0.0,0.0,0.0,8.423288,2.2840495,23.99961,15.69379,11.345264,10.407951,9.572707,10.304909,5.2262526,19.154572,10.803264,15.788352,21.23425,20.806253,12.812719,7.8519306,14.734832,0.0,14.410475,17.606844,30.063433,29.877518,46.727245,49.782864,19.088573,39.90643,51.621887,50.5814,13.596984,35.82137,89.29722,9.531208,16.49745,16.16493,3.3113945,2.1214137,3.5629885,5.3430133,4.835078,16.066069,0.0,0.0,0.0,24.426098,27.142885,19.252043,12.545393,22.260489,0.0,0.0,62.64016,40.96156,36.291214,26.278692,32.756485,13.3409,127.08585,4.830638,19.988071,32.425777,18.111605,15.516836,11.233856,42.223988,21.30528,19.455383,33.37771,23.637842,14.520236,8.995887,15.581334,20.715273,50.860336,3.1256723,4.420368,8.888302,11.954154,11.713207,8.295205,8.407074,0.0,8.443834,11.598257,12.0375395,23.653507,25.038147,24.527077,21.310637,44.694195,24.602337,12.63369,6.056315,6.387749,8.087491,4.0161858,4.58427,4.1817636,0.0,6.056315,11.847919,10.40309,25.47148,18.885094,26.99269,9.340868,45.912937,12.061226,5.523404,6.8988853,7.1517205,8.004478,10.395739,21.17666,17.0518,12.075956,4.550277,13.30306,31.993616,13.994853,46.562923,4.5851207,10.785705,14.899117,24.371712,0.0,11.39701,0.0,87.380295,137.59685,62.13978,19.036669,23.168777,47.406002,40.72801,38.377808,48.609962,0.0,0.0,6.1401076,17.338808,15.99427,16.650375,13.867717,2.3419964,24.778786,15.467386,11.022296,17.836266,12.631511,3.5040345,0.0,9.163823,35.536034,33.000237,12.107897,0.0,8.166521,29.263674,15.822578,0.0,0.0,0.0,18.153341,8.208335,19.326773,25.861944,20.428106,11.556125,40.723797,33.057262,51.88037,4.5964375,0.0,9.342966,46.01516,0.0,0.0,0.0,10.90934,24.982231,12.045937,2.0022757,19.52815,15.904954,18.022419,15.811128,20.837334,0.0,0.0,70.3242,0.0,34.799778,38.806824,20.927534,30.195137,39.421955,22.13876,36.996502,40.777115,7.1216702,26.687891,0.0,0.0,16.067482,23.295338,14.524383,13.449458,5.236248,12.156714,10.044728,50.12998,9.777903,7.7021413,11.1669,8.66849,25.581814,24.754322,36.234344,12.797629,6.4904637,11.278812,18.80688,10.589086,11.981491,5.368007,9.141222,37.771828,13.691618,17.249514,52.329147,21.52872,11.692426,10.568566,10.145432,35.91721,27.540525,31.305126,31.662035,16.782785,0.0,16.538145,85.13073,31.232439,18.260134,15.045649,19.305847,13.205731,21.774633,20.011625,3.3840616,7.5478444,17.165014,33.63181,36.83199,9.556799,16.68319,31.588406,20.225733,16.410368,33.03551,144.69469,13.599559,20.946144,81.26919,55.37819,45.04675,19.563908,8.82185,19.24862,17.707823,34.69535,8.448142,17.21076,20.865332,16.929312,2.7661946,8.117635,3.6473637,23.009216,21.22976,2.2399392,14.599304,41.791794,19.636122,39.77729,0.0,34.727615,23.936018,0.0,49.19957,26.142141,18.545353,3.5194142,14.299843,22.257149,42.06889,0.0,28.742895,44.33084,34.630257,18.6929,3.8289742,2.9270005,33.22871,27.486216,0.0,0.0,18.50529,5.559625,20.61591,4.6107388,1.8723556,13.699606,3.6864882,10.158898,12.775642,27.525085,13.57671,2.69408,4.232965,0.0,26.393938,22.266111,18.526764,0.0,17.245445,23.979568,37.429314,37.75754,33.67907,38.548813,40.232887,0.0,2.6740525,36.350883,20.392199,42.16494,29.604343,29.675835,11.32033,43.136074,28.901442,54.673416,122.5534,6.611689,29.195324,41.699444,41.04355,43.294697,14.871217,12.175783,10.390405,11.752047,15.422745,41.655228,36.47322,21.147131,0.0,13.913828,12.917454,15.168222,3.4680436,18.473795,10.841658,14.523041,11.270122,0.0,6.1646676,32.947536,24.049862,21.962921,16.068245,12.959539,0.0,10.255992,3.0819082,6.8065395,2.4582634,12.478256,14.254454,0.0,23.384478,14.89684,27.05113,7.590682,19.542822,42.056194,0.0,34.79555,24.71534,0.0,33.80734,26.419703,35.3561,12.2079,3.9498513,36.558346,27.832663,23.787994,51.19182,52.897552,25.711147,47.98208,41.15111,53.42476,28.139511,4.4182577,18.900166,0.0,5.783469,0.0,7.4991107,6.257062,23.37052,26.749723,27.918331,11.197322,0.0,23.974463,0.0,14.057742,20.128168,74.14405,82.99681,19.288662,9.373372,12.7940445,9.574587,17.958727,111.92655,3.720571,12.811826,21.672861,0.0,7.95239,78.90694,11.473387,20.757198,2.3576903,35.94614,29.661528,13.4337635,14.422054,47.310726,34.333397,39.612186,8.776499,0.0,7.562118,5.2616363,32.532806,17.7402,36.42653,36.50776,10.775724,17.849234,15.712502,14.375818,59.372444,36.67598,0.0,4.7204785,0.0,33.26105,14.117332,31.103148,25.813728,36.67489,7.4244757,0.0,20.415419,23.332548,39.07167,69.078094,5.2203135
C16x15_C17x15,0.0,0.0,0.0,0.0,15.52762,4.9951296,1.7818013,4.8650684,21.56676,20.545158,31.45901,15.574476,47.448902,15.808016,0.0,19.441074,49.622276,0.0,0.0,12.648306,0.0,23.806849,16.59723,11.998375,11.007103,12.486683,11.023675,19.193659,17.842918,17.840502,11.654584,15.337771,13.540715,11.020548,6.130311,7.4554343,0.0,13.238129,16.918413,27.262646,25.855713,55.96347,54.00342,15.816034,64.652275,39.571033,34.934673,15.346608,19.234818,74.19026,8.067218,9.564058,8.067218,0.0,0.0,0.0,5.2519913,3.9695423,15.072052,0.0,0.0,0.0,35.679466,11.999932,20.82688,11.950673,34.101913,16.387049,10.211061,31.518421,20.790972,25.764042,17.430412,25.230413,17.332478,109.34607,10.690929,23.031328,29.891357,19.910063,24.396214,12.733737,27.569168,16.323853,30.565838,16.323853,8.693177,16.886154,6.117461,10.595754,14.086979,33.85823,5.4385204,0.0,0.0,6.4476166,5.4385204,0.0,6.637248,0.0,13.753224,24.48043,25.181494,40.799477,50.812862,29.100283,41.685844,86.35631,34.02244,23.684204,9.120232,9.619341,9.266532,6.0479918,6.9034724,6.297337,0.0,9.747469,17.622097,22.106878,18.82988,23.10897,28.13652,13.099851,42.623463,11.41928,5.1698704,17.982946,18.33154,11.81752,9.123749,22.67966,9.123749,0.0,0.0,8.517313,26.814623,8.026111,40.658855,8.739175,18.741318,19.104609,41.887928,0.0,3.211116,24.517817,78.59848,127.023026,55.43243,20.08313,26.8785,51.444828,46.849236,47.344616,54.777493,0.0,0.0,5.577217,22.113121,12.075964,24.085625,13.50204,6.4388723,34.544373,8.95704,6.8682694,9.669197,5.3238,7.1417637,0.0,13.333596,48.318237,17.138712,6.7181835,0.0,3.7917702,15.814353,13.67532,3.988102,9.755023,20.716602,23.240051,3.8489044,12.572926,15.252321,15.164545,13.689941,29.711958,39.379974,50.212902,7.723332,15.443462,9.412692,60.704193,0.0,10.192111,0.0,7.3086443,39.484806,24.765171,2.156835,13.07319,13.635958,13.57727,17.423426,27.770819,0.0,0.0,44.504475,0.0,46.851135,46.717007,19.899414,50.77883,24.449993,10.718089,17.177721,41.089466,12.391365,12.5542965,6.224536,5.0660396,14.500247,43.03009,21.846018,12.927534,4.975729,10.521491,8.458106,56.54065,12.568331,3.5761552,15.817939,6.128719,18.665514,7.6401124,33.97518,16.231308,7.3481674,5.078824,24.178158,13.846717,11.917961,2.586996,6.725784,19.536848,10.756769,26.21911,33.567814,28.053421,15.618773,12.711843,14.342155,39.91289,22.827602,35.09173,46.646824,15.639799,0.0,13.204822,79.0834,47.73931,23.02561,12.771006,18.135473,12.082596,19.616451,41.28144,5.448694,26.004982,24.72413,25.841873,24.332123,8.609582,22.156672,16.88688,19.208754,14.443572,34.68457,144.82753,12.922939,18.4057,67.95321,37.699238,32.29963,19.131607,10.01652,18.268942,25.362053,22.97567,7.244748,22.72835,19.70437,12.153906,0.0,7.4926224,0.0,47.857166,9.826684,10.688508,27.791315,25.705744,25.274109,38.08757,0.0,35.07508,29.626654,0.0,40.343903,53.116108,25.670889,7.0107403,2.4531891,16.145346,48.17748,10.340627,30.036247,35.236755,31.972118,11.920399,4.3340077,0.0,28.612623,34.558258,0.0,5.0843005,16.829977,8.372265,23.393904,4.96665,5.4783278,12.083665,2.1297145,8.295829,18.385448,25.85717,9.64769,6.632981,4.3506637,0.0,17.276535,16.491562,26.324356,0.0,18.819006,19.42867,39.23346,20.36498,20.318731,22.129683,27.694876,0.0,8.338985,30.179895,17.026442,40.451057,27.539103,27.926939,11.937406,60.628284,19.938812,34.058346,127.18447,6.918941,16.055725,42.69163,29.39964,56.022648,19.288244,15.857774,11.842683,10.991889,11.623816,38.570118,38.62803,22.681587,0.0,19.062796,12.658944,12.305747,3.7357478,19.99663,10.696701,16.196611,11.342508,0.0,5.7344494,30.129402,19.456375,17.209421,18.60182,13.572921,2.818045,8.45047,0.0,4.377552,0.0,6.9236817,8.844951,0.0,24.413239,16.167772,17.40547,12.09684,21.378183,34.548885,0.0,33.40837,30.60937,0.0,26.03166,41.919807,43.954514,13.678888,3.407315,42.52067,38.01263,26.271992,40.2328,55.282238,41.517185,36.68091,30.314339,37.636765,45.273365,6.9448395,6.9123187,3.4271915,0.0,5.7204947,7.6239166,8.599601,8.4203,10.756867,13.462016,9.59323,5.3710556,22.129313,0.0,21.883451,29.303364,56.51353,70.54299,16.541866,7.4794497,10.855112,10.965847,23.64942,108.8297,0.0,8.567879,25.538244,0.0,10.357215,64.5456,14.386038,21.670374,0.0,28.068998,25.676653,19.590673,13.109366,71.904305,31.270063,37.498737,9.6133375,0.0,11.08822,6.052537,50.153378,18.124796,27.391253,23.490137,4.9023314,23.246891,4.0229254,25.60305,64.65877,21.437677,0.0,4.4856205,7.1330028,33.55414,17.428637,19.216293,17.1523,34.636654,16.097435,1.7440414,33.54145,13.959953,50.351765,74.78495,0.0
C16x16_C16x17,0.0,21.713776,0.0,0.0,8.908708,4.960009,0.0,0.0,28.086382,18.95824,28.088318,18.451015,0.0,0.0,30.67222,3.9357905,52.579475,0.0,0.0,9.016051,0.0,11.139247,13.253352,8.487347,0.0,15.888543,0.0,0.0,14.700516,24.889044,16.167198,18.963324,21.873842,8.380591,8.040339,15.088397,0.0,10.671666,24.456562,29.135242,24.006557,28.433908,56.52498,8.299849,37.421955,52.585285,22.579842,0.0,20.580648,63.4271,6.6519938,17.8318,11.927685,8.020745,6.906145,12.317693,0.0,0.0,11.044972,0.0,0.0,0.0,20.547567,21.103754,15.562299,10.635127,17.45045,0.0,0.0,29.073978,34.591896,39.166283,27.377968,44.50841,0.0,137.69177,7.1450195,18.665087,13.660702,35.393505,20.094732,18.798689,45.243443,13.961111,34.128555,31.673887,21.848385,19.826803,13.621527,0.0,26.913572,39.390102,4.701427,4.5105495,9.069634,10.215757,12.271006,8.464438,10.899082,0.0,16.887682,18.75389,28.183056,24.103523,28.029718,25.850264,17.624563,43.3568,25.925524,9.904089,13.076074,6.082535,11.2176,10.228693,6.082535,0.0,0.0,12.013873,18.648113,15.784822,10.463784,10.209115,25.73281,10.463784,40.82526,26.472488,9.7307005,5.804311,8.274651,23.364452,7.811181,21.652075,0.0,8.195112,0.0,11.575171,27.110489,12.4839735,45.473083,0.0,14.778113,21.799894,20.6004,0.0,0.0,0.0,71.15623,135.53665,65.120544,18.143616,13.634573,48.988907,41.60264,28.125225,56.88172,25.638138,0.0,9.247108,20.147047,19.868248,19.193514,22.896666,0.0,41.33359,16.21257,15.178166,34.543064,23.827522,17.4376,7.3818574,13.403055,30.698416,23.31144,0.0,0.0,23.55746,36.283035,0.0,0.0,0.0,0.0,31.93195,0.0,22.38786,31.151955,11.4507675,0.0,38.158653,28.76098,90.88593,0.0,0.0,0.0,52.813965,0.0,4.996656,3.46847,11.985812,28.694124,13.492745,3.5273814,28.146097,22.123343,4.0317163,17.138645,20.809208,7.461599,0.0,61.031525,0.0,35.942574,46.32027,14.367624,27.190434,37.50036,25.97625,29.664019,57.682922,7.1849823,18.753233,0.0,0.0,0.0,7.7591734,3.1730142,21.625063,7.928701,8.2852745,0.0,39.703453,14.553164,0.0,10.239032,0.0,36.11317,39.796207,45.181664,15.636895,0.0,6.591695,19.568861,18.160797,19.715443,0.0,9.983059,29.39123,28.109737,13.591118,58.614826,31.10285,27.492708,10.533363,13.61991,30.265903,42.8269,26.497747,19.53263,11.628109,6.8281617,9.597125,82.644005,28.515415,12.893218,9.834833,11.280457,9.544171,15.462759,21.314531,11.64498,6.8227663,10.99349,26.11633,31.664484,10.117912,22.668789,21.418411,18.03582,11.32224,30.920479,151.77193,7.9596195,17.956936,89.09271,76.29163,71.56201,33.078785,6.2850103,18.482874,17.926525,36.17011,8.882267,19.900373,18.327404,20.237019,4.5331454,6.4438424,10.843772,16.04333,15.163243,16.12694,15.673647,36.553253,18.225126,25.242365,0.0,27.00735,18.016155,7.355786,39.100777,25.941832,13.124079,14.173061,15.751414,27.725992,37.224415,0.0,26.815094,46.36923,26.823565,17.415714,0.0,0.0,36.633064,33.300846,4.7498903,0.0,23.681707,8.276435,25.348625,6.787754,10.674237,0.0,7.5561943,5.83094,20.793741,42.52961,15.005615,13.378479,11.757592,6.2118692,34.361294,38.584236,26.583727,2.8875425,27.259075,34.65093,36.226864,31.422194,43.13737,24.954008,38.207966,0.0,11.632151,52.71097,22.373367,45.36815,23.17822,22.6042,14.545908,41.82549,28.878336,50.42925,126.008896,6.7735114,33.430984,39.41913,27.605223,40.23158,14.689554,8.922938,9.285234,19.08555,0.0,33.330265,31.328154,18.815977,0.0,12.302218,0.0,0.0,0.0,18.016155,9.832627,0.0,18.317286,0.0,16.583544,36.778297,37.741814,18.885021,21.282091,18.239862,0.0,13.274402,8.659201,12.697265,0.0,8.5687685,10.803564,1.7479175,18.898113,21.149393,13.255999,9.468179,11.243588,30.711098,5.3507,22.339014,22.898348,2.487234,18.736973,21.272017,26.891445,9.440737,1.5272155,47.47413,25.788065,19.23894,39.34956,43.984608,23.080843,32.05999,32.060894,40.933506,21.873604,9.811218,12.935826,0.0,16.249744,5.08432,12.527167,18.964245,16.88296,20.273829,25.86744,11.822096,0.0,21.526304,5.184613,26.051407,9.612021,47.978943,56.134678,24.89413,8.204089,13.219709,16.167025,28.949709,123.05684,4.2882524,14.651625,19.7198,0.0,13.132959,73.168335,5.747776,13.784301,7.145816,25.885693,40.895157,16.344633,24.851587,46.689533,31.0288,60.721684,7.976276,0.0,34.244896,23.682388,29.944113,20.163824,27.40522,27.283796,20.320536,17.845877,17.554428,27.279243,58.288548,30.629158,0.0,7.3948035,0.0,37.682938,13.332905,22.858807,38.402687,37.857525,0.0,0.0,30.497847,14.713337,34.36856,59.742424,11.857811
C16x16_C17x16,5.171548,15.369358,0.0,0.0,26.11804,17.984522,7.5685415,0.0,21.611702,20.26472,35.107113,16.455221,0.0,0.0,6.90871,17.378416,50.422684,0.0,0.0,11.343611,1.9595863,18.033503,14.614298,10.437607,9.161192,18.533913,18.178959,30.044409,14.171589,22.014696,14.220099,19.615126,19.239466,7.3712735,7.0720005,13.271225,0.0,7.01267,19.450565,19.819609,23.350554,45.086338,40.087067,15.107334,30.641306,41.902184,41.09969,0.0,28.35023,72.48836,5.4570346,2.4285004,5.4570346,6.7595363,5.6645083,9.813336,0.0,0.0,14.577104,2.684775,5.3179383,6.9706454,14.580341,13.073371,12.89115,6.588258,17.50103,0.0,0.0,29.967272,27.285894,24.48879,21.237053,25.29851,12.332703,118.75618,11.898872,14.70724,21.219992,23.490946,29.250616,23.19116,33.403893,14.611875,27.558807,38.137867,26.307186,27.429113,10.141379,0.0,14.342077,34.30409,3.4493155,3.3092735,6.6541567,9.178707,9.002919,6.21014,7.566786,0.0,13.971881,14.647622,17.473444,34.538235,27.020151,34.801735,22.482483,52.802086,34.903057,13.3336935,13.374267,11.900641,21.301296,7.4879093,15.923611,0.0,0.0,23.37555,34.502655,12.719173,17.710222,23.751535,22.743946,13.686306,25.27673,18.132113,6.664963,5.265918,7.11049,7.316448,6.0810533,24.677319,6.0810533,7.0421414,0.0,4.546501,14.459322,11.275521,44.517246,4.5815434,10.008575,13.514428,29.061672,0.0,23.521904,4.588609,71.0434,127.32186,56.888714,16.987392,13.407236,40.032585,45.29847,35.86846,59.874805,23.092722,0.0,6.0392137,13.400633,25.437616,33.34311,16.71959,2.8541224,29.461039,18.163698,8.138455,20.87739,14.4010515,25.834835,0.0,3.6861334,25.613663,34.585743,0.0,0.0,21.836538,25.810972,13.385977,0.0,9.193687,16.215094,39.287735,2.8140168,17.399641,22.888779,8.413407,10.104255,27.186882,28.020037,71.085,3.9882605,6.725191,8.106752,55.401962,10.20277,8.432419,13.273637,10.656738,23.58079,10.371806,0.54332197,7.6812825,12.702019,9.641286,20.776085,19.725466,6.411826,0.0,80.20434,0.0,26.459131,46.09313,17.381254,33.597435,45.36611,15.961349,35.407104,54.85864,5.5539484,5.5539484,0.0,0.0,30.348543,46.04559,29.967634,23.726278,7.9409084,9.090321,8.497698,54.604233,8.992357,1.5901822,7.582122,7.653427,38.801575,44.46463,47.94761,34.17522,5.0739665,11.040255,14.845796,16.485605,18.55937,2.403653,0.0,21.933002,11.557591,27.034536,58.88599,20.162134,16.32827,6.2558985,13.235104,35.35345,47.737232,28.76556,21.045673,11.988558,0.0,16.724192,81.68294,42.01182,27.940893,10.866657,23.028437,9.053501,11.059643,28.453117,10.128334,5.813377,18.183245,31.180664,23.529524,7.360585,13.349626,20.039421,15.729755,12.109274,37.090317,127.39226,12.82763,16.269547,92.32329,55.478153,50.308784,28.00986,0.0,16.06275,15.921958,30.157032,6.445215,14.369295,15.639955,17.58721,3.4969695,0.0,6.7195673,28.085354,9.58588,20.079206,20.607815,30.140442,17.12639,17.960651,14.390279,32.50711,35.503593,0.0,28.104317,36.15446,18.456749,12.869746,6.4568124,18.62973,33.663654,0.0,32.05535,33.73361,21.39261,25.128557,3.2878966,0.0,28.575155,25.087196,0.0,0.0,15.40681,13.614039,16.710855,3.9655468,7.996952,11.288796,10.109045,7.549586,34.84251,48.66933,0.0,19.705328,12.630111,6.5370207,23.335695,26.152075,40.05485,13.532811,35.63941,8.445731,43.70146,36.09845,35.261047,22.361256,46.25191,0.0,19.255346,31.422276,13.921833,36.047337,26.860806,16.170668,5.8946147,38.98502,29.754227,48.94173,135.11493,6.692674,20.766975,34.261482,30.132063,45.321438,8.242497,10.928373,15.188778,17.834953,10.265284,51.327892,34.971737,32.081406,14.893015,19.101551,0.0,0.0,0.0,30.912846,10.681571,12.988058,6.4442225,0.0,4.598453,30.30283,31.00834,15.310291,19.548681,15.573818,0.0,14.262598,8.026628,7.6740656,0.0,12.712951,8.062085,6.689181,22.862019,18.058321,9.562572,12.842246,19.815098,33.15546,3.7176342,31.841463,22.77938,7.696173,31.712803,25.655155,32.401188,9.025412,2.584851,41.76357,31.197147,26.641634,37.214035,45.861008,25.62031,39.065804,33.271225,33.246784,22.699354,7.419742,6.4317293,0.0,15.062666,7.854085,11.3716345,11.263106,23.856958,15.129205,31.29317,14.331173,6.34173,35.37888,0.0,32.06518,14.251164,51.920776,64.42369,17.7055,7.415743,12.309219,9.813716,16.206194,107.541725,6.6963196,5.5042357,24.815866,0.0,10.077251,67.4437,12.562053,16.675577,4.243991,31.326733,38.84607,35.722015,14.870055,57.84186,45.653988,40.348736,6.513247,0.0,0.0,0.0,38.547615,23.546635,21.766937,13.523519,15.59246,13.693593,15.380102,21.38218,47.47528,19.103691,0.0,7.15873,8.075249,26.45255,22.24039,31.290852,11.816092,42.864506,9.260378,0.0,19.412022,11.816092,27.912468,66.12964,10.27332
C16x17_C16x18,0.0,16.752668,33.505337,0.0,12.719963,7.8791966,7.724848,1.2450378,33.89488,20.580677,32.77052,21.377916,22.467388,18.762438,47.093575,2.623189,64.578064,0.0,0.0,9.401226,2.993976,34.29721,38.513783,24.663937,0.0,47.70005,17.135746,54.18799,42.719193,15.680624,0.0,16.392769,14.57883,0.0,0.0,0.0,0.0,15.789267,34.82502,28.600578,31.188574,7.4108768,15.111688,0.0,13.314339,22.153532,19.702137,0.0,6.331864,23.722862,5.7559695,15.940656,9.513149,10.91221,7.7239857,12.298867,16.63238,19.330055,12.901215,0.0,0.0,0.0,21.5855,14.14093,15.522643,0.0,26.886007,0.0,0.0,19.63165,13.0466,20.166956,20.392624,33.67481,13.923392,93.9729,8.617959,14.442108,9.597786,25.967937,13.740532,23.733158,43.251003,13.94028,37.75361,21.08403,17.264305,9.024481,10.726958,0.0,9.901258,14.844135,5.904602,0.0,8.307637,16.352282,6.982825,7.3125405,0.0,0.0,11.220424,26.139252,15.278974,19.038015,27.123936,17.2291,8.61455,42.39721,0.0,0.0,4.4656878,7.4531384,7.4531384,2.6183832,11.10764,0.0,0.0,9.642117,9.551323,25.625898,5.52327,4.5411215,8.3110485,2.9937673,19.064327,17.327118,0.0,9.00601,5.5150223,14.878563,0.0,5.1656713,6.8658967,0.0,0.0,9.034603,15.592089,15.489896,41.914955,5.957717,17.012575,10.861609,29.164043,0.0,6.258699,0.0,50.84746,110.7335,38.07993,18.081234,15.080136,41.506004,22.47439,44.085514,96.00761,31.701647,0.0,10.304528,15.655567,46.532482,59.01036,13.509531,6.38155,51.42844,51.65427,20.94867,23.022459,20.651588,6.6037045,5.332243,23.466234,14.309964,21.175434,0.0,0.0,15.700955,44.594967,3.8513224,0.0,4.9696,21.080795,20.305262,10.152631,21.664116,21.039219,21.277048,10.519609,48.860065,28.197178,124.2113,0.0,0.0,0.0,129.56259,7.342668,19.247,6.6765246,17.432264,29.332916,14.479606,12.515104,23.774143,25.002937,7.841749,11.230397,42.907948,9.309293,2.4865632,23.776869,0.0,31.50809,13.319814,18.403414,37.137882,23.425455,19.232117,18.277443,46.22301,8.934245,8.888526,4.20102,4.2226276,4.023968,17.36965,9.216022,10.249695,10.559412,10.302416,0.0,10.669249,32.17879,0.0,0.0,11.516445,22.953363,42.720276,26.521406,11.508044,3.4039,12.677682,19.0556,12.104099,0.0,6.2441587,26.48741,16.35531,22.713879,9.058426,78.59442,13.7862015,18.323782,2.5962844,16.885166,42.982697,23.713743,27.236198,33.18914,11.567556,13.592811,21.89982,63.127205,64.35375,20.336037,10.119409,16.87828,6.388429,15.7070465,12.182814,20.599035,7.8460374,11.167171,24.508017,26.460472,10.380716,12.956871,13.59916,10.30879,4.8549223,32.35453,146.996,2.1414368,15.889861,81.67377,64.27466,58.847065,53.968624,60.13489,20.767426,14.764927,32.403824,13.725099,24.437723,19.443226,9.156782,5.6732535,29.211761,10.386099,11.797892,11.264036,26.912258,16.15783,52.47975,14.646082,23.226833,18.297018,26.309511,26.308784,21.97321,33.694885,20.847383,26.719238,26.649025,12.658156,33.109184,28.371578,8.297673,17.109653,14.309964,48.5899,36.17451,7.887761,0.0,37.52953,25.241991,27.905731,10.537951,29.436266,5.514459,25.26147,24.727491,16.943779,8.228418,35.834335,18.428522,32.034454,58.987858,10.158713,32.769264,32.448746,25.913883,32.14533,41.92181,41.476974,18.585157,21.748915,41.682007,39.393272,35.992794,23.81014,45.527588,50.96665,2.982244,42.261936,54.06581,18.219645,44.131344,31.278776,41.869675,37.07187,43.268093,5.300069,31.414684,104.681656,7.356719,39.211258,40.969276,35.309074,41.469547,5.180968,12.742211,4.032598,17.56658,0.0,36.097202,24.231583,9.059683,18.297018,26.719238,0.0,0.0,0.0,26.308784,11.607873,0.0,0.0,5.3340063,38.866985,38.446358,28.837435,3.9407146,43.672325,21.711319,0.0,0.0,0.0,0.0,0.0,0.0,0.0,0.0,0.0,18.01412,0.0,25.994827,16.766615,30.873837,13.563147,16.824642,21.708761,9.727344,0.0,18.838379,26.675592,8.001035,0.0,25.979837,23.59266,28.689405,52.82832,36.623684,15.67358,38.164078,28.20842,30.466917,9.330961,8.074555,11.064595,5.229504,8.509435,11.81196,0.0,3.2153625,0.0,20.35938,22.791666,2.7943907,6.1862464,15.847174,6.040118,30.55495,26.792482,34.134182,48.070583,32.142883,12.835935,14.450428,22.218285,25.924393,104.68613,0.0,11.588988,5.3335414,0.0,11.737711,69.82888,6.8847556,23.69026,0.0,26.754873,33.900173,24.375689,33.841995,47.136707,7.7635007,44.05323,15.9276285,0.0,39.494762,16.75712,30.572706,23.337011,37.23858,23.557178,10.649683,13.067926,15.891465,27.137188,49.67639,27.492,0.0,1.7847061,38.299072,35.889412,7.2669044,14.583498,26.019749,22.587599,8.227073,0.0,32.171696,15.050845,13.61256,43.323795,14.238965
C16x17_C17x17,17.08214,12.378708,25.64652,0.0,11.928073,8.397123,7.4621334,7.6234407,25.195162,20.9349,28.39783,20.661583,0.0,0.0,9.227377,5.5535793,66.7941,0.0,0.0,10.375834,3.1907804,12.276831,14.708231,9.419041,0.0,18.977741,6.54406,20.694136,16.314257,17.678867,8.530198,17.492073,15.5371475,6.0627856,0.0,11.651816,0.0,10.432226,25.693111,33.92369,28.066425,20.290915,41.375668,0.0,26.316183,40.38825,19.610004,0.0,14.706184,59.077667,3.5758183,10.316789,10.138481,14.837557,11.273869,14.837557,0.0,0.0,16.261335,1.4135857,1.6194985,2.347906,15.945175,13.328601,13.2740135,0.0,17.929356,0.0,0.0,23.504593,20.266245,23.536486,23.799858,38.2921,13.663976,113.55328,16.34279,10.228682,13.921489,25.778677,0.0,17.206629,51.2007,10.405311,25.436245,23.650372,17.736189,24.94202,13.8501425,0.0,27.365274,39.94042,7.757247,0.0,10.914265,22.380856,7.7175508,7.7175508,8.472686,0.0,21.446154,25.286083,31.522411,37.947754,34.96885,15.695825,16.170109,77.475235,27.185966,15.776558,11.52231,6.139547,11.260886,10.19013,13.5076475,0.0,0.0,13.501714,18.739244,16.239378,9.633186,14.612182,21.540459,9.633186,49.31956,18.8036,0.0,25.947008,13.731634,16.595938,0.0,10.569927,7.317216,5.4874196,0.0,9.628479,25.190252,15.282409,40.738464,4.3490725,11.612425,15.484622,28.106619,0.0,9.53361,0.0,72.12185,125.11479,36.16535,16.843918,11.910448,38.15413,43.599354,28.635414,49.675846,41.27911,0.0,8.547237,25.549074,25.583912,26.094002,14.169701,7.0848503,55.87981,53.831867,7.3233423,21.537954,16.152018,14.394376,14.468414,22.346344,18.166706,22.143412,0.0,0.0,12.183609,27.80915,7.1019244,0.0,0.0,0.0,18.088427,8.368272,24.77888,23.223404,11.611702,11.611702,47.04971,28.873571,84.91415,0.0,0.0,0.0,57.987556,0.0,12.954668,7.153853,14.737847,27.03151,12.051592,0.9831005,0.0,0.0,8.1210165,8.338771,17.49634,5.643117,0.0,59.599808,0.0,42.518116,35.91743,19.20811,36.10951,24.964537,18.929783,15.612639,58.195568,1.4102783,13.320557,4.4771676,4.500196,4.288478,21.168104,9.821823,15.360437,11.45601,11.177191,0.0,35.308258,9.342274,0.0,0.0,11.997228,25.56323,47.492584,46.542545,12.099387,6.0496936,8.259898,19.867405,8.917517,17.738855,6.0463734,25.648413,19.499798,16.732937,12.848499,13.934543,26.416636,18.287374,7.37935,22.39343,28.08716,31.03829,20.72246,14.719797,14.86316,2.6032124,4.2880583,78.753105,32.414623,18.443327,15.45428,16.570538,14.676874,20.30478,27.736324,12.606513,24.265375,16.41248,36.050713,44.151035,13.637798,27.875795,28.855028,23.68357,11.153771,38.053917,152.62447,7.693073,15.8984,81.82188,85.60833,67.844185,33.990112,20.438887,19.533108,15.7887335,34.68063,17.5061,26.816393,22.783491,10.729879,2.7766688,11.6857195,15.837744,27.29683,21.064064,16.300915,17.059233,43.349865,18.945398,33.2618,16.382353,31.415417,19.672495,8.46517,44.432747,33.346016,12.889175,15.156188,18.12701,32.630714,42.944893,0.0,30.02469,28.56264,23.816977,17.53043,0.0,0.0,45.975353,34.14621,0.0,0.0,29.119211,12.130589,23.532804,6.5320826,9.308314,15.173386,21.930447,9.015003,16.0548,43.10622,13.8500595,18.754644,20.688423,16.365007,38.303627,44.913837,52.456337,20.746136,33.364403,21.142536,27.72849,45.27657,27.880999,23.24859,55.41837,3.1782775,21.510853,51.51443,19.147156,42.50034,33.036327,15.352628,11.626614,38.66022,44.69369,83.46298,144.7739,9.75662,21.96249,26.429008,24.765778,26.485554,5.521531,16.898962,15.49374,20.27364,0.0,24.011335,31.052727,25.254934,14.570737,11.463847,0.0,0.0,0.0,18.780104,11.496398,0.0,29.539629,5.538663,26.42083,34.89579,28.060747,12.174197,22.898186,30.16925,0.0,0.0,0.0,0.0,0.0,0.0,0.0,0.0,0.0,29.915287,0.0,9.748918,10.176759,26.106215,8.221724,19.533138,26.353882,10.422786,15.921784,22.746792,27.841993,6.6902943,0.0,47.66977,23.493084,16.275843,41.75206,44.363663,25.194824,38.96235,27.007872,34.751633,25.507051,8.14389,9.989522,4.4771676,12.183609,6.855849,8.917517,13.714302,16.60607,14.623536,19.109818,8.338771,0.0,23.047808,4.379109,32.859398,27.23953,51.8824,57.15622,33.548344,8.452778,17.994228,14.1867485,23.014364,110.89353,0.0,7.045396,16.494442,0.0,16.672005,91.10868,6.0496936,12.482268,0.0,36.41954,40.402885,11.072296,9.825141,42.573044,30.624565,53.764915,13.298505,0.0,24.353739,14.151173,26.514181,26.884783,19.382126,26.746296,16.672005,7.8599634,16.028708,24.816133,72.98974,26.264149,0.0,7.444622,0.0,32.944298,10.767089,14.798809,28.964432,27.844788,8.008955,4.6435027,22.531122,7.3280435,16.679863,52.826595,12.479421
C16x18_C16x19,0.0,39.50322,79.00644,3.8310666,17.126745,10.6290865,16.573357,11.513411,10.218479,20.81164,33.62639,12.496661,22.223032,24.180578,26.631512,12.010532,33.486065,12.295353,3.408481,27.354652,10.820606,54.597046,35.258312,19.483189,0.0,65.895325,49.86278,0.0,68.73442,24.693493,17.744696,28.613407,21.651672,0.0,0.0,0.0,20.234196,24.874073,32.504482,31.089573,33.904934,0.0,0.0,0.0,0.0,0.0,0.0,0.0,0.0,0.0,0.0,14.330945,10.844181,9.873692,5.021545,13.68302,4.577997,1.4151727,34.772377,0.0,0.0,0.0,32.008533,29.232985,11.422381,0.0,40.296833,13.997631,13.997631,22.955246,14.824305,17.081415,13.34865,23.120543,17.081415,128.60054,0.0,14.655018,0.0,0.0,0.0,0.0,61.957767,0.0,70.260765,38.835674,0.0,8.469208,12.255217,0.0,10.908185,18.893532,0.0,0.0,18.851837,15.142424,11.458224,0.0,0.0,8.58969,0.0,0.0,22.745869,25.745146,34.44195,21.588522,12.151005,57.770596,0.0,0.0,7.765335,10.167401,10.796608,0.0,16.216946,0.0,6.1486406,15.536729,16.60872,52.76764,12.967506,0.0,23.860262,9.002242,44.923893,20.930231,0.0,12.235598,15.925736,28.189919,0.0,0.0,0.0,0.0,0.0,26.0034,50.703785,9.035346,60.701294,11.561955,8.011267,10.427387,23.995256,15.890186,10.860383,14.635238,36.68335,72.346344,21.780622,12.349609,16.169739,44.18275,22.508348,47.76518,113.4074,0.0,0.0,17.082018,17.774769,15.024812,55.979984,32.01681,16.008406,93.75339,69.08645,29.527534,39.64203,0.0,8.512223,0.0,0.0,7.735305,10.068198,0.0,0.0,23.289198,26.248251,0.0,0.0,8.443934,12.296714,31.768553,15.884276,8.598906,22.006939,22.25571,11.003469,42.33143,27.292679,129.20473,1.3778465,3.0538518,3.9650345,204.1673,6.9029813,25.45117,13.7607,7.122816,7.5636106,41.764687,27.464552,13.910496,17.03681,23.582544,7.4068418,44.02769,28.149332,14.074666,0.0,0.0,12.083835,0.0,0.0,21.841627,28.42885,3.1388214,20.914757,37.60671,0.0,0.0,0.0,0.0,0.0,20.911415,0.0,11.742222,8.4956875,0.0,0.0,10.55321,11.360938,0.0,0.0,10.544038,35.614372,0.0,26.041563,30.147558,15.073779,30.296394,0.0,0.0,0.0,12.600147,18.349314,29.562662,26.94236,16.901045,0.0,23.728386,0.0,0.0,16.594898,29.168066,37.964874,24.34881,55.3274,0.0,19.98783,27.41217,59.973694,51.36657,23.996973,8.631793,15.417562,20.698288,0.0,17.184116,23.525063,12.676628,17.860413,30.91257,20.414492,9.120562,0.0,2.4984512,17.234383,0.0,22.628906,136.32872,8.757909,29.166443,52.914314,45.854126,62.422146,71.8792,47.285748,0.0,31.27993,54.138905,15.973346,0.0,30.183529,0.0,0.0,37.970432,0.0,21.363047,13.737131,36.090027,12.4572315,62.842056,0.0,0.0,23.610506,24.82914,38.106735,33.58039,43.18207,27.28805,33.535305,37.357353,24.401396,45.359158,28.24908,20.694756,0.0,10.6354,31.228106,38.265347,26.9886,0.0,37.53795,44.60652,27.46431,16.925568,6.3399124,9.049851,14.392442,24.445786,11.1563225,0.0,30.553366,9.03324,39.841,50.17184,34.364357,37.73251,39.057514,37.20028,29.082903,23.887877,41.983196,18.185223,27.142157,33.893185,30.080973,27.639544,13.305458,39.06804,37.56967,0.0,45.824944,29.011076,12.948644,10.9810505,13.097568,44.740643,42.341347,17.464985,6.362833,40.910557,86.46789,11.7343645,62.73974,39.04823,5.484199,41.006134,10.093002,22.621447,0.0,0.0,0.0,37.294224,31.462833,8.668922,19.887663,28.247545,0.0,0.0,0.0,43.664185,38.261406,2.3865004,9.437864,3.2559273,20.340681,25.475483,17.073774,14.582919,31.935055,15.024132,0.0,0.0,0.0,0.0,0.0,0.0,0.0,0.0,0.0,36.828423,28.903894,32.303123,16.659067,20.978792,15.554878,12.160689,17.554802,7.603946,1.7344632,11.557164,15.709335,8.889994,0.0,9.914992,28.631771,41.55755,52.333492,27.794437,13.636414,35.35347,4.326775,30.898851,34.558617,0.0,0.0,0.0,0.0,0.0,0.0,0.0,0.0,0.0,0.0,0.0,0.0,22.03019,32.846615,30.939259,43.659927,35.821472,41.480774,11.108178,0.0,0.0,31.346527,32.952576,98.48653,0.0,8.825034,4.3791203,10.152077,20.294687,92.93756,30.488352,28.750214,0.0,27.69731,47.039062,0.0,13.914252,71.339035,13.009979,42.706875,3.414244,30.147997,39.80002,21.469969,37.794144,14.003052,35.254616,17.588228,0.0,22.594648,0.0,0.0,59.80567,39.317753,0.0,7.593833,38.758358,31.33841,22.438158,19.643194,25.646866,22.762177,17.039558,11.218561,33.470802,0.0,8.549312,48.287773,16.265162
C16x18_C17x18,0.0,26.69847,53.39694,0.0,38.495277,22.107994,34.47179,13.091899,14.920118,33.646152,38.655643,19.031431,40.715755,23.722427,14.332336,2.560522,83.437126,0.0,0.0,23.127403,4.3161306,35.826946,31.18403,0.0,0.0,31.18403,44.10088,0.0,54.01232,19.95739,19.59355,10.062518,14.230549,0.0,0.0,5.6917095,30.53188,28.146126,27.819778,29.9543,40.514744,14.575993,13.7769785,0.0,10.020227,16.120218,13.090916,0.0,5.235897,16.361998,0.0,10.618471,14.534755,17.362967,8.830427,24.399282,16.95474,16.745783,38.139957,16.454733,6.714125,27.359415,23.454586,28.871225,2.5948293,0.0,35.359886,15.053794,15.053794,6.9343867,6.0357404,15.120527,8.2612915,14.308977,15.120527,75.81361,12.411328,11.08132,11.08132,16.731585,0.0,8.178753,50.91318,0.0,50.421925,35.55413,14.220378,0.0,17.403036,0.0,13.291538,23.021622,0.0,0.0,16.22157,20.060772,11.781523,4.7121863,0.0,0.0,15.741476,29.350945,18.445707,21.985865,26.410303,0.0,7.2036834,49.38324,0.0,0.0,9.607692,12.5796585,13.358148,3.3126538,19.22288,0.0,0.0,19.22288,17.974346,36.426216,10.420222,0.0,26.1725,10.420222,48.115185,18.6118,0.0,13.797694,0.0,23.989006,0.0,0.0,0.0,0.0,0.0,5.8445563,43.55888,3.4646335,43.697388,10.8775425,8.9309225,22.329308,19.835331,0.0,15.895933,18.445639,65.86468,88.93323,39.04911,12.968153,16.979616,45.451893,21.408897,56.31197,66.10448,26.68383,0.0,6.9462643,14.108887,36.912216,55.70183,33.507782,16.753891,54.965843,40.779423,19.163652,42.551563,17.0191,10.069233,8.776747,19.612125,8.134955,13.916022,0.0,0.0,17.045954,24.757166,0.0,0.0,12.789856,14.299495,38.687866,19.343933,12.540816,29.811192,30.673515,14.905596,44.372364,17.880615,86.952034,0.0,0.0,0.0,109.72067,3.7262528,13.312812,4.2309294,14.33389,15.220941,18.948626,5.5383754,0.0,0.0,16.910408,6.1807528,39.167908,23.95857,11.979285,0.0,0.0,22.111095,0.0,0.0,18.97176,47.433647,0.0,32.163326,37.486404,0.0,22.875677,0.0,0.0,0.0,33.639233,9.814114,26.378809,11.439261,0.0,0.0,17.62736,5.226258,0.0,0.0,14.803059,37.383446,0.0,28.286434,29.169971,14.584986,32.62752,16.226337,0.0,4.425901,10.147551,25.302174,42.092335,20.670246,13.75097,0.0,13.773427,15.457942,0.0,8.749496,21.957066,54.89758,14.078914,15.893374,0.0,12.368256,19.779217,47.94212,50.68327,20.626286,10.277623,15.399491,13.340942,16.175547,10.187546,21.213451,9.92383,11.500258,25.140566,28.298618,8.968651,10.930416,12.973699,10.062518,0.0,33.540653,138.31686,0.44715282,19.332773,81.0887,82.99731,79.66416,70.959755,51.794147,19.543835,28.134441,37.74308,21.980043,13.206493,12.157869,0.0,1.3563542,36.88938,16.465384,12.451597,10.629714,27.150204,16.470991,53.609436,13.183275,20.06842,17.82974,26.819426,26.413609,22.39908,27.38348,21.457355,26.279472,27.165522,9.246389,33.824863,30.276752,16.683369,9.61235,11.184886,29.995756,31.234,13.394171,0.0,46.08368,24.494183,4.2484097,14.818737,18.753012,9.607692,16.718124,15.782695,3.9124465,9.74085,16.5095,0.0,21.619484,38.81845,29.840565,21.201488,21.213451,16.941269,39.66992,28.486431,29.44694,32.51844,23.468885,28.298618,38.204346,25.356413,13.087254,35.097546,33.540653,0.0,36.47536,45.315815,7.327262,35.7779,25.163383,33.79475,30.110987,18.912704,13.969807,32.749084,91.994675,6.186828,39.525948,41.82446,41.842342,55.086403,10.013013,10.715901,0.0,0.0,0.0,45.850246,23.31152,19.299932,22.62199,33.34283,0.0,0.0,0.0,33.513016,25.826601,0.0,9.320793,2.9989617,12.968393,15.88268,9.696261,15.65839,14.033946,19.166914,0.0,0.0,0.0,0.0,0.0,0.0,0.0,0.0,0.0,18.142786,0.0,28.69097,32.479107,61.12534,26.676508,33.19307,43.07674,14.53815,12.973699,35.81204,52.81468,9.85129,0.0,24.014732,23.716824,35.725773,67.23553,35.61971,18.152811,49.014645,28.09761,40.89404,12.671241,6.03461,9.149451,0.0,6.81777,9.767456,0.0,6.182623,5.5659103,16.835424,18.97176,2.4720795,5.115484,24.064285,5.08099,34.5297,34.040516,41.77261,63.21957,7.100369,10.924161,11.841385,22.021738,26.574411,74.213295,20.3171,8.318073,6.575394,0.0,10.700172,77.024185,24.819166,40.35875,0.0,19.744442,37.898262,11.666943,6.4008327,47.519756,17.842272,38.62786,13.798234,35.738758,54.04595,23.706968,10.856763,18.85481,33.863365,37.537254,10.595532,10.700172,0.0,26.488894,40.042393,29.024508,0.0,3.2257478,30.167295,42.412895,16.26382,29.618137,40.02029,37.037365,15.357311,14.7322645,41.859463,0.0,9.315232,46.947376,13.282487
C16x19_C16x20,0.0,54.989464,109.97893,58.923157,51.885727,0.0,29.166563,0.0,0.0,0.0,27.744497,0.0,98.3863,51.226406,0.0,0.0,19.846859,38.744778,33.262115,31.404354,0.0,0.0,0.0,0.0,0.0,45.83212,0.0,0.0,99.85694,0.0,110.94161,37.57,0.0,0.0,0.0,0.0,19.44189,96.325195,18.734911,18.734911,40.81877,11.112043,0.0,0.0,0.0,0.0,0.0,0.0,0.0,0.0,0.0,0.77030647,0.0,0.0,0.0,38.642117,7.2532134,0.0,71.57951,16.599274,25.993235,16.599274,0.0,0.0,0.0,0.0,13.405852,0.0,0.0,0.0,0.0,0.0,0.0,68.26683,0.0,105.002365,0.0,27.064583,0.0,0.0,0.0,24.442472,145.07513,0.0,76.1455,0.0,0.0,0.0,0.0,0.0,0.0,0.0,0.0,0.0,39.97592,13.537711,0.0,0.0,0.0,0.0,0.0,17.397388,44.718983,28.114515,39.994804,0.0,0.0,141.94508,0.0,0.0,0.0,0.0,0.0,25.115572,28.41311,0.0,34.53703,22.055342,32.56395,28.670843,0.0,0.0,69.10348,0.0,45.656868,0.0,0.0,0.0,0.0,0.0,0.0,59.32253,0.0,0.0,0.0,0.0,22.397638,0.0,100.874596,0.0,0.0,0.0,0.0,39.20675,0.0,0.0,62.35153,47.829025,22.806896,0.0,0.0,48.80327,15.446956,90.96889,75.775734,53.814404,29.508413,0.0,41.574993,37.905163,24.20623,0.0,0.0,121.50825,66.25094,59.71061,0.0,0.0,0.0,0.0,0.0,0.0,0.0,0.0,0.0,0.0,26.939274,0.0,0.0,0.0,0.0,0.0,0.0,0.0,0.0,86.77983,0.0,0.0,0.0,70.39204,0.0,0.0,28.027098,205.60632,0.0,0.0,0.0,0.0,0.0,59.587055,0.0,0.0,0.0,0.0,0.0,21.454664,0.0,0.0,0.0,0.0,28.043827,0.0,0.0,0.0,0.0,0.0,0.0,43.813957,0.0,0.0,0.0,0.0,0.0,0.0,0.0,0.0,0.0,0.0,0.0,16.625088,0.0,0.0,65.155945,0.0,0.0,0.0,66.14822,0.0,0.0,0.0,36.385895,0.0,40.289253,0.0,0.0,0.0,39.453568,0.0,0.0,40.953457,0.0,0.0,0.0,0.0,0.0,0.0,0.0,0.0,39.909447,64.4176,28.058704,21.454664,0.0,0.0,0.0,0.0,0.0,0.0,0.0,0.0,0.0,0.0,0.0,0.0,0.0,0.0,0.0,0.0,0.0,109.91405,1.3440522,43.577065,71.114784,18.13772,25.774593,28.735668,83.15655,41.815205,39.772144,45.2143,19.145214,15.932456,53.132008,23.078726,0.0,0.0,0.0,16.749731,14.7911005,30.984451,0.0,31.706722,25.72871,17.283438,22.139078,35.16623,6.1898327,21.49336,33.281754,28.114515,21.454664,25.814056,32.408245,20.273348,15.446956,31.00997,0.0,0.0,0.0,0.0,25.581226,0.0,44.535637,83.90354,0.0,0.0,0.0,0.0,0.0,0.0,0.0,0.0,0.0,0.0,6.1898327,33.719772,15.8375225,30.984451,25.814056,35.26206,7.505056,26.05105,21.56216,0.0,29.86752,27.262857,8.692826,32.085403,22.666952,36.09354,10.462395,0.0,30.984451,26.05105,0.0,0.0,0.0,0.0,0.0,0.0,0.0,46.665222,112.16618,36.05355,83.10211,41.91913,29.235182,23.590128,0.0,0.0,0.0,0.0,0.0,38.1713,90.09104,0.0,48.235615,46.74445,0.0,0.0,0.0,62.18778,39.12459,8.467795,0.0,0.0,69.2282,56.998055,56.334602,51.743206,91.37473,53.308716,0.0,0.0,0.0,0.0,0.0,0.0,0.0,0.0,0.0,59.587055,21.243435,24.20623,54.05274,65.50504,43.21463,41.18994,56.701607,24.299397,0.0,36.366375,55.851868,0.0,0.0,0.0,10.462395,13.486125,73.46711,32.958656,0.0,59.399075,23.471712,100.178986,101.73364,0.0,0.0,0.0,0.0,0.0,0.0,0.0,0.0,0.0,0.0,0.0,0.0,34.73824,40.58704,59.354935,81.26685,69.142265,80.21301,0.0,0.0,0.0,87.27262,90.477745,67.96741,0.0,0.0,6.668523,64.75071,0.0,158.93661,113.87944,117.66989,0.0,81.27696,112.06177,0.0,0.0,71.61994,8.145935,0.0,0.0,0.0,17.385653,15.246187,56.98927,27.833422,49.534332,0.0,0.0,0.0,0.0,0.0,177.5479,0.0,0.0,0.0,50.293148,68.981125,0.0,0.0,0.0,0.0,0.0,0.0,12.293511,0.0,0.0,161.42798,0.0
C16x19_C17x19,0.0,32.035046,64.07009,19.709095,14.349926,0.0,8.066534,29.881931,0.0,21.585304,44.820698,0.0,67.615036,38.289368,0.0,1.2115732,26.256521,20.60016,17.685091,16.959484,23.42446,43.082012,43.082012,0.0,0.0,43.082012,60.927162,0.0,74.62023,25.567966,68.299675,18.707293,26.456106,0.0,0.0,0.0,15.4047985,35.357983,25.92645,25.92645,56.48737,8.601399,0.0,0.0,0.0,15.343409,7.7260695,0.0,0.0,8.638008,0.0,16.476908,13.250467,0.0,0.0,35.82888,17.91667,0.0,17.66968,19.017044,29.779282,19.017044,25.257631,35.719685,0.0,0.0,43.7475,0.0,0.0,18.113768,18.113768,20.730331,0.0,13.595315,41.386482,125.67466,0.0,20.573847,0.0,0.0,0.0,18.580582,39.604492,0.0,83.481766,45.73133,0.0,0.0,0.0,0.0,0.0,0.0,0.0,0.0,19.422203,13.203862,7.5232544,0.0,0.0,9.6901455,0.0,7.3981853,18.31751,16.680073,23.589184,24.892372,12.446186,82.62419,0.0,0.0,0.0,0.0,0.0,0.0,21.071743,0.0,32.996788,21.071743,0.0,40.245197,9.980041,0.0,61.914093,0.0,35.582397,23.401361,0.0,0.0,16.811695,31.527624,0.0,0.0,0.0,0.0,0.0,25.105831,38.248093,0.0,84.39028,28.204473,0.0,15.054936,0.0,21.675468,11.736179,5.104451,46.232845,65.08366,40.916267,0.0,0.0,53.512547,20.601612,52.06387,74.29252,0.0,0.0,0.0,20.39907,21.152903,29.79034,40.037724,39.966087,95.7842,46.498985,63.06438,46.66549,0.0,0.0,0.0,0.0,0.0,12.302297,0.0,0.0,27.705894,27.728466,0.0,0.0,7.210499,8.061583,39.423943,39.35341,0.0,23.950216,33.153484,23.907366,45.81598,0.0,86.14721,0.0,3.7314913,3.0467498,130.70766,0.0,0.0,16.895077,0.0,0.0,25.535538,0.0,0.0,0.0,19.423618,9.327165,23.069107,33.09993,33.04071,0.0,0.0,15.8219,0.0,0.0,0.0,38.83313,3.835315,26.821508,42.35959,0.0,13.500896,0.0,0.0,0.0,26.468918,0.0,17.588654,0.0,0.0,0.0,29.880898,0.0,0.0,0.0,19.792467,42.532444,0.0,49.8449,37.582214,37.514973,33.411884,5.6845794,0.0,6.2944026,0.0,0.0,31.998617,35.032394,20.651329,0.0,0.0,0.0,0.0,0.0,0.0,48.88835,0.0,0.0,0.0,42.597466,59.027576,56.77519,48.936962,39.520336,13.933796,24.887661,26.400541,14.197139,26.176075,37.975124,17.678675,24.671452,48.089703,36.344463,7.9112296,0.0,4.033103,27.82045,0.0,40.83576,147.12831,32.450054,30.81122,104.37303,43.591812,61.09767,63.764957,65.62045,6.750448,29.301514,36.412766,18.673082,0.0,13.228053,0.0,0.0,24.680218,9.016592,19.451992,9.390006,25.122938,10.464564,43.736153,4.0196047,13.138455,15.41252,18.048075,26.57464,22.855097,29.317116,17.601566,23.069107,25.535595,16.679558,28.457651,20.601612,15.300391,0.0,0.0,0.0,0.0,12.93645,0.0,29.92559,31.779068,0.0,0.0,11.652117,0.0,13.161341,23.12246,0.0,0.0,34.012222,10.055867,26.57464,34.569286,26.883715,25.122938,25.535595,24.446863,21.732758,19.367027,27.876936,11.946624,16.228458,24.439089,21.697247,22.328337,13.862542,28.743814,27.459167,0.0,35.5292,26.136297,0.0,20.18206,15.232221,41.68908,40.049274,0.0,0.0,40.252457,89.260254,0.0,68.36287,49.387917,18.303577,47.696392,0.0,18.347654,0.0,0.0,0.0,43.266415,62.13398,17.53501,33.223515,32.624645,0.0,0.0,0.0,54.006195,43.358932,0.0,31.321562,3.9784064,23.399288,35.847218,0.0,38.516247,12.524825,52.716225,0.0,0.0,0.0,0.0,0.0,0.0,0.0,0.0,0.0,0.0,6.902694,13.50824,41.840115,54.427185,36.85001,26.66367,43.890503,18.809216,4.26984,29.86027,43.232754,9.726793,0.0,11.652117,19.416565,46.028625,59.87575,41.173813,0.0,42.329742,16.635075,67.10973,37.517914,0.0,0.0,0.0,0.0,0.0,0.0,0.0,0.0,0.0,0.0,0.0,0.0,18.388313,10.235483,36.989964,48.648483,37.374283,49.886047,36.574333,0.0,0.0,18.791107,19.481218,71.184875,0.0,11.077663,11.985587,44.65726,0.0,116.39381,52.023804,53.755398,0.0,41.022533,59.1933,0.0,0.0,62.585896,13.257107,46.35675,0.0,39.70428,11.866962,35.83857,0.0,13.299719,28.743814,24.190056,0.0,18.347654,0.0,0.0,87.92049,31.0985,25.942167,0.0,41.580154,25.101276,23.461536,25.52383,34.562088,30.684542,36.74063,28.934828,21.697247,0.0,0.0,111.33363,0.0
C16x20_C16x21,0.0,0.0,0.0,0.0,43.278023,0.0,0.0,0.0,0.0,0.0,33.489708,0.0,117.442986,32.27602,0.0,0.0,11.315186,0.0,44.37658,62.32932,0.0,0.0,0.0,0.0,0.0,0.0,0.0,0.0,27.79684,0.0,0.0,0.0,0.0,0.0,0.0,0.0,0.0,46.34775,0.0,41.35612,20.074146,20.41527,0.0,0.0,0.0,0.0,0.0,0.0,0.0,0.0,0.0,0.0,0.0,0.0,0.0,0.0,10.139356,0.0,0.0,0.0,34.678818,33.67246,0.0,0.0,0.0,0.0,18.693245,0.0,0.0,0.0,0.0,0.0,0.0,77.2858,0.0,103.84002,0.0,0.0,0.0,0.0,0.0,50.658062,211.14343,0.0,0.0,0.0,0.0,0.0,0.0,0.0,0.0,37.54904,0.0,0.0,0.0,0.0,0.0,0.0,0.0,114.47469,0.0,80.64064,43.85019,82.40414,80.655,0.0,0.0,58.736187,0.0,0.0,0.0,0.0,0.0,52.02301,85.47393,0.0,0.0,0.0,0.0,0.0,0.0,0.0,117.75824,0.0,0.0,0.0,0.0,0.0,0.0,0.0,0.0,60.992157,0.0,0.0,0.0,0.0,0.0,0.0,58.697746,0.0,0.0,0.0,0.0,0.0,0.0,0.0,32.526188,35.85308,30.53421,0.0,0.0,45.275303,0.0,1.1091183,64.962364,35.61904,0.0,0.0,66.18666,64.461655,62.591015,0.0,0.0,133.07712,73.28816,59.659763,0.0,0.0,0.0,0.0,0.0,0.0,0.0,0.0,0.0,0.0,0.0,0.0,0.0,0.0,15.7168,0.0,0.0,0.0,0.0,94.28598,0.0,0.0,0.0,63.26798,0.0,0.0,0.0,240.63641,0.0,0.0,0.0,0.0,0.0,0.0,0.0,0.0,0.0,0.0,0.0,52.53534,0.0,0.0,0.0,39.66958,117.059006,0.0,0.0,0.0,0.0,0.0,0.0,0.0,0.0,0.0,0.0,0.0,0.0,55.58304,0.0,0.0,0.0,0.0,0.0,19.39822,0.0,0.0,40.219166,0.0,0.0,0.0,0.0,0.0,0.0,0.0,73.8106,0.0,53.751823,0.0,54.667095,0.0,22.822048,0.0,0.0,42.465824,0.0,0.0,0.0,0.0,0.0,0.0,39.040714,0.0,72.63251,60.357357,64.32003,51.192883,43.464405,23.582203,44.868362,30.105377,62.50576,83.06551,84.242,38.13174,83.09104,95.545555,87.36149,14.491844,33.285713,31.82927,83.981705,0.0,63.052338,74.75321,93.16066,87.09706,90.28504,0.0,0.0,0.0,66.837036,51.05747,67.87243,78.04583,11.837579,27.189241,68.59997,0.0,0.0,63.345493,0.0,38.24764,30.004486,66.16732,14.714826,87.952354,52.19198,35.060318,22.860132,63.131306,29.842093,53.65163,73.42598,57.031696,52.53534,57.83946,55.517094,50.709637,31.334923,42.32075,0.0,0.0,0.0,0.0,0.0,0.0,0.0,76.05421,0.0,0.0,0.0,0.0,0.0,0.0,0.0,0.0,0.0,0.0,0.0,0.0,0.0,0.0,0.0,0.0,0.0,0.0,0.0,0.0,0.0,0.0,0.0,0.0,0.0,0.0,0.0,0.0,0.0,0.0,0.0,15.138266,24.843782,45.810486,96.98577,0.0,0.0,73.7742,176.21848,109.37313,50.52106,31.12631,12.598551,22.13715,0.0,0.0,0.0,0.0,0.0,31.265305,34.602345,0.0,83.383896,49.801384,0.0,0.0,0.0,20.524523,60.475834,140.81409,0.0,105.8225,112.30801,46.609554,59.092346,71.45745,96.84347,49.503864,0.0,0.0,0.0,0.0,0.0,0.0,0.0,0.0,0.0,0.0,0.0,0.0,17.839622,40.77079,54.052742,44.752724,0.0,62.56217,13.806532,0.0,55.863876,0.0,0.0,0.0,0.0,16.278774,37.203613,61.865105,37.85332,19.825916,12.598551,27.093763,87.56626,0.0,0.0,0.0,0.0,0.0,0.0,0.0,0.0,0.0,0.0,0.0,0.0,0.0,77.52034,36.154293,0.0,73.46891,107.22886,0.0,0.0,0.0,28.803553,0.0,48.606567,0.0,0.0,0.0,0.0,0.0,150.32527,37.584892,117.69519,0.0,0.0,0.0,0.0,0.0,32.61531,10.556434,0.0,0.0,0.0,0.0,0.0,56.40927,34.85467,106.18834,0.0,0.0,0.0,0.0,0.0,87.51546,0.0,0.0,0.0,0.0,157.85513,0.0,0.0,0.0,0.0,0.0,0.0,0.0,0.0,0.0,59.93302,0.0
C16x20_C17x20,0.0,0.0,0.0,0.0,49.79635,0.0,0.0,0.0,0.0,0.0,32.066963,0.0,137.66365,65.84172,0.0,0.0,43.880314,0.0,0.0,78.74816,0.0,0.0,0.0,0.0,0.0,0.0,0.0,0.0,22.00512,0.0,136.51245,0.0,0.0,0.0,0.0,0.0,0.0,142.6344,0.0,30.30108,61.777832,0.0,0.0,0.0,0.0,0.0,0.0,0.0,0.0,0.0,0.0,0.0,0.0,0.0,0.0,41.4137,18.08199,0.0,88.63344,0.0,0.0,0.0,0.0,0.0,0.0,0.0,9.540175,0.0,0.0,0.0,0.0,0.0,0.0,87.68088,0.0,117.389015,0.0,20.504843,0.0,0.0,0.0,50.714348,185.34503,0.0,81.69097,0.0,0.0,0.0,0.0,0.0,0.0,0.0,0.0,0.0,49.18994,0.0,0.0,0.0,0.0,82.70797,0.0,81.78188,45.233826,33.13673,82.21945,0.0,0.0,97.11702,0.0,0.0,0.0,0.0,0.0,58.065685,62.451866,0.0,0.0,0.0,38.61859,0.0,0.0,0.0,117.973175,0.0,0.0,0.0,0.0,0.0,0.0,0.0,0.0,45.577682,0.0,0.0,0.0,0.0,0.0,0.0,120.735725,0.0,0.0,0.0,0.0,0.0,0.0,0.0,70.01734,32.952152,0.0,0.0,0.0,66.06876,0.0,59.194622,59.70711,26.105047,0.0,0.0,56.120987,0.0,59.22708,0.0,0.0,160.8597,75.802536,160.43727,0.0,0.0,0.0,0.0,0.0,0.0,0.0,0.0,0.0,0.0,0.0,0.0,0.0,0.0,9.052623,0.0,0.0,0.0,0.0,96.4999,0.0,39.438156,0.0,60.27378,0.0,0.0,0.0,162.41035,0.0,0.0,0.0,0.0,0.0,0.0,0.0,0.0,0.0,0.0,0.0,53.55436,0.0,0.0,0.0,20.425179,48.692448,0.0,0.0,0.0,0.0,0.0,0.0,0.0,0.0,0.0,0.0,0.0,0.0,42.13673,0.0,0.0,0.0,0.0,0.0,66.437096,0.0,0.0,44.57887,0.0,0.0,0.0,0.0,0.0,0.0,0.0,74.568794,0.0,0.0,0.0,43.990265,0.0,106.63414,0.0,0.0,26.9448,0.0,0.0,0.0,0.0,0.0,0.0,39.797985,0.0,107.948364,104.05496,0.0,0.0,0.0,0.0,0.0,0.0,0.0,0.0,0.0,0.0,0.0,0.0,0.0,0.0,0.0,0.0,0.0,0.0,0.0,122.623505,115.947876,51.48689,111.14427,0.0,0.0,0.0,125.17501,61.14321,58.1558,65.74868,27.994598,23.296825,77.69091,33.746273,0.0,0.0,0.0,47.003983,36.873657,74.63308,18.083612,109.7306,63.56658,12.2828865,58.236107,79.095345,38.067894,64.66363,90.23599,70.088425,64.56268,64.83806,80.79254,52.59396,0.0,77.2136,0.0,0.0,0.0,0.0,0.0,0.0,0.0,95.43997,0.0,0.0,0.0,0.0,0.0,0.0,0.0,0.0,0.0,0.0,0.0,0.0,0.0,0.0,0.0,0.0,0.0,0.0,0.0,0.0,0.0,0.0,0.0,0.0,0.0,0.0,0.0,0.0,0.0,0.0,0.0,0.0,0.0,0.0,0.0,0.0,0.0,85.38762,110.33245,41.01078,65.51453,50.979454,26.444014,18.205727,0.0,0.0,0.0,0.0,0.0,59.02928,79.50888,12.669372,65.5552,53.977394,0.0,0.0,0.0,44.863503,113.87182,42.692375,92.72499,0.0,79.11127,76.33829,0.0,61.227505,30.797909,84.76331,0.0,0.0,0.0,0.0,0.0,0.0,0.0,0.0,0.0,0.0,0.0,0.0,44.863503,112.66274,80.78058,0.0,59.015835,0.0,12.726688,77.28726,64.23595,0.0,0.0,0.0,0.0,32.473133,0.0,40.007988,0.0,39.41009,26.444014,106.19686,48.51746,0.0,0.0,0.0,0.0,0.0,0.0,0.0,0.0,0.0,0.0,0.0,0.0,39.05491,24.737663,66.44989,80.78787,52.81865,77.27776,0.0,0.0,0.0,57.45774,0.0,46.903587,0.0,0.0,0.0,0.0,0.0,236.83606,74.97489,103.69943,0.0,0.0,0.0,0.0,0.0,74.9431,36.154804,0.0,0.0,0.0,0.0,0.0,0.0,70.65237,64.33515,0.0,0.0,0.0,0.0,0.0,109.59731,0.0,0.0,0.0,0.0,142.85765,0.0,0.0,0.0,0.0,0.0,0.0,0.0,0.0,0.0,137.71342,0.0
C16x21_C16x22,0.0,0.0,0.0,0.0,53.589336,0.0,0.0,0.0,0.0,0.0,0.0,0.0,139.13535,33.196068,0.0,0.0,0.0,43.51389,61.070984,39.911373,0.0,66.85205,0.0,0.0,0.0,0.0,0.0,0.0,63.21811,0.0,0.0,0.0,0.0,0.0,0.0,0.0,0.0,0.0,0.0,58.05797,0.0,0.0,19.1601,0.0,0.0,0.0,0.0,0.0,0.0,49.25368,0.0,0.0,0.0,0.0,0.0,0.0,1.6510988,0.0,0.0,0.0,54.61632,34.629894,20.331276,0.0,0.0,0.0,19.226109,0.0,0.0,72.11825,0.0,0.0,0.0,0.0,0.0,56.79711,0.0,0.0,0.0,0.0,0.0,42.97356,161.35945,0.0,0.0,0.0,0.0,0.0,0.0,0.0,0.0,52.61855,0.0,0.0,0.0,0.0,0.0,0.0,0.0,57.445312,0.0,0.0,33.80477,60.26471,58.98551,0.0,0.0,79.03037,0.0,0.0,0.0,0.0,0.0,63.970505,0.0,0.0,0.0,0.0,68.16773,0.0,0.0,0.0,69.448784,0.0,61.80169,0.0,0.0,0.0,0.0,0.0,0.0,155.97708,0.0,0.0,0.0,0.0,35.585938,0.0,58.92492,0.0,0.0,0.0,0.0,0.0,0.0,99.04888,24.928751,23.461483,30.52289,0.0,0.0,45.25852,0.0,42.831425,40.310436,38.866272,0.0,0.0,73.48975,56.69479,35.947765,0.0,0.0,138.26468,0.0,78.38813,0.0,0.0,0.0,0.0,0.0,0.0,0.0,0.0,0.0,0.0,0.0,0.0,0.0,0.0,63.644634,0.0,0.0,0.0,0.0,0.0,0.0,0.0,0.0,35.491512,0.0,88.867676,0.0,146.30153,0.0,0.0,0.0,0.0,0.0,0.0,0.0,0.0,0.0,0.0,0.0,68.99606,0.0,0.0,0.0,61.865177,127.94155,0.0,0.0,0.0,0.0,0.0,0.0,0.0,0.0,0.0,0.0,0.0,0.0,68.76474,0.0,0.0,0.0,0.0,0.0,22.979216,0.0,0.0,57.833828,0.0,0.0,0.0,0.0,0.0,0.0,0.0,53.36807,0.0,23.641087,0.0,217.94528,0.0,40.920387,0.0,0.0,43.605297,0.0,0.0,0.0,0.0,0.0,0.0,0.0,0.0,83.68434,70.65543,0.0,67.23299,35.14177,4.37329,155.98972,79.37151,147.87741,92.689255,64.5753,96.300865,77.24142,143.68097,42.799156,73.15938,97.25803,28.547285,173.43916,110.37567,54.416443,55.67902,28.44029,38.78987,102.33578,29.515059,68.09598,24.907148,36.405434,31.7655,50.117733,135.74477,56.164085,14.473443,37.84357,105.605804,0.0,37.071526,19.12124,0.0,58.414345,63.696682,21.712818,46.16467,37.736927,29.741894,79.63538,0.0,56.115868,76.08998,0.0,41.709057,68.99606,47.723614,46.482464,0.0,31.323305,107.26525,0.0,24.03092,58.0315,62.529297,0.0,0.0,0.0,73.438225,0.0,0.0,0.0,0.0,0.0,0.0,0.0,0.0,0.0,0.0,0.0,0.0,0.0,0.0,0.0,0.0,0.0,0.0,0.0,0.0,0.0,0.0,0.0,0.0,0.0,0.0,0.0,0.0,0.0,0.0,0.0,0.0,46.004173,76.005295,109.17252,0.0,0.0,91.786995,96.38922,59.168587,40.9656,30.12613,12.799074,21.425816,0.0,0.0,0.0,0.0,0.0,0.0,0.0,0.0,0.0,0.0,0.0,0.0,0.0,27.378666,95.40064,65.74675,7.4302735,70.354515,57.024902,32.43177,46.56802,43.21928,75.13239,58.71313,0.0,0.0,0.0,0.0,0.0,0.0,0.0,0.0,0.0,0.0,0.0,0.0,0.0,0.0,0.0,0.0,0.0,0.0,0.0,0.0,0.0,0.0,0.0,0.0,0.0,16.742811,53.710007,63.62861,0.0,20.391068,13.600961,42.031483,84.60855,0.0,0.0,0.0,0.0,0.0,0.0,0.0,0.0,0.0,0.0,0.0,0.0,19.27474,109.94113,0.0,47.367355,30.852749,65.785385,0.0,0.0,0.0,58.101692,0.0,61.913364,0.0,0.0,0.0,0.0,0.0,176.06369,0.0,0.0,0.0,0.0,0.0,0.0,0.0,0.0,0.0,0.0,0.0,0.0,0.0,0.0,0.0,88.768295,53.107353,25.636303,0.0,129.12688,0.0,0.0,130.34435,46.034515,0.0,0.0,0.0,0.0,0.0,0.0,0.0,0.0,0.0,0.0,0.0,0.0,0.0,101.13273,0.0
C16x21_C17x21,0.0,0.0,0.0,0.0,61.490543,0.0,0.0,0.0,0.0,0.0,0.0,0.0,113.250206,0.0,0.0,0.0,11.880283,0.0,35.098434,79.81649,0.0,0.0,0.0,0.0,0.0,0.0,0.0,0.0,0.0,0.0,0.0,0.0,0.0,0.0,0.0,0.0,0.0,0.0,0.0,30.482204,0.0,21.43484,0.0,0.0,0.0,0.0,0.0,0.0,0.0,0.0,0.0,0.0,0.0,0.0,0.0,0.0,23.535215,0.0,0.0,0.0,68.22213,0.0,0.0,0.0,0.0,0.0,0.0,0.0,0.0,0.0,0.0,0.0,0.0,86.21055,0.0,99.863785,0.0,0.0,0.0,0.0,0.0,56.942963,189.34314,0.0,0.0,0.0,0.0,0.0,0.0,0.0,0.0,70.51544,0.0,0.0,0.0,0.0,0.0,0.0,0.0,84.52456,0.0,11.487898,76.236725,75.20182,84.68304,0.0,0.0,53.6025,0.0,0.0,0.0,0.0,0.0,105.623344,67.096115,0.0,0.0,0.0,0.0,0.0,0.0,0.0,100.29418,0.0,63.315807,0.0,0.0,0.0,0.0,0.0,0.0,117.35209,0.0,0.0,0.0,0.0,36.45778,0.0,76.029945,0.0,0.0,0.0,0.0,0.0,0.0,0.0,57.340527,53.965557,42.05956,0.0,0.0,62.364777,0.0,3.4911373,3.285655,0.0,0.0,0.0,109.39011,64.93899,51.3364,0.0,0.0,149.1755,66.88236,68.09694,0.0,0.0,0.0,0.0,0.0,0.0,0.0,0.0,0.0,0.0,0.0,0.0,0.0,0.0,107.22263,0.0,0.0,0.0,0.0,0.0,0.0,0.0,0.0,40.75089,0.0,93.245155,0.0,164.87672,0.0,0.0,0.0,0.0,0.0,0.0,0.0,0.0,0.0,0.0,0.0,65.22089,0.0,0.0,0.0,58.668125,105.37549,0.0,0.0,0.0,0.0,0.0,0.0,0.0,0.0,0.0,0.0,0.0,0.0,55.428272,0.0,0.0,0.0,0.0,0.0,22.210518,0.0,0.0,36.153008,0.0,0.0,0.0,0.0,0.0,0.0,0.0,0.0,0.0,35.9015,0.0,77.11954,0.0,36.701984,0.0,0.0,81.33818,0.0,0.0,0.0,0.0,0.0,0.0,0.0,0.0,79.025185,53.991035,0.0,88.21295,30.70203,0.0,54.00971,43.23731,0.0,75.80539,83.91551,79.86247,51.133385,140.00421,45.60124,21.015799,23.100597,35.875042,61.595818,38.13081,50.556873,93.60792,90.585594,32.320934,97.13852,27.744278,69.54331,25.517365,76.244095,130.78079,68.311264,168.33301,88.243,85.626,153.38725,123.538414,0.0,76.244095,21.496374,51.699196,54.684174,57.060093,0.0,74.166214,0.0,0.0,98.80978,107.30809,24.719006,104.290726,64.1099,59.879944,54.608868,45.42279,91.97812,0.0,47.264706,132.32193,0.0,0.0,0.0,0.0,0.0,0.0,0.0,71.874825,0.0,0.0,0.0,0.0,0.0,0.0,0.0,0.0,0.0,0.0,0.0,0.0,0.0,0.0,0.0,0.0,0.0,0.0,0.0,0.0,0.0,0.0,0.0,0.0,0.0,0.0,0.0,0.0,0.0,0.0,0.0,30.722345,56.082928,52.60001,53.982002,0.0,0.0,85.18136,209.877,53.047226,57.272976,30.86421,13.112647,21.95074,0.0,0.0,0.0,0.0,0.0,0.0,0.0,0.0,0.0,0.0,0.0,0.0,0.0,18.730562,65.266426,41.30046,50.437737,22.736927,47.21971,44.689938,43.84998,0.0,51.948303,47.01871,0.0,0.0,0.0,0.0,0.0,0.0,0.0,0.0,0.0,0.0,0.0,0.0,18.730562,61.127087,39.188915,46.987743,0.0,37.329536,15.215702,24.6573,58.653805,0.0,0.0,0.0,58.990154,0.0,0.0,0.0,0.0,0.0,0.0,0.0,0.0,0.0,0.0,0.0,0.0,0.0,0.0,0.0,0.0,0.0,0.0,0.0,0.0,0.0,84.953995,36.501842,64.7816,0.0,67.6332,0.0,0.0,0.0,21.825577,0.0,63.65242,0.0,0.0,0.0,0.0,0.0,259.69864,0.0,0.0,0.0,81.77784,79.18172,0.0,0.0,0.0,0.0,0.0,0.0,0.0,0.0,0.0,0.0,78.68174,105.26906,31.151844,0.0,0.0,0.0,0.0,81.311554,0.0,0.0,0.0,0.0,151.75656,0.0,0.0,0.0,0.0,0.0,0.0,0.0,0.0,0.0,95.88108,0.0
C16x22_C16x23,0.0,0.0,0.0,0.0,66.90926,0.0,0.0,0.0,0.0,114.88834,0.0,0.0,149.87779,61.711872,0.0,0.0,100.7064,53.39744,81.96577,0.0,0.0,80.818504,0.0,0.0,0.0,0.0,0.0,0.0,46.04559,0.0,0.0,0.0,0.0,0.0,0.0,0.0,0.0,0.0,0.0,0.0,75.86096,0.0,37.676155,0.0,0.0,0.0,0.0,0.0,0.0,96.85174,0.0,0.0,0.0,0.0,0.0,0.0,0.0,11.659037,0.0,33.973934,77.29858,49.01175,20.103138,0.0,0.0,0.0,9.558184,0.0,0.0,77.52452,0.0,0.0,0.0,0.0,0.0,24.40954,44.006523,46.742004,0.0,0.0,32.58915,0.0,120.87817,0.0,0.0,0.0,0.0,0.0,0.0,0.0,0.0,83.40721,0.0,0.0,0.0,0.0,0.0,0.0,0.0,0.0,0.0,0.0,0.0,63.169388,40.12839,0.0,0.0,101.799194,41.41413,0.0,0.0,0.0,0.0,0.0,56.71529,0.0,0.0,0.0,56.71529,0.0,0.0,0.0,80.29353,0.0,14.67337,0.0,0.0,0.0,0.0,0.0,0.0,255.84799,0.0,0.0,0.0,0.0,47.709488,0.0,174.99548,0.0,0.0,0.0,0.0,0.0,0.0,109.61858,0.0,0.0,53.65132,0.0,0.0,63.313118,0.0,0.0,0.0,38.877014,0.0,0.0,142.74873,70.28374,44.56394,0.0,0.0,99.87352,0.0,66.30436,0.0,0.0,0.0,0.0,37.517807,0.0,0.0,12.608754,0.0,0.0,0.0,0.0,0.0,0.0,205.9195,0.0,0.0,0.0,0.0,0.0,0.0,115.35144,0.0,0.0,0.0,56.30819,0.0,228.06561,0.0,0.0,0.0,0.0,0.0,0.0,0.0,0.0,0.0,0.0,0.0,60.106762,0.0,0.0,0.0,99.36792,96.05152,0.0,0.0,0.0,0.0,0.0,0.0,0.0,0.0,0.0,0.0,0.0,0.0,74.01453,0.0,0.0,0.0,0.0,0.0,98.973816,0.0,0.0,64.770706,0.0,0.0,0.0,0.0,0.0,0.0,0.0,40.065826,0.0,26.050514,0.0,86.43326,0.0,19.201555,0.0,0.0,34.173134,0.0,0.0,0.0,0.0,0.0,0.0,0.0,0.0,105.938736,55.805588,0.0,0.0,197.1745,12.519036,204.03723,106.4121,0.0,119.39322,101.522125,0.0,125.774704,155.22319,59.149395,62.143158,0.0,133.85435,94.698494,81.56441,108.24406,97.53953,0.0,0.0,76.68765,39.863846,51.029278,69.07805,140.50113,0.0,0.0,0.0,0.0,0.0,0.0,0.0,0.0,116.51992,40.97808,0.0,0.0,0.0,0.0,0.0,0.0,0.0,0.0,0.0,0.0,0.0,0.0,0.0,0.0,0.0,0.0,0.0,0.0,0.0,66.6498,61.598694,56.497887,46.61033,0.0,0.0,98.75834,68.03386,0.0,0.0,0.0,0.0,0.0,0.0,0.0,0.0,0.0,0.0,0.0,0.0,0.0,0.0,0.0,0.0,0.0,0.0,0.0,0.0,0.0,0.0,0.0,0.0,0.0,0.0,0.0,80.32906,0.0,0.0,0.0,37.403214,139.25862,106.36474,81.11587,0.0,0.0,92.4575,102.5161,56.77059,89.24013,53.65132,60.013126,47.52275,0.0,0.0,0.0,0.0,0.0,0.0,0.0,0.0,0.0,0.0,0.0,0.0,0.0,93.94107,86.68431,0.0,0.0,0.0,0.0,0.0,0.0,0.0,0.0,0.0,0.0,0.0,0.0,0.0,0.0,0.0,0.0,0.0,0.0,0.0,0.0,0.0,0.0,0.0,0.0,0.0,0.0,0.0,0.0,0.0,0.0,0.0,0.0,0.0,0.0,93.94107,58.611034,0.0,66.6498,28.180916,63.773064,23.973045,92.20536,0.0,0.0,0.0,0.0,0.0,0.0,0.0,0.0,0.0,0.0,0.0,0.0,46.81527,104.046104,0.0,0.0,0.0,0.0,0.0,0.0,0.0,0.0,0.0,0.0,0.0,0.0,0.0,0.0,0.0,119.127914,0.0,0.0,0.0,54.09239,68.59648,0.0,0.0,19.709265,39.640354,0.0,61.88874,0.0,0.0,0.0,0.0,104.19913,62.741436,18.55425,0.0,125.220894,0.0,0.0,53.672554,120.59106,0.0,0.0,0.0,52.41304,0.0,0.0,0.0,0.0,0.0,0.0,0.0,0.0,0.0,64.739525,0.0
C16x22_C17x22,74.472694,0.0,0.0,0.0,112.964386,0.0,0.0,0.0,0.0,103.72685,0.0,0.0,110.38116,38.743935,0.0,0.0,74.25689,72.63563,101.942825,45.172913,0.0,43.324684,0.0,0.0,0.0,0.0,0.0,0.0,40.96964,0.0,0.0,0.0,0.0,0.0,0.0,0.0,0.0,55.485977,0.0,53.946148,49.830803,0.0,0.0,0.0,0.0,0.0,0.0,0.0,0.0,0.0,0.0,0.0,0.0,0.0,0.0,0.0,11.072321,0.0,0.0,30.322191,90.21246,51.0155,46.084206,0.0,0.0,0.0,43.57916,0.0,0.0,45.50693,0.0,0.0,0.0,0.0,0.0,0.0,0.0,38.082294,0.0,0.0,0.0,33.905697,163.0187,0.0,118.56193,0.0,0.0,0.0,0.0,0.0,0.0,81.96787,0.0,0.0,0.0,0.0,0.0,0.0,0.0,0.0,0.0,0.0,40.215466,55.067467,51.36486,0.0,0.0,88.74273,0.0,0.0,0.0,0.0,0.0,68.44396,0.0,0.0,0.0,0.0,61.632942,0.0,0.0,0.0,68.623886,0.0,54.305218,0.0,0.0,0.0,0.0,0.0,0.0,145.64467,0.0,0.0,0.0,0.0,47.10859,0.0,101.63207,0.0,0.0,0.0,0.0,0.0,0.0,110.423,0.0,0.0,60.347565,32.317547,0.0,32.64618,0.0,0.0,0.0,31.133448,0.0,0.0,66.549164,47.073803,45.668877,0.0,0.0,98.74174,0.0,61.74712,0.0,0.0,0.0,0.0,0.0,0.0,0.0,0.0,0.0,0.0,0.0,0.0,0.0,0.0,216.32195,0.0,0.0,0.0,0.0,21.288511,0.0,54.03974,0.0,0.0,0.0,94.67052,0.0,146.71707,0.0,0.0,0.0,0.0,0.0,0.0,0.0,0.0,0.0,0.0,0.0,104.48506,0.0,0.0,0.0,63.739647,122.343315,0.0,0.0,0.0,0.0,0.0,0.0,0.0,0.0,0.0,0.0,0.0,0.0,77.00782,0.0,0.0,0.0,0.0,0.0,80.516655,0.0,0.0,76.039925,0.0,0.0,0.0,0.0,0.0,0.0,0.0,49.025562,0.0,55.024323,0.0,133.31483,0.0,0.0,0.0,0.0,19.317074,0.0,0.0,0.0,0.0,0.0,0.0,0.0,0.0,86.48421,68.53242,0.0,0.0,102.60339,11.106006,65.56541,89.857635,0.0,104.08019,159.71451,121.16231,115.275734,141.94551,0.0,55.129025,36.510212,40.657883,32.204502,70.58359,40.498894,74.67332,0.0,0.0,130.18918,0.0,77.48926,51.255184,73.133316,70.5776,43.999588,140.9618,66.92156,0.0,72.614876,112.66248,0.0,43.800415,67.720535,0.0,56.28758,61.55873,11.032027,49.434425,34.66631,25.833527,81.735756,50.023457,57.5131,70.3222,0.0,36.32044,60.37954,30.541891,42.4941,0.0,31.740192,104.77972,50.746506,46.163597,60.538273,53.585133,0.0,0.0,0.0,53.225773,0.0,0.0,0.0,0.0,0.0,0.0,0.0,0.0,0.0,0.0,0.0,0.0,0.0,0.0,0.0,0.0,0.0,0.0,0.0,0.0,0.0,0.0,0.0,0.0,0.0,0.0,0.0,0.0,0.0,0.0,0.0,12.882232,73.41387,79.184456,73.934105,0.0,0.0,105.291306,128.24503,51.91829,123.816696,50.544098,54.26734,65.9357,0.0,0.0,0.0,0.0,0.0,0.0,0.0,0.0,0.0,0.0,0.0,0.0,0.0,79.937454,84.186935,0.0,0.0,0.0,0.0,0.0,0.0,0.0,0.0,0.0,0.0,0.0,0.0,0.0,0.0,0.0,0.0,0.0,0.0,0.0,0.0,27.144308,0.0,0.0,0.0,0.0,0.0,0.0,0.0,0.0,0.0,0.0,0.0,0.0,0.0,48.88397,48.886208,21.999548,50.746506,0.0,19.370888,0.0,41.903996,0.0,0.0,0.0,0.0,0.0,0.0,0.0,0.0,0.0,0.0,0.0,0.0,41.5312,76.99924,0.0,0.0,0.0,0.0,0.0,0.0,0.0,0.0,0.0,0.0,0.0,0.0,0.0,0.0,0.0,169.1749,59.154747,72.00026,0.0,0.0,0.0,0.0,0.0,0.0,0.0,0.0,0.0,0.0,0.0,0.0,0.0,54.93133,67.228325,79.08877,0.0,114.51801,0.0,0.0,51.451324,18.431467,0.0,0.0,0.0,70.74385,0.0,0.0,0.0,0.0,0.0,0.0,0.0,0.0,0.0,30.95485,0.0
C16x23_C16x24,75.388,0.0,0.0,37.465996,56.4446,0.0,0.0,0.0,0.0,26.818687,0.0,43.46624,57.032887,0.0,0.0,0.0,141.91881,121.20109,90.721924,0.0,0.0,92.86235,0.0,0.0,0.0,0.0,0.0,0.0,0.0,0.0,0.0,0.0,0.0,0.0,0.0,0.0,0.0,62.147156,0.0,0.0,0.0,32.7996,0.0,0.0,0.0,0.0,0.0,14.93743,0.0,28.666412,0.0,0.0,0.0,0.0,0.0,0.0,0.0,79.68087,0.0,62.22921,68.9495,35.831947,32.979523,0.0,0.0,0.0,0.0,0.0,72.37006,5.0135636,0.0,0.0,0.0,20.814272,0.0,39.024242,115.92909,48.741703,0.0,0.0,0.0,0.0,124.91089,0.0,81.41303,0.0,0.0,0.0,0.0,0.0,0.0,108.06522,0.0,0.0,0.0,0.0,0.0,0.0,0.0,71.77247,0.0,0.0,0.0,0.0,65.12636,0.0,0.0,62.74249,92.488266,0.0,0.0,0.0,0.0,0.0,36.681263,0.0,20.306683,0.0,36.681263,0.0,0.0,0.0,34.037174,0.0,17.694836,0.0,0.0,0.0,0.0,0.0,0.0,125.3572,0.0,0.0,0.0,0.0,57.533577,0.0,245.83168,0.0,0.0,0.0,0.0,17.451986,0.0,22.947826,0.0,53.906994,56.869495,35.966232,0.0,50.787846,0.0,0.0,93.41271,0.0,0.0,0.0,35.604572,44.991005,38.00014,0.0,0.0,111.65358,0.0,88.88504,0.0,0.0,0.0,32.97909,22.475258,0.0,0.0,83.490166,0.0,0.0,0.0,0.0,0.0,0.0,149.61642,0.0,0.0,0.0,0.0,28.691439,0.0,46.398754,0.0,73.33549,0.0,54.407486,49.009575,142.18823,0.0,0.0,0.0,0.0,0.0,0.0,0.0,0.0,0.0,0.0,0.0,54.9898,0.0,0.0,0.0,0.0,82.37569,0.0,0.0,0.0,0.0,0.0,0.0,0.0,0.0,0.0,0.0,0.0,0.0,69.82569,0.0,0.0,0.0,0.0,0.0,39.81105,0.0,0.0,49.77644,0.0,0.0,0.0,0.0,0.0,0.0,0.0,21.609915,0.0,15.635957,0.0,132.1089,0.0,0.0,0.0,0.0,82.46078,0.0,0.0,0.0,0.0,0.0,0.0,0.0,0.0,122.217964,58.27209,0.0,0.0,168.24301,60.929512,174.42543,90.96858,64.31013,94.915115,118.446175,81.667336,106.45392,182.04507,50.565083,75.77834,48.837143,90.067986,80.95496,107.38979,106.451935,139.9893,0.0,0.0,0.0,0.0,0.0,0.0,131.53143,0.0,0.0,0.0,0.0,0.0,0.0,0.0,49.477604,138.5368,0.0,0.0,0.0,0.0,0.0,0.0,0.0,0.0,0.0,0.0,0.0,0.0,0.0,0.0,0.0,0.0,0.0,0.0,0.0,0.0,0.0,0.0,0.0,0.0,0.0,0.0,46.182774,35.58098,0.0,0.0,0.0,0.0,0.0,0.0,0.0,0.0,0.0,0.0,0.0,0.0,0.0,0.0,0.0,0.0,0.0,0.0,0.0,0.0,0.0,0.0,0.0,0.0,0.0,0.0,0.0,145.11023,0.0,0.0,0.0,48.460873,173.4956,136.07549,105.09648,0.0,0.0,85.47162,118.32325,0.0,46.521664,35.966232,55.810986,24.762,0.0,0.0,0.0,0.0,0.0,0.0,0.0,0.0,0.0,0.0,0.0,0.0,0.0,130.32048,120.31925,49.009575,0.0,66.5981,51.93065,45.74905,0.0,18.631458,29.181934,41.873913,0.0,0.0,0.0,0.0,0.0,0.0,0.0,0.0,0.0,0.0,0.0,40.605873,81.62879,51.992085,52.457706,31.127459,32.09373,32.13776,43.699535,21.535946,51.648766,0.0,0.0,0.0,0.0,0.0,0.0,0.0,0.0,0.0,0.0,0.0,0.0,0.0,0.0,0.0,0.0,0.0,0.0,0.0,0.0,0.0,0.0,0.0,0.0,36.74216,0.0,0.0,0.0,0.0,0.0,0.0,0.0,0.0,0.0,0.0,68.76541,0.0,0.0,56.301327,16.56938,38.601948,163.14267,75.24056,47.606754,0.0,36.36078,122.19561,0.0,0.0,30.02105,72.13122,37.403496,56.880238,0.0,0.0,0.0,0.0,0.0,0.0,36.908813,0.0,35.58098,0.0,0.0,35.5725,62.865177,0.0,0.0,0.0,36.92405,0.0,0.0,0.0,0.0,0.0,0.0,0.0,0.0,0.0,16.56938,0.0
C16x23_C17x23,0.0,0.0,0.0,0.0,90.52909,0.0,0.0,0.0,0.0,74.4604,30.905554,0.0,151.81761,0.0,0.0,0.0,252.72205,102.832535,81.96347,0.0,0.0,67.16779,0.0,0.0,0.0,0.0,0.0,0.0,0.0,0.0,0.0,0.0,0.0,0.0,0.0,0.0,0.0,0.0,0.0,0.0,0.0,0.0,0.0,0.0,0.0,0.0,0.0,69.42644,0.0,133.23624,0.0,0.0,0.0,0.0,0.0,78.64411,0.0,43.628536,0.0,76.34623,84.59105,46.491467,0.0,0.0,0.0,0.0,0.0,0.0,0.0,104.949936,0.0,0.0,0.0,0.0,0.0,65.97297,85.10246,44.00617,0.0,0.0,30.68169,0.0,79.14984,0.0,0.0,0.0,0.0,0.0,0.0,0.0,0.0,158.10605,0.0,0.0,0.0,0.0,0.0,0.0,0.0,0.0,0.0,46.398865,122.75985,0.0,42.86187,0.0,0.0,69.86329,98.80161,0.0,0.0,0.0,0.0,0.0,48.685616,0.0,0.0,0.0,48.685616,0.0,0.0,0.0,106.70658,0.0,17.256552,0.0,0.0,0.0,0.0,0.0,0.0,185.45508,0.0,0.0,0.0,0.0,57.68748,0.0,169.8769,0.0,0.0,0.0,0.0,0.0,0.0,0.0,0.0,0.0,100.61855,82.590385,0.0,70.395134,0.0,0.0,0.0,75.641716,0.0,0.0,0.0,71.61173,53.884068,0.0,0.0,182.09819,0.0,110.44258,0.0,0.0,0.0,40.608955,0.0,0.0,0.0,112.260735,0.0,0.0,0.0,0.0,0.0,0.0,191.75241,0.0,0.0,0.0,0.0,0.0,0.0,0.0,0.0,0.0,0.0,87.56134,0.0,162.64456,0.0,0.0,0.0,0.0,0.0,0.0,0.0,0.0,0.0,0.0,0.0,68.6009,0.0,0.0,0.0,0.0,112.39464,0.0,0.0,0.0,0.0,0.0,0.0,0.0,0.0,0.0,0.0,0.0,0.0,73.018196,0.0,0.0,0.0,0.0,0.0,112.90387,0.0,0.0,44.45118,0.0,0.0,0.0,0.0,0.0,0.0,0.0,41.99768,0.0,46.533115,0.0,121.73116,0.0,21.769312,0.0,0.0,116.92932,0.0,0.0,0.0,0.0,0.0,0.0,0.0,0.0,152.05229,44.526054,0.0,0.0,163.4616,75.7934,91.26082,58.28793,26.997778,67.161896,133.42726,118.90822,73.907486,124.0229,0.0,77.85389,69.25104,0.0,25.777573,109.835205,55.19923,152.54243,0.0,0.0,0.0,42.73721,63.666965,70.4839,87.59816,0.0,0.0,0.0,0.0,0.0,0.0,0.0,0.0,99.17257,18.039146,0.0,0.0,0.0,0.0,0.0,0.0,0.0,0.0,0.0,0.0,0.0,0.0,0.0,0.0,0.0,0.0,0.0,0.0,0.0,0.0,0.0,0.0,0.0,0.0,0.0,103.75897,82.26251,0.0,0.0,0.0,0.0,0.0,0.0,0.0,0.0,0.0,0.0,0.0,0.0,0.0,0.0,0.0,0.0,0.0,0.0,0.0,0.0,0.0,0.0,0.0,0.0,0.0,0.0,0.0,141.78508,0.0,0.0,0.0,43.14342,72.72193,79.82912,139.39934,0.0,0.0,80.98766,169.54103,0.0,131.82143,98.116516,134.41455,0.0,0.0,0.0,0.0,0.0,0.0,76.26279,37.547134,44.11264,76.141495,76.8975,0.0,0.0,0.0,242.01587,172.33585,0.0,0.0,0.0,0.0,0.0,0.0,0.0,0.0,0.0,0.0,0.0,0.0,0.0,0.0,0.0,0.0,0.0,0.0,0.0,0.0,36.060226,0.0,0.0,0.0,0.0,0.0,0.0,0.0,0.0,0.0,0.0,0.0,0.0,0.0,0.0,0.0,0.0,0.0,0.0,0.0,0.0,0.0,0.0,0.0,0.0,0.0,0.0,0.0,0.0,0.0,0.0,0.0,0.0,0.0,75.82419,120.28079,0.0,0.0,0.0,0.0,0.0,0.0,0.0,0.0,0.0,0.0,0.0,0.0,0.0,0.0,0.0,169.64561,0.0,0.0,0.0,28.933998,107.184525,0.0,0.0,64.17168,35.94697,0.0,95.603546,0.0,0.0,0.0,0.0,0.0,0.0,59.216038,0.0,0.0,0.0,0.0,36.834682,0.0,0.0,0.0,0.0,28.035715,0.0,0.0,0.0,0.0,0.0,0.0,0.0,0.0,0.0,66.992226,0.0
C16x24_C16x25,111.69539,0.0,0.0,18.059807,70.966995,0.0,0.0,40.209953,0.0,0.0,0.0,19.383823,48.27729,0.0,0.0,0.0,192.0578,89.82452,74.883675,0.0,36.443607,45.56787,0.0,0.0,0.0,0.0,0.0,0.0,0.0,0.0,0.0,0.0,0.0,0.0,0.0,0.0,0.0,19.37998,0.0,0.0,0.0,19.072351,0.0,0.0,12.1020155,0.0,0.0,0.0,0.0,0.0,0.0,0.0,0.0,37.946697,0.0,0.0,0.0,58.60569,39.23071,0.0,62.83695,56.602726,30.304941,0.0,0.0,0.0,0.0,0.0,73.46352,32.968784,0.0,0.0,0.0,29.254213,0.0,54.84811,60.644455,25.698511,0.0,0.0,48.448578,0.0,118.81126,0.0,75.38953,0.0,0.0,0.0,0.0,0.0,0.0,146.53494,0.0,0.0,0.0,0.0,0.0,0.0,0.0,57.83411,0.0,0.0,57.669846,0.0,83.83043,0.0,0.0,87.10158,48.180187,0.0,0.0,0.0,29.312271,0.0,0.0,0.0,34.37888,0.0,0.0,0.0,0.0,0.0,49.527756,0.0,60.60388,0.0,0.0,42.040306,0.0,0.0,0.0,114.21135,0.0,0.0,0.0,0.0,26.397064,0.0,181.4466,54.93763,30.392233,0.0,21.057076,28.565172,0.0,72.90717,0.0,70.37198,0.0,0.0,0.0,38.75488,0.0,0.0,84.467575,28.62333,0.0,0.0,0.0,58.76488,52.934658,0.0,44.424385,113.79661,0.0,55.831318,0.0,0.0,0.0,9.30445,0.0,65.76475,0.0,0.0,73.38883,0.0,0.0,0.0,38.81162,0.0,0.0,0.0,0.0,0.0,0.0,54.749294,22.127323,24.482487,24.91471,184.20052,0.0,71.72374,64.60784,119.999054,31.22917,33.093204,0.0,0.0,17.679571,0.0,0.0,0.0,0.0,0.0,0.0,37.803146,0.0,35.262108,0.0,0.0,141.36555,0.0,0.0,45.323307,0.0,0.0,0.0,0.0,0.0,0.0,0.0,0.0,0.0,118.235016,0.0,0.0,0.0,0.0,0.0,39.008812,0.0,0.0,84.28585,37.353725,0.0,0.0,0.0,0.0,42.059925,0.0,0.0,0.0,38.361507,0.0,0.0,0.0,35.350822,0.0,0.0,55.473396,0.0,0.0,0.0,15.677244,0.0,0.0,0.0,0.0,90.08366,56.60397,61.85899,59.1803,114.681274,59.314804,129.02956,47.286545,117.02574,53.193077,114.9167,59.453968,100.1439,138.608,71.44236,64.373184,49.969734,66.08672,60.6194,102.88014,88.08804,84.38973,65.08793,63.0387,0.0,0.0,0.0,0.0,121.13569,25.080753,33.16076,56.926006,8.160478,26.964659,45.77321,41.676403,50.685955,93.362404,0.0,0.0,0.0,0.0,0.0,0.0,0.0,0.0,0.0,0.0,0.0,0.0,0.0,0.0,0.0,0.0,0.0,0.0,0.0,0.0,0.0,0.0,0.0,0.0,0.0,0.0,40.476856,39.663063,0.0,0.0,0.0,0.0,0.0,0.0,0.0,0.0,0.0,0.0,0.0,0.0,0.0,0.0,0.0,0.0,0.0,0.0,0.0,0.0,0.0,0.0,0.0,0.0,0.0,0.0,0.0,63.124763,0.0,0.0,0.0,80.41038,94.8686,124.76349,40.395527,0.0,0.0,45.52922,82.23455,0.0,0.0,0.0,0.0,0.0,0.0,0.0,0.0,0.0,0.0,0.0,0.0,0.0,0.0,0.0,0.0,0.0,0.0,104.7158,65.16601,64.60784,12.006697,28.971003,0.0,0.0,0.0,23.936281,54.57228,20.547169,0.0,0.0,0.0,0.0,0.0,0.0,0.0,0.0,0.0,0.0,0.0,0.0,62.07266,24.706787,52.04034,32.65583,0.0,69.72642,73.64543,40.443314,71.42795,0.0,0.0,0.0,0.0,0.0,0.0,0.0,0.0,0.0,0.0,0.0,0.0,0.0,0.0,0.0,0.0,0.0,0.0,0.0,0.0,0.0,0.0,0.0,0.0,0.0,0.0,0.0,0.0,0.0,0.0,0.0,0.0,0.0,47.255383,0.0,101.304054,0.0,0.0,55.166794,26.354967,52.099712,254.46967,51.287025,39.39417,0.0,0.0,82.484795,0.0,0.0,99.227715,70.67769,55.328358,11.982592,0.0,0.0,0.0,0.0,0.0,0.0,15.646494,0.0,0.0,0.0,0.0,0.0,56.63846,0.0,0.0,0.0,0.0,0.0,0.0,0.0,0.0,73.50946,27.89479,0.0,0.0,62.61332,44.1591,0.0
C16x24_C17x24,79.53289,0.0,0.0,23.151611,58.910248,0.0,0.0,20.383696,0.0,34.966156,0.0,39.28329,54.34006,0.0,0.0,0.0,222.2748,77.48853,139.704,0.0,14.220603,14.31846,0.0,0.0,0.0,0.0,0.0,0.0,0.0,0.0,0.0,0.0,0.0,0.0,0.0,0.0,0.0,39.8221,0.0,0.0,0.0,11.5437975,15.945914,0.0,0.0,0.0,0.0,0.0,0.0,0.0,0.0,0.0,0.0,0.0,0.0,0.0,0.0,64.342354,0.0,0.0,113.03665,52.926277,0.0,0.0,0.0,0.0,0.0,0.0,51.005814,56.061535,0.0,0.0,0.0,37.866405,0.0,57.211624,82.474304,39.919106,0.0,0.0,68.439095,0.0,76.17211,0.0,49.64661,0.0,0.0,0.0,0.0,0.0,0.0,162.2532,0.0,0.0,0.0,0.0,0.0,0.0,0.0,27.64902,0.0,0.0,0.0,0.0,41.55955,0.0,0.0,67.81227,95.90104,0.0,0.0,0.0,0.0,0.0,0.0,0.0,51.073914,33.34826,0.0,0.0,0.0,0.0,48.21317,0.0,58.995308,0.0,0.0,0.0,0.0,0.0,0.0,149.862,0.0,0.0,0.0,0.0,47.961147,0.0,183.39499,61.798073,0.0,0.0,0.0,27.108477,0.0,59.39946,0.0,86.80682,0.0,41.25594,0.0,64.22586,0.0,0.0,64.40145,62.62272,0.0,0.0,0.0,73.28451,55.91549,0.0,0.0,108.84009,0.0,64.10193,0.0,0.0,0.0,0.0,3.297127,0.0,0.0,0.0,0.0,0.0,0.0,0.0,43.03227,0.0,0.0,0.0,28.290411,0.0,0.0,68.69836,4.957362,47.960136,0.0,138.85124,0.0,82.8956,61.704926,113.883125,0.0,0.0,0.0,0.0,0.0,0.0,0.0,0.0,0.0,0.0,0.0,42.383205,0.0,41.735146,0.0,0.0,110.990036,0.0,0.0,0.0,0.0,0.0,0.0,0.0,0.0,0.0,0.0,0.0,0.0,84.65905,0.0,0.0,0.0,0.0,0.0,49.544155,0.0,0.0,66.02474,29.188366,0.0,0.0,0.0,0.0,54.56716,0.0,49.297604,0.0,21.30498,0.0,0.0,0.0,38.361862,0.0,0.0,0.0,0.0,0.0,0.0,0.0,0.0,0.0,0.0,0.0,92.82739,45.959064,0.0,0.0,102.1996,136.31517,66.326416,75.83323,86.57643,60.568874,164.02425,150.25636,55.223892,111.01321,62.774788,95.52656,92.26254,59.856216,0.0,143.70592,106.23368,131.88293,0.0,0.0,84.63243,0.0,0.0,0.0,126.565605,39.123474,41.437485,70.08706,0.0,0.0,51.489223,40.93511,64.32655,80.582054,0.0,0.0,0.0,0.0,0.0,0.0,0.0,0.0,0.0,0.0,0.0,0.0,0.0,0.0,0.0,0.0,0.0,0.0,0.0,0.0,24.688913,73.619644,39.123463,25.040684,0.0,0.0,75.576096,29.64553,0.0,0.0,0.0,0.0,0.0,0.0,0.0,0.0,0.0,0.0,0.0,0.0,0.0,0.0,0.0,0.0,0.0,0.0,0.0,0.0,0.0,0.0,0.0,0.0,0.0,0.0,0.0,77.34557,0.0,0.0,0.0,60.78486,75.05703,43.76052,121.827194,0.0,0.0,47.150257,93.8504,0.0,48.087185,41.25594,65.308205,25.595276,0.0,0.0,0.0,0.0,0.0,0.0,0.0,0.0,0.0,0.0,0.0,0.0,0.0,93.318756,121.75201,61.704926,0.0,18.795456,23.450933,43.099854,0.0,14.700948,33.142647,26.29784,0.0,0.0,0.0,0.0,0.0,0.0,0.0,0.0,0.0,0.0,0.0,0.0,49.585598,55.87341,44.09956,74.53113,34.843956,96.53652,29.041271,54.022976,51.54287,0.0,0.0,0.0,0.0,0.0,0.0,0.0,0.0,0.0,0.0,0.0,0.0,0.0,0.0,0.0,0.0,0.0,0.0,0.0,0.0,0.0,0.0,0.0,0.0,0.0,0.0,0.0,0.0,0.0,0.0,60.240894,0.0,0.0,59.8554,0.0,59.84417,0.0,0.0,70.06602,55.125202,32.162556,160.89594,45.70505,47.509144,0.0,0.0,73.827225,0.0,0.0,99.878,89.76604,0.0,62.37068,0.0,0.0,0.0,0.0,0.0,0.0,35.01591,0.0,29.64553,0.0,0.0,0.0,11.006795,0.0,0.0,0.0,0.0,0.0,0.0,0.0,0.0,79.22705,25.730806,0.0,0.0,0.0,55.125202,0.0
C16x25_C16x26,3.6861665,43.441315,0.0,0.0,79.060135,0.0,0.0,84.29571,0.0,0.0,23.74263,52.48941,42.367786,0.0,0.0,0.0,157.63667,97.316246,0.0,0.0,26.731874,14.477432,0.0,52.684376,0.0,50.60204,0.0,0.0,0.0,0.0,0.0,9.676118,0.0,0.0,0.0,0.0,74.904724,0.0,11.186371,0.0,0.0,0.0,0.0,0.0,0.0,9.816475,0.0,0.0,0.0,0.0,0.0,27.528423,0.0,77.20906,0.0,42.101566,0.0,0.0,85.19923,0.0,0.0,101.08971,27.052996,0.0,28.331356,0.0,0.0,0.0,80.42293,10.770129,0.0,0.0,0.0,0.0,45.91545,92.21396,24.43255,0.0,0.0,0.0,35.087795,0.0,130.71666,0.0,44.632683,0.0,0.0,0.0,0.0,0.0,0.0,114.83882,0.0,0.0,0.0,29.87605,0.0,0.0,0.0,0.0,17.840923,42.94923,26.943068,0.0,54.382908,0.0,0.0,69.028366,19.868534,0.0,0.0,0.0,22.181545,0.0,0.0,0.0,0.0,0.0,0.0,0.0,0.0,0.0,50.127712,0.0,0.0,0.0,0.0,0.0,0.0,0.0,0.0,100.42382,0.0,0.0,0.0,0.0,0.0,0.0,86.48069,0.0,32.62862,0.0,38.8903,0.0,0.0,78.31186,24.632273,77.466606,0.0,0.0,0.0,28.656084,0.0,43.412563,88.74271,75.84695,0.0,0.0,0.0,0.0,86.755905,0.0,62.936924,161.21794,0.0,0.0,0.0,0.0,0.0,0.0,0.0,40.468388,0.0,0.0,21.958128,0.0,0.0,0.0,0.0,0.0,0.0,0.0,0.0,0.0,0.0,0.0,63.288506,25.407314,0.0,137.74828,0.0,0.0,0.0,187.54166,18.017153,39.66165,0.0,0.0,20.175802,0.0,0.0,0.0,0.0,0.0,0.0,56.50189,0.0,47.687637,0.0,26.7421,127.68421,0.0,0.0,40.27867,0.0,0.0,0.0,0.0,0.0,0.0,0.0,0.0,0.0,80.18265,0.0,0.0,0.0,0.0,0.0,37.60051,0.0,0.0,68.27021,43.05145,0.0,0.0,0.0,0.0,32.64845,0.0,84.72014,0.0,0.0,0.0,0.0,0.0,0.0,0.0,0.0,78.088196,0.0,0.0,0.0,51.34515,0.0,30.745,32.831387,0.0,0.0,0.0,51.822933,126.342064,53.405735,71.963524,90.402,41.36836,67.028404,28.5198,61.729424,24.912424,57.068367,68.55119,62.036808,43.036457,73.12581,36.367725,39.95867,94.04203,56.96264,69.727615,63.97301,84.203316,0.0,0.0,0.0,0.0,68.65495,65.48804,50.471806,82.65657,36.02347,55.216694,30.17246,71.01037,0.0,63.815582,0.0,0.0,0.0,0.0,0.0,0.0,0.0,0.0,0.0,0.0,0.0,0.0,0.0,0.0,0.0,0.0,0.0,0.0,0.0,0.0,0.0,0.0,0.0,0.0,0.0,0.0,0.0,30.341465,0.0,0.0,0.0,0.0,0.0,0.0,0.0,0.0,0.0,0.0,53.405735,7.236484,19.370634,50.041454,61.729424,24.626831,48.1412,58.946693,38.05668,75.44232,23.695948,25.899923,7.80576,34.407806,59.041798,33.89213,46.31525,39.289146,50.041454,58.946693,0.0,60.858387,96.1642,107.74415,35.466923,0.0,0.0,26.651314,117.13974,0.0,79.11419,0.0,60.898937,13.070998,0.0,0.0,0.0,0.0,0.0,39.47164,43.037148,44.52037,62.080254,0.0,0.0,0.0,0.0,73.447296,47.30959,0.0,0.0,0.0,0.0,0.0,0.0,0.0,0.0,0.0,0.0,0.0,0.0,0.0,0.0,0.0,0.0,0.0,0.0,0.0,0.0,0.0,48.183064,80.91815,70.37812,93.40211,0.0,56.898056,0.0,69.04005,63.47777,0.0,0.0,0.0,0.0,0.0,0.0,0.0,0.0,0.0,0.0,0.0,0.0,0.0,0.0,0.0,0.0,0.0,0.0,0.0,0.0,0.0,0.0,0.0,0.0,0.0,0.0,19.594175,39.518974,50.27847,64.27137,0.0,96.86248,82.673615,83.23566,23.976261,131.38168,0.0,0.0,0.0,0.0,21.64797,201.55762,0.0,0.0,0.0,5.292929,23.057058,0.0,0.0,97.54547,117.20476,46.351837,0.0,0.0,0.0,0.0,0.0,0.0,0.0,0.0,0.0,20.268843,0.0,0.0,7.126208,44.28055,0.0,0.0,0.0,10.07798,0.0,0.0,0.0,0.0,34.41866,60.503506,0.0,0.0,47.669453,31.293606,0.0
C16x25_C17x25,105.60755,0.0,0.0,0.0,41.881275,0.0,0.0,69.1382,0.0,0.0,19.708605,34.323624,50.678402,0.0,0.0,0.0,168.93697,53.59482,81.94038,0.0,22.613035,15.073076,0.0,0.0,0.0,49.54141,0.0,0.0,0.0,0.0,0.0,13.840837,0.0,0.0,0.0,0.0,67.74172,0.0,19.690506,0.0,0.0,19.675531,0.0,0.0,12.484751,0.0,0.0,0.0,0.0,0.0,0.0,0.0,0.0,56.140076,0.0,47.529446,0.0,0.0,37.84921,0.0,66.98283,52.590168,0.0,0.0,0.0,0.0,0.0,0.0,52.261536,37.6502,0.0,0.0,0.0,0.0,0.0,104.08553,9.2962,0.0,0.0,0.0,35.695953,0.0,118.930916,0.0,74.44477,0.0,0.0,0.0,0.0,0.0,0.0,163.9746,0.0,0.0,0.0,0.0,0.0,0.0,0.0,0.0,5.62779,45.057358,74.978355,0.0,67.40433,0.0,0.0,70.034515,37.619156,0.0,0.0,0.0,57.921417,0.0,0.0,0.0,0.0,0.0,0.0,0.0,0.0,0.0,58.06604,0.0,0.0,0.0,0.0,45.058613,0.0,0.0,0.0,144.8737,0.0,0.0,0.0,0.0,0.0,0.0,109.60103,39.606464,54.148384,0.0,33.59588,0.0,0.0,0.0,14.585393,88.68172,0.0,0.0,0.0,13.867655,0.0,0.0,99.26453,68.62053,0.0,0.0,0.0,49.329678,54.053272,0.0,37.603115,90.86012,0.0,0.0,0.0,0.0,0.0,9.514198,0.0,64.67381,0.0,0.0,55.27223,0.0,0.0,0.0,28.409328,0.0,0.0,0.0,48.21887,0.0,0.0,0.0,62.535416,42.537464,24.282623,126.30441,0.0,71.52812,0.0,150.62178,0.0,46.008816,0.0,0.0,15.87321,0.0,0.0,0.0,0.0,0.0,0.0,19.332714,0.0,49.40436,0.0,18.781017,131.00983,0.0,0.0,56.765865,0.0,0.0,0.0,0.0,0.0,0.0,0.0,0.0,0.0,122.319275,35.061947,0.0,0.0,0.0,0.0,43.113384,0.0,0.0,49.00443,53.986248,0.0,0.0,0.0,0.0,72.53155,0.0,82.321236,0.0,31.84515,0.0,0.0,0.0,0.0,0.0,0.0,72.12267,0.0,0.0,0.0,40.646797,0.0,0.0,29.836134,0.0,0.0,0.0,64.87439,43.229263,52.28634,73.10746,57.657913,34.840405,76.96257,42.770195,73.37986,63.7225,50.77309,74.44477,67.46647,54.906296,36.515457,53.275288,31.881422,83.9987,80.27906,40.058365,45.32147,0.0,0.0,0.0,0.0,0.0,101.018196,59.30625,63.72606,86.42859,0.0,31.496647,19.199991,63.2677,0.0,96.17164,0.0,0.0,0.0,0.0,0.0,0.0,0.0,0.0,0.0,0.0,0.0,0.0,0.0,0.0,0.0,0.0,0.0,0.0,0.0,0.0,0.0,0.0,0.0,0.0,0.0,0.0,0.0,16.134981,0.0,0.0,0.0,0.0,0.0,0.0,0.0,0.0,0.0,0.0,52.28634,24.960705,0.0,47.164375,58.84128,35.61448,45.080357,62.60262,34.759884,72.26099,18.641848,27.793402,0.0,30.51199,56.65885,33.181747,37.289654,46.50908,47.164375,62.60262,0.0,52.829094,68.567894,85.75408,69.487785,0.0,47.151077,34.126953,128.96477,0.0,61.63843,0.0,38.589447,0.0,0.0,0.0,0.0,0.0,0.0,27.320702,27.069479,38.86976,55.832745,38.40887,0.0,0.0,0.0,52.28634,23.955196,0.0,0.0,0.0,0.0,0.0,0.0,0.0,0.0,0.0,0.0,0.0,0.0,0.0,0.0,0.0,0.0,0.0,0.0,0.0,0.0,0.0,29.579191,64.05793,41.008068,108.527336,27.465485,94.76724,59.368675,84.34194,89.46101,0.0,0.0,0.0,0.0,0.0,0.0,0.0,0.0,0.0,0.0,0.0,0.0,0.0,0.0,0.0,0.0,0.0,0.0,0.0,0.0,0.0,0.0,0.0,0.0,0.0,0.0,26.706816,12.323085,35.7927,47.79448,0.0,58.493076,77.834915,22.518387,0.0,106.871704,0.0,0.0,0.0,0.0,21.194225,272.2625,0.0,0.0,0.0,5.1819882,66.25124,0.0,0.0,107.985565,142.23375,58.025417,0.0,0.0,0.0,0.0,0.0,0.0,0.0,15.99921,0.0,0.0,0.0,0.0,10.251754,0.0,0.0,0.0,0.0,9.866744,0.0,0.0,0.0,0.0,65.2065,59.692673,0.0,0.0,31.14352,46.290558,0.0
C16x26_C16x27,65.86335,3.5113485,0.0,0.0,177.26985,0.0,0.0,0.0,0.0,0.0,127.15526,100.95219,77.00207,0.0,0.0,0.0,200.12106,0.0,0.0,0.0,0.0,0.0,0.0,57.159496,0.0,33.6291,0.0,0.0,0.0,0.0,0.0,0.0,0.0,0.0,0.0,0.0,81.11225,0.0,0.0,0.0,0.0,0.0,0.0,0.0,0.0,0.0,0.0,0.0,0.0,0.0,0.0,103.76338,0.0,0.0,0.0,143.57825,0.0,0.0,110.6682,0.0,0.0,103.42647,0.0,0.0,63.242874,0.0,0.0,0.0,87.95116,0.0,0.0,0.0,0.0,0.0,0.0,217.32266,0.0,0.0,0.0,0.0,0.0,0.0,200.50427,0.0,0.0,0.0,0.0,0.0,0.0,0.0,0.0,150.43297,0.0,0.0,0.0,47.735,0.0,0.0,0.0,0.0,0.0,0.0,45.694702,0.0,0.0,0.0,0.0,0.0,0.0,0.0,0.0,44.416203,0.0,0.0,0.0,0.0,0.0,0.0,0.0,0.0,0.0,0.0,0.0,0.0,0.0,0.0,0.0,0.0,0.0,0.0,0.0,166.15999,0.0,0.0,0.0,0.0,0.0,0.0,158.8881,0.0,0.0,0.0,0.0,0.0,0.0,121.3173,104.70687,214.67867,0.0,0.0,0.0,63.98182,0.0,57.915245,118.742615,93.80536,0.0,0.0,0.0,0.0,44.4549,0.0,0.0,66.006165,0.0,0.0,0.0,0.0,69.272545,0.0,0.0,0.0,0.0,0.0,0.0,0.0,106.12706,0.0,0.0,0.0,0.0,0.0,0.0,0.0,0.0,0.0,0.0,59.43393,0.0,181.64783,0.0,0.0,0.0,307.92563,0.0,0.0,0.0,0.0,0.0,0.0,0.0,0.0,0.0,0.0,0.0,75.0111,0.0,0.0,0.0,71.00654,130.6256,0.0,0.0,0.0,0.0,0.0,0.0,0.0,0.0,0.0,0.0,0.0,0.0,0.0,0.0,0.0,0.0,0.0,0.0,55.705585,0.0,0.0,98.5597,0.0,0.0,0.0,0.0,0.0,0.0,0.0,92.26213,0.0,0.0,0.0,0.0,0.0,0.0,0.0,0.0,123.297874,0.0,0.0,0.0,0.0,0.0,0.0,106.54812,0.0,0.0,0.0,49.20367,114.21247,71.990036,103.76338,86.673485,41.692905,59.736954,0.0,48.32568,17.500446,56.938957,92.690895,59.717083,47.735,80.2238,0.0,0.0,68.872505,0.0,140.08525,0.0,0.0,84.34321,0.0,0.0,0.0,174.21896,72.02868,68.65495,111.76335,57.55715,96.73098,0.0,83.04401,0.0,49.788456,0.0,0.0,0.0,0.0,0.0,0.0,0.0,0.0,0.0,0.0,0.0,0.0,0.0,0.0,0.0,0.0,0.0,0.0,0.0,0.0,0.0,0.0,0.0,0.0,0.0,0.0,0.0,78.85996,0.0,0.0,0.0,0.0,0.0,0.0,0.0,0.0,0.0,0.0,71.990036,0.0,41.692905,0.0,48.32568,0.0,0.0,53.34552,30.43702,83.12733,0.0,59.717083,26.68909,7.7632723,0.0,67.58887,0.0,0.0,0.0,53.34552,0.0,60.0579,121.913826,142.11937,46.59066,0.0,0.0,28.556955,0.0,0.0,145.38957,77.14698,0.0,67.782906,0.0,0.0,0.0,0.0,0.0,99.94656,0.0,111.11671,108.84914,60.497314,0.0,0.0,0.0,99.00573,0.0,0.0,0.0,0.0,0.0,0.0,0.0,0.0,0.0,0.0,0.0,0.0,0.0,0.0,0.0,0.0,0.0,0.0,0.0,0.0,0.0,0.0,78.60346,0.0,0.0,0.0,33.233147,90.76388,0.0,8.476453,0.0,0.0,0.0,0.0,0.0,0.0,0.0,0.0,0.0,0.0,0.0,0.0,0.0,0.0,0.0,0.0,0.0,0.0,0.0,0.0,0.0,0.0,0.0,0.0,0.0,0.0,0.0,45.550312,79.078926,0.0,86.7077,0.0,165.28185,0.0,112.20027,117.42276,177.7753,0.0,0.0,0.0,0.0,55.24645,167.17804,0.0,0.0,0.0,0.0,0.0,0.0,0.0,0.0,0.0,49.20367,0.0,0.0,0.0,0.0,0.0,0.0,0.0,0.0,0.0,29.162931,0.0,8.549905,0.0,0.0,0.0,0.0,0.0,0.0,0.0,0.0,0.0,0.0,0.0,0.0,0.0,0.0,0.0,35.62397,0.0
C16x26_C17x26,65.45224,44.13205,0.0,0.0,54.088474,0.0,0.0,93.0662,0.0,0.0,48.711815,24.170458,76.11589,0.0,0.0,0.0,130.8337,0.0,0.0,0.0,31.759537,0.0,0.0,31.482622,0.0,37.387974,0.0,0.0,0.0,0.0,0.0,24.33077,0.0,0.0,0.0,0.0,53.93354,0.0,34.254784,0.0,0.0,12.180878,0.0,0.0,0.0,0.0,0.0,0.0,0.0,0.0,0.0,75.6086,0.0,0.0,0.0,109.61368,0.0,0.0,82.18652,67.43516,0.0,94.07287,0.0,0.0,0.0,0.0,0.0,0.0,41.56517,0.0,0.0,0.0,0.0,0.0,47.77337,140.5369,0.0,0.0,0.0,0.0,0.0,0.0,102.08949,0.0,0.0,0.0,0.0,0.0,0.0,0.0,0.0,88.2084,0.0,0.0,0.0,45.151855,0.0,0.0,0.0,0.0,0.0,43.4662,28.986834,0.0,52.16606,0.0,0.0,73.8321,0.0,0.0,0.0,0.0,0.0,0.0,0.0,0.0,0.0,0.0,0.0,0.0,0.0,0.0,59.04344,0.0,0.0,0.0,0.0,0.0,0.0,0.0,0.0,105.70162,0.0,0.0,0.0,0.0,0.0,0.0,64.15284,0.0,0.0,0.0,0.0,0.0,0.0,70.18532,47.300392,105.76689,0.0,0.0,0.0,43.766457,0.0,48.82751,81.951324,87.5128,0.0,0.0,0.0,0.0,101.03038,0.0,66.37853,132.75706,0.0,0.0,0.0,0.0,0.0,0.0,0.0,0.0,0.0,0.0,0.0,0.0,0.0,0.0,0.0,0.0,0.0,0.0,29.851706,0.0,0.0,0.0,72.11475,42.86288,0.0,96.90927,0.0,0.0,0.0,237.48232,0.0,0.0,0.0,0.0,0.0,0.0,0.0,0.0,0.0,0.0,0.0,73.001526,0.0,48.223366,0.0,0.0,148.8037,0.0,0.0,0.0,0.0,0.0,0.0,0.0,0.0,0.0,0.0,0.0,0.0,73.17408,0.0,0.0,0.0,0.0,0.0,56.520195,0.0,0.0,90.39585,52.60838,0.0,0.0,0.0,0.0,49.68531,0.0,99.275246,0.0,0.0,0.0,0.0,0.0,0.0,0.0,0.0,88.74403,0.0,0.0,0.0,0.0,0.0,0.0,74.604965,0.0,0.0,0.0,34.051273,82.2279,60.832165,75.6086,94.0844,43.46373,67.87054,25.220602,47.565323,9.277088,66.20434,58.9414,65.17908,45.151855,76.82975,0.0,24.33077,91.510704,49.08473,77.77367,0.0,0.0,0.0,0.0,0.0,0.0,70.809166,78.82043,54.07309,68.962875,50.771492,62.751507,41.253277,80.05163,0.0,74.258286,0.0,0.0,0.0,0.0,0.0,0.0,0.0,0.0,0.0,0.0,0.0,0.0,0.0,0.0,0.0,0.0,0.0,0.0,0.0,0.0,0.0,0.0,0.0,0.0,0.0,0.0,80.08547,31.81016,0.0,0.0,0.0,0.0,0.0,0.0,0.0,0.0,0.0,0.0,60.832165,49.2101,43.46373,49.19418,47.565323,59.04223,88.29363,88.83253,36.54891,78.22732,18.973751,65.17908,28.846954,38.868286,63.706432,34.88955,49.08473,0.0,49.19418,88.83253,116.07097,39.921455,59.170605,80.71855,49.022045,0.0,0.0,44.364857,174.7613,0.0,22.47152,0.0,46.996964,45.81526,0.0,0.0,0.0,0.0,0.0,56.38962,70.121124,65.40956,94.89053,82.2279,0.0,0.0,0.0,60.832165,36.141617,0.0,0.0,0.0,0.0,0.0,0.0,0.0,0.0,0.0,0.0,0.0,0.0,0.0,0.0,0.0,0.0,0.0,0.0,0.0,0.0,62.837013,11.723058,71.476036,44.14976,59.600777,17.003542,60.883675,30.644003,68.05717,71.174324,0.0,0.0,0.0,0.0,0.0,0.0,0.0,0.0,0.0,0.0,0.0,0.0,0.0,0.0,0.0,0.0,0.0,0.0,0.0,0.0,0.0,0.0,0.0,0.0,0.0,0.0,75.67179,40.575836,14.298506,66.01081,0.0,108.703804,128.82205,16.733744,0.0,147.60466,0.0,0.0,0.0,0.0,22.285051,186.12465,0.0,0.0,0.0,0.0,0.0,0.0,0.0,181.27504,125.99465,29.93725,0.0,0.0,0.0,0.0,0.0,0.0,0.0,0.0,0.0,21.249966,0.0,0.0,16.526304,0.0,0.0,0.0,0.0,11.676658,0.0,0.0,0.0,0.0,43.592804,67.86409,0.0,0.0,0.0,21.309267,0.0
C16x27_C16x28,0.0,117.77147,0.0,0.0,163.58615,0.0,0.0,0.0,93.393875,0.0,0.0,0.0,116.1882,0.0,0.0,0.0,184.78297,0.0,0.0,0.0,0.0,0.0,0.0,62.213646,0.0,0.0,0.0,0.0,0.0,0.0,0.0,0.0,0.0,0.0,25.657188,0.0,0.0,0.0,0.0,35.471577,0.0,0.0,0.0,0.0,0.0,0.0,0.0,0.0,0.0,0.0,0.0,0.0,0.0,0.0,0.0,0.0,61.7657,0.0,125.73295,0.0,0.0,0.0,0.0,0.0,0.0,0.0,0.0,0.0,0.0,0.0,0.0,0.0,0.0,0.0,0.0,166.98753,0.0,48.971836,0.0,0.0,0.0,0.0,0.0,0.0,0.0,0.0,0.0,0.0,0.0,0.0,71.81123,215.3854,0.0,46.11016,0.0,0.0,0.0,0.0,0.0,0.0,0.0,0.0,46.339832,0.0,0.0,0.0,0.0,10.517475,0.0,0.0,0.0,70.441666,0.0,0.0,49.34611,0.0,0.0,0.0,0.0,0.0,0.0,0.0,0.0,0.0,0.0,0.0,63.011852,0.0,0.0,0.0,0.0,205.5027,0.0,0.0,0.0,0.0,0.0,0.0,204.82036,0.0,0.0,0.0,0.0,0.0,0.0,50.241444,0.0,11.839332,83.49891,0.0,0.0,0.0,0.0,0.0,31.248547,96.81042,0.0,0.0,12.341462,0.0,0.0,0.0,0.0,101.982895,0.0,0.0,0.0,0.0,0.0,0.0,0.0,0.0,0.0,56.91889,0.0,0.0,176.63629,0.0,0.0,0.0,0.0,0.0,0.0,0.0,0.0,0.0,0.0,92.140114,0.0,158.86281,0.0,0.0,0.0,328.695,0.0,0.0,0.0,0.0,0.0,0.0,0.0,74.60184,0.0,0.0,0.0,0.0,0.0,0.0,0.0,0.0,0.0,0.0,0.0,0.0,0.0,0.0,0.0,0.0,0.0,0.0,0.0,0.0,0.0,22.516165,0.0,0.0,0.0,0.0,0.0,65.28168,74.35885,0.0,101.1371,0.0,0.0,0.0,0.0,0.0,0.0,0.0,0.0,0.0,0.0,0.0,0.0,0.0,67.70343,0.0,0.0,193.1049,0.0,0.0,56.561764,0.0,0.0,0.0,139.0497,0.0,78.47751,63.90868,50.215893,109.20361,0.0,0.0,0.0,0.0,0.0,0.0,0.0,0.0,0.0,0.0,0.0,0.0,0.0,0.0,0.0,0.0,0.0,168.37697,0.0,0.0,52.11477,0.0,0.0,0.0,149.4498,125.351875,140.22295,148.08205,74.1413,177.31548,41.254623,188.69954,0.0,0.0,0.0,103.052284,23.2767,36.85273,83.02555,0.0,58.03749,48.971836,110.935425,0.0,83.79025,78.47751,118.07802,7.7543244,102.54244,52.71568,82.00828,112.06232,87.06193,95.65746,0.0,0.0,0.0,0.0,0.0,0.0,29.29809,90.489136,0.0,0.0,33.48702,51.45178,87.06193,47.885098,0.0,0.0,0.0,0.0,0.0,0.0,0.0,0.0,0.0,0.0,0.0,0.0,0.0,0.0,0.0,0.0,0.0,0.0,0.0,0.0,0.0,0.0,0.0,0.0,93.03595,0.0,43.762703,158.13799,0.0,0.0,0.0,32.918224,97.65739,0.0,172.72966,118.0853,80.572975,101.01398,0.0,0.0,0.0,0.0,0.0,0.0,0.0,0.0,0.0,0.0,0.0,0.0,0.0,113.647804,0.0,0.0,0.0,0.0,0.0,0.0,0.0,0.0,0.0,0.0,83.25926,49.446323,165.12852,34.90852,102.73254,54.589485,77.604614,0.0,0.0,0.0,0.0,0.0,83.79025,54.10718,56.819557,96.82433,41.416542,81.97198,0.0,38.78426,0.0,0.0,0.0,0.0,0.0,0.0,0.0,0.0,0.0,0.0,0.0,0.0,0.0,0.0,0.0,0.0,0.0,0.0,0.0,0.0,0.0,0.0,0.0,0.0,0.0,0.0,0.0,0.0,0.0,0.0,0.0,0.0,0.0,0.0,61.550716,26.54881,78.00011,0.0,0.0,0.0,0.0,0.0,100.48007,0.0,0.0,0.0,0.0,0.0,0.0,0.0,130.15714,0.0,50.215893,0.0,0.0,0.0,0.0,0.0,0.0,0.0,0.0,0.0,82.2124,0.0,0.0,0.0,0.0,0.0,0.0,0.0,0.0,0.0,0.0,0.0,0.0,0.0,0.0,0.0,0.0,0.0,65.7602,0.0
C16x28_C17x28,83.86069,81.369125,0.0,0.0,126.865746,0.0,0.0,0.0,115.80178,145.54187,0.0,0.0,130.63528,0.0,0.0,0.0,236.90514,0.0,0.0,13.127277,0.0,0.0,0.0,73.16863,0.0,0.0,0.0,0.0,0.0,0.0,0.0,0.0,0.0,0.0,0.0,0.0,0.0,0.0,0.0,69.455246,0.0,0.0,0.0,29.877884,0.0,0.0,0.0,0.0,0.0,0.0,0.0,0.0,0.0,0.0,0.0,0.0,18.528881,0.0,96.04868,0.0,0.0,0.0,0.0,0.0,60.729626,0.0,0.0,0.0,0.0,0.0,0.0,0.0,0.0,0.0,0.0,209.50055,0.0,0.0,0.0,0.0,0.0,0.0,0.0,0.0,0.0,0.0,0.0,0.0,0.0,0.0,191.723,45.924248,0.0,85.09401,0.0,0.0,0.0,0.0,0.0,0.0,0.0,0.0,0.0,0.0,0.0,0.0,0.0,0.0,0.0,0.0,0.0,0.0,0.0,0.0,0.0,0.0,0.0,0.0,0.0,0.0,0.0,82.3769,65.58616,0.0,82.3769,0.0,49.158165,0.0,0.0,0.0,0.0,81.625496,0.0,0.0,0.0,0.0,0.0,0.0,163.4601,0.0,0.0,0.0,0.0,0.0,0.0,65.950806,0.0,107.824936,0.0,0.0,0.0,46.28135,0.0,0.0,63.56338,93.69948,0.0,0.0,14.861637,0.0,0.0,0.0,0.0,145.79698,0.0,33.657246,0.0,0.0,0.0,0.0,0.0,0.0,0.0,0.0,0.0,0.0,45.87911,0.0,0.0,0.0,0.0,0.0,0.0,0.0,0.0,0.0,0.0,0.0,0.0,114.99793,0.0,0.0,0.0,275.86798,0.0,0.0,0.0,0.0,0.0,0.0,0.0,79.0924,0.0,0.0,0.0,0.0,0.0,0.0,0.0,0.0,0.0,0.0,0.0,0.0,0.0,0.0,0.0,0.0,0.0,0.0,0.0,0.0,0.0,54.058105,0.0,0.0,0.0,0.0,0.0,57.245056,0.0,0.0,62.392475,0.0,0.0,0.0,0.0,0.0,0.0,0.0,0.0,0.0,0.0,0.0,0.0,0.0,72.04814,0.0,0.0,93.65138,0.0,0.0,35.78972,0.0,0.0,0.0,110.43755,0.0,35.139362,72.01129,72.97758,124.82869,0.0,0.0,0.0,0.0,0.0,0.0,0.0,0.0,0.0,0.0,0.0,0.0,0.0,0.0,0.0,0.0,0.0,122.44894,0.0,0.0,0.0,0.0,0.0,0.0,114.0728,150.12561,112.11045,206.06958,156.15216,102.22595,0.0,107.22626,0.0,0.0,0.0,132.70128,0.0,0.0,66.0853,0.0,74.93423,0.0,231.31258,0.0,148.32016,42.633736,146.78029,0.0,157.8042,154.0538,120.66733,177.04793,81.72917,269.12225,0.0,0.0,0.0,0.0,0.0,0.0,99.00755,0.0,0.0,0.0,7.780984,95.24471,67.36241,0.0,0.0,0.0,0.0,0.0,0.0,0.0,0.0,0.0,0.0,0.0,0.0,0.0,0.0,0.0,0.0,0.0,0.0,0.0,0.0,0.0,0.0,81.764565,0.0,0.0,75.12042,0.0,71.41071,146.01505,83.89002,0.0,0.0,0.0,0.0,96.19242,170.34685,0.0,100.88793,0.0,0.0,0.0,0.0,38.55355,133.52435,0.0,0.0,0.0,0.0,0.0,0.0,0.0,0.0,126.285614,77.5384,0.0,0.0,0.0,0.0,0.0,0.0,0.0,0.0,0.0,45.017235,92.91716,156.58487,0.0,115.75414,117.79111,56.486706,0.0,0.0,0.0,0.0,0.0,148.32016,0.0,23.643984,0.0,0.0,207.16325,83.240364,0.0,0.0,0.0,0.0,0.0,0.0,0.0,0.0,0.0,0.0,0.0,0.0,0.0,0.0,0.0,0.0,0.0,0.0,0.0,0.0,0.0,0.0,0.0,0.0,0.0,0.0,0.0,0.0,0.0,0.0,0.0,0.0,0.0,0.0,0.0,0.0,0.0,69.21776,0.0,0.0,0.0,0.0,0.0,0.0,0.0,0.0,0.0,0.0,0.0,0.0,0.0,0.0,0.0,72.97758,0.0,0.0,0.0,0.0,0.0,0.0,0.0,0.0,0.0,32.97751,0.0,0.0,102.84324,0.0,0.0,0.0,0.0,0.0,0.0,0.0,0.0,0.0,0.0,0.0,0.0,0.0,0.0,113.72067,0.0
C16x30_C16x31,8.961734,10.69044,0.0,0.0,68.153946,0.0,0.0,0.0,0.0,0.0,49.917202,0.0,43.855785,0.0,14.544447,10.978669,58.624855,0.0,20.92944,0.0,0.0,0.0,0.0,0.0,0.0,0.0,0.0,0.0,0.0,9.593492,0.0,0.0,17.68769,0.0,63.944824,33.492653,0.0,72.47821,0.0,63.033054,0.0,74.73061,0.0,60.83754,40.725636,0.0,30.416162,104.442825,57.59474,0.0,0.0,0.0,36.61931,0.0,0.0,0.0,0.0,0.0,65.22184,0.0,32.13097,0.0,0.0,0.0,0.0,0.0,0.0,0.0,0.0,32.407677,0.0,0.0,0.0,0.0,0.0,74.37942,0.0,17.744501,1.3098961,22.840567,1.6448998,0.0,61.876305,0.0,13.436803,12.037919,22.794489,0.0,15.750768,0.0,0.0,35.783108,0.0,55.025333,0.0,0.0,26.439163,50.06407,0.0,0.0,0.0,43.544407,50.901524,0.0,60.513504,18.53443,24.816622,62.473278,31.16343,0.0,0.0,0.0,26.877779,7.3543987,20.414797,0.0,0.0,22.406523,20.073816,26.051388,23.154465,0.0,41.23484,23.154465,25.16389,24.863016,46.123615,21.845798,16.315655,15.807182,0.0,38.326492,17.810946,33.726048,0.0,0.0,23.122839,0.0,86.52461,0.0,10.992279,8.209644,21.533863,0.0,0.0,0.0,15.531748,20.44884,40.52433,15.4848175,0.0,12.833809,6.309453,9.301463,12.24615,69.684364,0.0,23.743515,30.066744,19.803974,0.0,19.29773,0.0,59.8653,0.0,26.779926,29.684671,56.20963,38.322388,0.0,35.241795,4.2616425,3.182831,10.929184,16.542683,36.702454,0.0,15.303233,0.0,0.0,0.0,18.461287,0.0,0.0,0.0,32.260605,0.0,56.954617,16.51159,22.617233,0.0,0.0,32.9272,107.26153,0.0,23.778042,34.00093,0.0,0.0,29.65676,43.666023,0.0,28.322351,0.0,23.088337,0.0,9.621859,0.0,0.0,15.987288,70.498604,0.0,0.0,0.0,0.0,24.85278,0.0,0.0,0.0,18.758,17.914768,0.0,0.0,25.359554,0.0,11.718835,19.703821,0.0,0.0,50.76976,0.0,37.759937,127.27596,0.0,8.801744,0.0,25.370605,9.824258,0.0,22.339457,84.53779,25.892727,26.652536,31.136723,0.0,22.475603,69.352234,36.7663,0.0,59.770103,0.0,0.0,0.0,8.336354,6.226052,7.905134,6.00428,0.0,71.373665,38.68225,15.690047,30.645876,26.842482,98.45716,0.0,34.852207,64.28516,49.832928,85.52327,71.31565,71.13963,42.364014,24.961884,71.086136,35.007282,66.82087,60.431423,47.887722,19.930655,14.482938,0.0,0.0,0.0,15.531748,0.0,9.301463,94.63447,77.61064,96.34469,51.14554,96.272224,42.263847,72.95809,64.85453,0.0,44.179813,29.777155,61.81815,0.0,40.10025,14.551466,0.0,43.53553,1.6448998,0.0,14.889885,16.518318,52.77204,42.85111,31.16343,33.9417,53.482674,44.33938,16.419603,10.4314,56.730637,0.0,0.0,0.0,0.0,0.0,3.9781418,66.04442,50.868073,0.0,0.0,0.0,0.0,0.0,0.0,31.93335,0.0,0.0,0.0,0.0,0.0,0.0,0.0,0.0,0.0,0.0,0.0,0.0,0.0,0.0,0.0,0.0,0.0,0.0,0.0,0.0,54.969383,0.0,0.0,11.738081,0.0,44.763783,115.65718,99.201904,6.309453,21.934168,29.850256,29.734886,0.0,35.440014,12.833809,47.06016,26.482586,0.0,0.0,0.0,0.0,0.0,92.606544,58.09345,84.02416,86.44852,72.86594,0.0,0.0,0.0,22.550848,29.279383,0.0,0.0,0.0,0.0,0.0,0.0,0.0,0.0,0.0,24.854609,33.461185,60.47345,26.826246,53.134285,7.849638,66.10597,0.0,0.0,0.0,0.0,0.0,34.889294,62.53481,54.146698,56.042107,68.47308,92.11258,83.56519,33.50754,25.905447,25.48712,62.948196,0.0,34.98497,0.0,0.0,0.0,0.0,0.0,0.0,0.0,0.0,21.79762,35.519344,33.922638,69.49819,33.62723,49.02936,0.0,6.0268726,42.55884,0.0,43.719086,0.0,36.248943,0.0,15.381556,34.552612,0.0,0.0,0.0,0.0,40.476753,27.025131,0.0,0.0,0.0,0.0,31.235529,0.0,0.0,116.01348,20.084002,14.912456,0.0,21.623339,18.381598,0.0,29.6675,39.707058,49.38771,0.0,21.59216,0.0,0.0,0.0,0.0,0.0,0.0,0.0,32.118423,26.775356,0.0,53.033154,41.350143,32.96789,0.0,35.587975,30.510777,54.333225,26.459063,8.855749,0.0,13.985627,0.0,0.0,28.695547,0.0,12.885452,44.460506,26.74408
C16x30_C17x30,9.97977,9.97977,0.0,0.0,37.10358,0.0,0.0,0.0,0.0,0.0,103.13447,0.0,74.504776,50.52769,49.707012,0.0,22.454624,0.0,46.064785,14.820718,0.0,0.0,0.0,0.0,0.0,0.0,0.0,0.0,0.0,0.0,0.0,0.0,0.0,0.0,0.0,0.0,0.0,68.69975,0.0,49.790676,38.576645,50.787296,0.0,36.527824,18.719818,0.0,0.0,45.854,26.47382,0.0,0.0,0.0,0.0,14.065985,0.0,30.155342,26.282524,0.0,49.387787,0.0,58.84285,0.0,0.0,0.0,0.0,0.0,0.0,0.0,0.0,45.890217,0.0,0.0,0.0,0.0,0.0,104.52571,0.0,17.326525,16.163946,22.302551,16.163946,0.0,110.51307,0.0,0.0,0.0,50.27569,0.0,17.881393,0.0,0.0,43.800293,0.0,54.134315,0.0,0.0,0.0,39.23426,0.0,0.0,7.5413427,23.44333,32.01286,0.0,49.410583,0.0,15.894592,42.47509,20.513638,0.0,0.0,0.0,31.34901,33.603767,33.603767,0.0,0.0,0.0,43.254475,39.77968,41.221302,0.0,72.02284,41.221302,0.0,0.0,52.295353,33.7686,0.0,0.0,0.0,94.72086,0.0,42.545677,0.0,0.0,0.0,0.0,129.15883,0.0,24.696705,0.0,20.151484,0.0,0.0,0.0,0.0,33.836514,40.78127,0.0,0.0,19.497528,7.713129,20.170427,25.929619,65.42899,14.79294,0.0,0.0,10.629795,0.0,0.0,0.0,44.817074,0.0,27.636837,0.0,34.28814,58.118084,0.0,0.0,34.851616,0.0,85.368675,25.835352,0.0,0.0,0.0,0.0,0.0,0.0,0.0,0.0,0.0,0.0,29.508686,0.0,41.91484,0.0,38.320026,0.0,0.0,54.79011,153.2568,12.663679,7.495645,0.0,28.770382,28.770382,18.943092,27.270208,0.0,26.27763,0.0,0.0,0.0,0.0,0.0,0.0,20.273714,115.29045,0.0,0.0,0.0,0.0,0.0,0.0,0.0,0.0,0.0,0.0,0.0,0.0,28.363329,0.0,0.0,23.48554,0.0,0.0,37.363197,0.0,0.0,76.8744,0.0,0.0,0.0,0.0,0.0,0.0,0.0,124.99217,0.0,32.739964,0.0,0.0,0.0,81.79047,0.0,0.0,64.16039,0.0,0.0,0.0,13.024787,0.0,23.608143,0.0,0.0,83.91296,34.70123,29.798138,38.326393,30.32411,76.743095,15.200412,0.0,68.85491,38.892918,69.70832,57.54322,69.70011,60.57928,42.524654,56.810375,34.725048,56.86737,49.49434,51.265068,0.0,16.556955,29.225494,13.298779,0.0,0.0,0.0,20.170427,70.29426,117.29265,87.66705,103.19532,80.531815,59.15327,26.10524,87.32879,0.0,64.81051,37.571953,48.7602,4.9796023,26.534414,9.801314,0.0,40.207977,16.163946,34.65703,15.67291,17.79537,35.434822,37.794323,20.513638,44.850487,40.90756,29.822058,28.830627,12.048593,38.2116,0.0,0.0,0.0,0.0,69.583336,0.0,101.325516,99.04584,0.0,0.0,0.0,0.0,0.0,0.0,19.164669,0.0,0.0,0.0,0.0,0.0,0.0,0.0,0.0,0.0,0.0,0.0,0.0,0.0,0.0,0.0,0.0,0.0,0.0,0.0,0.0,61.300392,0.0,0.0,13.071504,70.472755,57.527588,101.967445,66.323715,7.713129,26.359747,8.386609,0.0,0.0,51.057705,19.497528,42.5242,18.669825,0.0,0.0,0.0,7.995136,20.00585,89.94308,48.38733,84.92,74.29942,96.15266,0.0,0.0,0.0,32.692017,38.205532,0.0,0.0,0.0,0.0,0.0,0.0,0.0,0.0,0.0,54.01163,20.222939,89.39907,47.309803,75.73186,68.00566,58.1404,0.0,0.0,0.0,0.0,0.0,48.279243,35.336548,24.707138,58.022457,0.0,176.30774,71.29292,40.001923,0.0,36.905113,49.49672,11.58513,0.0,18.546974,31.965242,27.861217,62.09555,0.0,49.99942,27.732872,37.070023,0.0,57.14376,39.145344,64.792656,10.600443,56.862663,28.818861,49.28763,42.1377,0.0,28.558174,18.128206,62.100185,0.0,5.6225595,32.42064,0.0,0.0,0.0,0.0,0.0,33.039368,43.831524,9.473673,0.0,0.0,22.020576,0.0,0.0,125.839836,24.553545,0.0,0.0,8.071982,13.462998,0.0,68.40538,0.0,0.0,18.525757,0.0,0.0,0.0,0.0,0.0,0.0,0.0,0.0,40.010185,64.903496,0.0,37.07113,28.107927,0.0,0.0,23.970707,0.0,22.164843,0.0,0.0,0.0,0.0,0.0,0.0,0.0,0.0,7.1250777,30.03951,0.0
C16x31_C16x32,4.7521596,12.65778,0.0,0.0,61.18341,15.492478,0.0,0.0,0.0,10.382916,24.001577,10.382916,35.001247,0.0,17.74044,27.680916,101.677635,0.0,0.0,15.500057,0.0,20.48244,0.0,11.80585,12.168669,0.0,10.982505,6.0843344,0.0,26.419392,0.0,0.0,35.791813,0.0,20.310162,25.000584,14.676322,19.71858,0.0,7.2978406,0.0,49.942005,0.0,26.156353,25.025887,0.0,37.57869,58.386135,32.19689,0.0,0.0,0.0,27.49999,9.87421,0.0,11.641217,16.02038,7.7420864,41.23605,0.0,0.0,18.71194,5.291048,0.0,0.0,0.0,0.0,0.0,0.0,19.17527,0.0,23.273739,0.0,0.0,0.0,114.31129,0.0,34.498215,20.31234,16.50149,25.507183,0.0,60.805225,0.0,20.475515,22.371536,34.735115,7.1745763,13.819694,15.441505,0.0,30.921755,0.0,32.654182,0.0,0.0,28.645422,40.195328,0.0,0.0,11.759093,41.08906,32.381413,0.0,58.526787,13.710832,23.64109,60.85469,29.68726,0.0,0.0,0.0,21.901894,0.0,16.635403,10.12711,0.0,18.2584,17.792826,23.222622,16.854357,0.0,29.994135,16.854357,17.60007,21.422586,40.33555,30.361559,42.093273,24.792017,0.0,33.702454,0.0,23.81584,0.0,12.68344,22.923975,0.0,61.54698,0.0,25.8106,28.913275,9.17846,0.0,0.0,19.285301,19.47836,14.888531,17.962978,14.058122,0.0,29.666904,5.7281303,50.559376,24.518988,32.367413,0.0,21.801567,32.337303,0.0,0.0,13.814948,0.0,33.940792,12.41709,29.619625,17.571543,39.029556,0.0,0.0,44.527737,26.035576,3.8869412,66.76947,19.47527,36.044212,0.0,15.584851,0.0,19.942589,0.0,27.982592,0.0,0.0,23.42393,45.156902,0.0,45.7364,19.265997,16.833939,0.0,11.607007,24.535517,104.04888,10.824861,17.17137,43.304028,46.866627,37.32168,7.7151003,19.216312,0.0,24.99857,10.971133,16.100428,15.366676,17.804707,0.0,10.117265,18.080788,60.79116,10.002482,0.0,21.317945,0.0,39.925,14.461035,10.3325615,0.0,38.07426,15.614069,0.0,13.512126,29.848673,0.0,27.333832,16.732016,0.0,0.0,52.482124,0.0,31.999998,70.68891,0.0,17.587782,15.782678,20.156475,16.851326,0.0,23.899803,87.92386,19.60122,0.0,32.40661,0.0,36.681602,30.17333,50.14502,5.3914647,51.733223,16.692928,0.0,0.0,28.190445,26.661257,6.357437,4.828739,0.0,24.668379,39.584198,14.047336,26.562311,29.921537,30.80664,45.86195,57.16108,34.221745,49.142708,47.98479,63.11253,75.66816,51.05583,69.38652,59.08158,53.734158,46.143852,36.74741,35.005997,44.31359,29.01294,0.0,0.0,9.414097,11.308462,9.414097,21.487846,60.922543,108.1677,112.953835,64.58659,81.38068,67.97474,101.68333,44.283253,0.0,25.552088,21.648676,25.704792,0.0,39.244427,0.0,0.0,44.598698,25.507183,40.94838,27.622282,18.075691,14.540189,0.0,29.68726,26.4247,28.987759,20.818487,35.896374,9.470302,45.005886,0.0,0.0,0.0,0.0,0.0,4.6843204,32.093338,26.838871,15.134029,19.36977,0.0,0.0,0.0,0.0,31.251827,11.958216,0.0,0.0,0.0,0.0,0.0,0.0,0.0,0.0,0.0,0.0,0.0,0.0,0.0,0.0,0.0,0.0,0.0,0.0,0.0,24.859356,8.76619,13.412246,11.8389225,104.86473,38.86099,125.10271,42.99676,7.2444186,18.43019,43.12758,37.654488,21.02017,24.848429,11.119051,33.948513,48.376717,0.0,0.0,0.0,0.0,0.0,38.50586,42.31183,42.603985,39.220604,35.522243,36.234463,63.86175,24.721214,23.630278,41.41976,0.0,0.0,0.0,0.0,0.0,0.0,0.0,0.0,0.0,19.573566,14.973837,26.486904,31.707123,15.678241,29.911997,35.276768,47.981064,0.0,0.0,16.566032,0.0,24.93176,48.82728,42.54998,50.766624,53.64533,57.55097,53.06025,25.86986,36.923763,15.757051,36.22367,28.347374,0.0,0.0,0.0,0.0,0.0,0.0,0.0,0.0,0.0,18.485992,22.541563,24.09388,32.60378,9.340916,50.226692,36.557285,36.819862,43.423573,30.148129,22.889845,26.673225,34.982056,0.0,27.913628,38.1398,19.02651,14.559518,0.0,13.799505,35.70625,0.0,0.0,12.394441,0.0,0.0,33.621563,0.0,12.364741,100.15454,22.176798,32.84368,12.68859,21.996672,13.033315,0.0,23.725037,80.25105,46.096104,0.0,13.049079,0.0,0.0,0.0,0.0,0.0,0.0,26.992887,17.93497,16.965015,25.825583,41.80661,56.621777,23.115122,0.0,10.397824,17.53135,54.455795,39.75895,18.213417,4.166741,13.49769,0.0,0.0,27.78975,0.0,14.169844,79.32354,20.395428
C16x31_C17x31,7.813613,7.813613,0.0,0.0,47.957623,15.916059,0.0,0.0,0.0,0.0,47.540623,0.0,70.80271,10.8566265,13.1331005,11.855483,42.62127,0.0,18.195316,12.402839,0.0,15.265326,0.0,8.395718,6.5345035,0.0,11.120935,0.0,6.5345035,9.146329,0.0,0.0,12.589284,0.0,19.366123,23.838531,0.0,52.400288,0.0,34.01161,14.573446,48.537212,0.0,32.1953,28.022976,0.0,20.929111,68.64199,39.63047,0.0,0.0,0.0,22.710297,25.837524,0.0,30.461197,12.479816,8.484559,35.474506,0.0,31.171232,0.0,0.0,3.0416265,0.0,0.0,0.0,0.0,0.0,38.378117,0.0,0.0,0.0,0.0,0.0,80.57069,0.0,32.330845,23.8237,19.354078,23.8237,0.0,84.12708,0.0,28.367628,25.41432,48.12347,0.0,13.336433,8.733179,0.0,36.073433,0.0,22.604908,0.0,0.0,14.694713,27.82528,0.0,0.0,11.907312,37.016354,44.596447,0.0,47.356705,14.306194,19.15524,48.359413,19.15524,0.0,0.0,0.0,18.292025,0.0,10.126922,6.6314754,0.0,15.249051,17.391933,8.389301,32.9296,0.0,31.309244,32.9296,27.451591,15.268271,23.487219,44.894592,33.52977,0.0,0.0,34.73713,13.883277,26.28878,0.0,6.549192,18.261805,0.0,53.10299,0.0,25.026873,18.691456,9.462963,0.0,9.041131,17.109343,14.874078,16.14995,23.893217,29.866049,0.0,22.658266,5.766262,35.365025,12.2134695,34.320698,7.9189777,0.0,23.135592,15.640655,0.0,18.661564,0.0,58.087433,9.924612,38.132954,12.842204,24.317448,0.0,0.0,31.943768,14.468947,10.806212,35.441536,31.97885,26.405842,0.0,22.0654,0.0,5.897427,0.0,6.021894,0.0,0.0,23.079254,47.609287,0.0,65.94079,17.071833,3.8350606,0.0,0.0,17.166962,89.862755,16.811686,22.659054,36.96801,41.867226,41.867226,15.641477,21.351078,0.0,21.62978,15.493849,14.13812,0.0,12.691998,0.0,0.0,21.916185,99.680336,0.0,0.0,7.9603133,0.0,8.510712,15.469552,14.824426,0.0,32.512062,15.332692,0.0,10.541058,35.63207,0.0,19.542377,26.166212,0.0,0.0,48.355682,0.0,19.35542,73.84512,0.0,10.29281,0.0,15.919219,8.352426,0.0,23.233196,78.57327,23.736546,19.834137,28.679905,0.0,18.189484,68.266716,23.24637,0.0,67.38295,26.930729,0.0,0.0,25.135319,18.77245,6.2432647,0.0,0.0,57.617912,53.933117,3.92933,40.02257,22.784044,61.335003,40.437756,29.498049,87.80718,38.63756,53.992897,90.55578,78.444664,68.63792,20.756775,44.013214,72.73337,57.31432,51.147667,37.495365,16.868816,20.725681,0.0,0.0,0.0,17.77941,0.0,42.272827,65.03635,120.95916,108.061775,94.55245,54.670795,100.19415,50.236256,51.651897,0.0,29.959862,33.034016,65.45778,21.324276,32.00009,16.980001,0.0,31.78198,23.8237,39.752117,29.921576,21.450747,31.510675,54.071194,19.15524,37.6805,33.49862,30.577612,27.744566,16.021814,43.257286,0.0,0.0,0.0,0.0,13.695157,14.752481,39.21297,21.3045,15.7939825,21.681692,0.0,0.0,0.0,0.0,29.956572,0.0,21.5573,10.679698,0.0,0.0,0.0,0.0,0.0,0.0,0.0,0.0,0.0,0.0,0.0,0.0,0.0,0.0,0.0,0.0,0.0,47.335934,0.0,0.0,14.446413,115.677574,72.29626,109.010666,41.560226,5.766262,33.219753,31.77499,31.65218,19.12367,29.387075,22.658266,16.115519,36.379936,0.0,0.0,0.0,0.0,0.0,63.445442,39.80026,58.86303,53.91477,51.105083,19.553608,37.167034,13.98146,19.172367,20.334742,0.0,0.0,0.0,0.0,0.0,0.0,0.0,0.0,0.0,23.586313,15.833453,40.620167,19.755192,44.118366,16.62322,27.980925,31.535408,10.220303,0.0,11.314993,0.0,19.370314,43.53565,29.43432,53.52366,13.965522,85.73342,19.7374,35.875816,0.0,24.754374,42.203564,29.860304,27.6302,13.804159,23.863327,13.988871,24.986746,12.575899,34.725006,10.364648,16.9434,20.348701,61.563446,29.033329,50.00097,32.044743,44.946507,50.994877,20.462181,34.44283,0.0,26.771338,11.167116,29.428944,0.0,22.645285,25.065527,10.392302,0.0,15.920627,9.488121,19.227697,0.0,0.0,17.782663,0.0,0.0,20.374256,0.0,0.0,148.1927,17.22989,7.9603133,11.834476,12.74057,13.781529,0.0,35.650486,42.04737,26.802277,0.0,6.51804,0.0,0.0,0.0,0.0,0.0,0.0,0.0,25.555845,21.3045,0.0,47.13099,49.861195,15.532912,19.660875,28.590166,26.608887,46.622795,29.045431,9.515364,4.219261,19.212482,0.0,0.0,20.898262,0.0,9.474688,57.586006,15.681455
C16x32_C16x33,11.182697,20.185287,0.0,0.0,77.0498,19.622154,22.771626,0.0,0.0,20.523865,33.297997,20.523865,81.25733,34.230743,19.15313,9.5965395,73.554245,0.0,0.0,5.811765,0.0,18.299543,0.0,19.465406,20.063618,0.0,18.107882,10.031809,11.570884,39.92016,0.0,0.0,0.0,0.0,0.0,0.0,20.367378,22.354492,0.0,15.119269,0.0,60.808643,0.0,0.0,21.664646,0.0,25.820934,47.106266,26.076487,0.0,0.0,0.0,9.423882,14.3028755,0.0,15.3219595,11.0413065,15.461738,69.34466,0.0,0.0,16.004875,5.0856175,5.0323524,5.4096217,5.575871,4.605123,0.0,0.0,8.624404,0.0,8.201177,0.0,0.0,0.0,42.83574,0.0,31.600292,24.100407,0.0,25.193344,18.587612,44.268665,0.0,22.475916,10.167421,10.268051,14.697518,18.944998,31.632782,0.0,56.788548,0.0,0.0,0.0,0.0,35.826313,36.18089,11.728497,0.0,20.53254,60.191547,35.587414,0.0,89.217674,36.27258,29.113647,85.17986,30.433933,0.0,0.0,0.0,12.548169,20.042198,23.593447,17.832232,0.0,8.285378,33.366173,0.0,23.358835,0.0,34.965656,20.782375,22.801302,37.927563,0.0,22.117805,26.36103,20.214085,0.0,49.327927,33.92028,34.255993,25.783405,24.692474,19.346003,0.0,102.2673,0.0,18.08341,21.55265,15.95539,0.0,38.921886,20.664686,0.0,13.624342,16.505436,0.0,0.0,28.416712,0.0,9.619997,28.162119,22.853182,0.0,20.72925,43.191956,0.0,17.318365,22.855068,0.0,56.70464,20.542492,26.513086,40.013813,40.40984,0.0,0.0,0.0,34.46927,41.082085,74.94785,11.885779,30.035397,0.0,0.0,0.0,18.744997,0.0,26.816782,0.0,0.0,36.496464,38.534252,0.0,40.631565,21.2435,15.404564,0.0,0.0,30.02378,99.61685,25.93691,5.2131586,25.328926,14.677367,17.245096,0.0,18.933193,0.0,42.819107,0.0,0.0,16.462688,40.359287,0.0,15.850587,22.267357,43.24355,6.1481047,0.0,15.776625,18.803316,39.649963,0.0,15.584561,0.0,23.113438,34.966553,0.0,8.53411,20.040876,0.0,23.747961,16.95854,0.0,0.0,96.80138,0.0,14.619036,37.885864,0.0,0.0,22.9111,25.998604,30.288858,0.0,33.673508,90.88298,36.94963,0.0,26.800247,0.0,37.689964,27.638706,32.047867,12.206357,54.38318,32.363346,0.0,0.0,26.528816,31.61828,12.047957,10.914771,0.0,23.488237,34.89682,26.977966,22.587595,30.754318,9.568703,35.070667,25.071934,23.46863,36.829994,42.869736,26.766132,39.706566,10.3236685,38.93827,36.37687,32.860687,40.25928,0.0,34.441544,19.092276,26.658787,0.0,0.0,11.358614,0.0,13.654052,4.08852,69.20522,69.19954,117.07867,41.78023,107.260735,96.89294,39.97939,101.554245,16.357464,20.734467,32.825462,22.885546,0.0,15.736124,0.0,0.0,26.38592,21.442152,27.848919,5.6233816,21.629429,17.479954,10.571259,25.902437,21.220287,30.150167,14.658689,11.340532,8.580305,28.35477,0.0,0.0,0.0,0.0,18.09313,33.485523,22.594955,25.69764,16.30144,26.443066,0.0,0.0,0.0,0.0,15.736124,36.9207,0.0,0.0,0.0,0.0,0.0,0.0,0.0,0.0,0.0,0.0,0.0,0.0,0.0,0.0,0.0,0.0,0.0,0.0,0.0,19.599981,12.208077,5.2603593,13.91179,58.2564,50.834053,114.566925,56.753166,6.656596,0.0,0.0,26.832907,30.890818,30.11384,12.908486,42.596855,54.408283,0.0,0.0,0.0,0.0,0.0,66.56852,66.88699,22.414112,51.798405,36.22517,24.507048,60.58566,31.613071,46.414165,41.05464,0.0,0.0,0.0,0.0,0.0,0.0,0.0,0.0,0.0,0.0,0.0,0.0,0.0,0.0,0.0,0.0,28.064571,20.834164,0.0,27.643652,0.0,37.46327,61.71697,57.940285,54.101315,73.08291,68.26335,49.041706,32.15159,45.88961,22.48941,37.236862,0.0,0.0,0.0,32.828228,12.478009,37.78149,22.268604,20.65888,22.459122,25.344873,17.169586,23.342196,35.312622,30.332663,6.274779,37.315327,32.683655,41.488678,38.06299,18.989416,0.0,18.93052,58.93111,12.523436,45.097527,34.931374,58.467117,32.12701,36.528843,14.917056,22.252985,0.0,5.817625,16.456287,9.043693,15.569277,46.30715,0.0,18.170975,213.74263,31.980045,22.9644,24.599955,6.320531,0.0,0.0,0.0,38.5291,54.94922,0.0,19.236172,0.0,0.0,0.0,0.0,0.0,0.0,28.249224,23.422256,24.931444,26.276293,28.290983,32.32529,28.327225,0.0,0.0,16.75852,42.483807,39.10561,7.8747253,38.34895,34.581635,0.0,0.0,0.0,0.0,35.913933,66.96318,46.041893
C16x32_C17x32,10.722306,28.55977,0.0,0.0,65.94066,24.317331,0.0,0.0,0.0,12.467434,28.728306,12.467434,99.01935,25.689468,20.42831,26.739008,83.40846,10.866571,0.0,9.405769,0.0,30.236198,0.0,20.600698,12.208294,8.787764,11.018269,6.104147,14.257285,20.2852,0.0,11.719817,28.207802,11.719817,0.0,28.48698,26.993635,9.701724,3.280203,4.4284873,5.321808,54.530285,0.0,0.0,29.13723,15.050918,34.941387,63.74511,35.28721,15.050918,10.615444,10.615444,10.615444,10.789384,0.0,15.664139,9.721512,6.587154,23.297935,0.0,0.0,15.613327,4.1931443,7.56882,5.9300013,8.386289,0.0,0.0,0.0,19.734882,0.0,12.043773,0.0,0.0,0.0,56.378555,0.0,33.38812,18.575209,9.93198,21.233137,16.113667,79.19836,13.863174,22.491642,22.198193,22.41789,7.5996265,9.795865,15.199253,6.2116184,28.092632,17.73827,0.0,0.0,17.73827,25.004967,25.252447,9.17899,0.0,14.82745,43.7557,28.8009,0.0,76.17716,14.11797,13.334333,72.76615,28.506874,13.334333,0.0,0.0,19.707972,14.227884,21.175978,30.578867,0.0,15.2894335,40.7247,0.0,19.90222,0.0,31.254353,17.707022,19.42719,19.366806,0.0,32.337708,42.90338,16.30486,9.505169,35.742485,9.505169,0.0,15.75609,20.19878,15.8252945,0.0,82.51971,0.0,30.797602,15.908586,13.619236,0.0,25.439102,14.5006075,11.345286,13.633874,12.662605,0.0,0.0,25.206379,6.089928,23.451212,28.181822,0.0,0.0,7.0980577,26.497192,0.0,0.0,13.11454,0.0,34.032978,10.27495,28.102125,15.894337,16.051647,17.821756,0.0,28.086472,27.254387,22.601313,41.232567,22.869883,17.894762,0.0,25.89086,0.0,10.645583,10.645583,23.04354,0.0,0.0,35.565914,46.323902,0.0,21.388653,20.271875,15.415341,0.0,7.1398964,23.1586,99.42766,11.828143,12.013048,42.92952,29.97764,34.301144,0.0,11.660872,0.0,28.562347,14.200362,22.739326,8.7467575,22.251007,0.0,9.681208,18.467869,65.76218,15.827595,12.032456,23.293762,12.032456,13.68834,16.043203,13.31842,10.507712,32.41511,27.572628,5.6073327,10.443744,27.128365,0.0,24.51321,17.505009,0.0,0.0,61.95295,0.0,26.4972,78.68422,0.0,10.197788,13.986468,35.20786,10.577697,0.0,23.001657,111.91752,35.862644,0.0,23.449339,7.7024345,30.914953,32.364212,29.203398,10.321829,53.80145,30.222353,13.462368,0.0,29.214733,36.704147,7.000056,9.856564,12.814792,25.891134,35.035915,24.172281,26.621199,19.131927,24.997444,35.010807,35.74727,29.654757,31.399935,31.725094,39.335197,49.064316,32.64526,44.365967,41.77041,31.701433,32.23356,27.598045,22.382948,28.334253,26.96449,0.0,0.0,13.31842,17.965492,0.0,37.135468,50.014816,94.92389,109.32461,65.00482,73.22413,88.50264,82.60326,35.23944,9.0421095,21.645832,28.95016,21.454388,0.0,22.603153,7.773379,0.0,26.448391,16.526379,23.581789,17.839611,10.96872,13.991283,18.71764,18.002216,16.811403,18.188635,12.633108,21.782694,9.042432,27.310543,0.0,0.0,0.0,0.0,0.0,20.606188,22.913528,35.456463,12.766846,33.53237,17.71835,8.769642,4.5108404,8.637268,16.229452,19.865986,0.0,0.0,8.124587,15.090951,15.180477,16.742271,13.472415,15.192196,15.662351,7.9976835,18.930674,15.7884655,0.0,18.840502,19.153032,8.430287,14.078329,18.956612,12.032456,28.272196,23.677149,15.449388,0.0,85.97003,50.200962,101.335724,34.87083,7.0151134,10.2052965,0.0,35.31632,22.88801,28.106642,15.045314,6.122132,35.09917,0.0,0.0,0.0,0.0,0.0,54.853355,51.63139,19.078743,49.09274,34.9981,46.51327,50.985577,16.72098,17.702932,31.491695,0.0,0.0,0.0,0.0,0.0,0.0,0.0,0.0,0.0,0.0,0.0,0.0,0.0,0.0,0.0,0.0,47.566113,7.8027835,0.0,26.382658,0.0,16.554197,57.281284,34.725407,55.50494,38.572063,66.99674,27.890583,25.03737,24.516647,14.305444,26.678947,23.920921,0.0,13.181346,24.483587,17.22451,30.743095,30.566868,22.20799,8.513722,26.304277,0.0,32.73593,27.84552,18.071869,7.448521,36.217583,30.52147,22.825,31.220924,7.111891,22.964382,0.0,64.940315,12.495496,44.90661,33.288876,28.931337,37.67018,39.890816,9.400528,22.708294,16.554197,7.311354,19.29564,6.3218226,0.0,31.501432,0.0,16.33489,146.0405,24.029762,35.58791,22.315676,20.051247,8.185103,0.0,29.598618,49.37523,37.230015,0.0,6.457866,0.0,0.0,0.0,0.0,0.0,0.0,27.360764,21.055557,16.33489,22.825119,38.637764,69.93099,31.888615,0.0,6.0484624,34.059025,73.20909,37.33275,24.981771,18.840502,29.540556,0.0,0.0,0.0,18.840502,18.731134,94.39276,44.991806
C16x33_C16x34,0.0,58.34291,0.0,10.114971,42.72239,0.0,47.83026,0.0,45.723774,45.723774,64.55156,0.0,63.06224,52.20673,0.0,0.0,72.22401,0.0,9.106654,8.298112,0.0,0.0,0.0,0.0,0.0,0.0,0.0,0.0,32.26229,26.247313,0.0,0.0,21.073708,0.0,0.0,0.0,47.749855,26.860214,0.0,15.732185,36.190323,59.91081,20.236807,0.0,20.236807,0.0,20.839193,40.473614,0.0,0.0,9.44068,0.0,21.822231,12.6667185,0.0,17.913445,6.6011987,17.593699,66.20312,0.0,24.257826,34.305744,0.0,0.0,0.0,0.0,8.601909,0.0,0.0,0.0,0.0,0.0,0.0,0.0,0.0,39.81471,0.0,66.09497,27.86214,0.0,0.0,44.103233,39.349964,13.665291,14.735623,12.057286,0.0,0.0,0.0,0.0,0.0,70.050285,27.389257,0.0,0.0,0.0,31.614185,0.0,0.0,0.0,17.195759,62.079865,68.43831,0.0,77.61119,17.165663,62.001507,66.019844,0.0,26.952486,0.0,0.0,11.7100935,22.178501,26.108278,0.0,11.7100935,0.0,41.14135,0.0,49.745842,0.0,21.624865,1.9608276,0.0,42.692562,0.0,21.042154,1.9460934,23.558144,24.22421,74.70731,27.823572,0.0,24.22421,23.47424,0.0,0.0,112.59507,0.0,18.277311,18.041786,14.130197,14.130197,38.906303,0.0,14.347546,13.016547,15.463992,0.0,0.0,22.883965,8.92814,24.199162,25.223577,44.80836,0.0,37.359623,79.00775,24.807968,35.083763,0.0,0.0,53.703545,0.0,63.415512,32.220436,0.0,0.0,0.0,21.526197,28.27098,23.493807,56.54196,10.526122,29.696688,0.0,9.150157,0.0,26.493889,0.0,26.166903,0.0,0.0,13.675904,48.074303,0.0,15.178602,18.813381,22.692541,0.0,17.97627,29.601547,123.86161,13.124763,4.6168065,17.9464,0.0,21.335066,0.0,0.0,49.736702,0.0,14.4288,1.5260645,31.49214,45.99787,0.0,0.0,27.682724,57.85429,0.0,15.134227,15.134227,23.500454,35.37897,0.0,15.234708,17.174534,6.6408863,28.045483,23.92582,0.0,15.532961,6.341305,35.81595,0.0,0.0,0.0,103.196365,0.0,0.0,34.442955,0.0,8.41847,0.0,25.654243,26.034794,0.0,23.60099,97.38564,39.984642,26.54457,1.2013501,0.0,31.302664,59.693054,25.733168,0.0,100.190994,37.31457,19.435165,42.21314,24.491701,0.0,10.669748,0.0,11.512492,46.83588,45.94776,42.756035,20.658669,42.7544,18.88136,51.329994,35.648373,34.349068,53.904972,56.59346,42.08431,60.287632,27.330582,60.756897,54.778515,38.87033,41.843666,0.0,48.44842,30.268454,30.386755,0.0,0.0,0.0,0.0,0.0,0.0,48.841236,29.747166,56.76295,31.884928,83.60222,98.676636,55.728424,73.578125,21.9394,0.0,41.23384,22.715618,0.0,20.01904,0.0,0.0,26.54457,12.111867,25.617254,11.512492,21.3772,18.671957,9.811801,26.952486,22.268307,28.29673,15.252933,15.362175,8.92814,29.64156,19.665537,28.27098,25.209652,8.285604,0.0,53.857704,43.790462,68.93376,0.0,0.0,0.0,0.0,0.0,0.0,0.0,17.272772,0.0,0.0,0.0,0.0,0.0,0.0,0.0,0.0,0.0,0.0,0.0,0.0,0.0,0.0,0.0,0.0,0.0,0.0,0.0,0.0,34.673992,12.220383,41.138905,44.021904,79.4302,94.44019,39.40144,0.0,0.0,0.0,12.106793,0.0,62.38802,8.92814,76.202774,29.845373,0.0,0.0,0.0,0.0,0.0,87.02397,23.885353,44.419933,83.69832,35.741154,0.0,0.0,0.0,58.66088,32.676846,0.0,0.0,0.0,0.0,0.0,0.0,0.0,0.0,0.0,0.0,0.0,0.0,0.0,0.0,0.0,0.0,0.0,0.0,0.0,0.0,0.0,74.847694,24.491701,132.23975,39.317,75.22749,51.594284,101.711365,5.517872,67.56169,47.894287,68.05874,21.335066,0.0,49.176117,56.340714,59.73343,45.238605,69.88259,48.128593,39.520126,53.899086,21.472906,0.0,0.0,0.0,0.0,0.0,0.0,0.0,0.0,0.0,0.0,0.0,39.475857,0.0,45.04161,22.70373,48.78776,26.387287,33.23466,18.880524,0.0,31.818016,0.0,15.234708,0.0,0.0,39.47142,16.889496,0.0,86.45528,37.455803,33.809692,19.435165,11.512492,7.251369,0.0,0.0,29.253464,46.306526,0.0,26.931519,0.0,0.0,0.0,0.0,0.0,0.0,58.8022,24.371765,0.0,39.467766,34.01262,35.92459,32.83093,0.0,0.0,10.108167,47.77235,21.464914,19.614393,0.0,13.856433,0.0,0.0,0.0,30.378448,23.94108,23.885353,39.943745
C16x33_C17x33,0.0,14.734551,11.102167,0.0,36.951736,20.341135,16.88522,0.0,35.364723,37.831017,56.553444,0.0,97.44943,73.10742,0.0,15.315648,53.38409,0.0,1.8712065,8.946309,0.0,18.798254,0.0,17.47435,0.0,0.0,3.5041194,0.0,40.747154,12.6111965,0.0,0.0,18.008463,0.0,0.0,0.0,31.933508,22.325027,0.0,18.365421,45.708244,78.01268,8.7452755,7.267971,10.951469,0.0,28.497293,25.647316,0.0,16.251677,7.088821,0.0,10.551208,14.258053,0.0,26.344156,13.614543,7.385535,23.878016,0.0,18.214725,25.75951,6.5344877,5.7650623,6.5344877,0.0,7.4835467,0.0,0.0,0.0,0.0,0.0,0.0,5.6157722,0.0,40.66668,0.0,38.354454,17.44455,24.543745,20.468367,37.562485,48.417145,10.92554,25.915081,10.811801,0.0,0.0,0.0,17.36789,0.0,66.877304,16.08345,16.000935,0.0,0.0,29.380795,0.0,0.0,1.62765,20.468195,60.507668,39.314724,0.0,89.68624,6.7805853,20.238094,82.62981,23.746143,20.238094,0.0,0.0,11.509194,16.531572,28.45806,9.008305,7.677496,0.0,44.84413,0.0,16.237686,0.0,24.341623,9.121421,0.0,9.411441,22.522467,23.685705,17.653429,22.110699,18.92564,54.49437,0.0,0.0,25.491539,13.188547,0.0,0.0,116.28947,0.0,20.573511,4.580522,5.720338,3.815894,27.032642,20.405533,12.229853,14.7669935,13.412754,6.196334,0.0,25.929035,6.2282877,20.62737,24.906616,32.627026,0.0,27.324665,51.144997,18.627815,26.343712,4.0347815,0.0,61.60546,17.154678,33.894966,14.563716,0.0,0.0,0.0,10.535805,33.26231,17.823648,77.89722,11.848532,14.208953,0.0,12.430214,0.0,0.0,23.266317,22.807611,0.0,0.0,26.826952,38.59547,0.0,25.265688,21.176928,20.47934,0.0,15.001578,29.803926,73.7035,24.934381,5.1968217,17.436844,0.0,24.015415,0.0,0.0,37.346317,0.0,4.70065,11.913501,23.646832,22.182001,0.0,0.0,49.154575,41.632717,0.0,11.363995,17.035559,11.602895,11.1352825,0.0,15.408145,12.896021,7.2972465,19.896202,18.845083,0.0,19.440907,4.7615614,11.951773,0.0,13.25005,0.0,61.26306,0.0,21.378271,39.155205,0.0,5.3503785,0.0,25.9463,14.249394,0.0,17.670183,82.69244,30.861668,18.65991,16.020435,30.824808,23.87975,35.27109,21.086445,0.0,76.42034,26.474981,17.131382,22.767408,20.62578,27.562206,12.010202,9.400445,8.141367,38.285313,42.804855,41.3852,19.619205,42.533096,17.84132,36.173283,37.306133,32.45702,50.935734,60.13198,39.766186,53.41067,27.49767,57.25963,40.479225,43.116688,55.93718,0.0,47.632515,28.60118,34.655674,0.0,0.0,0.0,7.298124,13.422344,12.309315,55.44292,51.178146,84.21781,43.358253,70.060844,67.98628,42.94262,75.10683,26.283411,14.958551,42.597317,25.820229,0.0,23.369802,0.0,0.0,29.010191,27.120693,35.096283,12.657222,26.27333,18.971493,8.775754,31.463762,25.99555,37.144424,14.54639,20.11542,9.682996,35.28292,20.208498,26.561556,24.748735,10.903146,17.86623,21.954832,21.687132,58.805286,14.31805,26.628513,0.0,0.0,0.0,0.0,0.0,21.399385,0.0,0.0,0.0,0.0,0.0,0.0,0.0,0.0,0.0,0.0,0.0,0.0,0.0,0.0,0.0,0.0,0.0,0.0,0.0,15.617783,26.036022,5.773747,22.979729,72.380226,59.864956,137.59926,61.0962,0.0,0.0,20.359127,18.878002,21.811796,44.8205,14.230017,23.98429,64.61644,0.0,0.0,0.0,0.0,0.0,45.76827,35.12666,15.910122,62.52727,46.313473,18.796986,34.51337,15.8665495,33.837494,20.244286,12.234245,0.0,13.242258,12.730459,6.196334,0.0,0.0,8.341036,13.532334,18.748398,5.416976,16.850327,21.88363,13.785274,22.074617,20.568027,0.0,0.0,0.0,55.62433,0.0,47.92816,75.45283,62.933655,73.44003,62.436905,47.734177,63.03247,11.750573,32.229065,21.207003,26.704498,16.020082,11.305692,65.38961,53.23775,73.17148,65.31941,88.029915,85.9968,52.73783,68.07434,22.238512,0.0,0.0,0.0,0.0,0.0,0.0,0.0,0.0,0.0,0.0,0.0,72.006744,26.275742,37.286034,20.838331,39.372704,22.492533,26.667635,0.0,22.622665,36.388878,17.251207,27.158712,0.0,0.0,53.7338,12.681992,0.0,114.9628,31.937891,21.476484,23.074799,8.141367,5.444911,0.0,0.0,35.045666,50.36137,0.0,1.9322662,15.547438,18.355278,15.384332,0.0,0.0,0.0,17.277817,13.144769,17.683239,31.844042,32.702663,34.540993,25.212141,0.0,0.0,16.568815,41.348072,23.38375,18.858967,4.3982368,29.999735,0.0,0.0,0.0,22.75074,32.93849,43.674313,17.433916
C16x34_C17x34,32.5624,35.878635,32.5624,0.0,0.0,0.0,44.037235,0.0,55.30728,55.30728,57.253185,0.0,53.957928,47.72994,0.0,0.0,43.929752,0.0,0.0,0.0,0.0,0.0,0.0,0.0,0.0,0.0,0.0,0.0,19.54886,0.0,0.0,0.0,0.0,0.0,0.0,0.0,47.73943,29.24931,0.0,9.3405485,30.687048,67.480675,20.385391,17.491117,26.860815,0.0,0.0,62.109207,0.0,0.0,20.358595,0.0,0.0,13.299134,8.660077,20.195553,28.846754,0.0,36.140507,0.0,26.562195,43.937775,0.0,0.0,0.0,0.0,8.379633,0.0,0.0,0.0,0.0,0.0,0.0,0.0,0.0,33.460136,0.0,61.43548,37.140278,31.867186,0.0,47.086433,35.577644,12.572731,15.939704,0.0,0.0,0.0,0.0,39.96634,0.0,112.90079,31.702164,27.20116,0.0,0.0,0.0,0.0,0.0,0.0,33.984188,72.98343,60.334515,0.0,76.49562,0.0,27.032677,73.89571,0.0,27.032677,0.0,0.0,0.0,0.0,28.525335,0.0,0.0,0.0,40.34091,0.0,15.581554,0.0,20.531038,23.156342,0.0,0.0,39.946316,25.289333,0.0,0.0,31.643417,74.02398,0.0,0.0,31.643417,0.0,0.0,0.0,123.47273,0.0,26.554396,0.0,9.811635,7.4463124,0.0,0.0,0.0,0.0,0.0,0.0,0.0,9.222859,0.0,37.275925,34.750786,40.87197,0.0,51.964706,73.941505,12.979706,21.47034,0.0,0.0,0.0,0.0,56.142063,0.0,0.0,0.0,0.0,0.0,45.072777,0.0,104.22002,38.527195,0.0,0.0,0.0,0.0,0.0,0.0,0.0,0.0,0.0,0.0,39.254158,0.0,15.138954,24.28966,30.068027,14.766307,13.813388,33.265076,132.36661,46.06492,19.750978,0.0,0.0,21.642523,0.0,0.0,69.79342,0.0,0.0,0.0,34.119675,0.0,0.0,0.0,65.05668,70.20107,0.0,22.081713,29.095974,0.0,0.0,0.0,0.0,15.624192,0.0,0.0,25.487553,0.0,0.0,0.0,0.0,0.0,35.958477,0.0,81.28262,0.0,0.0,18.383842,0.0,0.0,0.0,21.829218,0.0,0.0,0.0,113.1535,0.0,39.987152,0.0,0.0,0.0,56.216137,0.0,0.0,82.192856,0.0,35.135406,33.155212,19.423847,0.0,0.0,0.0,0.0,37.196095,58.85271,36.866676,11.468879,72.79752,50.727665,37.49161,65.10296,38.930916,67.35753,121.24015,47.822723,71.999626,31.327568,69.09542,78.992516,87.54716,101.07157,0.0,78.84614,55.021168,15.826394,0.0,0.0,0.0,0.0,0.0,0.0,21.364672,43.636826,80.702835,35.114395,88.541016,98.12972,0.0,88.37694,21.664427,13.640817,40.168346,46.87976,0.0,33.383595,0.0,0.0,62.875324,58.398933,61.863728,0.0,45.938763,0.0,19.671196,42.50586,32.433254,76.50841,51.22588,31.512741,0.0,53.925583,29.106373,34.206936,35.060833,26.528759,27.413546,43.07079,0.0,55.31672,0.0,0.0,0.0,0.0,0.0,0.0,0.0,18.785805,0.0,0.0,0.0,0.0,0.0,0.0,0.0,0.0,0.0,0.0,0.0,0.0,0.0,0.0,0.0,0.0,0.0,0.0,0.0,0.0,36.773415,32.11096,16.364092,56.302006,123.25865,168.60983,61.98976,0.0,0.0,0.0,0.0,0.0,39.7975,7.3027177,53.44808,30.134832,0.0,0.0,0.0,0.0,0.0,74.1995,0.0,34.532303,78.72431,41.272743,19.930641,69.789986,21.94408,29.21592,15.44475,0.0,0.0,0.0,0.0,0.0,0.0,0.0,0.0,0.0,21.868887,7.5320263,27.47633,31.665485,9.887234,29.350311,30.082973,0.0,0.0,5.0372934,0.0,0.0,85.13469,45.706234,138.87918,62.957233,75.29305,50.06038,118.20041,0.0,64.34573,29.643011,46.564262,16.425089,0.0,47.175488,40.43871,55.732395,46.998604,44.776386,65.498116,37.95153,35.10465,23.812426,0.0,0.0,0.0,0.0,0.0,0.0,0.0,0.0,0.0,0.0,0.0,45.432777,0.0,41.7917,51.80428,38.410606,0.0,0.0,0.0,0.0,41.356087,0.0,0.0,22.762264,0.0,67.40186,0.0,0.0,67.99705,0.0,29.309832,35.135406,0.0,11.566806,0.0,0.0,0.0,81.76548,0.0,0.0,33.61319,18.452238,45.664272,0.0,0.0,0.0,0.0,17.152864,0.0,24.443588,0.0,28.943684,0.0,0.0,0.0,24.889181,52.96268,0.0,0.0,0.0,0.0,0.0,0.0,0.0,27.730152,63.982384,0.0,31.738184
C17x13_C17x14,0.0,0.0,0.0,11.914003,22.23968,10.406918,8.5069685,17.19846,41.96858,18.40457,37.416355,0.0,49.3569,21.180439,1.1170354,11.200498,32.8214,0.0,0.0,17.900663,11.512836,32.202255,13.955961,21.574152,14.464774,21.324614,8.057479,11.394996,20.058584,7.4818826,16.356457,25.498558,21.270044,17.227333,13.354991,9.365419,0.0,32.84466,15.720059,23.781494,13.690158,59.951504,77.10496,29.198317,50.148167,54.5833,24.244078,46.156715,22.765738,98.01274,6.8983173,10.483021,8.517134,0.0,0.0,0.0,18.018032,6.3534946,10.0644045,19.198626,31.243792,18.342312,35.95879,12.296381,18.865034,12.648398,30.706928,9.283687,0.0,36.230038,15.70154,34.47999,22.550655,29.137726,33.525764,120.714325,7.0886087,15.852943,15.581416,8.1370125,16.934572,25.222012,28.676523,9.243394,20.570545,11.412526,9.26988,14.360196,12.686025,0.0,19.344435,20.25665,2.663215,4.711129,2.5285838,8.80698,3.3277066,3.6732368,14.100868,14.0879,16.301826,23.397524,32.104603,24.96962,26.256239,11.946378,19.44239,54.160507,21.130852,9.675778,7.551891,0.0,11.024453,8.318536,9.272505,0.0,9.277467,10.340316,13.639871,24.858707,19.82136,14.668534,28.19271,6.2725396,36.970493,7.8937597,7.9673176,17.743881,8.57826,13.746592,0.0,20.626453,4.4022117,4.8593125,0.0,14.188717,43.070343,3.0530071,11.303801,4.5388656,24.137243,11.669125,38.799656,32.651283,2.1294196,0.0,48.35634,80.55276,61.55218,12.822987,0.0,60.841843,28.768034,35.10851,58.48431,0.0,0.0,9.876573,37.334248,4.4223256,3.7709396,9.996906,25.742205,45.08361,40.228172,19.746859,8.770724,2.9919407,20.005316,13.456857,12.4860115,23.39605,11.310795,5.0217295,14.963035,6.410916,12.498182,8.36024,13.412046,5.9792576,28.415285,11.949611,19.895706,17.648066,13.403048,56.34159,26.23715,26.871798,33.736393,21.587324,9.502796,2.103222,4.379401,0.0,0.0,17.973919,0.0,11.982805,22.893906,12.025021,5.654506,27.56965,6.7347293,14.2306,9.936772,28.27386,0.0,0.0,8.790097,12.603936,28.550854,11.824366,15.446347,39.448044,19.071114,7.185106,16.078886,80.92136,4.829063,10.350734,11.660088,9.443903,10.481435,64.28119,41.23537,5.5427814,0.0,4.489288,9.831777,35.94167,25.452694,1.1133374,6.8279448,22.781223,11.713844,12.154842,72.80427,12.553006,32.324207,8.228677,12.837523,5.8409705,15.969945,0.0,0.0,8.724595,8.579726,6.3134594,12.3355665,27.906277,9.024414,7.3091807,31.580742,33.346233,14.016002,32.28057,24.53767,13.156134,0.0,21.44338,37.821457,29.347364,64.060776,20.213844,13.472074,19.29936,52.82209,35.59206,8.776241,29.603745,41.95442,42.8563,25.35642,16.982025,30.394335,21.32994,43.297993,22.465462,52.190365,180.46454,3.044021,10.000028,86.32098,29.780952,27.253204,20.260256,38.764317,31.530361,25.043276,25.581621,10.136847,18.142874,33.106888,13.409999,0.0,24.05175,7.9800444,25.277512,17.724045,3.4615571,34.275185,33.672104,13.566171,23.01187,0.0,45.419514,50.259094,0.0,52.12733,27.923868,25.019596,12.723584,13.388424,39.202885,52.172684,28.089563,32.68025,23.447273,32.617435,13.169193,16.145782,0.0,43.056995,44.77403,0.0,7.744297,18.272121,10.003336,28.131102,8.622339,2.1200457,5.208527,19.286076,18.808609,33.2223,37.09421,17.009453,2.288161,7.734923,0.0,26.966124,23.156311,20.44849,0.0,9.347727,22.347832,36.561413,28.181332,13.559397,23.090178,27.066236,12.763578,2.2305613,22.573399,16.527695,29.30412,14.675264,33.490707,7.988121,57.472404,21.116953,40.60657,81.349045,23.562845,37.149673,40.519672,17.13554,42.956676,13.964865,15.986584,6.260527,16.726936,9.502796,44.699078,16.22208,12.481146,0.0,28.264156,0.0,0.0,0.0,60.601467,22.30793,15.038118,18.554203,5.4467306,8.162714,29.163076,13.961944,12.767609,11.083739,16.04522,7.3211117,12.450546,4.0252724,5.5069437,0.0,7.101798,12.351659,0.0,18.359394,9.478093,4.541497,2.717422,36.489674,40.742386,0.0,29.61821,22.882387,0.0,13.758806,30.952934,36.519405,12.080474,2.659591,18.685831,50.80107,28.932371,32.30431,38.05583,20.147314,46.55295,17.942884,25.219484,22.096003,8.487507,11.425495,0.0,1.3714647,4.8965206,3.740195,6.574339,1.569031,9.630508,11.288853,10.968552,6.60011,16.098879,0.0,36.47951,25.062534,35.514633,42.043488,21.691061,23.223526,22.839472,31.548939,31.798538,70.03671,0.0,0.0,26.862143,9.565356,0.0,75.07226,69.41292,56.550762,0.0,31.405172,24.346363,28.699547,6.2175984,24.469212,39.371277,18.07529,5.794075,5.248945,6.310376,4.019665,32.618763,11.585197,17.44919,6.422647,15.429121,19.893269,4.976787,37.786865,73.64192,45.553123,3.1125464,0.3463894,38.182266,38.737522,9.729998,16.243462,18.641813,14.2133045,23.441833,6.8130054,39.10429,15.0986395,27.278381,22.337711,0.0
C17x13_C18x13,0.0,0.0,0.0,14.305762,20.163269,7.1653056,14.210377,6.843815,45.17677,23.120762,38.708958,0.0,38.273422,21.289055,0.0,8.194158,47.471348,0.0,0.0,20.921402,4.871283,53.892868,22.841312,18.649855,18.669834,37.073315,13.187438,18.649855,35.292034,4.163396,0.0,17.537643,6.2383575,0.0,8.831821,18.951038,0.0,30.847858,17.211933,26.295174,16.384941,55.407764,74.27905,28.301323,52.732956,56.198887,19.990643,44.73875,23.195724,89.836655,0.0,32.310432,11.493222,0.0,0.0,0.0,30.61125,12.3539095,11.480279,12.29725,27.040932,20.299015,46.4768,11.3727455,19.52193,16.100721,30.435581,12.142632,0.0,51.997658,22.038067,26.272003,20.333693,26.273184,36.015564,116.56849,5.68428,14.199937,10.459442,8.697058,20.531918,27.271763,44.43597,0.0,32.81174,13.395339,8.532523,27.939121,17.674828,0.0,24.98261,40.456165,0.0,2.1747139,0.0,4.3184023,1.5361093,2.543264,14.094321,22.598284,18.179008,22.86103,31.364985,17.44017,24.883598,5.8686366,10.2864895,45.31057,19.614372,0.0,10.608991,0.0,13.317754,7.147524,10.102717,0.0,10.108125,8.7507715,14.287401,47.672195,15.594298,12.95283,39.616642,9.159035,42.56644,3.808017,5.3911185,18.681725,7.082092,3.5598974,0.0,24.462614,5.3749275,0.0,0.0,2.87804,36.651802,0.0,9.25654,3.9440622,24.005543,8.4412155,34.797314,26.41103,0.0,0.0,48.084827,90.18104,53.326775,0.0,0.0,55.876358,32.27679,28.432978,56.884342,0.0,0.0,8.660018,29.883297,34.035675,25.54981,7.4996333,18.533789,33.476112,26.210733,26.177048,0.0,7.5520773,29.578579,16.639181,11.814025,28.927158,10.966054,24.54186,18.075636,8.324245,10.323321,3.8349183,16.09662,9.400081,32.009415,7.0944047,23.148113,18.032612,10.411134,52.45591,24.404228,24.721554,24.80956,24.065529,9.731164,0.0,0.0,22.226889,0.0,24.196651,3.2851198,14.686116,27.364176,21.884697,4.935081,24.632204,6.5771937,7.673533,7.5070415,25.424006,4.32542,4.32542,7.024603,12.722964,25.684835,8.959623,0.0,28.318293,10.735238,0.0,11.592356,76.11496,0.0,7.6916065,10.310963,0.0,12.02577,73.261635,53.58197,10.895499,15.42507,0.0,2.4551198,35.480534,33.438236,0.0,0.0,27.545547,14.496999,13.400098,81.96754,8.106928,26.225416,8.012524,12.166396,0.0,15.088191,0.0,0.0,11.007865,7.5058393,6.891423,5.8450994,39.941795,8.776015,0.0,37.325375,36.373783,13.789009,29.114037,23.367788,0.0,0.0,18.24388,30.921673,32.37773,41.371452,58.652462,14.622728,26.490362,39.251976,29.948956,25.68504,36.14149,38.733276,68.35938,34.804302,7.8391066,44.78595,13.414607,41.091015,27.42945,54.7843,160.22617,2.8779452,10.323321,62.737663,31.510374,27.892763,19.876095,40.523224,21.62897,21.34315,37.667988,4.405062,24.678349,32.82416,15.114415,0.0,25.712399,7.828736,29.597586,20.71498,26.646704,37.421402,39.354275,9.622424,26.383945,0.0,33.135365,34.817993,0.0,50.42002,25.20488,38.85154,21.616392,11.1848,54.67186,47.440025,41.754013,17.928944,40.74647,40.901833,37.870125,7.304343,0.0,55.18451,49.519848,0.0,17.764082,20.758196,10.102717,22.103453,6.975525,15.213768,3.8349183,19.120441,12.242212,22.79068,38.76449,8.090919,17.442032,14.14936,12.15988,29.268404,22.784983,19.944216,9.235327,4.9441895,0.0,26.071709,32.589123,30.828426,30.94597,30.179543,6.189771,18.296705,23.901464,24.761015,33.61526,35.306664,25.06019,11.295978,47.030983,16.635372,42.90742,88.078224,23.037514,37.254333,36.579803,10.595759,30.712303,12.454572,12.849264,6.8210635,15.155546,9.731164,33.044952,1.270851,0.0,0.0,29.028177,0.0,0.0,0.0,37.083874,22.373901,15.3995075,22.764057,1.0953803,11.687549,24.720348,14.731125,11.6599655,0.0,18.944502,14.597525,20.523815,11.784873,0.0,0.0,15.524957,15.584149,4.6508384,26.876978,16.620659,0.0,15.478209,22.46985,38.218792,11.988702,28.856386,19.663456,9.105318,8.749417,32.130356,29.754698,12.845807,2.1704242,19.413568,31.631243,21.695644,36.90195,21.720907,13.530325,22.700432,8.749417,14.513261,22.069176,9.229873,10.156121,4.758525,2.2456665,7.4821143,5.0293975,3.2085989,7.391541,3.8171885,15.976038,8.819202,6.513809,14.977248,0.0,34.030544,21.115044,37.96197,40.20356,22.21279,13.116858,26.669254,21.38512,29.114037,79.82762,0.0,0.0,26.986988,0.7929224,0.0,71.60731,40.8463,54.08889,0.0,26.654821,29.025059,16.231226,8.928546,21.872858,32.5247,19.016415,5.585583,0.0,0.0,0.0,32.79899,32.378788,32.712715,31.684477,19.932945,20.45465,11.010765,27.118998,67.78717,45.9731,0.0,0.0,41.498466,37.22727,7.5899653,7.7151504,0.0,9.274031,22.732887,6.827129,34.730995,0.0,28.36449,17.382784,0.0
C17x14_C17x15,0.0,0.0,0.0,9.848749,24.09557,4.8103204,0.0,9.135112,28.790703,19.803034,44.67051,9.924756,64.604485,22.933062,0.0,18.158932,44.8145,0.0,0.0,13.098337,6.1151433,34.124523,17.659897,20.514647,7.9286065,12.868845,13.576285,11.020559,30.904293,11.020457,6.4735317,17.396244,18.35257,18.35257,6.5561943,0.0,0.0,28.798376,14.032798,26.150211,23.70194,70.430855,60.64887,18.846193,78.553925,33.191025,35.01564,23.640242,0.0,71.70996,6.889856,7.514312,6.889856,0.0,0.0,0.0,6.0418315,4.0582185,16.547318,16.964067,17.036,23.126839,28.189518,11.21507,16.9467,9.878154,25.529354,5.727988,11.920123,38.392735,19.868755,27.556557,16.38868,21.982979,17.8447,111.25865,13.389855,23.747894,21.591505,12.477018,28.934635,32.478264,27.415602,14.784563,22.47216,14.784563,0.0,17.869596,6.2725334,0.0,11.256017,32.361614,5.6069517,0.0,0.0,5.314781,5.6069517,0.0,10.648589,10.606473,24.639727,20.222082,24.915558,43.017673,44.129005,18.275167,30.70389,91.84491,41.14608,12.922496,11.140891,9.557723,17.515478,8.231682,8.2333355,0.0,6.1228256,13.849043,11.69355,22.582907,19.632862,21.462786,25.541851,12.166674,39.887733,9.854969,5.709283,23.092175,10.862488,15.772474,7.417417,15.477548,7.417417,0.0,0.0,10.91837,35.65976,3.2132196,35.951878,2.4108584,41.236515,18.381296,62.582935,16.613636,3.5879223,15.973761,65.405876,110.91698,37.264458,13.351168,25.546848,52.952457,51.43098,34.810696,73.40025,0.0,0.0,0.0,42.658234,12.782519,23.418444,16.93086,13.743637,58.48766,12.462445,13.428895,7.511463,0.0,11.640567,10.266498,14.175348,20.90572,10.963229,12.061684,23.773035,2.4924254,10.068116,8.4475355,3.9136457,10.074629,20.632246,14.177357,10.362942,12.955489,17.377865,28.191996,14.106493,35.17317,41.64821,35.88909,7.99095,8.130301,13.840733,58.968178,0.0,18.075975,0.0,9.603254,29.812847,18.998041,0.0,14.573388,3.6619754,8.721936,16.046877,23.69912,0.0,0.0,6.79834,0.0,39.78878,10.265689,18.20059,40.83112,18.20059,7.4765816,19.784945,71.89069,17.590565,17.590565,3.8450286,2.7188458,16.8249,59.60143,30.236124,7.985614,5.9251227,5.646682,1.8971727,45.881535,14.70573,2.108588,10.597061,12.30246,13.964176,11.755438,67.52541,21.150932,17.169285,3.137298,20.653902,8.5534115,13.605654,0.0,0.0,15.062146,6.63472,16.196104,9.301605,28.191986,9.502978,9.502978,16.307718,51.990692,23.175003,42.34256,19.31934,19.60956,0.0,14.086523,47.919704,36.962276,29.534245,13.469875,20.474632,15.245938,24.562702,47.382023,6.1514807,28.163172,23.881874,29.436575,28.735666,7.8293037,24.568035,19.384531,25.626736,13.48798,42.48781,150.66884,5.6687016,12.312919,62.772694,43.77733,39.355682,23.055683,31.7105,19.985798,17.365995,21.405163,6.370426,17.864946,20.851562,9.807949,0.0,21.803432,4.614977,43.65353,13.544251,9.74966,25.350203,24.638672,23.054102,34.638554,0.0,34.095734,36.775764,0.0,38.22247,49.257256,21.918934,6.3949366,9.442738,28.685673,41.552532,20.553797,26.101574,24.824154,34.105373,10.280095,4.494942,0.0,31.567911,37.66333,0.0,6.9036026,10.514022,5.820678,15.558099,5.0171127,5.0895658,4.2237678,7.986791,19.653816,20.048788,21.967386,10.349429,5.231889,3.4316685,0.0,16.472328,13.990193,20.505634,0.0,15.408407,16.030493,30.206818,18.753979,15.856831,21.78536,23.70227,3.291854,9.957418,23.838638,24.675478,35.712555,22.034328,26.522007,14.42445,60.710384,30.573927,39.42485,118.1101,14.651288,41.771152,47.679695,17.025728,47.55867,17.538664,18.552538,13.689581,28.498138,17.299881,50.389988,30.785831,30.097107,0.0,25.106972,0.0,0.0,0.0,45.86837,19.023409,9.844094,13.969053,5.6366963,6.659186,20.86888,12.526747,10.722496,11.227207,11.475201,3.372413,10.598248,1.9351801,5.5378685,0.0,9.615673,13.210767,0.0,18.254614,13.528958,12.92653,17.44644,42.54323,46.61446,0.0,34.954033,28.514685,0.0,15.037525,39.795662,36.60887,16.786158,3.6904519,32.750908,48.346283,48.14679,52.754272,33.627327,34.30393,27.076128,18.265041,33.487602,28.877815,11.566691,0.0,0.0,0.0,0.0,0.0,0.0,0.0,0.0,0.0,0.0,0.0,13.801673,0.0,29.743551,24.701864,45.811825,58.799683,20.990685,21.792555,21.789968,17.169285,41.893772,99.71402,0.0,8.574621,27.91454,10.463361,8.440523,76.404144,17.164194,48.642258,0.0,31.489578,22.42406,7.1726217,3.69523,30.616428,39.693832,17.668787,4.346601,0.0,10.442323,5.8394794,51.714027,18.797228,35.454582,18.280874,4.0977745,16.881046,4.214954,31.975777,69.46595,45.95447,16.715582,5.526141,23.697695,27.732105,11.45367,19.60956,11.083298,20.884645,12.251327,1.6826488,64.28511,10.884871,42.488758,35.389095,0.0
C17x14_C18x14,0.0,0.0,0.0,7.514736,22.219152,4.093088,11.266353,7.859449,22.30299,16.536991,35.565132,0.0,79.28541,30.31428,2.7207146,16.328598,43.91277,0.0,0.0,22.696644,6.363476,42.397785,11.027242,10.9487505,14.183939,18.416801,14.3399,9.971309,35.81007,11.665279,4.4726124,19.03856,5.8162146,4.7107506,4.5297246,9.119897,0.0,35.192276,17.148401,33.11531,33.343765,61.37743,64.48979,23.223745,63.03484,38.29737,29.819536,29.131342,14.633445,77.38199,6.632234,10.51667,8.188609,0.0,0.0,0.0,17.399324,5.757088,14.187106,16.205761,17.7188,32.06389,24.39049,8.24942,16.297699,8.159699,20.600725,9.648012,0.0,56.5356,14.704347,31.039595,7.342184,17.856585,23.648422,106.67927,11.244828,20.091257,19.096851,12.951468,23.45879,26.331793,31.672956,12.884707,16.981815,15.908341,4.9670014,17.341337,6.0871053,0.0,6.9719944,24.461882,2.6906457,2.5872486,2.554628,5.81653,3.3220549,2.7862484,18.421608,12.337043,24.370516,22.953485,30.226364,36.30938,34.586517,17.371733,28.272001,80.355156,34.72965,14.069959,17.42694,0.0,21.728947,10.167395,8.005533,0.0,9.577521,10.167395,15.857331,53.42962,8.409029,6.2229905,27.25493,9.987757,32.441917,9.858524,7.677914,24.865805,11.763128,13.054745,6.415782,20.768295,7.921363,0.0,0.0,10.653375,33.964046,1.7502118,18.907875,3.3000996,26.448381,8.715501,48.761593,21.492767,0.0,15.269913,81.6663,102.70034,40.998535,28.355347,28.366644,47.318203,22.253874,57.670395,61.254658,0.0,0.0,0.0,44.9168,11.618948,21.025614,14.253879,13.946506,38.853966,20.996042,27.106518,6.153517,3.7326524,14.894781,21.043219,10.135001,12.165945,5.7552752,5.6224513,23.922459,4.926369,5.726456,8.76005,9.702288,6.6614785,22.697544,17.185919,14.248832,7.856467,17.695673,46.640038,15.295743,38.38613,42.64229,16.213474,8.636503,7.7984285,16.238157,66.66426,0.0,22.242708,9.364302,9.258794,29.706736,14.758388,0.0,17.169594,4.3143454,5.9470925,16.652971,17.698988,0.0,0.0,5.1095057,9.648739,36.311424,12.681937,15.307115,39.950607,18.89921,0.0,20.62889,74.49244,11.594826,14.315763,9.011583,7.2987885,20.84389,96.41606,62.04753,4.2043476,2.7699878,3.4052446,7.2749486,46.799927,10.483258,0.0,5.0754957,13.164312,19.473993,13.2937355,63.403656,13.388877,18.928411,6.7510276,14.295072,7.1799693,10.665403,0.0,0.0,16.557272,6.3335547,14.499845,4.74647,33.009018,12.590173,10.19721,15.994472,49.843372,23.579126,42.47272,17.676226,9.675491,0.0,7.9033337,43.07606,30.844364,29.888746,18.279896,9.045239,23.78213,31.957888,38.7799,19.754105,26.259495,19.60979,35.51309,24.367945,7.937518,28.105753,10.388905,25.980936,17.683306,42.189774,125.25326,2.1102338,9.880159,70.12855,42.161747,42.160942,25.146978,43.64492,23.965595,13.956607,26.631683,5.6492605,21.076834,18.491056,13.260918,0.0,27.564869,4.679968,35.961403,19.755962,11.405411,43.107735,46.097538,17.80721,29.10192,17.085674,29.627611,33.206066,0.0,41.01459,43.08404,10.9050255,21.946592,4.8629866,46.999657,21.352827,33.00005,23.099922,12.446755,35.8079,13.70799,1.0973673,0.0,58.133823,21.906605,0.0,20.104122,10.136892,7.414615,11.126937,3.3441787,6.122456,3.8892581,26.450197,11.231756,17.671497,30.282784,13.682179,5.906167,11.364803,0.0,22.726635,18.56868,22.071957,12.026617,9.416892,14.019207,24.57218,26.49378,7.391527,21.264582,24.272345,17.162573,9.795759,30.797358,21.561567,37.20775,11.131581,20.004948,9.222333,30.377037,40.65723,51.385414,101.299034,9.559329,51.47237,28.534521,9.3519,43.209854,17.126926,17.592539,9.593821,16.020716,14.958863,53.95233,23.8523,32.46692,19.409996,9.643687,0.0,0.0,0.0,31.686289,18.434534,13.411125,18.885931,9.269545,5.8044667,9.296413,10.563064,15.730234,11.713378,18.333904,7.0183086,15.166534,3.836704,4.792418,0.0,4.4822645,12.894963,9.262456,18.693663,10.116651,8.780201,10.626786,27.558268,48.532818,0.0,36.42293,35.373707,19.274504,5.15727,42.460358,38.90017,15.855401,2.017371,22.990194,43.97775,33.435143,58.88257,27.682848,26.673471,27.259283,6.738426,31.566004,33.143402,5.234519,7.7221665,0.0,1.2385547,2.2611182,2.8370378,3.4571292,3.4362478,6.5553255,7.697402,6.951426,5.0063605,14.298854,0.0,45.412556,27.187065,67.842026,56.42358,18.176996,12.995467,22.66354,23.491957,35.253757,102.69838,2.8141284,10.260419,18.894236,7.8878365,0.0,70.56772,35.288723,49.81217,0.0,19.752178,22.600277,14.746552,2.4979627,30.14635,44.89884,15.666605,3.083588,6.9867816,8.014942,5.8838487,41.99582,8.787683,34.60704,12.417079,2.555025,13.497499,3.883718,29.67053,55.257847,63.581192,16.132538,0.0,42.12923,32.24729,7.632745,11.946022,10.915794,18.052618,14.413642,4.9535713,50.898018,8.841074,38.25256,31.422794,0.0
C17x15_C17x16,15.959525,15.708333,0.0,0.0,32.2019,10.929204,0.0,1.5616161,11.326093,21.064608,32.8127,16.891237,40.939278,11.324289,0.0,10.164873,53.169674,0.0,0.0,12.023679,5.3112874,28.507095,14.169777,14.602573,6.361678,11.296241,10.893208,12.095196,25.037699,13.191661,8.131306,11.955231,11.528686,11.528686,0.0,7.157331,0.0,10.962464,12.642586,22.40361,28.021818,44.687096,43.77627,0.0,55.47918,26.191145,23.904205,0.0,23.053946,52.922497,4.036746,6.583942,4.65555,12.6936,0.0,9.8792095,2.2037518,3.928181,15.502239,5.9287972,3.0538623,7.7290587,14.067367,7.505927,16.645458,3.139291,16.645458,13.713117,18.0341,50.321304,25.01278,28.629278,22.789164,19.322,13.840489,113.44379,14.975757,15.429466,18.257381,23.610388,32.97744,24.195095,33.238766,23.503355,33.792255,23.503355,10.019655,21.380613,0.0,0.0,10.018425,44.42181,5.394736,0.0,0.0,5.5943327,5.394736,0.0,6.489841,0.0,24.947144,21.019045,26.801178,27.389168,42.306545,19.789602,31.40211,73.48061,44.5964,19.789602,16.86728,21.098738,40.001286,12.128186,8.688116,0.0,0.0,30.571854,24.374361,21.609894,13.70841,16.817648,18.783937,10.026594,29.051004,10.865137,0.0,11.931262,9.584745,6.1788554,5.3044,16.099537,5.3044,5.4813757,0.0,4.7905087,21.455654,8.868512,42.612137,8.876543,13.741804,9.948415,53.481735,0.0,14.094811,4.984556,61.256466,127.544266,42.887802,0.0,20.8099,47.339085,53.64978,28.558418,72.234955,21.483305,0.0,6.6604214,17.911554,23.52568,36.91035,10.0187235,8.132706,33.435825,8.974026,7.7482,12.510163,6.652676,15.526942,0.0,20.056362,51.203545,22.061974,0.0,0.0,13.084905,13.036027,7.1502156,0.0,5.509048,14.4263,22.73157,18.452368,14.142965,15.817279,14.222707,12.839686,42.662247,51.874214,60.791706,7.8234205,0.0,12.10334,58.937187,19.15958,15.835072,7.9538374,0.0,43.505005,22.239153,0.0,7.298364,12.641137,7.0989504,11.138417,20.988106,3.842099,3.1188264,33.01067,0.0,39.723446,43.808475,26.915718,62.468586,26.915718,11.319696,21.21667,49.512398,0.0,7.751594,3.254533,0.0,17.401024,64.6116,36.54289,14.217277,0.0,14.217277,0.0,83.59791,7.0005407,1.7847642,6.897708,11.333916,23.455547,13.273583,54.323784,20.771885,16.861591,6.3153033,20.603376,9.397739,26.704351,3.0263798,6.700226,12.748996,10.020845,13.855432,35.286575,29.07895,9.255022,9.255022,7.5607357,67.58387,29.119732,47.00395,20.730017,18.936697,0.0,12.61881,70.648026,32.504124,27.136156,8.658531,22.049294,8.909532,14.416647,27.440504,9.500294,17.825998,16.814976,30.704517,17.447426,7.0476213,14.791845,14.787923,15.060944,8.189493,35.162388,139.62903,13.528988,17.12062,77.38256,41.686928,37.746082,23.609476,5.158994,20.415009,23.260723,26.00899,5.969855,20.946316,15.142717,11.59691,5.4692664,4.569136,4.60666,25.461287,13.216133,21.21151,19.66414,34.39684,17.269655,21.143509,15.253001,34.798817,38.17123,0.0,31.332067,36.36615,16.027216,13.363644,0.0,20.524578,31.238634,4.832528,36.163345,40.40255,16.27542,29.168299,4.308836,0.0,27.274317,29.32636,0.0,2.9620986,16.200134,7.7448564,21.146992,4.594455,9.36988,10.111932,13.078113,7.7493887,21.540415,30.197119,6.7748027,11.9698715,7.5412393,3.9842508,16.402494,18.255964,23.572603,8.248117,21.766436,13.267011,25.263813,22.001654,22.878235,18.029802,27.91156,0.0,20.508959,31.279434,0.0,42.889965,32.53034,14.34699,5.866116,53.564392,56.339138,34.77766,114.621025,13.588369,21.799662,39.248035,26.134903,56.247982,8.670305,14.39897,10.111775,20.01814,19.512754,51.548393,37.66692,32.296757,14.992986,15.754004,0.0,0.0,0.0,45.885593,0.0,11.698422,8.152998,0.0,4.141855,21.265182,20.32261,13.286662,12.526259,10.069631,0.0,0.0,0.0,0.0,0.0,0.0,0.0,4.6450734,15.71889,19.634706,12.041668,28.31315,38.831463,54.437126,7.182512,29.569202,42.49494,14.869095,21.161312,39.66295,50.31689,11.452675,0.0,41.09964,46.11124,47.74353,66.930786,44.139538,45.38818,26.462856,26.017967,55.344227,17.088974,9.398386,9.6493225,4.051301,2.324744,6.7622266,8.944488,9.900449,9.347568,15.870176,15.80497,11.340207,6.3491526,25.078756,0.0,26.79231,16.03454,48.415745,58.634853,19.909681,17.381187,20.074493,25.16296,27.196018,109.863434,0.0,8.022293,53.22561,0.0,11.275748,55.164528,18.677828,24.20229,0.0,28.199484,30.2107,17.481276,12.125292,67.992424,76.00618,26.00907,14.371257,0.0,0.0,0.0,28.029827,19.676968,18.029802,17.02949,11.275748,13.925105,6.7342477,26.923079,70.31369,24.709316,12.382486,0.0,19.852438,28.735842,12.871342,18.936697,11.513255,24.36244,10.289398,0.0,47.136723,11.513255,50.553192,74.783714,0.0
C17x15_C18x15,9.736252,14.009254,0.0,0.0,41.51599,14.453431,4.0983534,8.275826,0.0,13.547571,22.88673,6.706868,85.314255,32.125603,0.0,20.104488,74.87735,0.0,0.0,25.076485,11.077176,32.61803,16.47548,16.897285,7.2790794,10.270379,12.464089,10.117733,29.074924,23.59403,0.0,11.288501,11.181338,11.181338,0.0,0.0,8.875694,16.25593,13.449735,33.22168,42.17153,61.734062,55.01702,0.0,57.46351,33.176575,30.042263,0.0,0.0,74.185074,8.174998,7.9288387,8.174998,0.0,0.0,0.0,5.109792,3.2474463,26.726372,12.146707,16.82545,22.138168,22.706177,8.676546,22.004585,5.067138,20.239737,0.0,21.204699,35.46407,20.638453,20.330265,12.561006,16.848724,13.676964,88.54554,18.525553,22.659304,29.612362,23.447891,20.798166,20.228704,25.079514,17.733894,24.684418,17.733894,0.0,7.068675,0.0,0.0,4.367364,14.807791,9.998859,0.0,0.0,7.4388,9.998859,0.0,9.902895,10.216939,26.332872,19.64508,29.530762,36.334137,37.126846,26.252645,43.622772,89.53823,31.886385,26.252645,29.472061,0.0,37.923332,21.092083,0.0,0.0,0.0,11.68323,29.962444,34.637665,17.962566,18.99746,25.08283,11.3934555,35.64292,16.666832,0.0,36.240116,19.117458,10.857301,7.1450043,15.1893215,7.1450043,0.0,0.0,13.633255,33.81125,2.62806,33.284187,2.8615448,39.39157,20.77992,56.526955,0.0,13.794166,25.401062,56.89503,106.18757,26.22553,0.0,36.024067,31.80054,22.593258,39.81299,82.72877,0.0,0.0,0.0,29.776272,30.706268,40.401924,16.90844,13.725437,51.14491,10.750756,18.081343,12.352468,0.0,17.68552,13.5071945,18.274662,28.424023,14.275648,0.0,19.350317,12.10312,9.439557,12.9491415,10.511474,9.721293,18.783958,19.385818,15.736451,9.520669,12.770563,11.483136,10.366514,34.998566,43.89715,31.958689,7.6974745,7.831708,13.3324175,73.744385,15.315313,41.001385,7.7841797,0.0,34.282406,23.310036,0.0,0.0,0.0,11.399053,15.307013,16.701324,0.0,0.0,0.0,0.0,34.512375,19.80991,26.358704,49.967022,26.358704,0.0,23.130156,42.04347,9.145164,9.145164,6.6995225,6.6995225,20.87745,71.20539,39.994915,0.0,0.0,0.0,0.0,64.741394,0.0,15.561105,53.07327,13.367758,19.598139,13.830159,45.979275,19.57892,15.893202,7.87048,17.172815,12.143014,18.520884,0.0,0.0,12.670841,7.9543805,21.932991,17.779781,33.345516,15.685617,15.685617,0.0,54.495514,28.747581,52.200287,28.501204,13.931417,0.0,12.349647,76.81401,33.962044,25.562696,12.996865,25.754791,17.159613,22.64115,34.023,5.8657556,24.062351,26.203672,27.948856,25.469456,12.585151,19.742836,18.484156,18.503986,12.861489,37.466206,139.78964,12.091107,13.584973,69.07701,32.897125,33.049553,25.629541,31.467775,18.462637,21.367682,22.790785,10.497135,16.467283,15.089004,10.48785,0.0,23.003132,0.0,40.304924,13.203461,22.16054,26.474092,41.651863,22.31448,32.74863,14.92765,25.600922,35.978996,0.0,30.961878,48.242893,0.0,0.0,0.0,31.878986,10.438379,29.681349,25.217808,26.143291,23.204376,28.488525,0.0,0.0,34.82946,34.355007,0.0,15.807025,9.35914,14.914355,4.2347736,7.59821,16.04618,0.0,0.0,0.0,15.59472,21.38719,10.142661,8.971652,3.5784495,0.0,15.00289,15.419445,20.539658,5.7911553,14.685517,15.054422,29.71924,17.503511,16.410616,22.717176,22.856548,8.41397,21.13733,36.328415,28.298975,28.491213,12.04414,29.001167,23.130568,18.116373,50.460747,37.11309,126.127945,16.963255,35.65238,25.218275,11.163701,64.72632,24.288223,20.176777,12.626846,27.551598,16.664524,43.252213,39.917038,27.105412,13.916563,13.103036,0.0,0.0,0.0,40.87216,14.370564,9.48256,18.877377,7.209561,19.847466,5.68032,14.44304,19.430853,15.197141,13.586933,0.0,0.0,0.0,0.0,0.0,0.0,0.0,4.545993,15.393592,21.540493,9.933381,22.167612,40.23286,59.073616,0.0,26.242321,39.836056,15.995767,0.0,47.53032,54.164692,24.565868,0.0,30.938854,45.15698,45.671658,67.05936,26.163769,32.121876,47.203022,11.276403,43.04967,27.529686,11.0355015,0.0,0.0,0.0,0.0,0.0,0.0,0.0,0.0,0.0,0.0,0.0,26.272112,0.0,29.501848,27.640476,41.357018,51.339256,19.650856,15.40345,18.904863,23.71781,33.357944,106.679596,0.0,21.547556,49.99163,0.0,7.586669,50.45884,17.60513,23.70143,0.0,22.37146,31.47124,13.110976,0.0,79.370766,58.780144,28.64271,0.0,0.0,0.0,0.0,38.11143,0.0,17.536674,14.047922,0.0,16.12695,0.0,19.806868,58.562614,39.519672,16.101685,0.0,24.96071,21.259214,11.021471,13.931417,20.235397,27.416283,9.00189,0.0,54.741028,20.235397,40.128147,87.42023,0.0
C17x16_C17x17,12.285811,0.0,0.0,0.0,34.669266,14.355009,7.6730747,6.2602744,13.556288,25.33861,36.86732,26.018343,0.0,0.0,9.400851,12.948102,47.309902,0.0,0.0,13.557742,4.067769,16.577345,10.008994,11.467455,0.0,13.422951,13.54456,14.108164,17.66195,16.402449,7.5117407,14.206005,14.334711,4.836888,0.0,10.75007,0.0,7.4285855,14.723774,24.759235,23.984972,25.144857,30.007385,0.0,29.205587,31.070772,31.35227,0.0,23.512093,43.453693,3.4014802,5.282537,5.1547146,13.809828,7.127124,10.318298,0.0,0.0,9.503577,3.9555907,8.054232,9.933111,16.137236,8.840442,14.323599,0.0,19.445723,0.0,0.0,29.249605,16.898766,30.252506,24.081264,19.967945,11.790888,119.25677,18.334187,7.943906,9.872663,24.896614,14.706222,10.789754,63.588844,7.4234657,24.692907,29.165546,21.872198,24.364536,8.849648,0.0,16.352318,30.441792,6.334604,0.0,9.83771,9.83771,8.120709,6.956312,9.174468,0.0,20.227503,15.113397,38.50763,18.562963,48.280464,22.144232,26.634619,55.425896,39.67467,11.952886,19.522512,8.188838,19.522512,15.71669,22.276102,0.0,0.0,14.183484,30.339296,11.054202,17.102314,24.25343,21.16183,13.216519,37.74067,13.509659,0.0,23.982573,14.448964,5.4512515,0.0,7.469122,6.595465,4.946155,0.0,5.716932,20.33031,12.535447,41.034805,6.137719,9.379734,10.069169,25.741676,0.0,17.52542,2.4962537,74.66995,110.201485,33.137188,13.373249,9.456314,35.68938,44.036232,37.250965,54.97676,29.301702,0.0,6.250059,22.445326,38.52629,47.513653,14.040502,10.95237,51.950783,12.0272875,8.15531,14.402966,12.337778,31.487705,0.0,6.9270005,25.355064,27.218727,0.0,0.0,13.700905,28.14931,9.973464,5.829295,6.8499227,9.493873,27.222612,14.201681,22.248201,19.220076,9.610038,10.893366,34.938972,27.397757,73.13781,8.750496,8.961648,13.19037,54.55106,9.5617285,11.973877,9.889762,8.4647255,24.719732,11.37609,0.0,8.917367,10.9215,8.545253,13.811043,27.995934,5.937909,4.6318984,43.035923,0.0,44.85118,31.697912,15.13805,32.210945,32.747635,13.215692,24.252792,59.344017,1.1516399,1.4763563,4.711051,3.6748812,22.61173,46.68182,25.796827,17.67769,6.907312,8.185337,17.78226,70.17413,6.276591,0.0,0.0,11.165691,28.84626,43.577644,48.170193,25.82766,12.91383,8.691389,14.630613,9.254189,24.739796,6.3622313,15.414858,14.895494,16.397776,19.618502,19.9063,30.1178,9.834284,7.435072,8.949371,33.53387,35.99869,27.389587,22.050117,11.563299,0.0,6.6880684,64.71196,31.188768,39.18989,7.8215647,31.548973,8.875787,2.472339,33.600803,12.570759,24.196556,26.101448,44.254673,20.819813,13.599118,15.961603,20.05298,21.750937,10.007704,49.69,142.84271,9.988611,12.633831,80.212364,90.91749,84.178276,45.356457,15.112289,2.8467214,24.939278,42.284225,15.658413,18.378645,20.782473,9.562109,12.284042,14.811552,27.845524,32.69392,13.2599945,22.55511,22.721516,37.299854,11.476705,26.476782,17.199083,37.913235,43.041378,0.0,32.94157,36.903004,21.970839,9.30944,11.092454,23.143244,40.33105,0.0,22.80617,26.051155,14.256537,18.831108,2.6715083,0.0,41.600185,31.04687,0.0,0.0,20.005352,13.496419,16.267294,4.077747,13.974571,9.05296,10.083381,9.164515,25.595766,35.675476,6.4208145,13.413031,9.093786,7.1933894,19.047506,19.876896,26.978195,9.800966,25.22743,13.597869,32.301956,24.035038,26.974342,14.761753,32.45361,4.9993286,25.316374,37.51657,14.960614,29.60261,23.760372,9.795926,6.0339828,37.810936,40.264572,82.311195,136.08469,8.149537,27.606789,29.903645,28.148493,30.638765,8.670539,9.858995,25.716648,33.650368,0.0,54.27745,38.965073,32.720493,15.509704,19.812754,0.0,0.0,0.0,41.184956,13.806657,10.4531555,13.537265,2.542398,12.494616,24.447168,25.565905,11.839256,15.733332,14.092882,0.0,0.0,0.0,0.0,0.0,0.0,0.0,0.0,0.0,27.829351,0.0,18.921017,14.271957,35.896893,14.596467,34.328182,44.753654,18.504133,28.021996,37.351917,47.704426,11.626962,0.0,54.155304,21.408436,33.678967,46.94187,48.50128,31.071835,28.637362,29.399048,39.040607,27.765352,5.868321,1.2646673,4.0355515,11.128464,6.3620315,7.927265,8.164785,20.412214,11.170619,24.558525,10.357353,5.1369815,31.920296,0.0,29.433727,21.467813,57.787914,69.13508,26.067892,11.272589,15.790672,31.010336,35.302868,102.03286,0.0,6.190803,35.311817,0.0,13.881157,67.22096,12.91383,16.373817,0.0,37.33247,42.35409,19.369009,7.6872225,49.48173,56.695484,53.82935,11.868783,0.0,0.0,0.0,19.899069,12.71192,10.219131,22.610056,13.881157,6.544227,12.287536,38.150223,53.619377,23.927597,14.090765,6.2269425,15.637968,49.60215,17.201868,22.750437,13.721064,32.594612,8.553701,5.2572427,25.944786,8.661839,25.5999,61.245396,10.911772
C17x16_C18x16,11.773125,0.0,0.0,0.0,36.687195,10.388663,0.0,7.0447288,5.3000946,10.361326,19.504662,7.904328,50.535995,17.71152,0.0,14.001644,72.37571,0.0,0.0,13.219432,6.5408015,13.203478,25.565323,17.96179,0.0,10.863055,5.9420605,16.385532,15.3244705,19.427803,7.785332,11.496774,6.4265375,5.0130563,0.0,6.8527975,0.0,0.0,12.545467,20.714127,24.578775,28.386946,16.91878,0.0,45.000282,25.980925,11.547937,0.0,12.31389,58.09512,2.171404,4.1342015,2.7836533,9.446826,0.0,5.4541273,2.8640661,4.621529,20.911963,4.3743367,13.561213,12.152396,9.21465,0.0,13.050038,0.0,7.892492,15.798255,20.77626,22.388018,45.128426,23.797964,18.943392,17.19315,9.275235,96.89313,28.413776,16.836014,22.224941,24.603445,31.264112,24.289461,44.316326,13.4912195,38.167576,17.295206,18.442364,10.268103,0.0,0.0,6.891462,19.360664,4.7492304,0.0,7.375608,7.375608,6.088324,6.492151,7.029055,0.0,19.526476,18.22708,21.473198,20.051928,42.41252,16.552214,28.77102,84.080574,54.261223,12.911643,48.598133,7.676584,34.349934,40.959145,17.589695,0.0,0.0,16.679842,35.598667,20.283571,20.228565,28.686882,28.981413,15.632461,44.99286,14.491879,0.0,31.715374,17.978394,4.761019,0.0,7.968518,0.0,0.0,0.0,7.363028,28.466505,3.6691792,41.40109,1.7965367,15.24868,8.6439705,39.638252,0.0,19.191034,0.0,68.18003,155.16751,29.90514,0.0,28.074741,23.949043,37.835316,36.805477,42.732548,23.214787,0.0,0.0,27.489382,62.12967,55.675285,12.906193,10.067547,50.18257,13.762237,2.868154,10.037256,10.703008,40.318592,0.0,22.050413,34.8194,13.907649,0.0,0.0,13.801393,26.392178,8.020034,6.256071,7.17343,17.380285,20.739098,16.177647,17.675045,11.094359,0.0,8.654215,26.514866,38.440266,92.53456,0.0,0.0,0.0,64.49636,15.814742,21.880146,9.325183,0.0,32.114635,21.6966,0.0,0.0,0.0,9.548004,10.819458,10.621427,5.1326327,4.003738,0.0,0.0,45.954304,49.455166,20.819891,47.08385,26.690271,8.286165,17.423735,50.09209,1.3375399,1.7146729,4.3770003,3.414303,19.218342,56.666096,30.617815,12.187122,0.0,9.506632,19.24838,77.338356,5.5218706,0.0,0.0,10.466057,23.792076,52.236935,71.009056,20.062788,15.650088,12.2037115,20.328121,7.933398,25.58625,0.0,6.748459,5.7346215,15.504082,16.682865,60.01044,28.634619,9.485796,7.3994465,0.0,45.69881,25.90514,40.254745,23.24109,13.520427,0.0,14.191079,79.75282,24.381416,33.597588,8.893606,31.062742,12.330288,2.8714292,44.737335,15.924956,30.107014,23.840363,40.203896,24.69907,11.573177,20.456964,25.870436,24.732168,11.379383,48.781746,115.32934,14.233211,20.670862,59.904247,51.12844,34.11008,5.4187007,5.863504,3.5358992,23.480042,35.665176,12.55499,19.56106,20.787523,9.564433,8.2161875,5.011401,28.45827,26.673601,16.268623,19.479898,19.571932,33.953358,16.265507,20.158058,19.984837,29.245922,31.62996,0.0,27.922087,34.337097,17.537294,12.222829,15.465524,18.397234,32.77785,6.280507,21.009754,20.37597,8.401742,26.14081,0.0,0.0,37.750816,16.477749,0.0,3.4124987,17.606607,26.155823,10.698353,0.0,25.374163,9.715749,12.222829,9.128191,24.304762,31.38239,8.919828,14.968541,7.402731,6.2178497,16.367876,24.678198,25.124065,11.29685,18.116247,14.683514,26.787163,21.10772,20.102991,12.635,32.333527,0.0,27.027996,44.56027,0.0,27.204765,25.294846,17.32793,0.97006243,25.76135,54.8193,80.059,176.95016,0.0,13.808867,19.66644,20.46086,54.600544,11.586963,16.898846,25.436714,38.74904,0.0,40.96125,35.58127,26.719456,19.984837,10.621427,0.0,0.0,0.0,43.430134,0.0,0.0,18.775864,0.0,15.140835,11.516259,13.846212,16.358377,14.356566,6.456884,0.0,0.0,0.0,0.0,0.0,0.0,0.0,0.0,0.0,28.575235,0.0,23.87322,49.31801,63.679577,12.61695,27.271967,50.980495,22.923006,20.368912,42.83073,65.60957,0.0,0.0,46.788334,29.443773,51.74158,66.8089,43.567497,36.983223,31.259235,21.369875,33.15594,28.442331,8.161441,1.828404,4.6673183,14.716813,13.225804,8.459604,10.11497,14.830117,6.1149883,28.460585,11.537092,7.64923,27.753242,0.0,29.188713,25.094059,55.715393,70.25069,35.85209,12.055587,16.83285,27.641981,25.709253,103.51922,0.0,5.9844136,60.172173,0.0,0.0,46.648888,0.0,0.0,0.0,43.65111,59.918755,36.402542,9.56416,90.82873,70.67353,33.417038,0.0,0.0,0.0,0.0,22.605373,14.763905,6.94712,0.0,0.0,0.0,15.213037,35.010742,71.61391,12.426219,0.0,0.0,34.677044,44.412266,11.386238,17.33265,12.120763,22.11193,2.206307,6.1058784,38.434914,9.454866,38.175873,99.39428,0.0
C17x17_C17x18,24.732239,12.471762,24.943523,0.0,52.07865,22.06979,11.796799,9.193226,16.007145,23.124197,34.642227,30.722227,46.46893,0.0,15.650297,13.494388,70.25029,0.0,0.0,31.729004,3.0022702,11.155186,11.155186,0.0,0.0,13.36211,15.775815,0.0,19.321348,15.949054,23.837143,14.66378,17.312616,0.0,0.0,0.0,37.37814,19.282534,20.81463,38.105354,27.75611,37.38268,7.5285373,0.0,7.327375,28.437117,33.57394,0.0,5.898937,37.536808,0.0,7.49308,7.7464294,20.581413,8.633,26.422182,0.0,0.0,25.079256,14.505417,34.048702,36.16598,12.214921,17.274508,0.0,0.0,21.156864,15.027781,18.98454,15.370558,15.370558,17.429886,12.001333,18.695095,17.429886,84.582306,13.455107,6.5063143,6.5063143,10.443209,0.0,8.580612,57.871906,0.0,27.492764,24.756927,21.461332,15.66873,8.778801,0.0,15.683952,28.712534,0.0,0.0,24.124683,14.840667,17.521456,12.080067,0.0,0.0,17.124321,37.174904,27.540585,17.642773,44.21735,37.83804,18.91902,59.968212,0.0,0.0,22.20638,6.5457006,15.605209,18.877642,16.922434,0.0,0.0,11.337487,23.22677,19.121954,17.263716,22.391773,44.91505,17.263716,48.862244,17.573547,0.0,16.368849,32.2316,10.672189,0.0,0.0,0.0,0.0,0.0,12.142834,44.23519,0.0,39.488174,10.090939,9.7522955,9.938626,22.602903,0.0,22.835476,1.5502995,51.876545,105.17739,32.220325,13.5216875,9.561276,37.73494,39.573162,37.216766,75.45534,53.81409,0.0,0.0,11.819907,25.037306,26.594221,31.073112,15.536556,52.338062,30.887579,6.9180665,31.142315,15.7063675,23.889046,22.307186,37.649727,9.121393,24.93193,0.0,0.0,29.047888,30.880033,15.820351,7.9101753,0.0,7.8038707,43.904613,21.952307,21.084137,31.878254,27.123499,15.939127,40.40419,23.064337,102.51486,0.0,0.0,0.0,90.57996,0.0,16.381222,6.932828,8.852511,21.104736,11.602157,3.3289876,3.4174776,4.1855383,16.256176,20.221565,27.86541,13.603903,6.8019514,0.0,0.0,32.218243,0.0,0.0,16.8975,46.38682,26.116493,36.659996,38.21073,0.0,3.382371,0.0,0.0,0.0,24.517822,12.979966,26.807053,7.1559987,0.0,0.0,27.001524,8.417557,0.0,0.0,15.657734,39.409473,0.0,45.730286,12.325135,6.1625676,19.912197,25.121902,21.497524,0.0,0.0,23.600819,19.326088,14.265501,31.177433,0.0,19.044825,22.383387,0.0,7.0199795,21.643225,36.377945,5.4615793,12.715004,0.0,0.0,0.0,55.233055,28.029348,27.990532,12.830974,32.98472,36.058247,18.22172,26.755533,22.057037,26.289902,32.189575,42.81561,27.564909,24.099873,15.827444,33.377045,12.241868,0.0,32.800438,143.22443,9.000891,15.669311,76.0604,65.809944,72.519905,40.92558,70.29825,17.959831,31.72694,42.200253,23.753506,18.523073,14.326824,0.0,16.569164,27.456972,35.2503,26.407274,19.900993,18.028429,16.395605,45.120422,18.208397,11.021692,20.766693,30.193316,29.924658,6.561884,29.602156,32.048805,21.140038,23.581163,17.356495,43.81414,39.139763,22.88829,0.0,9.371808,28.361506,28.667833,10.179048,0.0,42.32485,27.147768,4.2410684,14.793129,17.311172,11.694359,17.0819,5.947473,9.917672,9.724018,20.440691,0.0,16.346018,30.812107,21.057432,11.979806,14.566591,11.522502,28.407463,30.300049,37.187195,22.984009,23.625244,20.298445,28.876188,31.051006,21.117338,25.890394,39.289623,0.0,20.213041,40.88524,8.123953,29.98383,23.404886,20.006105,10.888009,33.64279,23.721394,57.0094,112.821655,4.9638753,28.072432,33.44888,29.994831,27.102966,9.99571,11.738392,5.576353,21.206057,0.0,29.663902,25.77692,32.15305,17.58171,15.805579,0.0,0.0,0.0,25.84512,30.601738,0.0,13.888258,4.4685416,8.573994,24.718525,7.964894,23.07275,15.820914,27.48529,0.0,0.0,0.0,0.0,0.0,0.0,0.0,0.0,0.0,33.658,0.0,10.666386,17.157356,40.50478,15.147175,35.49463,48.885296,24.124825,29.079231,40.81883,51.649097,7.6235905,0.0,36.639652,31.713408,17.82566,44.5537,53.514214,29.838808,29.351152,31.986038,37.421852,30.208586,17.062042,9.133641,16.10553,18.343721,13.187778,0.0,0.0,7.3432207,22.222475,13.603412,10.452132,4.99261,32.218513,3.4505546,39.797432,35.65614,54.16684,56.543453,11.762981,11.47201,19.945654,21.145563,18.643463,75.756935,9.5163355,11.092654,9.6195965,0.0,13.473321,95.69109,10.486797,39.468063,0.0,21.934418,44.898216,14.030261,10.30936,36.112,47.161697,44.256454,0.0,0.0,22.006626,12.490175,12.715004,12.499346,20.054611,22.27011,13.473321,11.738392,0.0,24.115498,56.4963,18.496796,0.0,1.7390599,29.842123,41.65735,8.999288,35.647373,23.965115,23.598545,12.6531515,7.7202706,23.071463,0.0,11.344959,53.581078,13.194506
C17x17_C18x17,18.028118,0.0,0.0,0.0,48.948555,20.481503,10.947824,10.074926,15.854538,31.711037,43.117584,30.429333,44.79346,0.0,10.69434,18.02133,57.893036,0.0,0.0,11.805179,4.451282,11.897541,10.608869,9.874558,0.0,11.095731,11.196258,0.0,15.873009,22.945305,0.0,17.843233,18.004892,0.0,0.0,13.502458,35.514473,8.613373,17.072073,22.843397,24.422472,33.324356,4.703463,0.0,4.5777864,4.870142,4.914265,0.0,3.6853685,6.811085,0.0,0.0,0.0,14.313689,6.0039654,23.0916,25.415342,34.459476,1.7729512,21.332357,50.07364,54.48038,12.415343,8.725692,12.415343,0.0,12.370473,4.9612265,6.2674994,20.0993,14.389012,11.68497,11.134828,17.345297,8.585421,95.52152,18.907139,4.1762753,6.0801306,13.494797,12.305949,7.0253057,44.443024,0.0,24.443577,20.38416,15.286749,16.615353,9.54019,0.0,18.860231,34.19388,0.0,0.0,0.0,10.6099205,10.706044,8.028813,0.0,0.0,12.743258,29.825956,20.988064,10.873708,35.03034,16.066954,11.69573,47.294308,34.314835,0.0,25.120886,7.4047995,17.653334,21.355263,20.143282,0.0,0.0,12.82549,23.605862,21.227629,22.332176,25.80378,36.75238,19.894321,60.706455,15.507278,0.0,26.551352,28.502943,15.235196,0.0,21.567247,14.057428,10.542127,0.0,10.263377,20.308973,0.0,35.925972,0.0,0.0,0.0,22.350319,0.0,26.42796,8.586482,57.684746,113.36297,23.458937,9.467375,6.6944447,27.021336,26.764568,20.39599,16.249357,36.597595,0.0,0.0,39.355915,37.670574,40.985783,22.33065,11.165325,49.69554,34.240948,3.0444174,7.6445684,5.7329125,27.650465,18.43744,36.81262,17.93853,19.257057,0.0,13.531202,30.582514,28.738012,29.54356,14.77178,17.471786,24.215588,32.41747,16.208735,19.163828,29.552235,14.776117,14.776117,20.036463,30.669943,73.72147,17.92766,18.36026,27.023893,128.34496,16.605345,24.921835,20.697693,7.087677,16.8973,13.606575,9.99125,9.855556,12.070541,14.491381,17.137297,42.649426,12.390364,6.195182,0.0,0.0,31.674934,0.0,0.0,34.529957,37.067997,24.65373,24.59145,41.38366,0.0,18.905676,18.001575,0.0,22.541468,46.536766,24.402472,25.031849,9.780847,0.0,0.0,46.251404,3.6879668,0.0,0.0,11.277709,35.00963,0.0,59.070004,25.395037,12.697518,19.118017,12.319335,0.0,0.0,15.622667,21.652742,13.139783,10.011131,23.477749,0.0,12.221241,3.7238455,0.0,0.0,30.29365,32.52031,9.857406,7.9357505,0.0,4.011317,6.620077,70.00554,48.61775,23.70128,18.566597,42.012268,10.84327,16.786108,67.43598,31.962044,28.28651,16.72507,50.331276,47.113155,29.515322,41.599266,37.855797,32.175297,12.481412,70.74138,103.33916,0.0,15.84728,55.028076,77.30195,49.506428,6.0384455,66.51892,28.571255,17.074118,30.805616,16.17954,12.221241,27.209942,21.24433,11.523304,28.576931,38.478447,31.132492,24.062027,16.638615,19.794611,42.39278,21.850254,13.226141,24.188475,34.41471,33.674896,10.638352,35.43175,36.880764,26.187489,17.480053,22.874207,31.70305,29.177584,26.709631,14.210287,18.431007,12.576139,19.71829,9.535017,0.0,35.4257,17.921194,8.293722,20.822985,14.011799,14.638726,13.234408,19.751944,11.04072,16.325306,21.127312,14.92074,25.167025,32.228325,10.171227,12.434914,13.024282,12.279117,29.286898,36.52016,32.126408,20.511858,13.3108835,8.961355,29.61919,24.370655,19.084156,13.021808,36.735176,4.183365,23.98367,70.43777,29.719898,25.403599,35.05644,7.7906513,35.810566,23.555412,38.82216,74.80481,157.5456,0.0,13.606833,17.458288,25.121944,30.455147,5.4623203,24.3317,15.262332,17.778067,17.831764,46.66218,33.95322,42.434525,27.412611,29.678078,0.0,0.0,0.0,38.163498,17.639849,21.416,25.810024,0.0,18.6001,17.306976,11.061492,15.359007,0.0,8.046264,0.0,0.0,0.0,0.0,0.0,0.0,0.0,0.0,0.0,21.118246,0.0,16.048405,23.289265,32.430023,11.362948,27.101746,37.308647,18.981428,22.609428,35.896294,37.78097,0.0,0.0,30.649485,18.533998,36.002712,46.10426,45.064445,21.048933,12.8196745,34.95176,24.030298,38.938126,5.3064594,14.177985,13.499971,22.93483,20.06344,0.0,2.7926338,14.441498,9.853954,27.798504,12.851821,13.102664,20.82973,6.7478137,34.67713,40.019897,39.68343,49.696396,24.037598,5.845799,16.915045,30.4909,12.705363,72.60096,5.1418347,11.901775,23.041042,0.0,0.0,77.77472,12.697518,18.533998,0.0,35.807663,37.54418,19.044569,4.5168185,46.63769,38.821457,53.86396,24.252846,0.0,0.0,0.0,7.1615963,16.940924,8.8926735,11.397897,0.0,0.0,0.0,43.52052,53.579754,17.855112,0.0,3.04698,30.500309,56.584507,11.297989,25.95295,9.042543,29.887537,0.0,6.882147,26.536762,0.0,25.56044,55.563564,13.5878935
C17x18_C17x19,0.0,27.154959,54.309917,0.0,27.449234,0.0,5.594856,11.828139,0.0,34.47709,39.6103,19.50144,44.840706,39.817608,0.0,22.182556,21.383425,17.816803,17.489042,27.745537,14.5023575,32.383354,28.186705,0.0,0.0,33.76312,39.86202,0.0,48.820805,51.330627,0.0,0.0,0.0,0.0,0.0,0.0,28.783829,23.083439,39.103333,44.162636,56.542645,29.581066,0.0,0.0,10.625925,22.502405,26.567196,0.0,10.625925,29.70303,0.0,24.522768,28.95251,10.908301,0.0,31.333838,29.67602,27.745161,19.22131,25.04173,29.44916,45.5854,20.144896,24.797192,0.0,0.0,30.370232,0.0,0.0,10.419727,9.069406,13.684519,0.0,10.946634,17.404049,70.62519,0.0,11.374653,11.374653,17.174486,0.0,15.00104,69.18333,0.0,37.324665,46.2165,18.484941,19.260464,0.0,0.0,19.260464,36.746044,0.0,0.0,28.575285,18.513287,21.857489,8.742211,8.7110615,3.856745,0.0,0.0,23.628408,13.466663,43.234074,28.881634,14.440817,45.79732,0.0,0.0,14.514659,0.0,14.514659,14.514659,26.603144,0.0,0.0,16.920921,31.427977,51.127285,21.78282,0.0,27.894644,0.0,63.146797,31.896053,0.0,9.631469,24.08083,37.683025,0.0,0.0,0.0,0.0,0.0,46.549297,67.471504,0.0,24.879389,7.461046,5.9081197,14.771625,12.596507,0.0,25.267328,22.323956,60.777992,77.70925,35.91129,0.0,0.0,39.68666,25.450594,67.01664,85.68583,10.493815,0.0,6.352159,12.902171,30.961288,47.92607,20.124178,17.497742,43.209118,20.683237,20.662823,46.802814,18.719448,23.264332,6.6438327,0.0,9.600367,24.003067,0.0,0.0,28.293373,18.215218,18.315046,14.832842,27.57637,30.831318,37.45987,20.719442,0.0,36.65405,35.08449,25.599201,36.12872,20.33883,97.900085,0.0,0.0,0.0,155.46658,5.1243443,19.739944,0.0,0.0,5.306918,0.0,0.0,0.0,0.0,36.385906,26.335085,31.669325,44.634823,22.317411,0.0,0.0,27.538027,0.0,0.0,14.367582,35.922176,13.22027,37.90187,38.034603,0.0,0.0,14.9799595,0.0,0.0,20.55767,0.0,23.028534,0.0,0.0,6.639868,19.209833,0.0,0.0,0.0,19.035652,44.151073,0.0,43.47037,19.717081,15.769593,36.69827,10.418653,6.9599667,6.224626,30.873592,34.51773,50.073887,21.096182,34.544544,0.0,9.896173,0.0,0.0,0.0,11.809368,29.52607,10.31697,13.8283825,0.0,12.0806875,16.900135,52.11273,40.568443,15.769593,20.472517,18.742085,32.915325,10.265939,20.4224,23.379576,17.027718,25.367865,32.68,20.124018,15.455578,7.220687,19.755648,0.0,0.0,25.400812,146.74538,16.14563,14.224193,66.8374,77.83766,76.6491,85.827415,56.891655,0.0,34.41338,44.332832,20.966635,0.0,0.0,0.0,10.908301,46.805176,0.0,33.04487,0.0,27.156921,9.300215,42.008713,6.6578145,21.761692,26.50562,29.39877,18.861105,23.112457,26.180868,27.627798,21.882874,31.62832,0.0,50.584095,33.210487,25.886852,0.0,0.0,0.0,0.0,16.84283,0.0,36.250862,20.114496,0.0,0.0,6.634242,18.14495,17.358843,17.636904,0.0,0.0,13.437775,0.0,16.700361,25.00857,39.42724,24.045805,28.004953,37.80568,31.045967,28.998457,31.728498,0.0,19.680178,24.105322,9.452847,32.10287,20.33059,42.412567,30.426071,0.0,35.628742,42.967102,0.0,12.657128,21.967476,34.761692,33.648537,19.63753,7.7731466,22.898584,67.41681,0.0,26.42052,34.147247,34.455326,48.50844,15.778186,7.4859567,0.0,0.0,0.0,41.40718,57.146324,15.788407,31.833984,26.28194,0.0,0.0,0.0,23.454699,33.77327,0.0,12.4662,0.0,13.037556,13.885829,7.2064962,15.374304,10.346227,20.83854,0.0,0.0,0.0,0.0,0.0,0.0,0.0,0.0,0.0,0.0,0.0,26.327549,21.953852,32.875603,49.69834,40.812202,41.70944,26.210228,23.352196,42.201584,39.997303,10.79286,0.0,9.726767,24.559011,24.148396,36.161903,40.075806,8.258971,34.85582,21.309032,65.20042,12.074818,15.004385,0.0,5.991447,11.316335,19.739944,2.7837374,0.0,9.600367,20.02776,14.367582,10.53309,11.029559,33.981815,15.932166,37.755695,62.390263,53.369064,59.84993,17.607641,15.523451,14.464342,16.079504,21.035902,76.522644,36.650658,0.0,5.13847,0.0,8.468634,70.505135,21.61271,24.131811,0.0,14.329891,20.586357,7.886125,0.0,108.310974,27.975283,41.348377,19.447649,32.055267,10.407528,28.934282,12.027333,10.737534,23.34799,0.0,8.468634,7.4859567,0.0,27.485949,48.73298,21.822222,16.25916,0.0,41.03047,46.005424,35.875576,30.732977,28.459658,11.16039,26.684504,12.370565,10.790526,0.0,11.757176,74.37408,0.0
C17x18_C18x18,19.843176,24.637732,49.275463,0.0,53.145805,0.0,30.659063,11.8207035,0.0,30.951685,35.56,17.507347,44.93896,10.19561,0.0,35.544765,72.72208,18.114096,17.780867,29.044754,16.027645,9.620114,8.373416,0.0,0.0,10.03,11.8418,0.0,14.503183,43.00417,40.331123,24.810305,29.291988,0.0,0.0,11.715746,50.516792,28.568335,28.439177,32.118725,41.122494,24.874882,0.0,0.0,11.24458,23.812525,28.113972,0.0,11.24458,31.432375,0.0,23.764172,28.056885,16.95615,0.0,48.706146,29.657364,27.727716,43.045666,27.908037,46.558083,64.9152,4.780417,0.0,4.780417,0.0,0.0,0.0,0.0,16.062801,13.981178,14.680173,0.0,11.743087,14.680173,72.769966,11.775624,5.537105,5.537105,8.360424,0.0,7.302406,41.496647,0.0,32.10685,28.911863,11.563709,4.6559124,0.0,0.0,4.6559124,24.455746,0.0,0.0,16.064085,9.882066,11.667142,4.6664386,8.7055855,9.171713,10.293059,36.93689,22.93051,20.05253,61.725967,43.006187,21.503094,70.95059,0.0,0.0,9.619475,0.0,9.619475,9.619475,17.631023,0.0,0.0,11.214207,26.607883,42.796864,25.36368,0.0,45.199387,0.0,70.29257,21.7162,0.0,13.6699,34.17781,33.57447,0.0,0.0,0.0,0.0,0.0,24.019587,38.722393,0.0,15.721581,7.4563556,5.8594646,14.649975,12.290504,0.0,20.727898,13.363361,60.766518,78.04049,27.19203,0.0,0.0,28.115225,17.259718,28.234695,36.260914,32.24031,0.0,0.0,16.557941,5.0228133,19.230719,26.769304,16.512915,47.26122,23.257029,13.061356,25.878962,10.3506565,24.319695,17.017994,28.617243,9.724236,24.312769,0.0,0.0,55.43068,11.691152,40.11534,20.05767,30.007053,33.548904,46.028095,23.014048,0.0,56.71468,48.255478,28.35734,25.764174,12.074488,46.411808,0.0,0.0,0.0,158.26787,5.121123,12.780064,34.656338,0.0,7.7088823,30.563223,0.0,0.0,0.0,14.539462,25.1142,30.165007,10.863266,11.077788,0.0,0.0,28.011356,0.0,0.0,14.240131,35.60352,40.166916,30.407923,29.733583,0.0,3.0251796,35.764584,0.0,27.126532,44.75271,26.012459,32.28281,0.0,0.0,6.6356936,12.91696,0.0,0.0,0.0,23.312893,49.109936,0.0,34.524685,26.782314,13.391157,17.809393,12.190057,0.0,0.0,0.0,0.0,34.122963,17.03336,37.707027,0.0,0.0,0.0,0.0,0.0,8.871986,22.181953,0.0,0.0,0.0,19.363672,11.251351,100.088165,42.899723,18.937956,19.839212,24.276453,32.961056,16.656578,30.40997,19.589687,24.518503,29.424677,37.927822,25.825893,22.873528,11.715631,28.4023,20.712564,0.0,28.56856,97.98935,7.2249565,9.129576,54.30539,77.82297,59.920498,36.159843,69.06769,17.542515,30.989725,39.94514,24.090132,12.338764,28.098124,0.0,16.95615,34.885983,30.056692,36.070053,17.415577,31.617954,10.343951,41.344975,11.531179,10.593446,25.28812,28.4486,25.619616,37.04608,28.085728,41.139168,23.140383,26.501291,16.555857,42.34218,24.408928,35.108974,0.0,0.0,0.0,0.0,12.576023,0.0,43.5157,11.397905,0.0,0.0,9.636967,12.025423,11.641745,8.818442,0.0,0.0,10.658702,0.0,22.684612,18.788109,20.344582,27.995777,23.46528,9.201182,48.037315,37.31644,38.98578,29.353905,0.0,2.4431994,41.28797,25.755499,20.592907,28.902142,30.15617,0.0,41.48143,55.291885,0.0,24.982838,30.795355,15.944026,16.824251,13.1699505,22.177435,45.12367,154.70648,0.0,24.388342,26.741123,46.131767,55.985023,11.575385,0.0,0.0,0.0,0.0,34.61721,19.776077,45.045643,30.371733,27.79224,0.0,0.0,0.0,31.859236,27.538773,0.0,13.087894,0.0,14.702254,9.312561,12.73403,0.0,18.404108,14.662139,0.0,0.0,0.0,0.0,0.0,0.0,0.0,0.0,0.0,23.96576,0.0,18.707006,23.841824,45.244263,24.555477,50.14108,32.92365,31.326494,20.284794,40.62527,39.00528,12.676753,12.171696,17.687977,24.341156,32.801502,27.167236,51.81091,0.0,3.5328186,49.194225,23.079855,32.12413,8.824556,1.2099634,14.30455,22.170282,12.780064,0.0,0.0,9.724236,13.647963,14.240131,10.04478,12.001746,28.321848,25.537064,49.29569,42.89409,62.12124,46.78773,17.596573,16.917662,17.363062,21.841282,0.0,60.087982,32.38467,16.933954,5.8359046,0.0,0.0,99.52633,22.787636,30.293127,0.0,18.541773,33.424725,10.711966,0.0,58.196827,22.804432,79.41407,16.687647,29.61028,45.45781,18.974234,0.0,15.052532,15.910542,21.441963,0.0,0.0,0.0,26.597599,49.06383,17.250957,13.118094,0.0,40.140736,42.68481,8.709365,29.739685,2.8845344,48.746147,26.066017,7.152846,47.13066,0.0,13.456906,32.738384,0.0
C17x19_C17x20,0.0,0.0,0.0,0.0,32.858128,0.0,0.0,27.940184,0.0,0.0,35.971268,0.0,99.83486,58.337315,0.0,12.50147,48.322113,0.0,0.0,35.61519,25.450018,28.859913,28.859913,0.0,0.0,28.859913,40.814083,0.0,57.015884,51.519123,59.54811,16.310236,23.066156,0.0,0.0,0.0,27.912271,44.0978,22.525904,51.123375,44.50236,37.523445,0.0,0.0,0.0,0.0,0.0,0.0,0.0,26.619429,0.0,0.0,0.0,0.0,0.0,34.354053,37.179523,0.0,106.12112,0.0,0.0,29.283558,4.2785916,6.0508423,0.0,0.0,8.45282,0.0,0.0,19.57586,19.57586,20.427206,0.0,28.17076,40.781315,123.83701,0.0,28.809584,14.430611,14.430611,0.0,0.0,61.94525,0.0,89.08702,48.801895,0.0,18.063,0.0,0.0,18.063,31.286036,0.0,0.0,72.353645,19.817675,28.026423,0.0,0.0,9.925191,0.0,19.456093,31.098875,0.0,40.604362,27.760687,13.880343,49.15857,0.0,0.0,0.0,0.0,0.0,0.0,50.315388,0.0,0.0,0.0,48.077118,24.576769,15.951707,0.0,59.39528,0.0,48.60404,0.0,0.0,0.0,13.637623,25.588154,0.0,31.335283,22.63674,0.0,0.0,9.240559,14.077756,0.0,83.76835,27.374823,0.0,11.455922,0.0,0.0,50.281437,22.759827,47.354275,45.135593,40.82765,0.0,0.0,55.55543,13.132835,51.132004,29.066013,51.054287,0.0,0.0,14.576844,0.0,30.931202,0.0,0.0,65.23246,30.739744,76.66835,12.258959,0.0,0.0,0.0,0.0,0.0,33.992977,0.0,0.0,37.706882,7.250484,31.697224,31.64051,17.628439,27.630587,41.98718,41.912056,0.0,12.761435,17.665226,12.738602,13.226652,0.0,51.02879,0.0,15.66005,12.786379,146.19276,0.0,0.0,36.237675,0.0,0.0,23.95355,0.0,0.0,0.0,23.952028,42.62943,23.853815,57.192543,57.09022,0.0,4.722394,27.234442,0.0,0.0,0.0,28.486835,17.22598,48.070545,0.0,0.0,0.0,24.597252,0.0,26.72516,47.32486,23.144667,39.51368,0.0,0.0,29.295105,47.360687,0.0,0.0,0.0,15.081513,51.824463,0.0,0.0,20.596037,20.559187,0.0,11.561856,13.350482,0.0,34.520473,38.595066,35.833656,56.2824,15.189804,0.0,5.7815356,4.1766057,0.0,0.0,0.0,25.542555,0.0,25.642895,0.0,46.310413,67.90103,42.486385,46.570843,21.658178,0.0,21.500338,9.717095,0.0,29.192308,45.23454,14.340918,26.78712,51.318615,26.28483,29.471752,4.391994,18.114328,24.255682,23.804121,29.955906,91.58708,24.972958,31.343517,78.21477,38.73969,48.932755,24.947233,75.34671,0.0,35.664394,43.801907,22.727978,2.0883029,11.533078,11.31837,0.0,33.685543,14.265538,41.400173,20.105453,32.412563,11.65175,53.572575,9.440216,20.407965,33.83284,30.40031,24.259645,27.741034,32.80063,34.613415,28.757067,33.617386,23.443455,59.793224,36.551865,31.656202,0.0,0.0,0.0,0.0,19.25872,0.0,21.328482,30.028091,0.0,0.0,5.8712893,15.464737,13.132835,26.687162,0.0,0.0,40.514076,40.002197,14.563599,18.061314,6.534062,32.412563,30.41704,40.441235,9.023697,33.125267,29.689419,25.623905,16.622099,17.674696,0.0,33.99101,24.036663,25.33822,20.143236,0.0,45.838287,46.846207,0.0,10.169371,34.219845,31.446281,46.223522,0.0,0.0,86.18672,112.57889,0.0,55.28183,45.692833,29.967022,0.0,11.287387,17.336727,0.0,0.0,0.0,36.75708,63.55288,13.962866,49.696968,37.63677,0.0,0.0,0.0,28.590305,40.574783,0.0,8.766477,4.0749073,30.58716,31.3925,18.545652,39.565205,27.945044,52.598057,0.0,0.0,0.0,0.0,0.0,0.0,0.0,0.0,0.0,0.0,0.0,0.0,28.590305,42.506893,42.751923,52.31172,44.119576,21.01465,0.0,42.299854,50.692436,15.625549,0.0,5.8712893,14.243418,28.771961,35.68208,22.459324,0.0,34.91827,24.06411,96.3623,53.0008,0.0,0.0,0.0,0.0,0.0,0.0,0.0,0.0,0.0,0.0,0.0,0.0,50.969173,0.0,34.470856,45.86726,42.47907,44.458153,26.829847,0.0,0.0,20.83535,26.550343,57.011528,0.0,0.0,0.0,0.0,0.0,136.02919,28.510406,39.433372,0.0,0.0,0.0,0.0,0.0,100.09809,45.66274,34.689987,0.0,0.0,0.0,0.0,0.0,0.0,0.0,16.357319,0.0,17.336727,0.0,0.0,76.13109,22.470243,0.0,0.0,0.0,37.232624,25.473452,42.99253,24.995794,0.0,48.669437,32.63401,0.0,0.0,0.0,103.82019,0.0
C17x19_C18x19,0.0,0.0,0.0,0.0,36.32002,0.0,0.0,14.027969,0.0,27.34796,40.235607,0.0,57.760113,27.311749,0.0,29.682863,53.2707,0.0,0.0,29.582413,35.277767,10.585711,10.585711,0.0,0.0,10.585711,14.970455,0.0,20.913216,51.86137,26.5521,7.2726235,10.285042,0.0,0.0,0.0,26.79164,46.800335,23.906403,43.58564,47.229683,38.25454,0.0,0.0,0.0,24.29727,34.361526,0.0,0.0,38.41736,0.0,25.984806,36.748062,0.0,0.0,56.394047,36.116695,0.0,146.1429,18.186954,21.163742,30.889395,0.0,0.0,0.0,0.0,0.0,0.0,0.0,11.138529,11.138529,13.271136,0.0,0.0,32.7542,97.514534,0.0,42.265537,21.640757,3.7576723,0.0,0.0,67.2039,0.0,82.31359,45.091408,0.0,0.0,0.0,0.0,0.0,0.0,0.0,0.0,83.692635,22.923424,32.418617,0.0,0.0,0.0,0.0,15.124821,24.175714,0.0,29.544493,34.115044,19.006765,66.45549,0.0,0.0,0.0,0.0,0.0,0.0,41.091858,0.0,0.0,0.0,54.998085,30.403946,40.239307,0.0,49.42367,0.0,79.555435,25.465593,0.0,0.0,21.262756,11.406007,0.0,36.188797,26.14294,0.0,0.0,29.308956,76.06149,0.0,78.698685,12.332242,0.0,18.64122,0.0,0.0,44.92073,24.79102,52.944866,70.5869,19.584219,0.0,0.0,26.648844,6.299562,28.190903,78.21278,50.151035,0.0,0.0,0.0,33.017662,40.126274,11.753107,26.066431,43.85884,13.649816,70.11874,32.929436,0.0,29.330626,4.2057266,0.0,0.0,17.198528,0.0,0.0,50.046276,6.4178414,34.646996,17.323498,35.00186,39.133274,41.10812,40.65562,0.0,31.577705,43.71196,44.225513,35.0371,0.0,93.48988,0.0,17.309658,14.133276,127.401596,0.0,0.0,28.888538,0.0,0.0,11.53936,0.0,0.0,0.0,22.347427,26.19467,27.740143,13.357588,53.45793,0.0,0.0,21.233301,0.0,0.0,0.0,51.232937,25.389112,43.174072,0.0,0.0,15.610378,21.523495,0.0,21.511751,41.90451,18.629723,38.29832,0.0,0.0,22.55809,49.0501,0.0,6.7602553,13.168857,44.700493,53.00903,0.0,0.0,23.770018,24.243769,32.30532,10.091222,0.0,6.6208153,27.573637,32.195038,35.346848,42.506775,43.112354,0.0,0.0,0.0,0.0,0.0,0.0,0.0,0.0,0.0,0.0,44.88899,62.77673,67.633865,0.0,30.96052,25.984806,32.419586,61.856834,11.038204,30.559795,48.96182,38.19573,53.227737,70.89317,45.06959,34.266354,0.0,20.220263,7.2726235,18.48585,44.526096,63.48014,9.193327,6.4178414,103.10173,64.84395,60.353485,34.52666,60.010582,7.805189,9.797357,22.545704,16.209309,0.0,5.142521,13.07147,0.0,54.315174,19.698479,30.485035,17.748709,28.777311,9.764259,44.28027,6.9900136,22.847517,28.153637,30.865656,20.329779,24.26568,27.466255,24.122978,24.098654,32.15007,9.622612,50.18829,35.825798,29.918804,0.0,0.0,0.0,0.0,6.645094,0.0,72.503845,19.483807,0.0,0.0,9.440572,17.690973,6.299562,15.506415,0.0,0.0,38.33976,20.183638,16.807941,0.0,20.724562,19.297447,25.77174,9.445241,22.32881,20.877481,29.067833,20.42728,12.905161,24.440708,23.660664,30.528679,12.161196,24.993996,36.227158,0.0,27.290712,29.525217,0.0,16.35155,33.167316,26.810045,26.8579,0.0,0.0,54.22045,70.96425,0.0,37.78571,21.917952,44.16794,58.210526,9.132097,11.2489805,0.0,0.0,0.0,41.043533,58.678337,24.687572,48.26574,28.437479,0.0,0.0,0.0,30.781277,35.458073,0.0,0.0,0.0,0.0,0.0,0.0,0.0,0.0,0.0,0.0,0.0,0.0,0.0,0.0,0.0,0.0,0.0,0.0,0.0,0.0,28.37356,28.66119,42.612278,63.19842,52.28378,48.06342,32.161484,28.265587,48.065506,57.037403,20.731909,8.897644,9.440572,25.616468,33.205906,0.0,33.98392,0.0,48.285263,35.467728,36.137722,45.412865,0.0,0.0,0.0,0.0,0.0,0.0,0.0,0.0,0.0,0.0,0.0,0.0,47.91426,0.0,33.484207,39.117985,46.889187,49.278416,34.866352,0.0,0.0,11.885009,0.0,65.69873,45.139862,14.484466,0.0,0.0,0.0,98.999825,32.90404,70.920044,0.0,0.0,0.0,0.0,0.0,136.89404,39.14017,55.22282,0.0,0.0,0.0,0.0,0.0,0.0,0.0,18.622738,0.0,11.2489805,0.0,0.0,26.739079,15.358648,14.427611,0.0,0.0,44.559593,19.594713,13.726552,34.56438,33.46123,64.132095,29.631792,23.660664,0.0,0.0,71.795135,0.0
C17x20_C17x21,0.0,0.0,0.0,0.0,0.0,0.0,0.0,0.0,0.0,0.0,27.705576,0.0,140.84186,0.0,0.0,0.0,45.827297,0.0,0.0,67.573616,0.0,0.0,0.0,0.0,0.0,0.0,0.0,0.0,0.0,0.0,112.15539,0.0,0.0,0.0,0.0,0.0,0.0,32.51582,0.0,93.26729,0.0,0.0,0.0,0.0,0.0,0.0,0.0,0.0,0.0,0.0,0.0,0.0,0.0,0.0,0.0,64.211914,66.553154,0.0,111.95598,0.0,0.0,93.378494,0.0,0.0,0.0,0.0,0.0,0.0,0.0,0.0,0.0,0.0,0.0,87.37578,0.0,117.88394,0.0,48.393074,0.0,0.0,0.0,52.939926,163.05247,0.0,120.006744,0.0,0.0,0.0,0.0,0.0,0.0,0.0,0.0,0.0,50.7882,0.0,0.0,0.0,0.0,97.32561,0.0,0.0,46.982296,49.560375,90.95324,0.0,0.0,88.11747,0.0,0.0,0.0,0.0,0.0,43.00693,112.69152,0.0,0.0,0.0,69.68547,0.0,0.0,0.0,114.68723,0.0,58.80549,0.0,0.0,0.0,0.0,0.0,0.0,71.89664,0.0,0.0,0.0,0.0,43.58263,0.0,160.78374,0.0,0.0,0.0,0.0,0.0,0.0,0.0,58.11555,49.312992,50.25856,0.0,0.0,59.30937,0.0,3.5627358,3.0231006,27.250656,0.0,0.0,46.666378,0.0,94.49144,0.0,0.0,143.84865,67.786354,95.34635,0.0,0.0,23.381582,0.0,0.0,0.0,0.0,0.0,0.0,0.0,0.0,0.0,0.0,0.0,61.40223,0.0,0.0,0.0,0.0,32.69335,0.0,44.89529,0.0,43.977905,0.0,28.107224,0.0,248.9466,0.0,0.0,0.0,0.0,0.0,0.0,0.0,0.0,0.0,0.0,0.0,45.86318,0.0,0.0,0.0,97.34696,24.65354,0.0,0.0,0.0,0.0,0.0,0.0,0.0,0.0,0.0,0.0,0.0,0.0,91.11886,0.0,0.0,0.0,0.0,0.0,75.63013,0.0,0.0,43.081398,0.0,0.0,0.0,0.0,0.0,0.0,0.0,29.723907,0.0,0.0,0.0,54.24845,0.0,0.0,0.0,0.0,14.122822,0.0,0.0,0.0,0.0,0.0,0.0,0.0,0.0,117.80891,146.53453,0.0,0.0,0.0,0.0,0.0,0.0,0.0,0.0,0.0,0.0,0.0,0.0,0.0,0.0,0.0,0.0,0.0,0.0,0.0,152.59601,79.12371,34.03001,139.88678,47.56455,46.13282,42.557957,0.0,0.0,89.89849,144.95966,88.3581,0.0,69.03148,67.74634,0.0,0.0,25.604301,36.156746,63.238163,100.73611,43.7225,73.55339,34.816948,68.699234,116.44863,102.09545,49.02537,59.000065,85.05602,64.31365,92.47451,102.39273,88.03187,101.520996,76.96475,109.5929,0.0,0.0,0.0,0.0,0.0,0.0,0.0,76.21974,0.0,0.0,0.0,0.0,0.0,0.0,0.0,0.0,0.0,0.0,0.0,0.0,0.0,0.0,0.0,0.0,0.0,0.0,0.0,0.0,0.0,0.0,0.0,0.0,0.0,0.0,0.0,0.0,0.0,0.0,0.0,0.0,0.0,0.0,0.0,0.0,0.0,98.505875,127.62413,63.601265,61.35773,50.25856,26.77561,4.9894586,0.0,0.0,0.0,0.0,0.0,21.566208,29.331005,0.0,116.44863,92.47451,0.0,0.0,0.0,32.84853,85.76192,67.73431,0.0,53.816025,65.1683,39.1161,44.442665,0.0,66.37013,43.360188,0.0,0.0,0.0,0.0,0.0,0.0,0.0,0.0,0.0,0.0,0.0,0.0,32.84853,39.82688,125.87769,52.869892,45.99145,114.91295,27.994135,0.0,52.066692,0.0,0.0,0.0,51.675488,0.0,0.0,0.0,0.0,0.0,0.0,0.0,0.0,0.0,0.0,0.0,0.0,0.0,0.0,0.0,0.0,0.0,0.0,0.0,0.0,0.0,40.847576,0.0,62.11604,38.03501,69.57075,0.0,0.0,0.0,23.938557,0.0,59.03311,0.0,0.0,0.0,0.0,0.0,160.64224,20.312666,32.19667,0.0,77.80537,88.507996,0.0,0.0,0.0,0.0,0.0,0.0,0.0,0.0,0.0,0.0,70.22925,63.172665,18.72156,0.0,0.0,0.0,0.0,87.442245,0.0,0.0,0.0,0.0,144.38478,0.0,0.0,0.0,0.0,0.0,0.0,0.0,0.0,0.0,168.86543,0.0
C17x20_C18x20,0.0,0.0,0.0,0.0,53.13546,0.0,0.0,0.0,0.0,0.0,53.658447,0.0,66.3519,0.0,0.0,0.0,40.414642,0.0,0.0,60.65751,35.445847,0.0,0.0,0.0,0.0,0.0,0.0,0.0,0.0,0.0,77.67427,0.0,0.0,0.0,0.0,0.0,0.0,31.192358,0.0,85.66491,0.0,55.399487,0.0,0.0,0.0,0.0,0.0,0.0,0.0,0.0,0.0,0.0,0.0,0.0,0.0,42.43436,81.48813,0.0,175.51038,0.0,0.0,56.54328,0.0,0.0,0.0,0.0,0.0,0.0,0.0,0.0,0.0,0.0,0.0,58.070274,53.41635,146.2223,0.0,102.39176,0.0,42.61882,0.0,0.0,144.10727,0.0,126.607056,0.0,0.0,0.0,0.0,0.0,0.0,0.0,0.0,0.0,109.41574,0.0,0.0,0.0,0.0,26.38726,0.0,0.0,0.0,0.0,45.891464,0.0,0.0,54.20666,0.0,0.0,0.0,0.0,0.0,0.0,63.875664,0.0,0.0,0.0,39.499027,0.0,0.0,0.0,97.54268,0.0,74.39684,0.0,0.0,0.0,0.0,0.0,0.0,62.192753,0.0,0.0,0.0,0.0,55.137882,0.0,170.47072,16.834917,0.0,0.0,0.0,0.0,0.0,0.0,70.89172,60.154003,30.246912,0.0,0.0,42.775593,0.0,38.625317,47.63176,31.0735,0.0,0.0,0.0,0.0,42.339317,0.0,0.0,61.682896,30.841448,144.18173,0.0,0.0,11.558101,0.0,0.0,0.0,0.0,0.0,0.0,0.0,0.0,0.0,38.17993,0.0,35.739933,0.0,50.981766,0.0,0.0,41.64734,36.861393,19.118668,0.0,68.60305,0.0,0.0,0.0,187.28297,0.0,0.0,0.0,0.0,0.0,0.0,0.0,0.0,0.0,0.0,0.0,47.9053,0.0,80.63491,0.0,61.560455,44.303146,0.0,0.0,0.0,0.0,0.0,0.0,0.0,0.0,0.0,0.0,0.0,0.0,83.315445,0.0,0.0,0.0,0.0,43.251194,9.378627,0.0,0.0,0.0,37.799576,0.0,0.0,0.0,0.0,0.0,0.0,0.0,0.0,0.0,0.0,65.90063,0.0,73.82229,0.0,0.0,41.567303,0.0,0.0,0.0,0.0,0.0,0.0,27.435373,0.0,79.00379,100.00391,0.0,0.0,0.0,0.0,21.729187,38.988373,0.0,40.55495,49.678165,23.700813,39.048763,60.237965,34.757133,19.940561,5.8076515,23.953062,32.073936,0.0,14.993232,137.92563,30.177753,12.219818,95.80809,0.0,0.0,0.0,121.84448,0.0,61.243313,101.89922,62.26984,35.939632,44.288933,53.772663,53.109066,0.0,0.0,51.43779,70.351585,93.60804,37.394997,64.74465,29.188229,63.099438,89.23573,93.9948,65.23752,48.68649,83.986206,63.764313,67.87872,78.10869,72.484886,93.02477,70.691216,82.46656,0.0,0.0,0.0,0.0,0.0,0.0,53.456673,103.22109,0.0,0.0,0.0,0.0,0.0,0.0,0.0,0.0,49.678165,59.059105,0.0,0.0,0.0,0.0,0.0,0.0,0.0,0.0,0.0,0.0,0.0,0.0,0.0,0.0,0.0,0.0,0.0,0.0,0.0,0.0,0.0,0.0,0.0,0.0,0.0,0.0,0.0,117.86159,130.88022,0.0,71.96292,30.246912,15.775188,0.0,0.0,0.0,0.0,0.0,0.0,34.563244,144.24077,21.199976,98.11606,81.91127,0.0,0.0,0.0,92.686935,71.61827,47.33694,17.852995,0.0,57.962955,35.646103,18.771435,0.0,21.764965,55.256905,0.0,0.0,0.0,0.0,0.0,0.0,0.0,0.0,0.0,0.0,0.0,0.0,92.686935,0.0,66.81502,67.3498,84.429794,63.763596,25.510769,91.90386,107.77372,0.0,0.0,0.0,17.824408,0.0,0.0,0.0,0.0,0.0,0.0,0.0,0.0,0.0,0.0,0.0,0.0,0.0,0.0,0.0,0.0,0.0,0.0,0.0,0.0,50.63119,0.0,15.415403,53.498466,42.6826,47.648823,14.993232,0.0,0.0,67.54614,28.406252,60.7549,0.0,0.0,0.0,0.0,0.0,134.46356,57.31516,66.64443,0.0,71.07059,81.114845,0.0,0.0,131.67549,16.244259,0.0,0.0,0.0,0.0,0.0,0.0,0.0,0.0,0.0,0.0,0.0,0.0,0.0,0.0,0.0,7.4528127,0.0,0.0,0.0,0.0,0.0,0.0,0.0,71.30557,29.483028,0.0,0.0,0.0,76.02288,0.0
C17x21_C17x22,69.01942,0.0,0.0,0.0,53.028473,0.0,0.0,0.0,0.0,50.192783,0.0,0.0,227.90083,0.0,0.0,0.0,38.251442,0.0,23.333961,68.57428,0.0,0.0,0.0,0.0,0.0,0.0,0.0,0.0,0.0,0.0,0.0,0.0,0.0,0.0,0.0,0.0,0.0,43.691277,0.0,79.784546,0.0,0.0,0.0,0.0,0.0,0.0,0.0,0.0,0.0,0.0,0.0,0.0,0.0,0.0,0.0,0.0,78.965225,0.0,0.0,69.96316,70.0545,108.77136,0.0,0.0,0.0,0.0,0.0,0.0,0.0,0.0,0.0,0.0,0.0,0.0,0.0,106.98161,0.0,35.372303,0.0,0.0,0.0,35.972855,198.8157,0.0,103.363785,0.0,0.0,0.0,0.0,0.0,0.0,73.99743,0.0,0.0,0.0,0.0,0.0,0.0,0.0,0.0,0.0,0.0,67.79276,49.185013,90.26437,0.0,0.0,55.43279,0.0,0.0,0.0,0.0,0.0,59.45908,58.466427,0.0,0.0,0.0,0.0,0.0,0.0,0.0,75.10817,0.0,89.40954,0.0,0.0,0.0,0.0,0.0,0.0,104.5783,0.0,0.0,0.0,0.0,33.178932,0.0,71.13568,0.0,0.0,0.0,0.0,0.0,0.0,0.0,0.0,0.0,86.11706,46.117725,0.0,46.58669,0.0,0.0,0.0,33.03159,0.0,0.0,73.87632,68.145615,105.807495,0.0,0.0,116.462,28.388021,54.33696,0.0,0.0,0.0,0.0,0.0,0.0,0.0,0.0,0.0,0.0,0.0,0.0,0.0,0.0,84.12605,0.0,0.0,0.0,0.0,29.479319,0.0,0.0,0.0,0.0,0.0,75.68811,0.0,156.39146,0.0,0.0,0.0,0.0,0.0,0.0,0.0,0.0,0.0,0.0,0.0,144.14581,0.0,0.0,0.0,52.890686,180.69675,0.0,0.0,0.0,0.0,0.0,0.0,0.0,0.0,0.0,0.0,0.0,0.0,69.71004,0.0,0.0,0.0,0.0,0.0,47.175144,0.0,0.0,49.22601,0.0,0.0,0.0,0.0,0.0,0.0,0.0,76.45872,0.0,28.086706,0.0,98.936226,0.0,0.0,0.0,0.0,30.95956,0.0,0.0,0.0,0.0,0.0,0.0,0.0,0.0,85.33576,35.790188,0.0,0.0,34.865913,2.5075595,86.0465,39.46821,84.79003,65.4109,75.312546,70.47703,0.0,146.36931,50.530987,43.588,14.992252,37.64652,95.49757,58.289135,56.926018,106.56018,0.0,0.0,138.47752,67.99787,82.42252,0.77070916,95.53561,59.877434,105.57728,176.75449,72.021835,30.832476,67.43893,104.149,0.0,79.71382,52.09342,0.0,75.572716,62.745163,52.709454,62.22512,54.06448,46.68136,128.00694,0.0,74.7411,112.61889,49.168507,63.82655,124.80473,116.343506,134.28564,11.131823,44.645367,156.74484,0.0,0.0,0.0,0.0,0.0,0.0,0.0,14.558679,0.0,0.0,0.0,0.0,0.0,0.0,0.0,0.0,0.0,0.0,0.0,0.0,0.0,0.0,0.0,0.0,0.0,0.0,0.0,0.0,0.0,0.0,0.0,0.0,0.0,0.0,0.0,0.0,0.0,0.0,0.0,32.239388,54.95229,43.313534,61.27329,0.0,0.0,106.87595,97.23342,55.083637,115.80051,72.12734,41.160557,0.0,0.0,0.0,0.0,0.0,0.0,0.0,0.0,0.0,0.0,0.0,0.0,0.0,0.0,56.63427,59.644947,0.0,0.0,0.0,0.0,0.0,0.0,0.0,0.0,0.0,0.0,0.0,0.0,0.0,0.0,0.0,0.0,0.0,0.0,0.0,0.0,68.05676,56.63427,57.84997,56.3326,61.075882,46.72909,58.79868,22.442041,0.0,55.503853,0.0,0.0,0.0,55.82214,0.0,0.0,0.0,0.0,0.0,0.0,0.0,0.0,0.0,0.0,0.0,0.0,0.0,0.0,0.0,0.0,0.0,0.0,0.0,0.0,0.0,86.78461,0.0,0.0,0.0,0.0,0.0,0.0,0.0,0.0,0.0,0.0,0.0,0.0,0.0,0.0,0.0,251.97717,24.621778,40.20029,0.0,0.0,70.76945,0.0,0.0,0.0,0.0,0.0,0.0,0.0,0.0,0.0,0.0,52.27236,57.302757,66.09573,0.0,0.0,0.0,0.0,78.9043,0.0,0.0,0.0,0.0,0.0,0.0,0.0,0.0,0.0,0.0,0.0,0.0,0.0,0.0,153.65765,0.0
C17x21_C18x21,74.66264,0.0,0.0,0.0,70.41767,0.0,0.0,0.0,0.0,0.0,31.345594,0.0,145.49922,0.0,0.0,0.0,50.451622,0.0,0.0,120.459755,0.0,0.0,0.0,0.0,0.0,0.0,0.0,0.0,0.0,0.0,0.0,0.0,0.0,0.0,0.0,0.0,0.0,54.75439,0.0,53.65538,0.0,0.0,0.0,0.0,0.0,0.0,0.0,0.0,0.0,0.0,0.0,0.0,0.0,0.0,0.0,0.0,139.60936,0.0,0.0,78.12654,0.0,103.60672,0.0,0.0,0.0,0.0,0.0,0.0,0.0,0.0,0.0,0.0,0.0,0.0,0.0,143.1057,0.0,64.41388,0.0,0.0,0.0,0.0,265.74786,0.0,92.130684,0.0,0.0,0.0,0.0,0.0,0.0,0.0,0.0,0.0,0.0,0.0,0.0,0.0,0.0,0.0,0.0,66.283966,0.0,41.293118,75.78115,0.0,0.0,59.822575,0.0,0.0,0.0,0.0,0.0,52.507942,51.63134,0.0,0.0,0.0,0.0,0.0,0.0,0.0,66.209496,0.0,93.357376,0.0,0.0,0.0,0.0,0.0,0.0,106.07241,0.0,0.0,0.0,0.0,30.40992,0.0,167.26003,0.0,0.0,0.0,0.0,0.0,0.0,0.0,0.0,0.0,64.59355,0.0,0.0,76.22588,0.0,0.0,0.0,36.09417,0.0,0.0,68.0042,0.0,92.81077,0.0,0.0,54.4061,0.0,90.935844,0.0,0.0,0.0,0.0,0.0,0.0,0.0,0.0,0.0,0.0,0.0,0.0,0.0,0.0,66.53199,0.0,0.0,0.0,0.0,40.555077,0.0,58.35218,0.0,0.0,0.0,42.13439,0.0,194.15625,0.0,0.0,0.0,0.0,0.0,0.0,0.0,0.0,0.0,0.0,0.0,175.68738,0.0,0.0,0.0,70.29,68.88522,0.0,0.0,0.0,0.0,0.0,0.0,0.0,0.0,0.0,0.0,0.0,0.0,69.84563,0.0,0.0,0.0,0.0,0.0,106.47487,0.0,0.0,53.790085,0.0,0.0,0.0,0.0,0.0,0.0,0.0,136.14542,0.0,0.0,0.0,62.808804,0.0,27.769669,0.0,0.0,0.0,0.0,0.0,0.0,0.0,0.0,0.0,66.69553,0.0,96.5455,115.09848,0.0,0.0,0.0,0.0,0.0,0.0,0.0,0.0,0.0,0.0,0.0,0.0,0.0,0.0,0.0,0.0,0.0,0.0,0.0,154.5227,0.0,0.0,195.9378,74.15941,44.79109,0.0,76.85559,122.4431,77.48658,187.91214,90.48991,35.006214,125.06681,80.501656,0.0,0.0,76.41825,0.0,116.01476,86.64097,87.04976,89.62301,96.26934,45.54749,181.1895,70.40512,71.62793,127.41256,91.87006,58.62183,147.10147,123.76352,97.96358,100.65111,98.917015,141.6714,0.0,0.0,0.0,0.0,0.0,0.0,0.0,61.569847,0.0,0.0,0.0,0.0,0.0,0.0,0.0,0.0,0.0,0.0,0.0,0.0,0.0,0.0,0.0,0.0,0.0,0.0,0.0,0.0,0.0,0.0,0.0,0.0,0.0,0.0,0.0,0.0,0.0,0.0,0.0,0.0,0.0,0.0,0.0,0.0,0.0,180.71582,163.33357,51.37672,106.91589,64.59355,34.51966,17.724657,0.0,0.0,0.0,0.0,0.0,24.399622,70.43005,0.0,117.78749,93.56254,0.0,0.0,0.0,54.2753,88.9114,0.0,0.0,0.0,0.0,0.0,0.0,0.0,0.0,0.0,0.0,0.0,0.0,0.0,0.0,0.0,0.0,0.0,0.0,0.0,0.0,69.03103,54.2753,0.0,105.75639,41.027073,63.72034,68.98705,40.056053,45.87024,78.60462,0.0,0.0,0.0,46.007732,0.0,0.0,0.0,0.0,0.0,0.0,0.0,0.0,0.0,0.0,0.0,0.0,0.0,0.0,0.0,0.0,0.0,0.0,0.0,0.0,0.0,98.18468,0.0,0.0,0.0,0.0,0.0,0.0,0.0,0.0,0.0,0.0,0.0,0.0,0.0,0.0,0.0,68.425095,15.548646,26.281174,0.0,99.81403,140.91576,0.0,0.0,0.0,0.0,0.0,0.0,0.0,0.0,0.0,43.0333,71.55743,71.97017,65.056595,0.0,0.0,0.0,0.0,71.84723,0.0,0.0,0.0,0.0,76.52867,0.0,0.0,0.0,0.0,0.0,0.0,0.0,0.0,0.0,0.0,0.0
C17x22_C17x23,93.39482,0.0,0.0,0.0,30.254803,0.0,0.0,0.0,0.0,59.05235,24.510284,0.0,182.07724,0.0,0.0,0.0,135.0553,78.57345,92.92559,72.80233,0.0,53.24698,0.0,0.0,0.0,0.0,0.0,0.0,0.0,0.0,0.0,0.0,0.0,0.0,0.0,0.0,0.0,63.001816,0.0,61.253407,0.0,0.0,0.0,0.0,0.0,0.0,0.0,0.0,0.0,106.74871,0.0,0.0,0.0,0.0,0.0,15.536761,37.58668,0.0,0.0,63.68511,75.01999,107.146866,50.32482,0.0,0.0,0.0,0.0,0.0,0.0,44.942604,0.0,0.0,0.0,0.0,0.0,67.73895,0.0,35.25769,0.0,0.0,47.89425,35.169968,96.21071,0.0,69.97312,0.0,0.0,0.0,0.0,0.0,0.0,85.93869,0.0,0.0,0.0,0.0,0.0,0.0,0.0,0.0,0.0,56.560078,89.820145,0.0,44.902195,0.0,0.0,55.00356,77.78677,0.0,0.0,0.0,0.0,0.0,73.027596,0.0,0.0,0.0,0.0,0.0,0.0,0.0,74.8466,0.0,67.181816,0.0,0.0,0.0,0.0,0.0,0.0,127.512115,0.0,0.0,0.0,0.0,46.219143,0.0,144.32426,0.0,0.0,0.0,0.0,0.0,0.0,0.0,0.0,0.0,112.25868,0.0,0.0,60.728508,0.0,0.0,0.0,54.707767,0.0,0.0,55.79761,43.317356,63.096836,0.0,0.0,170.17937,0.0,44.147102,0.0,0.0,0.0,57.157898,0.0,0.0,0.0,0.0,0.0,0.0,0.0,0.0,0.0,0.0,151.33072,0.0,0.0,0.0,0.0,60.110893,0.0,197.6756,0.0,0.0,0.0,83.1634,0.0,99.39289,0.0,0.0,0.0,0.0,0.0,0.0,0.0,0.0,0.0,0.0,0.0,138.39677,0.0,0.0,0.0,90.191,126.158966,0.0,0.0,0.0,0.0,0.0,0.0,0.0,0.0,0.0,0.0,0.0,0.0,70.11372,0.0,0.0,0.0,0.0,0.0,50.388515,0.0,0.0,47.130245,0.0,0.0,0.0,0.0,0.0,0.0,0.0,34.65445,0.0,48.640396,0.0,88.97139,0.0,0.0,0.0,0.0,58.554016,0.0,0.0,0.0,0.0,0.0,0.0,0.0,0.0,81.77302,63.449295,0.0,0.0,146.06268,60.725586,106.33113,54.98027,21.630589,46.244175,96.02271,83.05204,61.083023,99.086136,0.0,62.376446,53.946938,54.201622,49.686157,87.56703,48.248703,112.25868,0.0,0.0,126.867744,71.943405,75.51232,88.186485,68.47209,18.16113,51.285557,83.19313,52.371525,45.294075,41.716705,73.52164,0.0,57.132336,21.74822,34.42483,37.231693,77.86842,35.807804,25.998003,24.504396,0.0,72.42971,24.165695,100.28473,89.361755,36.212498,31.750647,79.97635,65.92793,106.1834,59.395447,59.043186,91.59516,0.0,0.0,0.0,0.0,0.0,0.0,0.0,57.16739,0.0,0.0,0.0,0.0,0.0,0.0,0.0,0.0,0.0,0.0,0.0,0.0,0.0,0.0,0.0,0.0,0.0,0.0,0.0,0.0,0.0,0.0,0.0,0.0,0.0,0.0,0.0,73.8613,0.0,0.0,0.0,26.708118,69.37512,37.922295,74.92796,0.0,0.0,69.645454,183.62381,0.0,86.36532,72.29183,45.56457,0.0,0.0,0.0,0.0,0.0,0.0,26.144228,31.570076,0.0,106.36973,96.31511,0.0,0.0,0.0,0.0,75.774635,0.0,0.0,0.0,0.0,0.0,0.0,0.0,0.0,0.0,0.0,0.0,0.0,0.0,0.0,0.0,0.0,0.0,0.0,0.0,0.0,37.503,0.0,0.0,0.0,0.0,0.0,0.0,0.0,0.0,0.0,0.0,0.0,0.0,0.0,0.0,0.0,0.0,0.0,0.0,0.0,0.0,0.0,0.0,0.0,0.0,0.0,0.0,0.0,0.0,0.0,0.0,0.0,0.0,0.0,0.0,81.56956,0.0,0.0,0.0,0.0,0.0,0.0,0.0,0.0,0.0,0.0,0.0,0.0,0.0,0.0,0.0,173.28949,103.14724,34.072506,0.0,0.0,0.0,0.0,0.0,0.0,0.0,46.156464,0.0,0.0,0.0,0.0,0.0,0.0,0.0,71.81098,0.0,0.0,0.0,0.0,29.827742,62.24336,0.0,0.0,0.0,34.175453,0.0,0.0,0.0,0.0,0.0,0.0,0.0,0.0,0.0,127.51194,0.0
C17x22_C18x22,86.08521,0.0,0.0,0.0,98.50151,0.0,0.0,0.0,0.0,77.14671,43.069565,0.0,227.21173,0.0,0.0,0.0,78.94241,44.442215,92.86451,69.14304,0.0,0.0,0.0,0.0,0.0,0.0,0.0,0.0,0.0,0.0,0.0,0.0,0.0,0.0,16.128107,0.0,0.0,95.46057,0.0,57.980995,0.0,0.0,0.0,0.0,0.0,0.0,0.0,0.0,0.0,103.060646,0.0,0.0,0.0,0.0,0.0,0.0,88.24931,0.0,0.0,83.59576,72.473305,111.24561,0.0,0.0,0.0,0.0,0.0,0.0,0.0,0.0,0.0,0.0,0.0,0.0,0.0,131.39336,0.0,0.0,0.0,0.0,0.0,33.95488,122.58317,0.0,147.0561,0.0,0.0,0.0,0.0,0.0,0.0,82.09949,0.0,39.38206,0.0,0.0,0.0,0.0,0.0,0.0,0.0,54.60598,61.040703,0.0,33.212357,0.0,0.0,93.38955,0.0,0.0,0.0,0.0,0.0,0.0,67.801414,0.0,0.0,0.0,0.0,0.0,0.0,0.0,82.432335,0.0,112.00035,0.0,28.110445,0.0,0.0,0.0,0.0,46.783306,0.0,0.0,0.0,0.0,36.59026,0.0,141.19633,0.0,0.0,0.0,0.0,0.0,0.0,0.0,0.0,0.0,64.53158,39.576843,0.0,59.5725,0.0,0.0,0.0,0.0,0.0,0.0,61.842396,55.878807,85.77327,0.0,0.0,0.0,0.0,0.0,0.0,0.0,0.0,0.0,0.0,0.0,0.0,0.0,0.0,0.0,0.0,0.0,0.0,0.0,219.42462,0.0,0.0,0.0,0.0,99.2847,0.0,95.62661,0.0,0.0,0.0,47.74389,0.0,97.39681,0.0,0.0,0.0,0.0,0.0,0.0,0.0,0.0,0.0,0.0,0.0,158.2963,0.0,0.0,0.0,43.139603,0.0,0.0,0.0,0.0,0.0,0.0,0.0,0.0,0.0,0.0,0.0,0.0,0.0,83.643265,0.0,0.0,0.0,0.0,0.0,56.792225,0.0,0.0,73.1438,0.0,0.0,0.0,0.0,0.0,0.0,0.0,0.0,0.0,41.23122,0.0,126.082,0.0,0.0,0.0,0.0,20.78677,0.0,0.0,0.0,0.0,0.0,0.0,0.0,0.0,0.0,0.0,0.0,0.0,68.804535,63.3774,80.41417,43.526173,44.34771,34.204964,124.77951,70.24157,69.10369,126.24678,0.0,21.914745,19.15125,52.050316,63.653587,43.10236,50.943645,104.98945,0.0,0.0,214.03065,64.49232,41.752426,34.753086,68.112274,30.448559,87.86954,183.02344,72.86753,33.831142,43.70372,105.37195,0.0,57.041134,101.2194,0.0,45.78495,58.65006,42.219864,68.087425,0.0,0.0,113.326904,24.219921,47.240295,74.78679,52.079216,23.484684,100.13282,85.67198,72.02049,58.8671,38.8698,91.337616,0.0,0.0,0.0,0.0,0.0,0.0,0.0,0.0,0.0,0.0,0.0,0.0,0.0,0.0,0.0,0.0,0.0,0.0,0.0,0.0,0.0,0.0,0.0,0.0,0.0,0.0,0.0,0.0,0.0,0.0,0.0,0.0,0.0,0.0,0.0,0.0,0.0,0.0,67.50047,34.796505,68.484276,81.27946,74.05282,0.0,0.0,122.354294,144.32791,0.0,121.9474,61.89751,56.908844,0.0,0.0,0.0,0.0,0.0,0.0,20.334167,34.42551,0.0,92.3665,89.11292,0.0,0.0,0.0,51.38407,54.115646,0.0,0.0,0.0,0.0,0.0,0.0,0.0,0.0,0.0,73.51102,79.35616,96.21102,35.450912,62.008286,48.524567,61.601776,0.0,0.0,0.0,0.0,48.680683,0.0,0.0,0.0,0.0,0.0,0.0,0.0,0.0,0.0,0.0,0.0,0.0,55.47082,0.0,0.0,0.0,0.0,0.0,0.0,0.0,0.0,0.0,0.0,0.0,0.0,0.0,0.0,0.0,0.0,0.0,0.0,0.0,0.0,0.0,81.91623,0.0,0.0,0.0,0.0,0.0,0.0,0.0,0.0,0.0,0.0,0.0,0.0,0.0,0.0,0.0,148.43094,92.06443,90.22683,0.0,8.319996,87.412384,0.0,0.0,32.537987,33.515007,36.182205,0.0,0.0,0.0,0.0,0.0,0.0,0.0,75.86256,0.0,0.0,0.0,13.082521,24.943773,0.0,0.0,0.0,0.0,34.25214,0.0,0.0,0.0,0.0,0.0,0.0,0.0,0.0,0.0,0.0,0.0
C17x23_C17x24,0.0,0.0,0.0,0.0,89.19751,0.0,0.0,92.12763,0.0,0.0,0.0,0.0,150.81549,0.0,0.0,0.0,215.26512,116.404915,116.1153,0.0,62.46492,64.62305,0.0,0.0,0.0,0.0,0.0,0.0,0.0,0.0,0.0,0.0,0.0,0.0,0.0,0.0,0.0,0.0,0.0,0.0,0.0,0.0,74.85971,0.0,0.0,0.0,0.0,0.0,0.0,0.0,0.0,0.0,0.0,0.0,0.0,103.275566,0.0,0.0,0.0,0.0,140.07555,74.47137,0.0,0.0,0.0,0.0,0.0,0.0,0.0,75.901405,0.0,0.0,0.0,0.0,41.29734,82.69193,112.646324,55.591293,0.0,0.0,70.15251,55.452984,0.0,0.0,0.0,0.0,0.0,0.0,0.0,0.0,0.0,138.7009,0.0,0.0,0.0,0.0,0.0,0.0,0.0,0.0,0.0,0.0,166.97606,0.0,0.0,0.0,0.0,71.18949,113.16372,0.0,0.0,0.0,0.0,0.0,81.9986,0.0,0.0,43.619083,0.0,0.0,0.0,0.0,87.822716,0.0,59.59331,0.0,0.0,0.0,0.0,0.0,0.0,210.82993,0.0,0.0,0.0,0.0,48.57351,0.0,148.16943,42.47883,0.0,0.0,0.0,0.0,0.0,0.0,0.0,61.53101,56.051105,87.39666,0.0,118.889656,0.0,0.0,90.14901,96.400314,0.0,0.0,0.0,89.771706,80.08609,0.0,43.975098,184.92104,0.0,80.45049,0.0,0.0,0.0,92.74699,0.0,0.0,0.0,0.0,0.0,0.0,0.0,0.0,38.703484,0.0,0.0,0.0,62.89258,0.0,0.0,0.0,69.74928,92.0592,0.0,113.036354,0.0,121.841,0.0,130.64877,0.0,0.0,0.0,0.0,0.0,0.0,0.0,0.0,0.0,0.0,0.0,32.68961,0.0,79.85668,0.0,0.0,0.0,0.0,0.0,0.0,0.0,0.0,0.0,0.0,0.0,0.0,0.0,0.0,0.0,35.70141,0.0,0.0,0.0,0.0,0.0,141.92123,0.0,0.0,52.81455,94.5076,0.0,0.0,0.0,0.0,114.36639,0.0,0.0,0.0,77.05486,0.0,0.0,0.0,53.42268,0.0,0.0,59.09699,0.0,0.0,0.0,0.0,0.0,0.0,0.0,0.0,117.951935,46.932636,0.0,0.0,0.0,0.0,0.0,0.0,0.0,0.0,0.0,0.0,0.0,0.0,0.0,0.0,0.0,0.0,0.0,0.0,0.0,161.41951,0.0,0.0,114.68029,72.192986,56.213432,49.00656,83.107574,0.0,53.159817,81.87301,47.137833,15.351962,40.09842,57.58862,0.0,108.57297,25.06787,0.0,0.0,0.0,0.0,0.0,0.0,0.0,0.0,0.0,0.0,0.0,0.0,0.0,0.0,0.0,0.0,0.0,0.0,0.0,101.339745,100.52822,93.217995,43.09157,0.0,0.0,0.0,66.37046,0.0,0.0,0.0,0.0,0.0,0.0,0.0,0.0,0.0,0.0,0.0,0.0,0.0,0.0,0.0,0.0,0.0,0.0,0.0,0.0,0.0,0.0,0.0,0.0,0.0,0.0,0.0,178.93872,0.0,0.0,0.0,33.17289,119.50886,84.96434,126.47224,0.0,0.0,91.986244,219.79718,0.0,48.020897,103.82631,98.784065,22.447351,0.0,0.0,0.0,0.0,0.0,44.465504,90.566345,46.056076,141.52312,36.643093,0.0,0.0,0.0,16.402271,134.02188,0.0,0.0,0.0,0.0,0.0,0.0,0.0,0.0,0.0,0.0,0.0,0.0,0.0,0.0,0.0,0.0,0.0,0.0,0.0,0.0,0.0,0.0,0.0,0.0,0.0,0.0,0.0,0.0,0.0,0.0,0.0,0.0,0.0,0.0,0.0,0.0,0.0,0.0,0.0,0.0,0.0,0.0,0.0,0.0,0.0,0.0,0.0,0.0,0.0,0.0,0.0,0.0,0.0,0.0,0.0,96.21617,0.0,0.0,0.0,0.0,41.43972,0.0,0.0,125.44992,0.0,81.09121,0.0,0.0,0.0,0.0,0.0,157.04645,0.0,0.0,0.0,30.20872,125.70121,0.0,0.0,43.289764,37.530655,124.994965,0.0,0.0,0.0,0.0,0.0,0.0,0.0,91.872086,0.0,0.0,0.0,0.0,41.61799,29.132069,0.0,0.0,0.0,0.0,0.0,0.0,0.0,0.0,103.237465,77.80377,0.0,0.0,0.0,161.59,0.0
C17x23_C18x23,95.30934,0.0,0.0,0.0,71.327866,0.0,0.0,0.0,0.0,207.57175,119.898705,0.0,170.37688,0.0,0.0,0.0,165.02966,89.8611,136.88815,0.0,0.0,50.874374,0.0,0.0,0.0,0.0,0.0,0.0,0.0,0.0,0.0,0.0,0.0,0.0,0.0,0.0,0.0,84.85011,0.0,0.0,0.0,0.0,0.0,0.0,0.0,0.0,0.0,0.0,0.0,0.0,0.0,0.0,0.0,0.0,0.0,92.60248,0.0,0.0,0.0,93.03143,151.49126,93.03143,68.40726,0.0,0.0,0.0,0.0,0.0,0.0,117.52362,0.0,0.0,0.0,0.0,0.0,55.75544,0.0,76.696655,0.0,0.0,104.18517,48.339664,0.0,0.0,97.59475,0.0,0.0,0.0,0.0,0.0,0.0,0.0,0.0,0.0,0.0,0.0,0.0,0.0,0.0,0.0,0.0,0.0,169.49017,0.0,0.0,0.0,0.0,68.365486,41.351322,0.0,0.0,0.0,0.0,0.0,77.7141,0.0,0.0,54.356316,0.0,0.0,0.0,0.0,136.2007,0.0,121.20347,0.0,0.0,0.0,0.0,0.0,0.0,213.76814,0.0,0.0,0.0,0.0,50.10497,0.0,186.66095,0.0,0.0,0.0,0.0,0.0,0.0,0.0,0.0,100.51664,118.04273,130.96964,0.0,139.1845,0.0,0.0,118.08361,0.0,0.0,0.0,64.605606,81.78443,50.224174,0.0,0.0,134.69276,0.0,84.85487,0.0,0.0,0.0,87.618164,0.0,0.0,0.0,0.0,0.0,0.0,0.0,0.0,0.0,0.0,0.0,0.0,0.0,0.0,0.0,91.01438,0.0,72.60707,0.0,158.89975,0.0,124.37459,0.0,141.36674,0.0,0.0,0.0,0.0,0.0,0.0,0.0,0.0,0.0,0.0,0.0,114.08368,0.0,0.0,0.0,0.0,0.0,0.0,0.0,0.0,0.0,0.0,0.0,0.0,0.0,0.0,0.0,0.0,0.0,95.72768,0.0,0.0,0.0,0.0,0.0,154.81435,0.0,0.0,99.64269,0.0,0.0,0.0,0.0,0.0,0.0,0.0,0.0,0.0,83.33459,0.0,0.0,0.0,35.32688,0.0,0.0,0.0,0.0,0.0,0.0,0.0,0.0,0.0,0.0,0.0,142.7449,47.107742,0.0,0.0,0.0,0.0,0.0,0.0,0.0,0.0,0.0,0.0,0.0,0.0,0.0,0.0,0.0,0.0,0.0,0.0,0.0,241.89772,0.0,0.0,189.32167,38.47515,103.380554,7.9732213,79.02128,20.99512,69.0821,97.59475,60.543938,53.85383,48.993584,83.33233,0.0,73.75191,87.941246,0.0,0.0,0.0,0.0,0.0,0.0,0.0,0.0,0.0,0.0,0.0,0.0,0.0,0.0,0.0,0.0,0.0,0.0,0.0,115.40539,122.72353,98.32135,45.450684,0.0,0.0,0.0,63.335506,0.0,0.0,0.0,0.0,0.0,0.0,0.0,0.0,0.0,0.0,0.0,0.0,0.0,0.0,0.0,0.0,0.0,0.0,0.0,0.0,0.0,0.0,0.0,0.0,0.0,0.0,0.0,120.393265,0.0,0.0,0.0,0.0,0.0,0.0,0.0,0.0,0.0,55.76236,170.63448,0.0,50.988976,155.59055,64.83665,0.0,0.0,0.0,0.0,0.0,0.0,77.14061,101.10387,0.0,143.27017,152.2308,0.0,0.0,0.0,134.73898,156.19289,0.0,0.0,0.0,0.0,0.0,0.0,0.0,0.0,0.0,0.0,0.0,0.0,0.0,0.0,0.0,0.0,0.0,0.0,0.0,0.0,50.224174,0.0,0.0,0.0,0.0,0.0,0.0,0.0,0.0,0.0,0.0,0.0,0.0,0.0,0.0,0.0,0.0,0.0,0.0,0.0,0.0,0.0,0.0,0.0,0.0,0.0,0.0,0.0,0.0,0.0,0.0,0.0,0.0,0.0,0.0,156.2874,0.0,0.0,0.0,0.0,43.7084,0.0,0.0,125.92549,0.0,100.55566,0.0,0.0,0.0,0.0,0.0,175.98491,134.92252,46.831245,0.0,0.0,0.0,0.0,0.0,0.0,0.0,76.54792,0.0,0.0,0.0,0.0,0.0,0.0,0.0,134.8911,0.0,0.0,0.0,0.0,57.425636,30.932665,0.0,0.0,0.0,0.0,0.0,0.0,0.0,0.0,0.0,0.0,0.0,0.0,0.0,0.0,0.0
C17x24_C17x25,70.00283,0.0,0.0,0.0,43.937546,0.0,0.0,95.594734,0.0,52.185253,34.31081,37.4628,93.64761,0.0,0.0,0.0,134.42567,0.0,80.32105,0.0,83.77063,0.0,0.0,0.0,0.0,38.046318,0.0,0.0,0.0,0.0,0.0,0.0,0.0,0.0,0.0,0.0,97.115295,0.0,37.734505,0.0,0.0,0.0,15.342017,0.0,0.0,0.0,0.0,0.0,0.0,0.0,0.0,54.655,0.0,0.0,0.0,57.29649,0.0,0.0,0.0,0.0,119.16636,0.0,0.0,0.0,0.0,0.0,0.0,0.0,50.137672,0.0,0.0,0.0,0.0,0.0,32.500824,108.870316,22.964756,0.0,0.0,0.0,0.0,0.0,99.67842,0.0,0.0,0.0,0.0,0.0,0.0,0.0,0.0,128.0355,0.0,0.0,0.0,33.298286,0.0,0.0,0.0,0.0,0.0,0.0,21.289804,0.0,58.379852,0.0,0.0,50.657143,80.525246,0.0,0.0,0.0,0.0,0.0,0.0,0.0,0.0,68.70942,0.0,0.0,0.0,0.0,51.987545,0.0,0.0,0.0,0.0,0.0,0.0,0.0,0.0,213.7957,0.0,0.0,0.0,0.0,0.0,0.0,117.73188,41.551044,0.0,0.0,0.0,0.0,0.0,0.0,50.863537,119.519295,0.0,0.0,0.0,69.83976,0.0,31.335192,73.63153,77.0495,0.0,0.0,0.0,113.94007,0.0,0.0,94.29333,202.6655,0.0,75.43927,0.0,0.0,0.0,0.0,0.0,0.0,0.0,0.0,0.0,0.0,0.0,0.0,57.84121,0.0,0.0,0.0,40.193527,0.0,0.0,0.0,68.28602,77.71545,0.0,214.45538,0.0,102.623405,0.0,127.497375,0.0,0.0,0.0,0.0,0.0,0.0,0.0,0.0,0.0,0.0,0.0,0.0,0.0,53.431335,0.0,29.624866,163.63716,0.0,0.0,0.0,0.0,0.0,0.0,0.0,0.0,0.0,0.0,0.0,0.0,83.39876,79.2482,0.0,0.0,0.0,0.0,68.83211,0.0,0.0,51.42889,97.71207,0.0,0.0,0.0,0.0,60.404068,0.0,29.866165,0.0,78.765816,0.0,0.0,0.0,50.707447,0.0,0.0,76.70233,0.0,0.0,0.0,0.0,0.0,0.0,0.0,0.0,72.51235,48.263924,42.834373,40.161346,43.54392,54.655,25.803194,29.317722,15.676763,26.966139,72.80855,62.587547,25.452072,46.042294,0.0,33.298286,39.09803,31.037628,0.0,59.94059,42.715664,110.87415,0.0,0.0,59.469418,0.0,0.0,0.0,107.33022,21.746788,35.307083,63.869812,46.19134,54.236744,0.0,83.14951,0.0,75.94682,0.0,0.0,0.0,0.0,0.0,0.0,0.0,0.0,0.0,0.0,0.0,0.0,0.0,0.0,0.0,0.0,0.0,0.0,0.0,0.0,44.300827,69.55793,28.250397,56.903507,0.0,0.0,0.0,0.0,0.0,0.0,0.0,0.0,0.0,0.0,0.0,0.0,0.0,0.0,43.54392,48.552685,29.317722,0.0,72.80855,38.517433,49.225834,73.77743,28.974596,82.64197,53.684906,0.0,0.0,39.217854,82.78182,44.075256,42.715664,89.60088,0.0,73.77743,0.0,37.472458,63.461044,72.11781,72.17159,49.5416,32.974167,50.50034,132.26195,0.0,37.809795,49.5416,49.100986,25.720102,0.0,0.0,0.0,0.0,0.0,23.01471,52.40087,27.182793,81.04567,40.161346,0.0,0.0,0.0,43.54392,54.43132,0.0,0.0,0.0,0.0,0.0,0.0,0.0,0.0,0.0,0.0,0.0,0.0,0.0,0.0,0.0,0.0,0.0,0.0,0.0,0.0,0.0,47.544113,53.013016,42.05587,53.74801,31.636372,90.23395,33.888927,42.820637,46.639774,0.0,0.0,0.0,0.0,0.0,0.0,0.0,0.0,0.0,0.0,0.0,0.0,0.0,0.0,0.0,0.0,0.0,0.0,0.0,0.0,0.0,0.0,0.0,0.0,0.0,0.0,0.0,56.102776,37.550034,41.465794,70.16418,0.0,140.8768,45.826294,0.0,97.43645,0.0,0.0,0.0,0.0,33.90148,183.86357,0.0,0.0,0.0,5.436411,74.115944,0.0,0.0,41.36164,69.2738,9.77461,0.0,0.0,0.0,0.0,0.0,0.0,0.0,0.0,0.0,0.0,0.0,0.0,7.4896417,0.0,0.0,0.0,0.0,0.0,0.0,0.0,0.0,0.0,101.3748,49.201332,0.0,0.0,0.0,89.60887,0.0
C17x24_C18x24,0.0,0.0,0.0,0.0,86.87072,0.0,0.0,86.936356,0.0,109.92945,55.65794,0.0,112.47071,0.0,0.0,0.0,262.55804,0.0,184.69333,0.0,60.888763,0.0,0.0,0.0,0.0,0.0,0.0,0.0,0.0,0.0,0.0,0.0,0.0,0.0,0.0,0.0,0.0,0.0,0.0,0.0,0.0,0.0,21.449608,0.0,0.0,0.0,0.0,0.0,0.0,0.0,0.0,0.0,0.0,0.0,0.0,68.015884,0.0,0.0,0.0,0.0,159.69275,0.0,0.0,0.0,0.0,0.0,0.0,0.0,0.0,0.0,0.0,0.0,0.0,0.0,48.159008,89.86624,115.38782,0.0,0.0,0.0,163.98647,0.0,106.483246,0.0,0.0,0.0,0.0,0.0,0.0,0.0,0.0,108.81091,0.0,0.0,0.0,0.0,0.0,0.0,0.0,0.0,0.0,0.0,225.33887,0.0,62.21398,0.0,0.0,60.451424,96.09435,0.0,0.0,0.0,0.0,0.0,78.50724,0.0,0.0,102.95825,0.0,0.0,0.0,0.0,81.927505,0.0,0.0,0.0,0.0,0.0,0.0,0.0,0.0,422.3162,0.0,0.0,0.0,0.0,0.0,0.0,120.68972,40.670155,0.0,0.0,0.0,0.0,0.0,0.0,0.0,108.20833,0.0,75.86488,0.0,118.10389,0.0,0.0,81.86409,174.86844,0.0,0.0,0.0,136.98593,0.0,0.0,55.313087,205.12523,0.0,88.0859,0.0,0.0,0.0,69.04596,0.0,0.0,0.0,0.0,0.0,0.0,0.0,0.0,91.94263,0.0,0.0,0.0,0.0,0.0,0.0,0.0,77.79566,27.34673,0.0,194.15701,0.0,155.4175,0.0,157.84496,0.0,0.0,0.0,0.0,0.0,0.0,0.0,0.0,0.0,0.0,0.0,0.0,0.0,30.980482,0.0,0.0,143.47058,0.0,0.0,0.0,0.0,0.0,0.0,0.0,0.0,0.0,0.0,0.0,0.0,108.391266,111.65005,0.0,0.0,0.0,0.0,95.40454,0.0,0.0,115.94055,93.220856,0.0,0.0,0.0,0.0,54.43253,0.0,61.36479,0.0,81.45288,0.0,0.0,0.0,66.911156,0.0,0.0,64.373474,0.0,0.0,0.0,0.0,0.0,0.0,32.87876,0.0,107.25812,55.939453,0.0,0.0,0.0,0.0,0.0,0.0,0.0,0.0,0.0,0.0,0.0,0.0,0.0,0.0,0.0,0.0,0.0,0.0,0.0,166.4098,0.0,0.0,124.753456,0.0,0.0,0.0,108.40858,0.0,53.904747,44.762337,65.676926,0.0,48.74691,115.356514,0.0,135.98611,0.0,0.0,0.0,0.0,0.0,0.0,0.0,0.0,0.0,0.0,0.0,0.0,0.0,0.0,0.0,0.0,0.0,0.0,0.0,0.0,133.63402,178.97023,87.087975,58.384182,0.0,45.06516,0.0,0.0,0.0,0.0,0.0,0.0,0.0,0.0,0.0,0.0,0.0,0.0,0.0,0.0,0.0,0.0,0.0,0.0,0.0,0.0,0.0,0.0,0.0,0.0,0.0,0.0,0.0,0.0,0.0,148.1727,0.0,0.0,0.0,40.763794,69.03505,100.76834,81.70026,56.50914,46.101044,48.045963,186.43224,0.0,27.269583,75.86488,70.46118,13.597156,0.0,0.0,0.0,0.0,0.0,42.83077,88.44138,44.09509,128.05432,65.1485,0.0,0.0,0.0,0.0,0.0,0.0,0.0,0.0,0.0,0.0,0.0,0.0,0.0,0.0,0.0,0.0,0.0,0.0,0.0,0.0,0.0,0.0,0.0,0.0,0.0,0.0,0.0,0.0,0.0,0.0,0.0,0.0,0.0,0.0,0.0,0.0,0.0,0.0,0.0,0.0,0.0,0.0,0.0,0.0,0.0,0.0,0.0,0.0,0.0,0.0,0.0,0.0,0.0,0.0,0.0,0.0,0.0,0.0,0.0,0.0,81.78596,0.0,0.0,0.0,0.0,95.20539,0.0,0.0,92.635,0.0,88.21401,0.0,0.0,0.0,0.0,0.0,161.9007,0.0,0.0,0.0,28.922485,86.81719,0.0,0.0,0.0,104.57755,69.85538,0.0,0.0,0.0,0.0,0.0,0.0,0.0,155.56195,0.0,0.0,0.0,0.0,39.84597,0.0,0.0,0.0,0.0,0.0,0.0,0.0,0.0,0.0,50.08177,69.49341,0.0,0.0,0.0,0.0,0.0
C17x25_C17x26,3.68319,0.0,0.0,0.0,68.73177,0.0,0.0,94.23987,0.0,0.0,30.943645,26.56864,60.3254,0.0,0.0,0.0,83.97849,0.0,59.60339,0.0,16.582355,0.0,0.0,0.0,0.0,37.067654,0.0,0.0,0.0,0.0,0.0,0.0,0.0,0.0,0.0,0.0,115.40437,0.0,37.446,0.0,0.0,0.0,0.0,0.0,0.0,18.391027,0.0,0.0,0.0,0.0,0.0,76.150505,0.0,0.0,0.0,73.172134,0.0,0.0,41.679085,68.964485,65.65572,0.0,0.0,0.0,0.0,0.0,0.0,0.0,47.371258,0.0,0.0,0.0,0.0,0.0,78.86216,157.05733,0.0,0.0,0.0,0.0,40.218433,0.0,148.3855,0.0,0.0,0.0,0.0,0.0,0.0,0.0,0.0,110.304825,0.0,0.0,0.0,57.143726,0.0,0.0,0.0,0.0,0.0,28.826187,52.6195,0.0,77.16368,0.0,0.0,72.988945,31.930084,0.0,0.0,0.0,0.0,0.0,0.0,0.0,0.0,0.0,0.0,0.0,0.0,0.0,67.88335,0.0,0.0,0.0,0.0,0.0,0.0,0.0,0.0,231.11513,0.0,0.0,0.0,0.0,0.0,0.0,85.15877,0.0,0.0,0.0,0.0,0.0,0.0,0.0,51.216335,123.79193,0.0,0.0,0.0,20.428154,0.0,59.139538,142.94266,77.95316,0.0,0.0,0.0,60.618412,0.0,0.0,78.76406,174.70233,0.0,0.0,0.0,0.0,0.0,10.719593,0.0,0.0,0.0,0.0,0.0,0.0,0.0,0.0,22.890825,0.0,0.0,0.0,0.0,0.0,0.0,0.0,70.283264,0.0,0.0,181.15924,0.0,58.541294,0.0,112.98025,0.0,0.0,0.0,0.0,0.0,0.0,0.0,0.0,0.0,0.0,0.0,0.0,0.0,67.6711,0.0,44.102337,129.40274,0.0,0.0,0.0,0.0,0.0,0.0,0.0,0.0,0.0,0.0,0.0,0.0,127.47935,20.422968,0.0,0.0,0.0,0.0,83.09886,0.0,0.0,47.454758,17.27521,0.0,0.0,0.0,0.0,14.456495,0.0,96.1104,0.0,0.0,0.0,0.0,0.0,0.0,0.0,0.0,128.3907,0.0,0.0,0.0,0.0,0.0,0.0,0.0,0.0,0.0,0.0,42.446728,21.039343,54.499435,76.150505,51.479706,36.29061,75.27495,44.550476,78.937904,66.641594,59.336723,85.67041,70.27471,57.143726,38.035385,55.492832,0.0,82.66653,69.008736,43.5552,0.0,0.0,0.0,0.0,0.0,0.0,70.84128,73.87737,37.898922,57.958984,45.470154,56.069416,49.94196,100.93013,0.0,63.764053,0.0,0.0,0.0,0.0,0.0,0.0,0.0,0.0,0.0,0.0,0.0,0.0,0.0,0.0,0.0,0.0,0.0,0.0,0.0,0.0,0.0,0.0,0.0,0.0,0.0,0.0,82.863205,0.0,0.0,0.0,0.0,0.0,0.0,0.0,0.0,0.0,0.0,0.0,54.499435,25.288406,36.29061,56.674145,78.937904,24.606945,101.5255,85.03111,43.79014,97.13828,32.901936,70.27471,14.6239805,65.557846,96.22301,33.864765,69.008736,45.04265,56.674145,85.03111,63.998444,37.71303,55.114307,61.17214,44.682884,0.0,40.636475,56.321,196.13786,0.0,35.48042,0.0,0.0,30.474062,0.0,0.0,0.0,0.0,0.0,56.355946,61.79548,17.824432,91.610886,21.039343,0.0,0.0,0.0,54.499435,70.28194,0.0,0.0,0.0,0.0,0.0,0.0,0.0,0.0,0.0,0.0,0.0,0.0,0.0,0.0,0.0,0.0,0.0,0.0,0.0,0.0,72.80657,11.378725,72.6631,53.264,55.32004,0.0,55.28811,0.0,62.307854,53.681366,0.0,0.0,0.0,0.0,0.0,0.0,0.0,0.0,0.0,0.0,0.0,0.0,0.0,0.0,0.0,0.0,0.0,0.0,0.0,0.0,0.0,0.0,0.0,0.0,0.0,0.0,25.047062,64.379875,40.705032,36.396603,0.0,167.04408,133.29018,50.011463,0.0,87.97205,0.0,0.0,0.0,0.0,21.63049,203.5434,0.0,0.0,0.0,0.0,0.0,0.0,0.0,113.41336,152.51152,37.31838,0.0,0.0,0.0,0.0,0.0,0.0,0.0,16.095726,0.0,0.0,0.0,0.0,8.675749,0.0,0.0,0.0,0.0,11.34815,0.0,0.0,0.0,0.0,40.563545,75.25153,0.0,0.0,0.0,74.244644,0.0
C17x25_C18x25,41.892406,0.0,0.0,0.0,47.427242,0.0,0.0,43.186787,0.0,0.0,27.170166,29.666174,125.90976,0.0,0.0,0.0,101.93246,0.0,50.717026,0.0,63.873962,0.0,30.998987,0.0,0.0,17.64966,0.0,0.0,0.0,0.0,0.0,25.17171,0.0,0.0,0.0,0.0,89.59133,0.0,8.839395,0.0,0.0,0.0,14.098394,0.0,14.412276,0.0,0.0,0.0,0.0,0.0,0.0,59.598717,0.0,61.080772,0.0,62.05137,0.0,0.0,41.374653,50.737194,83.87262,0.0,0.0,0.0,0.0,0.0,0.0,0.0,47.484238,0.0,43.463024,0.0,0.0,0.0,67.802475,115.10694,0.0,0.0,0.0,0.0,47.52147,0.0,101.12655,0.0,0.0,0.0,0.0,0.0,0.0,0.0,0.0,117.508934,0.0,0.0,0.0,33.23626,0.0,0.0,0.0,0.0,6.496666,9.499439,0.0,0.0,50.17599,0.0,0.0,32.356644,34.411076,0.0,0.0,0.0,53.62166,0.0,0.0,0.0,0.0,52.453846,0.0,0.0,0.0,0.0,53.744804,0.0,0.0,0.0,0.0,52.22421,0.0,0.0,0.0,239.59079,0.0,0.0,0.0,0.0,0.0,0.0,73.308426,0.0,63.2886,0.0,38.782757,0.0,0.0,0.0,27.354591,64.27791,0.0,0.0,0.0,55.550564,0.0,21.261662,49.96072,143.53331,0.0,0.0,0.0,63.477215,0.0,0.0,38.162827,84.64691,0.0,46.021076,0.0,0.0,0.0,22.261192,0.0,72.69398,0.0,0.0,63.80572,0.0,0.0,0.0,83.97856,0.0,0.0,0.0,43.79409,0.0,0.0,0.0,82.4291,56.29742,28.031622,58.615265,0.0,67.79935,0.0,129.56642,0.0,50.687584,0.0,0.0,18.32388,0.0,0.0,0.0,0.0,0.0,0.0,0.0,0.0,11.015355,0.0,23.542717,155.7761,0.0,0.0,65.912155,0.0,0.0,0.0,40.56077,0.0,0.0,0.0,0.0,0.0,76.6744,80.83461,0.0,0.0,0.0,0.0,102.8744,0.0,0.0,54.296387,52.00611,0.0,0.0,10.282016,0.0,35.085175,0.0,62.887165,0.0,42.071857,0.0,0.0,0.0,46.597103,0.0,0.0,97.29096,0.0,0.0,0.0,46.922268,0.0,0.0,17.878078,0.0,65.01134,44.35165,0.0,28.498716,40.750645,59.598717,43.475044,40.732513,66.76984,34.315357,61.928806,52.22421,49.761543,69.160446,48.79035,44.81876,30.628538,36.257633,26.024078,75.42649,65.912155,79.37231,0.0,0.0,68.32175,0.0,0.0,0.0,126.3131,66.76984,69.02915,69.160446,46.105297,42.48787,34.918163,104.63152,0.0,69.75198,0.0,0.0,0.0,0.0,0.0,0.0,0.0,0.0,0.0,0.0,0.0,0.0,0.0,0.0,0.0,0.0,0.0,0.0,0.0,0.0,35.547783,71.110794,25.960419,43.41656,33.8914,0.0,70.90202,26.889593,0.0,0.0,0.0,0.0,0.0,0.0,0.0,0.0,0.0,0.0,25.292105,24.216635,40.732513,67.52948,52.75445,7.940719,59.42126,74.22809,31.570162,64.08459,44.080017,48.79035,0.0,29.326185,52.31904,41.1755,33.83398,88.04261,67.52948,74.22809,77.87267,26.793215,45.707306,66.97867,51.31784,23.407932,20.424416,41.94197,117.61903,14.902959,48.964916,23.407932,53.01599,33.30837,0.0,0.0,0.0,0.0,0.0,46.001484,40.483128,0.0,46.86245,28.498716,0.0,0.0,0.0,25.292105,46.446125,0.0,0.0,0.0,0.0,0.0,0.0,0.0,0.0,0.0,0.0,0.0,0.0,0.0,0.0,0.0,0.0,0.0,0.0,0.0,0.0,62.29163,27.615583,26.44132,8.6702,64.88004,34.470383,69.97177,34.58482,32.02026,36.94217,0.0,0.0,0.0,0.0,0.0,0.0,0.0,0.0,0.0,0.0,0.0,0.0,0.0,0.0,0.0,0.0,0.0,0.0,0.0,0.0,0.0,0.0,0.0,0.0,0.0,0.0,23.659794,22.126476,41.38658,22.427763,64.47667,54.780575,74.980034,39.86315,0.0,52.70083,0.0,0.0,0.0,0.0,38.518147,164.03503,0.0,0.0,0.0,0.0,0.0,0.0,0.0,0.0,0.0,32.150654,0.0,0.0,0.0,0.0,0.0,0.0,0.0,51.382603,0.0,0.0,0.0,5.1105185,0.0,0.0,0.0,0.0,9.607706,7.472611,0.0,0.0,0.0,0.0,39.64042,48.368103,0.0,0.0,45.339825,69.22876,0.0
C17x26_C18x26,0.0,0.0,0.0,0.0,75.27796,0.0,0.0,63.24526,0.0,0.0,36.38023,0.0,123.418175,0.0,0.0,0.0,93.298256,0.0,0.0,0.0,41.372826,0.0,0.0,0.0,0.0,57.337593,0.0,0.0,0.0,0.0,0.0,0.0,0.0,0.0,0.0,0.0,40.471344,0.0,62.38353,0.0,0.0,0.0,0.0,0.0,0.0,0.0,0.0,0.0,0.0,0.0,0.0,86.31908,0.0,0.0,0.0,113.29245,0.0,0.0,22.245987,99.3592,0.0,0.0,0.0,0.0,0.0,0.0,0.0,0.0,0.0,0.0,0.0,0.0,0.0,0.0,80.46454,220.29,0.0,37.388405,0.0,0.0,0.0,0.0,106.89295,0.0,0.0,0.0,0.0,0.0,0.0,0.0,0.0,97.98645,0.0,0.0,0.0,97.88014,0.0,0.0,0.0,0.0,0.0,25.416023,24.332289,0.0,71.445526,0.0,0.0,67.58015,0.0,0.0,0.0,0.0,0.0,0.0,0.0,0.0,0.0,0.0,0.0,0.0,0.0,0.0,79.51849,0.0,0.0,0.0,0.0,0.0,0.0,0.0,0.0,151.13913,0.0,0.0,0.0,0.0,0.0,0.0,99.19441,0.0,0.0,0.0,0.0,0.0,0.0,0.0,58.474693,141.33568,0.0,0.0,0.0,58.735092,0.0,94.68267,228.85182,119.58634,0.0,0.0,0.0,0.0,0.0,0.0,16.671595,33.34319,0.0,70.34923,0.0,0.0,0.0,0.0,0.0,0.0,0.0,0.0,0.0,0.0,0.0,0.0,63.349068,0.0,0.0,0.0,38.49108,0.0,0.0,0.0,52.0629,0.0,0.0,175.37563,0.0,0.0,0.0,138.79675,0.0,0.0,0.0,0.0,0.0,0.0,0.0,0.0,0.0,0.0,0.0,0.0,0.0,13.4019575,0.0,53.539425,209.82678,0.0,0.0,0.0,0.0,0.0,0.0,0.0,0.0,0.0,0.0,0.0,0.0,148.58673,41.81621,0.0,0.0,0.0,0.0,81.08549,0.0,0.0,111.417534,0.0,0.0,0.0,0.0,0.0,27.660044,0.0,59.615067,0.0,0.0,0.0,0.0,0.0,57.726025,0.0,0.0,80.45501,0.0,0.0,0.0,0.0,0.0,0.0,0.0,0.0,60.419655,57.508,0.0,64.81006,33.86555,86.31908,68.681305,103.024086,70.662445,41.24909,84.81921,0.0,78.37531,61.71468,64.29497,97.88014,69.653564,38.753845,0.0,130.84802,19.061092,94.704666,0.0,0.0,74.545746,0.0,0.0,0.0,101.282745,57.714294,64.01386,50.406113,79.94463,56.890285,0.0,106.871506,0.0,0.0,0.0,0.0,0.0,0.0,0.0,0.0,0.0,0.0,0.0,0.0,0.0,0.0,0.0,0.0,0.0,0.0,0.0,0.0,0.0,0.0,0.0,0.0,0.0,0.0,0.0,0.0,55.37338,25.90212,0.0,0.0,0.0,0.0,0.0,0.0,0.0,0.0,0.0,0.0,33.86555,55.072014,103.024086,105.952934,84.81921,16.408674,63.74316,128.63483,47.126514,85.69896,0.0,64.29497,0.0,54.19208,77.86025,87.19465,19.061092,0.0,105.952934,128.63483,173.64528,45.976074,73.20075,90.74128,59.78303,0.0,51.397667,53.322716,159.2508,33.891407,51.83214,0.0,51.078915,49.79458,0.0,0.0,0.0,0.0,0.0,61.59493,92.064285,49.206074,82.24473,73.297806,0.0,0.0,0.0,33.86555,54.130398,0.0,0.0,0.0,0.0,0.0,0.0,0.0,0.0,0.0,0.0,0.0,0.0,0.0,0.0,0.0,0.0,0.0,0.0,0.0,0.0,85.74093,0.0,0.0,0.0,0.0,0.0,0.0,0.0,0.0,0.0,0.0,0.0,0.0,0.0,0.0,0.0,0.0,0.0,0.0,0.0,0.0,0.0,0.0,0.0,0.0,0.0,0.0,0.0,0.0,0.0,0.0,0.0,0.0,0.0,0.0,0.0,31.679922,0.0,63.500473,57.28688,0.0,0.0,0.0,31.076756,0.0,138.46469,0.0,0.0,0.0,0.0,0.0,189.28337,0.0,0.0,0.0,0.0,0.0,0.0,0.0,168.96576,115.25775,15.240395,0.0,0.0,0.0,0.0,0.0,0.0,0.0,0.0,0.0,0.0,0.0,0.0,0.0,0.0,0.0,0.0,0.0,10.005655,0.0,0.0,0.0,0.0,69.09332,54.92294,0.0,0.0,0.0,118.86985,0.0
C17x28_C17x29,20.88037,0.0,0.0,0.0,145.24794,0.0,0.0,0.0,0.0,163.6437,218.28926,0.0,0.0,0.0,0.0,0.0,124.90706,0.0,106.67268,112.05189,0.0,0.0,0.0,0.0,0.0,0.0,0.0,0.0,0.0,0.0,0.0,0.0,0.0,0.0,0.0,0.0,0.0,0.0,0.0,159.24524,0.0,36.160263,0.0,0.0,0.0,0.0,0.0,41.555515,0.0,0.0,0.0,0.0,0.0,0.0,0.0,131.50252,99.65751,0.0,36.538612,0.0,51.13595,0.0,0.0,0.0,0.0,0.0,0.0,0.0,0.0,0.0,0.0,0.0,0.0,0.0,0.0,187.10428,0.0,21.262068,0.0,0.0,14.608106,0.0,0.0,0.0,0.0,0.0,0.0,0.0,0.0,0.0,58.902542,0.0,0.0,0.0,0.0,0.0,0.0,0.0,0.0,0.0,0.0,0.0,31.433441,0.0,0.0,0.0,0.0,0.0,13.7159395,0.0,0.0,0.0,0.0,0.0,0.0,0.0,0.0,0.0,0.0,0.0,0.0,91.0085,96.60747,0.0,109.39367,0.0,0.0,0.0,0.0,0.0,0.0,99.65131,0.0,0.0,0.0,0.0,110.26742,0.0,149.31229,0.0,0.0,0.0,0.0,0.0,0.0,0.0,0.0,100.399796,0.0,0.0,0.0,0.0,0.0,0.0,100.25865,113.65632,0.0,0.0,0.0,85.26496,0.0,0.0,0.0,96.50096,0.0,0.0,0.0,0.0,0.0,0.0,0.0,0.0,0.0,243.49438,0.0,0.0,65.001976,0.0,0.0,0.0,0.0,0.0,0.0,0.0,0.0,0.0,0.0,0.0,0.0,121.06142,0.0,0.0,0.0,219.73045,0.0,0.0,0.0,0.0,0.0,0.0,0.0,0.0,0.0,0.0,0.0,0.0,0.0,0.0,0.0,0.0,0.0,0.0,0.0,0.0,0.0,0.0,0.0,0.0,0.0,0.0,0.0,0.0,0.0,31.631115,0.0,0.0,0.0,0.0,0.0,0.0,0.0,0.0,57.53507,0.0,0.0,0.0,0.0,0.0,0.0,0.0,0.0,0.0,38.017796,0.0,0.0,0.0,119.222,0.0,0.0,80.40626,0.0,0.0,0.0,0.0,0.0,0.0,0.0,0.0,66.06985,96.18863,59.922913,56.739254,75.164276,66.33496,94.29084,61.184303,0.0,0.0,102.72038,18.823826,19.577429,74.18952,49.15002,76.29375,0.0,0.0,0.0,25.887594,0.0,0.0,0.0,0.0,62.16225,0.0,0.0,0.0,167.8678,106.70905,125.83525,181.54698,84.18477,108.86354,0.0,134.91978,0.0,0.0,36.41041,37.241726,0.0,98.49911,0.0,0.0,170.38895,25.79675,178.35544,0.0,88.29272,80.160934,144.38286,24.221256,227.61578,153.09584,90.40991,113.80732,0.0,116.48788,0.0,0.0,0.0,0.0,0.0,0.0,112.543236,0.0,0.0,0.0,0.0,48.122643,0.0,110.356026,0.0,0.0,0.0,0.0,0.0,0.0,0.0,0.0,0.0,0.0,0.0,0.0,0.0,0.0,0.0,0.0,0.0,0.0,0.0,0.0,0.0,112.28311,0.0,0.0,0.0,0.0,0.0,0.0,0.0,0.0,0.0,28.615452,151.86414,63.421677,0.0,0.0,0.0,0.0,0.0,0.0,20.816416,82.21627,196.82483,164.03305,124.55948,187.40399,147.88333,113.47851,0.0,0.0,0.0,0.0,0.0,0.0,0.0,0.0,0.0,0.0,0.0,0.0,0.0,0.0,0.0,0.0,0.0,0.0,0.0,0.0,0.0,0.0,0.0,0.0,0.0,0.0,88.29272,61.215603,43.133823,77.23455,0.0,283.7157,108.10605,56.30662,0.0,0.0,0.0,0.0,0.0,0.0,0.0,0.0,0.0,0.0,0.0,0.0,0.0,0.0,0.0,0.0,0.0,0.0,0.0,0.0,0.0,0.0,0.0,0.0,0.0,0.0,0.0,0.0,0.0,0.0,0.0,0.0,0.0,0.0,0.0,0.0,0.0,0.0,0.0,0.0,0.0,0.0,98.34254,0.0,0.0,0.0,0.0,0.0,0.0,0.0,0.0,0.0,0.0,0.0,0.0,0.0,0.0,0.0,0.0,0.0,0.0,0.0,0.0,0.0,56.322662,60.17685,0.0,0.0,0.0,0.0,0.0,0.0,0.0,0.0,0.0,0.0,0.0,0.0,0.0,0.0,0.0,0.0
C17x28_C18x28,134.60478,0.0,0.0,0.0,164.05476,0.0,0.0,0.0,0.0,135.60637,0.0,0.0,0.0,0.0,0.0,0.0,266.90826,0.0,0.0,100.62515,0.0,0.0,0.0,0.0,0.0,0.0,0.0,0.0,0.0,0.0,0.0,0.0,0.0,0.0,0.0,0.0,0.0,0.0,0.0,165.62839,0.0,46.680042,0.0,0.0,0.0,0.0,0.0,46.680042,0.0,0.0,0.0,0.0,0.0,0.0,0.0,0.0,147.12447,0.0,64.25163,0.0,0.0,0.0,0.0,0.0,0.0,0.0,0.0,0.0,0.0,0.0,0.0,0.0,0.0,0.0,0.0,258.72293,0.0,29.418983,0.0,0.0,0.0,0.0,0.0,0.0,0.0,0.0,0.0,0.0,0.0,0.0,152.40977,0.0,0.0,0.0,0.0,0.0,0.0,0.0,0.0,0.0,0.0,0.0,53.43462,0.0,0.0,0.0,0.0,0.0,0.0,0.0,0.0,0.0,0.0,0.0,0.0,0.0,0.0,0.0,0.0,0.0,0.0,110.85836,129.48743,0.0,110.85836,0.0,0.0,0.0,0.0,0.0,0.0,96.97804,0.0,0.0,0.0,0.0,117.67365,0.0,199.75415,0.0,0.0,0.0,0.0,0.0,0.0,0.0,0.0,101.91049,0.0,0.0,0.0,0.0,0.0,0.0,89.77904,135.32991,0.0,0.0,0.0,0.0,0.0,0.0,0.0,170.16336,0.0,106.01271,0.0,0.0,0.0,0.0,0.0,0.0,0.0,198.21991,0.0,0.0,53.25258,0.0,0.0,0.0,0.0,0.0,0.0,0.0,0.0,0.0,0.0,0.0,0.0,174.70236,0.0,0.0,0.0,276.68417,0.0,0.0,0.0,0.0,0.0,0.0,0.0,0.0,0.0,0.0,0.0,0.0,0.0,0.0,0.0,0.0,0.0,0.0,0.0,0.0,0.0,0.0,0.0,0.0,0.0,0.0,0.0,0.0,0.0,0.0,0.0,0.0,0.0,0.0,0.0,0.0,0.0,0.0,79.60765,0.0,0.0,0.0,0.0,0.0,0.0,0.0,0.0,0.0,0.0,0.0,0.0,0.0,163.66504,0.0,0.0,67.55031,0.0,0.0,0.0,0.0,0.0,0.0,0.0,0.0,112.8725,197.95592,0.0,0.0,0.0,0.0,0.0,0.0,0.0,0.0,0.0,0.0,0.0,0.0,0.0,0.0,0.0,0.0,0.0,0.0,0.0,33.636726,0.0,0.0,77.37763,0.0,0.0,0.0,244.02544,81.87896,98.59466,156.75587,121.10107,74.143875,0.0,108.21976,0.0,0.0,0.0,163.70833,33.37693,183.46931,43.43697,152.06491,137.95258,29.418983,151.21846,159.4854,194.37672,112.8725,156.16725,34.591324,170.76195,171.85063,99.547775,117.52424,37.5359,193.53235,0.0,0.0,0.0,0.0,0.0,0.0,160.315,0.0,0.0,0.0,0.0,143.78296,37.5359,87.12296,0.0,0.0,0.0,0.0,0.0,0.0,0.0,0.0,0.0,0.0,0.0,0.0,0.0,0.0,0.0,0.0,0.0,0.0,0.0,0.0,0.0,100.845665,0.0,0.0,120.71547,0.0,0.0,0.0,0.0,0.0,0.0,55.295708,115.827515,101.239624,0.0,0.0,0.0,0.0,0.0,0.0,28.80236,175.40733,0.0,0.0,0.0,0.0,0.0,0.0,0.0,0.0,0.0,0.0,0.0,0.0,0.0,0.0,0.0,0.0,0.0,0.0,0.0,0.0,0.0,0.0,0.0,0.0,0.0,0.0,0.0,0.0,0.0,0.0,0.0,0.0,194.37672,85.8221,147.20831,70.4383,0.0,223.98682,75.599335,64.212875,0.0,0.0,0.0,0.0,0.0,0.0,0.0,0.0,0.0,0.0,0.0,0.0,0.0,0.0,0.0,0.0,0.0,0.0,0.0,0.0,0.0,0.0,0.0,0.0,0.0,0.0,0.0,0.0,0.0,0.0,0.0,0.0,0.0,0.0,0.0,0.0,86.45156,0.0,0.0,0.0,0.0,0.0,126.92009,0.0,0.0,0.0,0.0,0.0,0.0,0.0,0.0,0.0,0.0,0.0,0.0,0.0,0.0,0.0,0.0,0.0,0.0,0.0,0.0,0.0,0.0,0.0,0.0,0.0,0.0,0.0,0.0,0.0,0.0,0.0,0.0,0.0,0.0,0.0,0.0,0.0,0.0,0.0
C17x29_C17x30,29.130627,29.130627,0.0,0.0,58.975033,0.0,0.0,0.0,0.0,104.99618,111.71972,0.0,98.14028,0.0,76.99668,0.0,67.69942,0.0,80.54479,33.37061,0.0,89.361244,0.0,0.0,0.0,0.0,0.0,0.0,72.550835,0.0,0.0,0.0,0.0,0.0,0.0,0.0,0.0,22.072123,0.0,83.711784,34.4003,42.523,0.0,16.289326,0.0,0.0,0.0,42.523,0.0,0.0,0.0,0.0,0.0,0.0,0.0,75.48123,42.777893,0.0,95.54369,0.0,70.555016,0.0,0.0,0.0,0.0,0.0,0.0,0.0,0.0,0.0,0.0,0.0,0.0,0.0,0.0,102.1888,0.0,26.573135,0.0,10.561601,7.6826315,0.0,95.91582,0.0,0.0,0.0,0.0,0.0,17.13601,0.0,22.962708,27.672749,0.0,36.606724,0.0,0.0,0.0,0.0,0.0,0.0,0.0,22.541256,35.19775,0.0,0.0,0.0,0.0,25.036863,0.0,0.0,0.0,0.0,0.0,0.0,17.388174,0.0,0.0,0.0,18.597967,37.497135,0.0,71.85909,93.55222,0.0,73.74042,0.0,23.500532,0.0,0.0,0.0,0.0,100.6046,0.0,0.0,0.0,0.0,47.072178,0.0,0.0,0.0,0.0,0.0,0.0,0.0,0.0,48.335907,50.652298,0.0,0.0,0.0,0.0,0.0,0.0,51.94627,0.0,87.08894,0.0,0.0,0.0,41.54521,0.0,0.0,0.0,53.676514,0.0,42.385727,0.0,0.0,0.0,0.0,0.0,0.0,0.0,63.10109,0.0,0.0,0.0,0.0,0.0,0.0,0.0,0.0,0.0,0.0,0.0,25.480005,0.0,35.978474,0.0,0.0,0.0,0.0,98.45893,176.15707,0.0,0.0,0.0,0.0,0.0,43.13211,38.697342,0.0,27.321692,0.0,0.0,0.0,0.0,0.0,0.0,26.747177,91.21496,0.0,0.0,0.0,0.0,0.0,0.0,0.0,0.0,0.0,0.0,0.0,0.0,16.507658,0.0,0.0,9.476817,0.0,0.0,95.263,0.0,0.0,59.997627,0.0,0.0,0.0,0.0,0.0,0.0,0.0,84.93589,0.0,76.927475,0.0,0.0,0.0,126.66903,0.0,0.0,90.03529,0.0,0.0,0.0,0.0,0.0,0.0,56.94643,0.0,51.02039,96.91588,68.038574,127.752686,53.734985,80.176796,71.5153,59.719032,57.284622,0.0,97.86242,24.353428,76.58339,110.21203,87.91525,49.45629,66.2544,58.721767,0.0,74.03204,0.0,18.739132,0.0,0.0,21.35896,50.652298,21.35896,51.94627,108.29425,65.17457,61.868443,89.035576,45.608513,53.524094,0.0,59.807323,27.617533,0.0,0.0,59.014145,8.186346,34.74941,7.3875985,0.0,59.296238,26.573135,53.116737,14.457249,30.717735,39.726368,45.52659,26.46441,67.38174,64.008125,54.93589,42.331604,19.807598,48.18745,0.0,0.0,0.0,0.0,98.37468,11.844292,112.291824,23.521154,0.0,0.0,47.297817,52.390232,19.807598,45.443127,0.0,0.0,0.0,0.0,0.0,0.0,0.0,0.0,0.0,0.0,0.0,0.0,0.0,0.0,0.0,0.0,0.0,0.0,0.0,0.0,0.0,44.332527,0.0,0.0,26.86047,0.0,15.304005,70.236565,62.491898,0.0,47.99987,15.879254,71.19332,0.0,34.686047,0.0,33.870884,0.0,0.0,0.0,10.86822,62.076588,40.039967,138.15862,82.17755,154.63536,171.11975,217.07556,0.0,0.0,0.0,30.994493,0.0,0.0,0.0,0.0,0.0,0.0,0.0,0.0,0.0,0.0,33.109108,44.41994,82.92014,0.0,64.57553,95.44724,33.43301,0.0,0.0,0.0,0.0,0.0,30.717735,22.22202,14.97147,33.770496,26.644365,87.50648,44.01942,24.239454,0.0,0.0,0.0,0.0,0.0,43.832836,41.79266,0.0,55.45912,71.71445,47.90066,46.80255,98.79938,0.0,0.0,0.0,0.0,0.0,0.0,0.0,0.0,0.0,0.0,0.0,0.0,52.408836,0.0,44.806435,0.0,19.386812,21.35896,0.0,0.0,0.0,0.0,0.0,0.0,0.0,0.0,58.562004,0.0,0.0,116.456985,28.12428,0.0,0.0,0.0,0.0,0.0,9.354874,0.0,0.0,42.300163,0.0,0.0,0.0,0.0,0.0,0.0,0.0,0.0,0.0,45.866978,0.0,0.0,13.677394,60.419422,0.0,45.498215,0.0,0.0,0.0,0.0,0.0,0.0,0.0,0.0,0.0,0.0,0.0,57.04434,0.0
C17x29_C18x29,46.103455,0.0,0.0,0.0,66.49176,0.0,0.0,0.0,0.0,94.434715,125.96931,0.0,0.0,60.31119,61.89882,0.0,106.3759,0.0,48.725407,62.09025,0.0,79.87865,0.0,0.0,0.0,0.0,0.0,0.0,79.87865,0.0,0.0,0.0,0.0,0.0,0.0,0.0,0.0,0.0,0.0,75.05768,110.51629,18.252493,0.0,0.0,0.0,0.0,0.0,24.10323,0.0,34.12059,0.0,0.0,0.0,0.0,0.0,93.52274,67.70225,0.0,64.10986,0.0,98.15616,0.0,0.0,0.0,0.0,0.0,0.0,0.0,0.0,0.0,0.0,0.0,0.0,0.0,0.0,100.65831,0.0,20.00269,0.0,0.0,0.0,0.0,0.0,0.0,0.0,0.0,0.0,0.0,0.0,0.0,57.74043,35.07021,0.0,0.0,0.0,0.0,0.0,0.0,0.0,0.0,0.0,0.0,0.0,0.0,0.0,0.0,0.0,25.688835,11.416299,0.0,0.0,0.0,0.0,0.0,0.0,0.0,0.0,0.0,0.0,0.0,0.0,74.86613,79.361855,0.0,89.99028,0.0,0.0,0.0,0.0,0.0,0.0,93.566444,0.0,0.0,0.0,0.0,116.25865,0.0,129.48969,0.0,0.0,0.0,0.0,0.0,0.0,67.570175,0.0,69.07198,0.0,0.0,0.0,0.0,0.0,0.0,56.55502,66.72369,0.0,0.0,0.0,55.738766,0.0,0.0,0.0,59.874905,0.0,41.452324,0.0,0.0,0.0,0.0,0.0,0.0,0.0,119.24078,0.0,0.0,0.0,0.0,0.0,0.0,107.87649,0.0,0.0,0.0,0.0,0.0,0.0,0.0,0.0,92.477875,0.0,0.0,0.0,179.63966,0.0,0.0,0.0,0.0,0.0,0.0,0.0,0.0,17.415829,0.0,0.0,0.0,0.0,0.0,0.0,0.0,0.0,0.0,0.0,0.0,0.0,0.0,0.0,0.0,0.0,0.0,0.0,0.0,0.0,0.0,0.0,0.0,0.0,0.0,0.0,0.0,0.0,0.0,92.535324,0.0,0.0,0.0,0.0,0.0,0.0,0.0,0.0,0.0,71.11631,0.0,132.26999,0.0,109.18453,0.0,0.0,74.217545,0.0,0.0,0.0,0.0,0.0,0.0,75.23507,0.0,75.21648,114.72139,77.87249,78.32845,85.65761,35.70568,69.01137,64.50867,90.515945,0.0,50.83882,0.0,20.054276,51.674862,21.645117,48.25302,66.91659,27.837055,0.0,89.258484,0.0,0.0,10.846587,43.18809,51.386654,0.0,0.0,0.0,87.20451,102.2242,59.310417,77.68196,54.494556,75.572266,0.0,100.804085,33.403282,58.429787,37.38199,59.19721,31.703066,90.63454,10.32734,47.672626,80.315216,20.00269,84.98166,55.102303,96.737434,75.21648,68.052536,11.416299,99.49962,83.0988,46.920567,58.259636,0.0,102.429535,0.0,0.0,0.0,0.0,95.256615,12.896459,134.83731,38.86321,0.0,0.0,56.154205,94.966934,0.0,78.5666,0.0,0.0,0.0,0.0,0.0,0.0,0.0,0.0,0.0,0.0,0.0,0.0,0.0,0.0,0.0,0.0,0.0,0.0,0.0,0.0,0.0,88.25686,0.0,0.0,0.0,0.0,26.019817,78.957924,55.91991,0.0,0.0,68.0464,45.620796,52.788273,52.152798,0.0,53.051155,0.0,0.0,0.0,42.089096,127.208855,0.0,140.86488,13.432442,81.496635,150.49655,156.6569,0.0,0.0,0.0,0.0,0.0,0.0,0.0,0.0,0.0,0.0,0.0,0.0,0.0,0.0,0.0,0.0,0.0,0.0,0.0,0.0,0.0,0.0,0.0,0.0,0.0,0.0,96.737434,48.33061,36.683174,46.77823,0.0,131.73415,50.95404,52.805534,0.0,0.0,0.0,0.0,0.0,0.0,49.410725,0.0,73.35858,100.25172,75.025665,65.42665,125.68716,0.0,0.0,0.0,0.0,0.0,0.0,0.0,0.0,0.0,0.0,0.0,0.0,0.0,0.0,0.0,0.0,0.0,0.0,0.0,0.0,0.0,0.0,0.0,33.80366,0.0,0.0,0.0,0.0,0.0,189.04109,0.0,0.0,0.0,0.0,0.0,0.0,63.471283,46.48997,0.0,38.44478,0.0,0.0,0.0,0.0,0.0,0.0,0.0,0.0,0.0,86.90078,0.0,48.791153,0.0,73.75519,0.0,0.0,0.0,0.0,0.0,0.0,0.0,0.0,0.0,0.0,0.0,0.0,0.0,0.0,0.0
C17x30_C17x31,14.732199,14.732199,0.0,0.0,24.25274,19.249924,0.0,0.0,0.0,32.576046,73.80322,0.0,93.54207,34.023216,43.189816,0.0,30.150684,0.0,6.5994215,24.636621,0.0,52.58652,0.0,28.921858,22.510284,0.0,0.0,0.0,22.510284,0.0,0.0,0.0,0.0,0.0,31.397581,0.0,0.0,40.580647,0.0,85.92653,52.101776,34.09183,0.0,44.650684,23.126354,0.0,0.0,55.769684,27.835861,0.0,0.0,0.0,0.0,13.912512,0.0,75.04386,43.68969,0.0,11.786273,0.0,36.049862,0.0,29.02017,0.0,15.960691,12.422427,12.422427,0.0,23.51167,26.237907,0.0,0.0,0.0,0.0,0.0,87.87648,0.0,25.31742,0.0,29.527355,0.0,0.0,87.475204,0.0,0.0,0.0,38.820644,0.0,26.194487,14.037989,0.0,52.300377,0.0,26.90303,0.0,0.0,0.0,33.028084,0.0,0.0,7.4590592,20.23037,32.988094,0.0,24.993938,0.0,7.462002,29.922604,13.776788,0.0,0.0,0.0,31.520292,0.0,38.205486,25.018335,0.0,32.12122,25.018335,0.0,32.893,36.66848,64.47622,32.893,55.407017,0.0,15.519902,21.31277,0.0,0.0,0.0,88.45666,0.0,35.81569,23.618048,0.0,16.986752,0.0,0.0,0.0,23.32414,0.0,21.231173,0.0,0.0,43.36797,40.565468,28.484169,27.600855,0.0,0.0,24.835907,0.0,30.882011,21.68466,57.06488,17.034323,0.0,0.0,0.0,0.0,0.0,0.0,31.60304,13.533011,36.434242,0.0,33.371723,0.0,0.0,0.0,34.373703,0.0,82.89291,18.220901,0.0,0.0,0.0,0.0,0.0,0.0,0.0,0.0,0.0,0.0,29.798353,0.0,51.545998,5.053492,32.25846,0.0,0.0,58.490414,133.79245,1.0925,10.577021,0.0,35.794,24.167797,20.464422,45.057526,0.0,29.563461,0.0,0.0,0.0,0.0,0.0,0.0,29.623669,86.36832,0.0,0.0,0.0,0.0,0.0,0.0,0.0,0.0,0.0,0.0,0.0,0.0,25.187311,0.0,0.0,25.596752,0.0,37.312935,16.345898,0.0,0.0,104.76565,0.0,0.0,0.0,19.023499,0.0,0.0,0.0,105.637245,0.0,35.89227,0.0,0.0,0.0,84.61386,0.0,0.0,82.239845,0.0,0.0,0.0,6.878998,0.0,23.350555,33.8314,0.0,74.01036,72.63951,22.247591,64.86644,27.723696,73.11933,34.947567,15.286328,75.9348,31.949545,65.43846,81.03606,72.611885,59.130722,38.5389,43.118237,62.858444,45.850742,40.13527,46.757465,0.0,17.561638,33.94826,34.322723,0.0,48.489063,0.0,36.91415,41.047775,66.94279,64.4148,71.52469,60.85225,49.173782,31.397581,65.98825,27.457506,49.75367,35.19201,56.386463,8.277639,31.85761,7.469985,0.0,65.45966,0.0,52.919823,12.92365,29.651896,42.957108,55.0078,14.734973,75.24434,69.989746,55.54853,47.925426,0.0,51.8185,0.0,0.0,0.0,0.0,24.536837,5.9787345,44.31702,37.83118,20.287415,24.472397,0.0,0.0,0.0,0.0,16.133152,0.0,42.438465,15.295185,0.0,0.0,0.0,0.0,0.0,0.0,0.0,0.0,0.0,0.0,0.0,0.0,0.0,0.0,0.0,0.0,0.0,91.999825,0.0,0.0,17.147621,71.466934,51.10693,122.36147,89.96266,0.0,34.339653,10.942582,0.0,35.034637,37.562195,17.561638,35.12115,27.337397,0.0,0.0,0.0,49.181255,0.0,75.30285,54.61578,76.61882,109.25464,68.28944,19.182503,44.608143,24.146955,26.04213,30.028322,0.0,0.0,0.0,0.0,0.0,0.0,0.0,0.0,0.0,25.215557,23.527426,45.347336,0.0,48.642097,19.731451,39.951603,63.94903,0.0,0.0,27.253094,0.0,26.008726,10.140708,0.0,13.118686,23.631344,92.507164,43.014446,0.0,0.0,30.254011,43.5759,29.293587,0.0,17.979504,41.242443,31.258577,30.838882,24.993433,29.735346,29.850119,32.668,22.202145,36.333775,33.441193,56.666836,12.730952,46.880775,20.170052,41.373653,37.059284,0.0,30.98225,15.260639,36.41907,0.0,39.030735,50.330296,0.0,0.0,0.0,0.0,0.0,0.0,0.0,0.0,0.0,0.0,14.856003,0.0,0.0,112.99096,14.003743,0.0,13.300797,6.5447216,0.0,0.0,56.617336,0.0,0.0,9.417364,0.0,0.0,0.0,0.0,0.0,0.0,0.0,0.0,26.564213,57.351875,0.0,30.596725,25.074911,74.293144,35.763508,23.096992,36.67638,20.944729,0.0,0.0,0.0,0.0,0.0,0.0,24.805843,0.0,8.356406,25.643417,0.0
C17x30_C18x30,27.35192,27.35192,0.0,0.0,37.1845,0.0,0.0,0.0,0.0,29.703926,67.29625,0.0,80.40669,84.29212,68.50976,0.0,14.166329,0.0,88.10629,22.715912,0.0,61.83317,0.0,31.18589,31.18589,0.0,0.0,0.0,69.25244,0.0,0.0,0.0,0.0,0.0,31.46741,0.0,0.0,33.89124,0.0,67.66411,150.25722,0.0,0.0,0.0,0.0,0.0,0.0,0.0,0.0,0.0,0.0,0.0,0.0,0.0,0.0,133.38057,38.62124,0.0,25.678156,0.0,63.71759,0.0,33.652603,0.0,0.0,0.0,0.0,0.0,0.0,29.283094,0.0,0.0,0.0,0.0,0.0,41.46297,0.0,36.89429,0.0,44.015823,7.1477504,0.0,61.023544,0.0,0.0,0.0,0.0,0.0,22.331913,0.0,0.0,50.04649,0.0,31.107386,0.0,0.0,0.0,0.0,0.0,0.0,0.0,29.780634,40.633724,0.0,51.822807,0.0,0.0,52.49787,29.13885,0.0,0.0,0.0,0.0,0.0,52.124275,0.0,0.0,11.477928,55.750862,40.971783,0.0,22.467825,67.84806,0.0,57.590187,0.0,0.0,0.0,0.0,0.0,0.0,128.53076,0.0,0.0,42.343746,0.0,42.859833,0.0,92.94458,0.0,0.0,0.0,0.0,0.0,0.0,0.0,30.637676,0.0,0.0,0.0,0.0,31.663195,0.0,39.403606,0.0,9.544756,19.606924,0.0,0.0,17.172647,0.0,0.0,0.0,62.1083,21.324112,58.848583,0.0,0.0,0.0,0.0,0.0,0.0,0.0,40.375103,0.0,0.0,0.0,0.0,0.0,0.0,0.0,0.0,0.0,0.0,0.0,18.30468,0.0,92.7676,0.0,0.0,0.0,0.0,0.0,153.82895,0.0,0.0,0.0,52.336864,0.0,40.51397,36.895702,0.0,32.43857,0.0,0.0,0.0,0.0,0.0,0.0,45.85555,79.982025,0.0,0.0,0.0,0.0,0.0,0.0,0.0,0.0,0.0,0.0,0.0,0.0,34.613636,0.0,0.0,8.817021,0.0,51.614265,88.630585,0.0,0.0,122.86853,0.0,0.0,0.0,0.0,0.0,0.0,0.0,60.617992,0.0,54.902454,0.0,0.0,0.0,73.69545,0.0,0.0,87.06196,0.0,0.0,0.0,0.0,0.0,0.0,56.005013,0.0,84.07191,73.89117,55.249367,77.92815,73.92538,94.09983,37.418797,40.76374,76.444244,59.546967,84.13055,68.26142,66.55372,71.289215,49.673363,55.22228,71.95801,55.891678,42.512993,60.84802,0.0,33.82768,45.667942,66.464294,13.70853,30.637676,0.0,39.403606,59.737972,59.750675,37.626812,56.646194,33.95149,58.131798,34.34443,49.156513,0.0,34.880844,50.94228,44.316414,7.8502474,44.275993,21.34052,0.0,53.641167,21.424088,44.217342,11.655884,36.174812,37.598103,46.872307,29.13885,59.956226,56.020226,44.276657,38.306572,15.969501,41.31692,0.0,0.0,0.0,0.0,57.84269,12.884366,90.96402,52.634396,0.0,0.0,0.0,0.0,0.0,0.0,0.0,0.0,56.020226,18.54356,0.0,0.0,0.0,0.0,0.0,0.0,0.0,0.0,0.0,0.0,0.0,0.0,0.0,0.0,0.0,0.0,0.0,56.801434,0.0,0.0,12.556638,74.01551,65.731384,114.83235,81.08096,0.0,31.63101,21.711002,0.0,39.86714,51.857403,22.38926,52.177914,22.815676,0.0,0.0,11.162851,58.0735,0.0,119.72992,22.770317,101.901794,142.44965,132.41441,0.0,0.0,0.0,25.535767,11.573911,0.0,0.0,0.0,0.0,0.0,0.0,0.0,0.0,0.0,37.933243,0.0,83.720146,47.800377,66.45175,61.071724,72.50707,83.66808,0.0,0.0,0.0,0.0,0.0,0.0,0.0,0.0,0.0,0.0,0.0,0.0,0.0,0.0,0.0,52.336864,0.0,30.177954,38.066578,36.349022,87.51032,73.44998,82.644745,0.0,87.64044,35.54553,0.0,0.0,0.0,0.0,0.0,0.0,0.0,0.0,0.0,0.0,0.0,26.562283,0.0,40.84005,40.17774,0.0,0.0,0.0,0.0,0.0,0.0,0.0,0.0,0.0,0.0,42.390358,0.0,0.0,124.67107,38.691704,0.0,28.682081,0.0,0.0,0.0,88.99044,0.0,0.0,28.84883,0.0,0.0,0.0,0.0,0.0,0.0,0.0,0.0,0.0,117.694084,0.0,11.655884,28.679073,73.33744,47.747643,31.141958,0.0,0.0,0.0,0.0,0.0,0.0,0.0,0.0,32.92305,0.0,0.0,15.806235,0.0
C17x31_C17x32,18.928589,18.928589,0.0,0.0,30.913523,14.039772,0.0,0.0,0.0,0.0,62.102352,0.0,85.46936,29.013731,15.342941,15.234135,70.64049,6.208925,10.3594475,14.130386,0.0,22.338247,0.0,19.127245,6.364431,8.159223,12.101524,0.0,13.237538,13.845232,0.0,11.037947,16.371164,11.037947,0.0,28.004084,24.380844,55.121284,18.636793,0.0,30.236368,41.352997,0.0,0.0,33.2574,17.179203,25.4797,67.64799,33.76458,17.179203,17.195528,17.195528,25.503912,27.408182,0.0,39.79148,12.323591,8.263732,35.236572,0.0,26.702345,0.0,13.106263,0.0,6.361866,6.361866,6.361866,16.553019,14.428917,15.436932,0.0,0.0,0.0,0.0,0.0,94.089165,0.0,51.266792,15.069006,11.777867,26.22257,19.108437,106.435776,18.646011,30.251326,27.655228,18.46577,0.0,16.75747,13.849746,7.1541243,32.38651,12.950194,0.0,0.0,12.950194,19.207355,26.276133,0.0,0.0,13.544326,39.936848,34.40133,0.0,59.848946,15.550562,10.484671,56.444157,17.379745,10.484671,0.0,0.0,19.685863,4.0528297,28.035442,4.8359876,0.0,23.570768,8.47818,0.0,17.597319,0.0,37.3712,10.721135,13.116901,15.447217,0.0,47.063503,36.057053,0.0,10.185901,36.039604,15.107435,0.0,16.884495,0.0,21.960638,0.0,91.00354,0.0,28.508022,21.841028,12.98932,0.0,9.838333,0.0,11.848455,14.357328,26.035131,0.0,0.0,50.600147,6.7236767,18.367125,18.885015,31.990816,0.0,6.977735,14.004538,15.233577,0.0,20.309206,0.0,52.30857,26.508614,42.007664,13.974565,15.779548,23.65388,0.0,32.665253,15.828344,9.763734,44.848095,29.067652,29.786434,0.0,22.633793,0.0,6.417433,4.3268323,13.533761,0.0,0.0,22.199984,44.27,0.0,84.277405,17.228447,3.718348,0.0,0.0,12.751385,97.140785,17.833664,25.08252,39.627007,49.75711,41.221294,0.0,16.68693,0.0,23.132706,16.497755,11.639244,0.0,15.05295,0.0,0.0,35.777237,121.73433,0.0,0.0,8.933584,0.0,13.607445,16.833578,17.931524,24.319517,36.070007,14.704242,9.914056,12.538061,45.509624,0.0,19.724087,23.749638,13.298591,21.017914,52.105366,0.0,20.80116,75.50235,0.0,14.021277,0.0,26.87446,9.088901,0.0,24.863855,96.50693,25.075413,31.419556,31.208757,21.04191,22.401169,37.00198,30.241009,0.0,73.45235,28.750315,19.384354,0.0,25.971155,19.058132,6.881395,9.8000765,7.6467113,48.723183,65.3882,37.54512,23.002497,13.352544,37.467907,53.478477,35.730667,52.9906,22.845398,32.79179,52.971573,47.767235,40.628414,20.7798,36.985638,42.530518,19.990757,39.41786,22.194399,17.7833,41.023994,0.0,0.0,23.23034,14.669111,23.23034,19.29512,60.37627,100.37614,90.4819,76.95937,53.45051,80.0068,48.61826,42.04119,22.969597,23.393986,24.031803,35.614735,0.0,39.780834,15.089637,0.0,50.71116,29.756279,38.63592,36.702435,12.54716,28.279917,20.86285,7.9547386,23.35244,22.921349,24.131395,28.99922,9.322833,33.785404,0.0,0.0,0.0,0.0,12.6449795,17.122038,25.34906,27.79082,9.737947,0.0,21.292973,2.4980428,9.055216,5.637087,20.145586,24.75851,13.898419,0.0,6.1280184,12.849583,0.0,15.895079,15.04947,10.149165,14.9679165,14.99319,9.124882,26.717754,6.9651084,3.095593,13.890442,11.349721,6.583012,15.103561,0.0,44.321396,22.479034,21.203571,30.349691,96.163635,52.315327,84.911804,32.25018,9.055216,14.454904,0.0,18.91067,32.243977,23.952785,6.676808,6.6700835,32.678516,0.0,0.0,0.0,0.0,0.0,55.93337,61.456364,40.626595,55.503483,39.001522,41.221294,48.253704,10.912896,14.395959,13.628751,0.0,0.0,0.0,0.0,0.0,0.0,0.0,0.0,0.0,0.0,0.0,0.0,0.0,0.0,0.0,0.0,28.428072,10.696581,0.0,35.858757,0.0,12.486102,44.98336,29.986473,41.949623,33.271343,54.43858,18.693563,23.125544,15.473421,13.564256,24.312286,40.720913,28.917797,9.94211,31.09643,23.973328,18.954937,12.498963,14.884827,24.671768,12.745037,0.0,13.145524,27.373499,17.954779,0.0,36.31822,30.215446,22.38466,32.293404,12.633995,22.575104,0.0,53.3231,9.530974,31.434265,21.238928,19.635363,23.23034,0.0,9.241175,20.300781,12.486102,6.970478,16.311825,0.0,0.0,26.55807,0.0,0.0,113.304985,18.124592,0.0,32.13216,18.58664,6.8555217,0.0,41.179203,59.578995,38.86829,0.0,6.348396,0.0,0.0,0.0,0.0,0.0,0.0,0.0,19.514093,22.799934,0.0,54.65264,47.949898,41.77867,12.394575,6.117246,47.606853,52.755795,32.514526,11.341381,4.5912943,20.601904,0.0,0.0,0.0,3.095593,18.257689,79.869354,13.307933
C17x31_C18x31,28.319584,28.319584,0.0,0.0,18.866796,0.0,0.0,0.0,0.0,0.0,47.567528,0.0,125.18228,48.09306,29.929062,12.67214,38.038727,6.683195,21.781246,0.0,0.0,32.93597,0.0,18.691267,18.691267,8.782467,8.782467,0.0,27.203419,8.83942,0.0,13.579566,13.579566,13.579566,0.0,22.561638,27.70446,48.413246,19.764626,42.064022,61.220314,33.448635,0.0,0.0,19.311579,19.311579,19.311579,15.112501,7.542979,19.311579,18.513296,18.513296,18.513296,38.723373,0.0,83.16775,36.22221,0.0,0.0,0.0,33.826088,0.0,25.631311,2.4020445,12.085338,5.1121464,7.440258,0.0,0.0,14.791666,0.0,0.0,0.0,0.0,0.0,44.47657,0.0,59.536964,18.696001,33.45915,34.517662,0.0,70.69553,17.728115,0.0,17.728115,24.477215,0.0,27.382372,14.674592,5.8426976,51.753624,13.939399,0.0,0.0,13.939399,13.939399,20.066343,0.0,0.0,8.530967,34.019478,49.11671,0.0,45.05352,11.297942,11.297942,41.88676,10.958691,11.297942,0.0,15.281567,27.955893,0.0,33.885105,22.189196,0.0,25.022543,30.097878,0.0,20.49754,0.0,41.33523,20.49754,25.077961,12.057716,0.0,27.669886,27.669886,0.0,10.963953,63.12454,10.963953,0.0,0.0,5.172052,13.058769,0.0,71.728386,0.0,31.056545,13.56103,17.978151,0.0,0.0,38.303635,6.508798,4.5703325,13.7842,0.0,13.997276,26.34711,0.0,11.082761,7.782067,30.181894,8.302021,0.0,0.0,11.61511,0.0,10.292847,0.0,55.45755,24.20338,75.69347,10.141793,24.797583,39.413242,0.0,0.0,20.617746,7.422139,49.720123,18.86143,17.774015,0.0,13.765718,0.0,0.0,0.0,10.3132925,0.0,0.0,18.226233,44.64497,0.0,118.82071,25.141735,0.0,0.0,0.0,9.756266,76.122375,9.915691,32.970497,29.983137,54.328358,36.682034,0.0,20.215477,0.0,28.501951,9.5666,11.165208,0.0,9.704034,0.0,0.0,33.148846,87.58987,0.0,0.0,9.6611805,0.0,9.875362,11.56417,23.22238,26.440619,26.440619,12.728705,12.728705,9.099276,33.735275,0.0,15.433079,34.644295,15.433079,43.423992,17.317055,0.0,16.12279,59.774734,0.0,10.175694,0.0,24.937366,6.596109,0.0,13.824309,74.92545,18.78884,19.37956,20.888474,20.888474,16.062325,69.656334,21.785252,0.0,88.683075,14.730458,14.730458,0.0,16.18568,16.18568,19.44187,28.168314,9.058669,53.112087,83.04142,3.4913278,42.31807,27.836792,31.729164,20.26523,22.243763,45.31547,19.36307,28.409916,47.42226,41.162537,36.069782,5.7106624,29.569893,70.08298,21.865004,33.246975,18.790663,17.13599,39.071674,25.099073,34.039745,30.1242,7.7801523,20.007193,13.2475395,31.525192,76.51547,68.86998,51.302696,40.33868,87.62425,41.56846,31.728155,0.0,38.211422,32.452374,46.364418,11.929356,55.45426,34.34027,0.0,39.98731,32.53414,46.749065,32.158173,23.244131,29.02325,45.10361,24.04482,37.26288,35.279083,26.52412,28.899273,20.743822,14.19671,0.0,0.0,0.0,0.0,12.075074,13.851679,9.533075,45.915287,15.553964,7.6082134,23.39807,10.641207,9.7469015,6.067677,31.867228,0.0,35.279083,10.955051,6.596109,16.18568,5.172052,8.955467,16.576586,9.704034,18.226233,17.123985,10.3132925,29.983137,9.2748575,3.3320506,3.9016395,11.56417,7.422139,16.062325,0.0,53.27141,12.664944,24.216976,28.77994,102.682465,65.47891,113.584656,38.207947,25.086544,31.336792,19.539341,25.289642,27.61998,36.535194,15.51086,15.715289,40.00846,0.0,0.0,0.0,0.0,0.0,53.312527,31.64877,52.594284,67.79248,54.03622,29.11532,40.15484,10.8337555,20.608973,23.594872,0.0,0.0,0.0,0.0,0.0,0.0,0.0,0.0,0.0,0.0,0.0,0.0,0.0,0.0,0.0,0.0,63.811543,0.0,0.0,21.323997,0.0,23.135735,28.03442,22.82815,31.56876,17.863146,51.932312,18.172457,20.02973,14.242078,14.600365,35.577892,44.46199,26.616577,20.431242,50.13464,32.97984,25.167295,10.320923,30.588627,36.286037,4.704117,0.0,19.969975,0.0,52.752903,39.684692,22.401052,47.558815,24.816397,37.48156,11.628608,17.961243,17.853065,51.63514,0.0,49.27097,34.6351,4.048449,16.737816,15.3365755,0.0,0.0,11.424796,6.3779936,11.752922,0.0,0.0,20.491812,0.0,0.0,78.55108,16.1571,7.6682878,31.36185,18.479946,0.0,9.472504,50.43046,28.044172,16.62413,10.648316,0.0,0.0,0.0,0.0,0.0,0.0,0.0,0.0,20.942217,52.20553,0.0,53.558018,60.55055,72.261856,29.837158,10.142598,39.331856,58.88951,23.79865,9.058669,3.3320506,3.9016395,0.0,0.0,0.0,3.3320506,10.771033,47.270744,17.641956
C17x32_C17x33,4.0532994,20.125032,10.472451,0.0,41.77414,18.972261,0.0,0.0,20.696558,22.139908,37.02253,0.0,113.58522,73.37215,10.799019,12.063927,68.20499,8.794161,0.0,7.898954,0.0,23.036503,0.0,15.695365,0.0,6.6952653,9.930224,0.0,25.726536,22.864054,0.0,11.935902,17.702986,15.495961,15.416459,0.0,29.682896,24.781786,8.37885,11.311992,0.0,53.75025,18.687065,15.530332,39.37965,20.341667,30.170174,54.803646,0.0,34.726875,7.8226523,7.8226523,11.602332,11.424646,0.0,15.329817,7.4004636,7.2768564,31.259817,0.0,17.07934,24.153833,12.633073,5.445672,8.607238,0.0,12.010557,0.0,0.0,0.0,0.0,0.0,0.0,10.878837,0.0,48.491726,0.0,32.24725,13.586214,19.115232,13.147895,29.254524,55.290344,13.907756,32.988815,11.901774,0.0,0.0,0.0,0.0,0.0,33.0276,22.785713,7.168586,0.0,22.785713,33.795113,0.0,21.609108,4.7466455,9.37394,31.130634,24.870428,0.0,75.29766,19.780788,13.336821,72.779724,28.512192,13.336821,0.0,0.0,25.542929,30.916206,19.410242,25.542929,14.3579235,13.194269,44.780415,0.0,13.621742,0.0,22.37498,0.0,0.0,15.526384,14.860326,28.57129,15.852487,24.33975,9.199935,35.525352,13.645079,0.0,15.250125,14.629139,0.0,0.0,122.83902,0.0,12.886314,9.872672,26.088717,3.867273,30.363039,13.838822,12.801309,15.457002,14.098182,6.4794126,0.0,27.40029,6.619982,20.093159,24.26158,22.367584,0.0,0.0,29.167057,9.743692,13.779662,0.0,0.0,36.12013,7.167513,33.755833,23.864021,0.0,23.235077,0.0,5.69944,33.668415,25.794592,31.736977,21.06093,16.149143,0.0,8.778965,0.0,0.0,0.0,24.741587,0.0,0.0,31.031315,61.880962,0.0,31.868557,21.295218,6.908226,0.0,0.0,27.516235,72.9988,25.891321,12.479263,14.004096,18.63455,28.968636,0.0,17.721905,24.528004,22.400726,0.0,0.0,13.087765,24.418238,0.0,0.0,27.346987,65.0241,0.0,8.611696,16.671474,12.772619,18.355335,0.0,13.20658,17.80725,12.144651,19.021404,13.148941,0.0,18.460228,5.7372727,11.050061,10.05838,13.466337,0.0,86.54388,25.417904,22.244772,81.8455,0.0,5.889767,0.0,32.275513,17.480312,0.0,24.940865,129.33745,33.977104,16.721027,19.847359,25.87342,25.490738,35.90729,24.143656,0.0,74.468956,28.603088,19.28509,20.675438,37.539963,28.760725,6.446368,7.3167615,14.432372,45.883324,48.8326,46.889874,21.797338,27.753345,18.420927,48.205563,32.03761,42.633728,31.405792,22.267717,57.14258,48.460083,33.297646,35.73633,53.65622,45.412888,29.142614,37.100094,21.664179,20.278982,35.526924,0.0,0.0,3.5168126,12.6896105,5.5689445,0.0,52.23737,67.91204,77.8747,53.04043,89.79307,75.997955,59.097416,36.254757,0.0,23.937738,29.35368,23.216555,6.9156723,24.509426,9.296897,9.159883,30.927853,21.122217,27.57584,22.437723,15.911552,18.426952,17.000332,18.005573,14.387705,14.459735,17.41845,17.86675,10.125363,21.290144,14.830021,10.821741,19.138195,7.504235,6.470047,15.838097,27.832663,55.494476,22.624943,26.140419,13.802707,13.194269,4.903455,13.126706,0.0,41.637577,0.0,0.0,11.7857685,19.39137,9.863419,8.429047,8.980471,16.463533,20.922274,5.8649106,16.681545,9.441996,5.6970162,15.175831,22.355225,0.0,17.391514,17.186646,8.611696,21.927723,27.305662,26.124176,24.469704,106.05927,59.01964,82.04786,43.9781,7.3717947,7.6224194,24.276613,14.712678,47.19976,12.481603,9.801945,5.554835,20.887014,0.0,0.0,0.0,0.0,0.0,53.41726,60.895775,23.307655,54.956146,28.673391,26.720808,32.236237,25.41213,27.68716,13.918638,0.0,0.0,14.535677,6.523371,6.4794126,7.9266386,6.7845902,14.853451,9.216769,13.08148,6.597405,10.072192,7.8388896,11.570945,8.993667,15.905254,0.0,0.0,0.0,32.409023,0.0,20.41355,58.455833,37.227844,59.404724,45.207397,83.09613,21.435404,31.738632,24.071535,13.0896435,19.484917,24.199232,6.95511,22.48408,65.689606,57.39839,47.934696,31.527832,14.281149,57.669685,32.230625,18.291023,0.0,0.0,0.0,0.0,0.0,0.0,0.0,0.0,0.0,0.0,0.0,73.210724,12.252535,35.144077,20.394077,23.92331,25.967121,32.80999,0.0,22.289774,20.41355,11.595333,31.354124,0.0,0.0,40.61936,19.654345,0.0,146.02003,34.858288,25.470465,31.967617,14.432372,6.631428,0.0,0.0,54.3132,25.367424,0.0,6.8282304,9.538045,13.807014,18.026917,0.0,0.0,0.0,27.852821,11.936969,33.37527,19.361067,42.59137,74.01199,51.307156,0.0,5.5738363,4.6798587,76.57256,29.309435,20.115704,22.508354,33.156628,0.0,0.0,0.0,15.175831,41.026237,57.378838,19.600489
C17x32_C18x32,16.562258,19.757093,5.744025,0.0,23.576612,10.707621,0.0,0.0,0.0,10.725968,38.469368,0.0,98.33804,61.204845,11.514753,18.337744,87.29003,8.774845,0.0,9.893909,0.0,44.05706,0.0,31.192057,9.994216,8.804968,17.66363,0.0,21.893543,12.460835,0.0,17.013935,19.245604,17.013935,12.753658,0.0,38.80991,8.375958,0.0,6.821825,8.197933,56.213253,19.466206,19.466206,32.454735,25.968765,25.968765,47.68227,0.0,50.685722,8.778448,8.778448,11.745235,23.393091,0.0,32.73314,8.628816,8.442041,21.60048,0.0,0.0,32.960407,8.813326,5.506284,6.2499933,6.2499933,13.691369,16.333597,0.0,0.0,0.0,0.0,0.0,11.185384,0.0,61.816223,0.0,49.750244,16.783394,27.122553,34.647358,26.293613,76.05447,18.313036,19.664566,18.313036,0.0,0.0,15.775994,19.370049,0.0,46.386475,19.254835,14.433438,0.0,19.254835,19.254835,0.0,0.0,4.73622,12.959961,43.06667,42.255524,0.0,48.133804,13.580042,9.933965,49.91059,21.869553,9.933965,0.0,0.0,25.49615,3.9815612,3.3132145,20.400827,0.0,30.86109,57.70225,0.0,18.039057,0.0,22.343729,0.0,0.0,19.58879,14.683771,39.171314,31.343058,13.505875,0.0,0.0,0.0,0.0,0.0,18.410286,0.0,0.0,104.6645,0.0,21.49735,17.216143,17.33995,0.0,19.188255,21.48818,8.603513,7.1389093,16.887684,6.9053154,0.0,13.396703,0.0,14.3463335,5.9618855,21.517332,0.0,0.0,16.564884,0.0,19.268003,13.81498,0.0,38.852676,17.250406,54.708397,21.632854,0.0,27.825386,0.0,17.902617,20.633783,16.510191,30.31501,29.11783,25.46127,0.0,20.141483,0.0,5.642929,0.0,19.906872,0.0,0.0,26.202812,87.67993,0.0,86.40064,28.636261,7.0188622,0.0,0.0,24.011839,87.7392,15.01637,19.479515,31.664892,25.38584,38.837933,0.0,3.6615891,0.0,31.963972,10.330702,16.542763,18.300528,18.259214,0.0,0.0,33.126057,89.95548,0.0,8.615585,18.986643,15.205444,20.461147,13.116367,28.737972,23.581856,23.581856,20.05897,20.05897,7.597779,27.352291,0.0,17.6535,5.7298145,17.6535,23.067837,64.049706,0.0,20.815287,74.935814,0.0,15.305976,0.0,16.855238,17.336563,0.0,22.284327,108.28103,26.072819,0.0,17.28618,33.739094,24.26742,43.63025,21.276897,0.0,94.78859,25.260216,23.262127,0.0,34.429806,27.549122,12.615437,16.270166,15.221406,47.031933,69.428,12.257244,27.476917,27.919127,19.102701,60.01244,37.679337,51.316265,21.869553,26.80263,68.205345,60.53754,39.85083,23.944515,41.90027,50.620506,32.95101,37.02387,0.0,24.487131,31.572195,0.0,0.0,15.481761,9.407013,24.515684,7.856036,50.75633,65.58713,77.3728,50.933193,53.552574,75.26431,57.343414,0.0,22.895887,25.251797,19.669498,28.38722,6.9004827,27.250402,17.142586,1.2859153,34.785843,22.392075,31.338875,23.345476,17.631048,21.03332,19.908358,13.810718,17.351793,16.432928,16.776579,20.080803,12.290458,22.61781,12.297772,12.376051,18.190876,5.216975,10.636934,21.59441,30.681942,57.21716,25.825087,13.020006,31.0763,20.400827,9.211991,9.937545,0.0,24.064272,13.980456,5.3326173,6.020258,27.549122,17.315147,19.8335,12.316871,18.259214,26.202812,19.785263,19.906872,31.664892,15.1031,11.003453,23.136225,11.143877,16.510191,24.26742,8.615585,33.883194,28.048805,27.980585,30.596851,78.08901,44.359993,86.43625,24.97122,9.211991,16.379023,23.746765,15.939544,35.41175,0.0,0.0,0.0,0.0,0.0,0.0,0.0,0.0,0.0,54.261753,57.355804,28.13986,54.385193,29.811125,31.16919,35.78629,9.937545,27.734095,19.5606,3.5881755,0.0,13.042415,6.509043,6.9053154,7.9092283,6.7696886,19.203207,12.6870985,15.036219,6.5829144,9.163404,5.646768,12.957735,12.376051,18.190876,35.94173,9.779254,0.0,31.25246,0.0,21.187609,59.63418,39.524784,56.719883,43.091385,68.543365,25.00627,24.122576,18.649715,12.966228,25.446306,25.38584,6.4582496,21.187609,68.50086,39.47245,40.79291,27.360075,25.00627,52.55674,27.428587,6.521139,0.0,0.0,0.0,0.0,0.0,0.0,0.0,0.0,0.0,0.0,0.0,86.630226,25.276192,29.445475,16.383924,15.146917,15.481761,43.63922,0.0,5.66929,21.187609,12.347303,18.604763,0.0,0.0,35.23204,0.0,0.0,59.380486,21.647717,28.8295,31.541777,0.0,0.0,0.0,31.892181,37.47391,25.686531,0.0,9.88774,13.517446,17.342932,17.987322,0.0,0.0,0.0,0.0,0.0,25.03989,0.0,51.83823,84.368286,28.094128,12.617608,0.0,19.620476,81.36482,27.819399,22.955545,11.003453,25.09375,0.0,0.0,0.0,11.003453,24.019382,73.52606,25.956615
C17x33_C17x34,8.502409,30.319616,15.777402,17.345657,0.0,0.0,44.278988,0.0,40.376015,40.376015,53.511402,0.0,80.70612,60.11682,0.0,0.0,64.21825,24.196558,14.100193,11.910614,0.0,0.0,0.0,0.0,0.0,0.0,0.0,0.0,18.005562,0.0,0.0,0.0,0.0,14.975312,19.51782,0.0,60.02806,26.53851,0.0,17.859041,48.39179,92.262344,33.410362,28.666834,44.023174,0.0,0.0,96.931595,0.0,46.640633,6.1519055,0.0,0.0,12.467754,8.118703,15.651724,14.377234,0.0,30.709475,0.0,22.724546,37.589737,0.0,0.0,0.0,0.0,11.507082,0.0,0.0,0.0,0.0,0.0,0.0,8.847311,0.0,41.31472,0.0,45.667168,17.748863,29.453993,24.563288,45.07727,55.339607,12.866221,30.364164,0.0,0.0,0.0,0.0,21.450033,0.0,77.73998,33.332047,28.599638,0.0,0.0,0.0,0.0,10.3299465,16.055933,15.031506,48.303432,33.408203,0.0,53.315742,0.0,34.792843,56.703762,9.314849,20.743484,17.754025,0.0,27.264555,34.916573,21.921806,25.10798,20.691797,0.0,33.45909,0.0,24.76196,0.0,19.452566,21.939964,0.0,0.0,20.827684,31.135326,0.0,0.0,14.750794,37.91309,0.0,0.0,14.750794,0.0,0.0,0.0,150.97708,0.0,13.236141,0.0,28.479425,21.613798,0.0,24.39771,13.390037,20.492514,16.626596,0.0,0.0,20.001642,7.861996,0.0,0.0,36.125328,0.0,29.946209,39.45863,11.122657,18.398508,0.0,0.0,18.690815,0.0,43.46123,0.0,0.0,0.0,0.0,0.0,37.669838,0.0,82.94262,21.858953,0.0,0.0,0.0,0.0,0.0,27.423792,0.0,0.0,0.0,0.0,0.0,0.0,20.924652,21.66083,25.157167,13.519167,8.071396,30.455559,89.01576,28.255283,13.618662,0.0,0.0,33.395676,0.0,0.0,39.140347,0.0,0.0,0.0,29.107237,0.0,0.0,0.0,50.484646,37.309155,0.0,9.1573715,17.111322,0.0,0.0,0.0,11.175749,13.961549,0.0,0.0,22.23808,0.0,0.0,0.0,0.0,0.0,11.835984,0.0,58.83486,16.61849,0.0,69.54337,0.0,0.0,0.0,20.074572,0.0,0.0,0.0,112.92153,0.0,34.039173,0.0,8.005726,0.0,45.879787,0.0,0.0,74.24024,0.0,28.884552,60.846962,44.598495,0.0,5.627496,0.0,17.332367,44.990967,44.202972,24.62653,11.332353,47.085327,25.35207,89.14666,41.340885,34.788094,51.6867,43.411297,58.87763,80.25558,32.058865,60.62897,83.05371,71.971855,46.999565,41.899925,36.754665,27.165815,20.835064,0.0,0.0,0.0,11.16668,7.9421344,0.0,18.324791,34.041016,78.53208,48.639065,82.768265,94.03991,74.54161,37.06716,16.38886,19.323145,65.4998,42.99796,12.914278,24.627256,0.0,15.239062,53.52279,29.453993,33.230843,27.253208,29.713121,34.479305,24.2889,32.616806,27.668568,28.59801,32.52709,17.085218,12.362109,39.75707,20.996376,28.588646,29.328793,9.490595,23.203732,20.365438,65.943565,96.88439,0.0,16.856205,0.0,0.0,0.0,0.0,0.0,30.27523,0.0,0.0,0.0,0.0,0.0,0.0,0.0,0.0,0.0,0.0,0.0,0.0,0.0,0.0,0.0,0.0,0.0,0.0,0.0,0.0,25.364216,27.721474,24.518745,93.33211,89.30957,106.21182,63.676323,0.0,0.0,21.966814,0.0,22.711245,32.629032,10.359361,29.576593,47.287186,0.0,0.0,0.0,0.0,0.0,51.566875,26.906214,28.542492,51.43179,29.107237,30.75414,35.359287,25.538769,20.624075,3.6647184,4.200108,0.0,0.0,9.356444,0.0,0.0,0.0,0.0,10.002188,19.080767,5.463061,15.482997,21.336334,18.409441,24.529694,25.164757,0.0,0.0,9.654389,29.754011,0.0,52.18333,93.46809,79.3685,95.40808,73.68373,55.71124,73.92818,0.0,42.98094,35.20195,42.253174,25.344872,12.654379,37.607086,56.77123,82.65121,80.45868,40.812332,83.40719,63.705803,31.410753,29.351656,0.0,0.0,0.0,0.0,0.0,0.0,0.0,0.0,0.0,0.0,0.0,20.867985,0.0,39.83479,42.418713,49.21051,19.356964,29.848888,0.0,0.0,21.240738,3.6644902,14.574993,6.8622484,0.0,41.602528,16.265915,0.0,78.301216,20.624075,26.59342,29.040369,22.837997,8.38953,0.0,0.0,31.440804,51.1417,0.0,0.0,31.137598,43.546864,19.380613,0.0,0.0,0.0,24.143969,31.479202,18.41244,16.057104,28.162027,67.527664,30.514109,0.0,0.0,17.378029,75.76751,0.0,0.0,0.0,0.0,0.0,0.0,0.0,24.332298,43.5813,36.17039,15.808883
C17x33_C18x33,6.1933537,23.881042,8.353583,15.836478,14.3006525,10.76427,27.021326,20.334398,23.856146,23.856146,43.049126,0.0,89.2282,59.50225,0.0,10.057751,57.1536,18.407475,14.022313,10.875555,5.326648,11.774342,14.590758,5.5643134,0.0,5.9053326,5.9053326,0.0,26.246756,13.288916,0.0,12.042731,12.042731,12.042731,21.478848,0.0,27.898748,26.527744,7.475123,18.854685,33.223824,81.71118,26.517305,33.649925,35.88939,18.866795,18.866795,82.42514,0.0,68.97882,11.433974,6.7649813,6.7649813,11.924179,5.4056673,27.669909,11.055818,0.0,13.623834,0.0,20.909206,22.643848,7.7861958,3.905108,0.0,0.0,17.356586,0.0,0.0,0.0,0.0,0.0,16.314903,13.124939,11.53638,34.85681,0.0,24.415495,9.71521,13.518342,11.399234,20.919281,58.705975,13.573439,29.227016,0.0,0.0,0.0,0.0,8.080844,0.0,30.10996,20.795498,37.089863,0.0,20.795498,20.795498,0.0,0.0,0.0,11.019398,29.514835,27.927717,0.0,61.957066,12.16019,12.16019,56.884426,3.631548,12.16019,14.712135,0.0,25.488089,0.0,0.0,22.615007,23.409271,13.398907,37.89783,0.0,8.423486,0.0,15.023732,16.019865,0.0,9.786503,17.454744,25.11075,13.200542,14.615716,8.396368,40.47967,8.396368,0.0,0.0,9.44406,0.0,31.842514,129.0317,22.516056,11.556279,6.0750537,23.403187,21.494415,18.288303,12.630073,13.585441,18.621618,10.265293,6.2898474,0.0,8.391925,0.0,0.0,0.0,26.388136,9.133985,12.157962,36.158066,11.061222,11.978869,2.7330592,3.3763897,16.904707,4.714376,34.959846,14.167549,0.0,21.666723,0.0,0.0,30.942184,16.266087,71.06319,17.962765,7.774736,0.0,7.9606967,9.834554,0.0,0.0,14.313978,17.683323,33.984493,19.45191,69.03101,24.030666,27.679459,19.722633,6.7759943,10.001138,18.221664,29.363718,74.01546,21.917925,15.317015,12.521795,0.0,27.254082,0.0,0.0,15.863694,20.26701,3.1841018,8.069905,20.150843,14.512366,17.92841,0.0,65.37795,44.034283,0.0,8.277124,13.435456,7.0629234,10.395191,0.0,12.430977,8.093695,8.093695,13.2857,13.2857,0.0,0.0,0.0,8.017875,0.0,8.017875,0.0,64.45568,15.800074,12.075566,57.09457,18.305756,0.0,0.0,21.480867,7.176834,8.8661785,15.320475,108.3649,21.268564,37.158375,12.212881,44.65147,16.694378,29.569023,14.629244,0.0,86.459,17.933485,17.933485,20.16938,36.649162,19.266201,8.075916,7.035093,16.08159,53.318504,61.117455,14.242849,22.211246,30.831013,27.449371,82.777695,38.31992,32.840717,49.3408,35.326405,53.562103,76.75833,29.119114,56.198536,84.37914,72.766335,42.179195,48.864204,34.068836,28.658295,22.796776,0.0,0.0,0.0,9.203152,10.481869,0.0,23.957314,33.385582,78.03184,49.830627,85.77909,73.97361,49.674915,34.634075,24.464134,23.596964,28.984098,36.8997,6.6046767,19.768097,5.4576244,15.550852,53.646217,14.416617,29.689259,29.523008,18.102306,31.482975,23.554125,30.671944,23.423721,21.960115,29.01025,9.240637,11.287813,36.302086,13.603471,22.862005,23.46397,6.61851,5.8022547,15.941534,40.45151,94.65658,4.746629,7.129773,14.327274,13.398907,4.475163,11.867257,0.0,28.602152,15.210804,8.060834,7.176834,19.266201,9.44406,7.837253,8.7063,14.512366,19.45191,9.11028,14.313978,12.521795,8.130742,13.8503,18.537355,0.0,16.266087,16.694378,7.0629234,15.237041,26.925169,13.290973,16.955328,88.388504,33.714474,80.72125,49.9008,4.475163,4.627309,20.20401,0.0,15.480939,15.209704,4.913775,14.930128,23.553732,0.0,0.0,0.0,0.0,0.0,41.240726,29.797842,15.713692,37.88163,44.535145,24.181932,26.400776,20.029852,24.33572,6.1152544,12.801897,0.0,11.660089,9.2466135,6.2898474,0.0,6.1919913,29.558455,21.990679,23.695745,0.0,13.866652,25.26857,21.78232,29.011425,29.775303,0.0,0.0,10.896059,35.607048,0.0,46.6944,83.440994,62.85236,84.245285,61.993153,54.231293,45.021076,16.866014,30.589182,11.724854,15.108535,20.217098,9.926949,34.119595,85.63028,74.799095,43.017952,61.558846,46.202316,57.266087,44.16848,16.84428,0.0,0.0,0.0,0.0,0.0,0.0,0.0,0.0,0.0,0.0,0.0,60.852985,8.710767,26.021013,25.064438,32.145454,15.473047,19.423742,0.0,0.0,30.945261,12.910437,21.208967,5.1705327,0.0,38.914295,16.176071,0.0,67.419014,25.469177,25.064928,7.459126,16.08159,5.4331093,0.0,8.476432,22.996172,29.911324,0.0,0.0,33.67511,38.825413,16.327953,0.0,0.0,0.0,25.722086,9.32951,25.817694,19.08939,30.112156,61.106583,27.618917,0.0,0.0,12.812907,69.55389,18.917326,11.704682,13.8503,18.537355,13.867336,18.461775,0.0,13.8503,35.861095,39.98977,12.6099415
C17x34_C18x34,27.829533,31.514357,31.53479,7.3577304,0.0,0.0,27.854721,0.0,29.721302,31.955448,32.591118,20.833288,78.47686,52.628105,0.0,0.0,45.0464,23.452118,0.0,12.511376,0.0,0.0,0.0,0.0,0.0,0.0,0.0,0.0,27.707954,0.0,0.0,0.0,0.0,10.610436,33.30513,0.0,39.60977,25.750698,0.0,35.608334,44.05873,94.694725,33.413586,35.086037,35.086037,0.0,0.0,89.160866,0.0,47.219868,6.5528283,0.0,0.0,15.25398,0.0,28.971785,30.147161,0.0,40.076374,0.0,13.947896,19.725304,4.827502,0.0,0.0,0.0,12.031005,0.0,0.0,0.0,0.0,0.0,0.0,12.56817,0.0,48.6038,0.0,59.062202,17.091335,46.70471,0.0,12.918687,69.449814,24.266207,30.76469,0.0,0.0,0.0,29.797691,36.500114,0.0,89.0945,17.151222,45.582855,0.0,0.0,0.0,0.0,0.0,0.0,19.762417,35.253822,40.18922,0.0,25.047531,0.0,3.3041716,29.010914,0.0,1.969946,25.539127,0.0,31.980228,20.849443,0.0,36.11778,0.0,20.849443,20.849443,0.0,0.0,0.0,2.7340224,3.7817013,0.0,0.0,33.975784,21.658867,0.0,0.0,9.213112,35.08906,0.0,0.0,9.213112,0.0,0.0,0.0,129.73364,0.0,9.64083,0.0,22.500937,13.661828,0.0,25.258976,16.435305,0.0,28.270853,4.9276605,0.0,36.497513,16.322184,0.0,0.0,38.719185,21.57445,9.426846,22.930353,14.580815,20.620388,0.0,0.0,0.0,0.0,56.20923,0.0,0.0,0.0,0.0,0.0,28.223955,0.0,71.7229,16.529726,0.0,0.0,0.0,0.0,0.0,29.343592,0.0,0.0,0.0,0.0,34.55883,0.0,22.018219,20.97554,17.664795,8.745014,0.0,15.81874,115.24395,35.880028,11.059108,0.0,27.171558,35.04772,0.0,15.33187,43.238293,0.0,0.0,0.0,25.836798,0.0,0.0,0.0,69.87795,32.351383,0.0,12.325078,21.945976,0.0,0.0,0.0,11.579383,0.0,0.0,0.0,6.433624,0.0,0.0,0.0,0.0,32.87258,14.019518,0.0,55.32689,32.182014,0.0,58.83657,0.0,0.0,0.0,11.084982,0.0,0.0,0.0,88.860886,0.0,28.50695,0.0,26.719007,0.0,56.011353,0.0,0.0,97.07303,0.0,18.010326,29.932909,29.584593,0.0,4.5698385,0.0,14.544301,36.35232,53.676094,0.0,0.0,36.288185,39.785667,60.383667,49.840805,13.650331,26.608084,68.12648,43.317734,59.84397,48.532413,10.328777,86.38062,90.45735,72.84252,63.11404,32.69769,41.58816,55.066635,16.094873,25.331657,0.0,0.0,0.0,0.0,46.89624,16.826035,73.76647,60.493626,106.476776,111.501945,77.7973,40.304695,32.74215,25.431976,18.012117,37.79922,8.788124,32.37777,0.0,30.38448,79.008286,58.726982,47.242744,51.46747,27.672579,36.145992,33.12034,22.270346,18.269375,57.020283,33.373756,34.06544,16.322184,44.658962,21.238873,16.987259,22.577711,9.381221,30.506712,49.59931,32.21695,97.49881,0.0,0.0,0.0,0.0,0.0,0.0,0.0,28.273096,0.0,0.0,0.0,0.0,0.0,0.0,0.0,0.0,0.0,0.0,0.0,0.0,0.0,0.0,0.0,0.0,0.0,0.0,0.0,0.0,56.07994,31.689959,25.404287,104.097916,98.28836,120.29405,45.84198,0.0,0.0,12.428284,9.582432,24.032347,42.097294,16.322184,46.886234,41.20926,0.0,0.0,0.0,0.0,0.0,41.55449,21.144024,14.41617,29.78564,34.698906,33.28328,59.969936,18.780481,18.188107,7.8224754,6.590851,0.0,0.0,10.011442,4.9276605,0.0,0.0,22.399067,14.0963745,35.387806,0.0,27.349104,25.935602,19.853168,28.223955,37.512363,0.0,0.0,21.176304,30.060154,0.0,47.08829,79.846725,122.826775,81.31768,91.46139,63.296497,103.743675,0.0,59.230633,34.748295,41.659492,35.04772,13.208709,34.800632,58.05962,78.50018,67.309555,10.696524,75.436005,59.638645,35.385086,26.489428,0.0,0.0,0.0,0.0,0.0,0.0,0.0,0.0,0.0,0.0,0.0,24.991787,0.0,15.006867,30.51262,21.946293,20.05608,0.0,0.0,0.0,23.003073,5.793639,18.697443,12.447394,0.0,39.054245,11.132573,24.032347,84.27986,20.011839,25.17216,18.010326,39.580368,6.8127627,0.0,0.0,23.895689,25.384148,0.0,0.0,43.400192,43.23576,41.699554,0.0,0.0,0.0,0.0,17.281773,29.027685,0.0,27.620089,67.045135,27.177408,0.0,10.794551,22.185734,57.885624,0.0,0.0,0.0,0.0,0.0,0.0,0.0,3.481068,51.98157,15.743836,20.384428
C18x13_C18x14,0.0,0.0,0.0,10.048441,21.162436,6.70697,9.567894,25.113811,34.460857,16.755287,29.349855,0.0,78.76703,16.3843,0.0,0.0,53.310974,0.0,0.0,23.775497,20.33363,37.166664,18.957645,31.334002,25.08467,26.123932,0.0,0.0,26.80995,0.0,0.0,21.473349,0.0,0.0,5.7973247,6.9540553,0.0,50.77387,11.0608015,34.689404,18.763426,61.463127,63.716434,25.351845,54.43744,35.327137,0.0,35.852924,30.41026,117.77843,0.0,24.563683,0.0,0.0,0.0,0.0,14.5210285,1.3619782,20.34133,36.840065,40.681145,25.587988,26.205738,0.0,25.111765,12.002043,25.461664,0.0,0.0,49.051113,25.01956,21.415207,0.0,19.625439,37.22202,114.38802,0.0,20.161343,11.262685,15.395628,17.41162,30.335983,40.11101,0.0,19.139536,0.0,15.510796,23.794233,8.772798,0.0,13.70037,38.574547,0.0,2.6274118,0.0,3.304726,0.0,3.1516552,10.138504,13.385168,20.901886,20.901886,34.598263,9.889392,30.900267,0.0,17.261745,79.222206,26.685905,0.0,10.214109,0.0,18.284288,13.297934,8.515104,0.0,12.042175,16.767918,19.322458,40.273643,11.196148,0.0,36.28904,15.242505,48.633495,0.0,8.489601,21.421001,0.0,0.0,0.0,23.323183,0.0,7.871209,0.0,0.0,37.389378,0.0,18.811863,8.75905,27.209185,0.0,42.495388,27.987799,0.0,8.8972645,78.51412,74.60744,41.2231,28.283802,28.29507,48.942307,22.730955,46.37603,44.068462,0.0,0.0,0.0,53.530643,26.57547,25.931532,0.0,33.236332,39.76003,50.163704,25.107342,0.0,6.1145563,16.497963,40.783993,10.287007,32.769756,0.0,2.4497917,20.130064,0.0,7.485399,0.0,19.464048,0.0,35.287785,0.0,38.21405,0.0,0.0,66.73352,38.99293,37.603195,36.440956,23.432362,0.0,33.086006,0.0,69.55857,0.0,25.048748,0.0,11.704389,25.809603,14.851798,2.9542,24.88187,0.0,0.0,0.0,27.84936,0.0,0.0,0.0,16.178263,32.7728,0.0,0.0,33.186523,0.0,0.0,0.0,81.07108,0.0,0.0,0.0,0.0,0.0,94.451355,61.981377,0.0,0.0,0.0,0.0,45.845383,18.249943,0.0,0.0,42.06479,0.0,0.0,67.26414,0.0,36.738865,0.0,12.771495,0.0,24.487032,0.0,0.0,0.0,6.5797276,0.0,0.0,35.02497,0.0,0.0,18.893518,42.7833,0.0,36.02154,36.02154,0.0,0.0,10.236615,43.92656,47.56785,49.073353,31.428991,11.636878,31.617958,45.289955,51.55725,24.442312,35.741047,20.892485,46.327526,32.39679,9.41334,35.305023,5.552862,27.474941,23.509668,55.37188,123.40623,3.3396192,10.19067,113.15318,32.236423,18.761347,19.041126,58.356693,31.770802,14.173495,32.498657,6.6034374,24.766394,17.0864,16.49198,0.0,34.769165,5.6290245,37.67078,20.695034,12.640372,44.947887,48.28872,18.65365,29.447037,17.897818,36.4037,42.957634,0.0,43.522575,45.131977,19.89094,21.396214,7.013469,49.209625,29.715796,34.109394,24.24872,30.609901,33.891445,26.250694,0.0,0.0,49.237175,34.45345,0.0,13.045909,18.2786,13.297934,14.79692,4.613538,6.598258,0.0,16.100496,12.866116,13.697148,19.924442,13.994652,13.347793,10.828022,9.305541,16.77269,12.154446,14.513396,7.757226,8.505749,13.045706,21.069902,18.10409,24.572216,21.461733,20.569448,13.178676,25.288681,14.579604,23.671154,28.56849,34.601536,27.397299,11.070379,33.35605,35.156292,54.39164,108.89745,17.356274,37.32618,32.007446,5.6211424,32.23182,14.177595,23.628942,0.0,0.0,0.0,23.645468,7.0128527,9.986323,5.7067637,24.219324,0.0,0.0,0.0,52.358883,24.167048,14.416679,20.490437,10.050299,3.1230652,13.399609,11.788168,16.788364,12.913223,19.768162,3.8206644,15.604388,2.6671464,5.097467,0.0,1.7322644,13.484915,16.656914,33.186523,10.501807,0.0,36.03664,33.207424,48.30491,4.8920035,35.24483,34.540813,18.806654,2.281524,41.429714,37.469574,10.098737,1.44174,28.079494,39.253517,23.235697,33.799614,17.921782,16.367128,15.339525,4.453868,17.642967,18.386421,11.715428,15.163409,4.5829954,3.199318,10.455613,7.1345105,11.82038,2.0779002,16.175539,18.538912,17.02185,7.618321,17.679611,0.0,67.18165,34.583435,46.50445,45.694607,21.815882,14.937153,29.082449,26.972383,33.034164,66.38454,0.0,0.0,32.587776,9.917671,0.0,83.5881,62.875847,70.94591,0.0,29.172737,39.21829,25.400248,0.0,37.33216,55.601112,27.289824,2.5963843,0.0,0.0,0.0,22.37481,24.645384,22.565237,54.82638,0.0,20.563591,10.642416,21.524996,63.90106,56.36515,20.903845,0.0,45.012512,24.924324,0.0,0.0,0.0,0.0,28.80625,0.0,39.267178,0.0,32.619694,30.781887,0.0
C18x13_C19x13,0.0,0.0,0.0,19.513323,21.827744,5.496446,10.900661,0.0,45.246925,21.999603,14.0870695,0.0,66.154625,8.421861,0.0,0.0,90.2746,0.0,0.0,18.98962,13.382363,38.96121,22.102873,45.322178,26.388178,19.136078,0.0,0.0,28.664263,0.0,0.0,18.053097,0.0,0.0,9.683823,11.61602,0.0,58.95286,12.842549,33.97819,21.785963,48.56587,56.494785,20.032084,46.14123,39.947845,0.0,28.329643,24.02905,93.06411,0.0,14.857545,0.0,0.0,0.0,0.0,27.784756,7.158946,16.96158,24.013079,0.0,28.768578,33.1986,0.0,38.618744,22.4852,24.424637,0.0,0.0,46.357807,27.95703,0.0,0.0,14.68165,27.845526,108.94503,0.0,15.293439,0.0,0.0,33.354286,0.0,48.204697,0.0,22.293524,0.0,21.057217,0.0,17.19867,0.0,26.85895,26.562782,0.0,3.0714512,0.0,3.126564,0.0,3.6842928,23.122692,18.051693,13.614031,20.254364,27.727186,0.0,21.505314,0.0,6.3913875,36.11061,34.292805,0.0,13.638669,10.275923,17.756428,17.756428,20.717253,0.0,16.079643,28.306025,21.084785,33.49575,19.967672,16.184792,74.23275,0.0,70.52562,0.0,5.2100697,14.544853,0.0,0.0,0.0,55.471214,0.0,17.70077,0.0,0.0,57.604683,0.0,51.810165,22.155981,25.01213,0.0,33.253304,7.81658,0.0,4.5627804,71.38654,76.346344,55.009125,29.190958,18.015669,47.935555,30.26906,43.08799,49.997173,0.0,9.373909,0.0,58.897457,57.91291,28.898241,0.0,0.0,23.631556,0.0,26.62365,0.0,0.0,31.031338,46.866863,10.65094,21.132315,0.0,19.136738,16.109396,0.0,1.9615191,0.0,26.834381,0.0,99.55198,0.0,35.317688,0.0,0.0,51.528675,30.10862,43.087276,26.293827,35.81808,0.0,32.353466,26.143166,68.1152,11.157499,22.567295,0.0,13.823901,21.588615,17.152645,11.71821,28.655079,0.0,0.0,0.0,26.3495,0.0,16.80741,0.0,21.47739,47.613277,0.0,0.0,29.020607,0.0,0.0,0.0,61.93413,0.0,0.0,0.0,0.0,0.0,72.99154,47.574276,0.0,16.561125,0.0,17.321028,44.84418,39.884056,0.0,44.828217,47.999897,0.0,0.0,95.806046,0.0,17.167078,0.0,0.0,0.0,0.0,0.0,0.0,0.0,0.0,0.0,0.0,19.250637,0.0,0.0,37.313725,29.127228,0.0,25.425917,25.425917,0.0,8.644312,15.046101,54.360874,46.12752,36.863926,50.37949,18.05652,46.103565,46.914394,30.413105,35.83135,31.58071,34.513187,59.524693,27.573982,10.414785,39.906406,25.749414,40.332188,50.03666,56.13203,149.12402,11.117221,1.9615191,84.55856,38.15771,35.3692,20.868645,50.183895,34.77293,14.864209,44.119675,7.7194343,0.0,24.338213,37.08715,0.0,38.428787,2.5705361,23.39306,19.823538,26.797485,36.745045,35.72049,0.0,25.359287,24.59623,34.862698,31.603067,14.644859,48.90455,26.072844,33.934612,27.957956,13.419677,41.742634,34.504684,32.551594,20.832756,34.00907,50.476437,52.5087,2.5909178,0.0,51.986053,54.87933,6.639674,11.790596,21.588615,17.756428,19.703918,18.300184,17.543074,0.0,21.954704,8.315503,16.50067,25.217577,13.92048,10.128498,10.567116,6.2662144,22.511744,16.528624,16.480192,10.241189,8.465049,12.342395,18.266493,26.209898,14.670524,20.083843,25.125267,18.85612,26.801311,23.101458,30.970734,29.919563,16.06904,19.364546,0.0,36.04183,24.905579,44.161045,135.43462,19.561636,34.589424,30.741747,18.502514,40.086975,7.9767494,13.935121,11.154653,21.790062,15.093764,13.61714,6.7988973,10.272864,9.296501,12.826078,0.0,0.0,0.0,35.901592,25.17943,8.760289,19.617563,12.905943,3.6508708,17.843227,13.166614,19.033587,12.427978,18.254496,10.97128,20.805775,10.552138,0.0,0.0,13.531717,20.083843,15.993537,29.020607,7.7664385,0.0,53.000637,15.516934,38.819305,15.191838,27.2145,31.92286,24.828781,18.410505,14.48178,12.745911,10.738407,0.0,33.16432,25.125267,10.857413,27.162407,15.282219,14.061459,1.9599489,12.882085,9.076421,13.1254,12.594955,16.596249,13.160361,12.65759,17.333883,0.0,0.0,16.231678,24.09114,6.306325,14.227178,25.704212,12.442151,17.883928,53.493988,32.40992,57.178627,66.16972,8.768198,19.486847,33.18582,12.603467,21.468908,61.108097,0.0,0.0,29.463112,9.615093,0.0,53.260548,29.380184,25.125267,0.0,18.202595,52.29086,11.86885,0.0,36.193195,54.38686,33.38331,4.002371,0.0,0.0,0.0,0.0,0.0,0.0,54.273365,0.0,16.93594,15.949311,0.0,48.284466,48.490982,22.823284,0.0,19.03202,28.755331,0.0,0.0,0.0,0.0,10.643384,0.0,36.336437,0.0,25.279045,29.842762,0.0
C18x14_C18x15,6.823761,17.499226,0.0,0.0,43.85831,14.977959,23.127625,8.667693,13.820305,10.46615,25.631685,0.0,59.73599,25.553957,0.0,12.395614,86.219505,0.0,0.0,15.323616,16.250547,32.27875,36.074978,36.998573,5.853953,22.488192,11.247415,11.247415,33.73782,3.1046243,0.0,12.476102,4.4831758,4.4831758,0.0,6.3613377,11.920479,30.545307,19.315277,20.765802,28.69202,46.596825,40.354034,0.0,93.17303,46.583076,23.298412,0.0,13.311128,104.162926,6.3115296,12.619334,6.3115296,0.0,0.0,0.0,7.5164027,5.3148994,36.656193,39.981182,16.52402,27.438566,18.155363,6.326171,20.810055,5.572366,18.976025,0.0,0.0,42.37104,47.354195,18.235355,0.0,13.330094,20.112476,108.20083,11.566944,18.956942,14.2976055,21.367393,25.980095,14.2976055,31.516665,12.171237,37.024887,12.171237,9.040681,0.0,0.0,0.0,0.0,22.850954,2.5475595,0.0,0.0,11.156697,2.5475595,5.6885967,7.93123,8.761839,31.166227,23.914574,25.08793,35.166977,52.36862,8.546797,20.19672,77.72318,36.699337,8.546797,19.6515,19.864897,25.570827,11.024071,26.032745,0.0,0.0,34.33157,25.877748,20.55199,8.588385,8.110337,26.163578,9.3622465,30.112057,6.700207,0.0,19.194729,4.724866,10.71337,6.074596,12.179365,6.074596,0.0,0.0,7.693128,49.47264,0.0,19.25526,4.4845366,29.850134,7.4641857,70.26559,0.0,1.5671351,22.830748,101.43071,100.16583,24.260275,16.420286,26.27762,28.731537,23.466032,79.02625,70.04653,0.0,0.0,0.0,64.597595,34.40414,31.162731,10.857415,17.31189,67.62038,25.20579,21.930626,0.0,7.0276227,24.45966,37.67538,8.022074,17.132814,4.284152,0.0,34.706226,3.7778478,8.435347,6.7177534,17.715399,5.5916142,24.999079,12.8060255,24.681229,0.0,13.769712,11.443123,13.769712,30.069628,62.827824,27.84221,9.524659,0.0,16.497194,59.018238,8.193603,25.881615,7.1811323,0.0,43.639343,19.301155,0.0,8.518125,0.0,0.0,13.072015,11.290497,0.0,0.0,5.6349535,9.516235,49.10691,12.708346,12.706031,50.812874,12.706031,0.0,14.8431015,31.81323,11.702342,11.702342,6.6120877,6.6120877,15.903397,101.78505,55.074726,3.2241566,0.0,3.2241566,7.6876216,36.66054,9.5125,0.0,45.80508,18.110802,14.961924,14.660828,42.389763,12.679923,22.740143,5.1771097,25.687056,0.0,22.105303,0.0,0.0,12.697151,6.344554,5.879383,6.5742636,29.946236,8.582691,8.582691,16.557667,72.72567,18.185444,48.02001,24.008234,10.771602,0.0,10.677415,68.249565,19.665344,40.270367,20.044886,27.490507,24.432726,37.165653,35.473988,21.551638,25.42765,20.821718,38.654823,27.185944,13.433312,27.257902,8.265813,15.021954,19.292406,40.353283,109.4367,5.1531725,7.212106,63.51415,41.645542,35.001328,32.446693,47.653843,31.275114,17.521599,32.528263,10.792469,22.937685,12.0688,16.234673,0.0,26.509933,0.0,27.284103,8.63888,14.508938,18.590479,24.939621,15.536511,22.422953,9.744602,15.578019,21.443047,0.0,18.965263,31.67454,7.3014193,9.596798,0.0,20.55199,13.586253,17.14011,22.064102,24.511478,23.118238,25.76234,2.1573334,0.0,45.19596,24.67277,0.0,14.49069,6.0052752,11.024071,6.443494,5.798405,3.0799947,0.0,4.394434,10.81378,25.352364,36.360153,15.381715,13.495463,13.567915,0.0,27.531301,21.631443,25.604492,14.3580265,18.209354,22.578594,32.350407,29.677443,16.01947,25.386806,28.223055,20.221167,28.472403,45.637497,32.361897,28.866234,8.528878,22.632618,18.05118,32.192883,29.709799,49.583794,134.95427,13.566667,44.59041,24.999146,10.3565,48.80392,16.558386,15.546194,10.580423,18.264572,16.497194,36.710682,31.032383,21.072346,12.937982,9.218047,0.0,0.0,0.0,53.5738,25.238194,9.524659,13.02752,6.5832844,4.122366,9.293284,7.825683,10.854274,7.1187944,12.88164,0.0,0.0,0.0,0.0,0.0,0.0,0.0,4.428611,14.390421,12.974902,0.0,48.31882,25.359846,36.370888,0.0,27.539425,25.612051,14.362265,5.643454,29.686203,25.412062,11.021938,1.3443267,27.554007,61.14448,38.034782,54.549175,27.406895,26.791542,25.70452,7.8153896,22.853361,30.529509,17.036123,0.0,3.811523,6.8857617,12.00338,7.3684344,8.188436,8.168036,7.7037625,14.390421,8.152128,5.5306826,28.14105,0.0,53.601326,57.710217,69.13208,85.24824,33.9822,15.373818,35.554928,19.336239,31.016045,90.37677,0.0,20.597301,50.38373,0.0,0.0,53.76452,31.541494,44.632122,0.0,15.775924,22.45,21.314535,0.0,68.69904,48.222393,19.766787,2.8815758,0.0,0.0,0.0,38.187885,0.0,18.034573,0.0,0.0,15.207883,0.0,19.945051,68.9405,47.571793,17.047663,0.0,19.988615,25.755682,6.5561304,10.771602,0.0,13.308895,10.471092,5.198199,49.746456,0.0,54.28627,51.335182,0.0
C18x14_C19x14,14.488107,21.534193,0.0,0.0,41.803238,20.793947,32.10816,0.0,24.805601,15.985802,30.526052,0.0,52.45699,0.0,0.0,0.0,45.566463,0.0,0.0,23.988005,22.72396,38.2835,26.19769,44.315487,17.267366,29.126,0.0,0.0,40.591206,0.0,18.713076,13.221748,0.0,0.0,0.0,6.159742,12.871236,34.697254,23.45522,32.542652,29.919146,26.816063,80.67637,0.0,50.597687,57.046803,0.0,0.0,16.632505,79.6842,0.0,20.969715,0.0,24.035244,7.9008813,20.284323,18.389286,0.0,42.3436,24.343002,16.755053,21.673986,28.341394,0.0,32.806892,12.170595,30.049799,0.0,0.0,47.048805,24.107523,22.585346,0.0,0.0,24.91025,108.45372,0.0,23.465015,0.0,0.0,22.253033,0.0,44.721676,0.0,20.44277,0.0,12.828591,30.013546,0.0,0.0,14.804157,41.771244,0.0,0.0,3.9940596,12.462311,0.0,7.034284,4.334629,0.0,15.097692,16.391413,17.195648,19.780403,29.455826,0.0,11.360067,54.176273,32.09145,0.0,20.286901,25.64707,34.62063,11.380517,26.874474,0.0,0.0,46.38004,33.446617,34.14603,13.444045,0.0,44.84015,15.934628,54.57661,0.0,0.0,25.724558,0.0,0.0,0.0,11.1650915,0.0,3.052959,0.0,0.0,60.24405,0.0,29.8915,8.658322,40.74727,0.0,33.336678,0.0,0.0,19.418646,121.19422,105.67096,30.441837,32.37867,22.895178,40.38838,16.170614,80.79981,97.68749,0.0,0.0,0.0,41.72069,34.09877,34.386787,0.0,9.074395,52.21253,13.212151,31.435585,0.0,0.0,28.622648,43.75268,0.0,28.733902,0.0,0.0,14.5401945,0.0,1.4596777,0.0,31.201555,0.0,69.46818,0.0,32.81748,0.0,0.0,29.75635,23.237478,0.0,54.501102,5.6712875,0.0,27.792324,16.69701,84.63499,0.0,40.369698,0.0,0.0,32.05148,14.931118,0.0,20.600058,0.0,0.0,0.0,26.845413,0.0,8.931981,0.0,18.407087,60.05887,0.0,0.0,24.288698,0.0,0.0,0.0,40.411224,0.0,0.0,0.0,0.0,0.0,72.42688,50.15727,0.0,0.0,0.0,9.1075945,23.109646,13.710366,0.0,59.90337,43.38413,0.0,0.0,36.61721,0.0,0.0,0.0,9.225009,0.0,10.085299,0.0,26.037027,0.0,7.369072,0.0,0.0,0.0,0.0,0.0,16.32643,53.69567,0.0,26.134644,26.134644,0.0,0.0,10.231559,66.74745,41.354507,38.389523,33.71932,36.462517,31.445148,34.355175,39.43761,30.352093,28.362694,20.357029,36.546337,25.343637,20.039404,29.551638,0.0,17.54799,18.391346,43.890816,97.96475,13.539914,1.873209,103.51086,67.06935,71.08133,44.714928,56.273464,26.173088,13.535952,27.842396,15.266786,19.6497,13.368731,12.228913,7.9008813,52.01692,14.606464,38.007484,20.880009,18.77737,38.018326,45.610046,18.82038,30.874691,15.841483,37.253777,43.341595,0.0,44.028923,44.52488,14.688718,17.636475,0.0,46.2431,31.765629,34.87764,28.376354,19.354647,32.105026,20.10732,0.0,0.0,46.15347,31.59509,0.0,19.287716,10.535983,11.380517,8.085307,10.909753,0.0,0.0,37.325157,11.512344,31.238592,41.66444,19.555431,20.096731,18.875671,7.076874,29.434427,27.413933,26.001528,19.970219,13.852616,20.622803,32.303802,38.57128,16.734018,27.268194,35.715145,21.418884,46.51047,37.420242,41.108177,41.020714,30.882109,28.627201,30.782839,26.968483,34.984035,47.552418,148.78743,15.603375,40.719658,23.922247,0.0,53.94863,22.823364,22.138597,0.0,0.0,0.0,42.748646,33.010517,32.314274,24.569305,22.781427,0.0,0.0,0.0,63.65922,29.989359,0.0,0.0,0.0,0.0,0.0,0.0,0.0,0.0,0.0,0.0,0.0,0.0,0.0,0.0,0.0,0.0,11.272083,24.288698,10.037212,0.0,50.798634,0.0,28.457952,6.4402127,16.754883,23.662336,18.173626,0.0,8.658306,6.1897717,12.414481,0.0,21.071966,44.504765,0.0,43.58088,14.179084,23.620344,12.682783,0.0,32.609104,17.39719,7.7029014,12.059444,9.135714,13.610837,13.270352,0.0,0.0,9.445427,15.391386,3.8391688,16.320755,14.500112,30.602898,0.0,75.00456,37.14621,60.044147,128.44386,9.0659895,8.807952,33.475254,0.0,14.88935,104.52562,0.0,24.606607,22.335585,0.0,0.0,72.98019,31.238592,35.715145,0.0,26.850779,32.038048,23.22551,0.0,61.120583,44.89936,20.254557,0.0,0.0,0.0,0.0,18.332216,25.622187,36.03137,50.921284,0.0,13.545096,7.2278814,21.940804,45.329056,48.773365,20.196518,0.0,20.418936,18.260334,0.0,0.0,0.0,0.0,9.606622,0.0,54.990524,0.0,32.68821,49.79322,0.0
C18x15_C18x16,33.22894,19.486881,0.0,0.0,40.961468,0.0,15.65852,7.3789926,0.0,11.404189,24.603384,0.0,66.22535,17.90339,0.0,9.797255,59.169308,0.0,0.0,22.942358,5.6762633,19.268665,28.340889,22.086143,0.0,13.424231,6.7140965,6.7140965,20.139648,12.46597,0.0,12.042282,6.022918,6.022918,0.0,0.0,4.654781,0.0,13.657038,32.305584,23.83126,40.829754,17.24832,0.0,39.824467,19.910765,9.958322,0.0,0.0,44.521824,0.0,0.0,0.0,0.0,0.0,0.0,4.90022,2.5560539,13.491133,29.962688,17.130493,10.913337,12.205134,0.0,15.567227,0.0,12.73289,0.0,26.14579,26.506063,30.813732,15.405741,15.405741,8.959786,8.959786,109.359474,14.874983,10.534226,17.045301,21.02023,51.63881,24.105698,39.688015,16.382118,45.453487,16.382118,0.0,5.3850408,0.0,0.0,5.3850408,22.335024,4.974576,0.0,0.0,9.946216,4.974576,0.0,0.0,0.0,0.0,0.0,34.94426,0.0,22.188545,9.15882,24.847158,97.17905,75.27456,9.15882,20.135077,42.288044,59.808735,16.440222,23.632982,0.0,0.0,64.30455,57.928654,14.608637,13.447425,16.469666,38.136433,19.01192,60.12274,10.61325,0.0,50.714523,12.6814375,3.890077,0.0,17.450598,0.0,0.0,0.0,4.76889,30.153101,3.2404468,30.328407,4.348158,12.370268,3.0932517,67.02199,0.0,15.680384,0.0,72.55949,129.38095,19.133171,0.0,26.05356,22.998993,32.90573,51.790165,77.26547,0.0,0.0,0.0,55.35235,27.128769,47.704536,9.636619,9.636619,60.017212,21.069834,3.797442,6.03287,0.0,46.64401,43.848465,14.3839245,55.970314,13.995676,0.0,0.0,11.27668,0.68038076,6.552914,6.552914,4.8881855,21.85418,17.45772,17.45772,12.383679,9.836848,0.0,9.836848,27.167702,75.10335,77.24381,0.0,0.0,0.0,71.264465,29.293097,36.54646,7.61931,0.0,47.224957,14.423337,0.0,0.0,0.0,6.733436,8.531595,14.24083,4.193711,4.193711,13.3792095,0.0,25.851631,10.670842,21.87865,87.49524,21.87865,6.770362,14.529827,44.06259,1.4010047,1.4010047,0.0,0.0,15.439952,90.25858,53.469776,11.351733,0.0,11.351733,20.161694,60.540844,0.0,0.0,55.945267,10.962659,20.08443,15.477918,46.687305,17.009565,17.009565,9.971264,3.56712,1.4724089,20.620926,0.0,0.0,4.685577,16.805782,11.810217,17.781223,38.70123,4.2560687,4.2560687,0.0,87.96679,21.996567,47.29047,23.643492,14.853842,0.0,15.907225,78.6695,23.767454,56.871296,18.603666,44.332447,30.828627,20.679789,61.12295,4.985687,43.22995,32.31109,54.77344,45.757927,22.610235,35.832043,22.636633,25.284151,16.156866,73.15103,108.80359,14.90856,26.934275,59.654377,39.76766,28.875048,13.794332,23.99041,16.937292,19.322063,32.75457,18.51838,29.34739,20.708387,13.2329,0.0,23.145521,0.0,40.884506,12.661937,13.607117,26.73279,35.12521,22.824072,32.67761,14.647604,22.023182,24.055159,0.0,29.534397,47.63457,10.726225,3.885465,11.3352375,28.00627,20.97112,28.464005,23.833916,24.24122,8.115657,25.250696,1.955401,0.0,39.278236,21.662563,0.0,0.0,11.339159,11.624992,10.938961,9.368734,9.621685,0.0,4.1603675,10.23779,34.00909,43.980152,9.534966,19.237692,0.0,8.384947,19.66789,32.07673,34.905136,15.234123,27.364193,2.6709511,33.963467,29.051079,27.983091,9.368388,43.74439,20.077394,30.223173,50.39381,31.64052,31.23802,30.0288,11.746545,9.368734,31.918383,49.819187,65.69162,156.15875,10.802554,14.15999,26.59126,19.538921,49.022884,16.181568,12.378766,14.603683,22.246534,14.177839,53.931343,42.353657,35.220554,25.365402,10.979368,0.0,0.0,0.0,66.09609,17.849081,0.0,9.775934,0.0,8.555633,9.214044,12.140441,7.427239,6.544079,0.0,0.0,0.0,0.0,0.0,0.0,0.0,0.0,0.0,0.0,12.599611,0.0,57.507675,34.01913,43.993134,8.387422,19.673697,34.91544,15.23862,13.540724,29.059654,43.7573,13.87906,0.0,34.109573,58.31971,51.022007,65.98105,42.597466,41.27614,26.305935,20.308422,39.159687,27.029587,11.164912,0.0,0.0,0.0,0.0,0.0,0.0,0.0,0.0,0.0,0.0,0.0,50.304283,0.0,42.333523,36.417683,47.94503,66.01837,34.5731,15.467123,26.847637,17.009565,11.825235,98.49246,0.0,16.415308,78.73569,0.0,0.0,44.310898,0.0,0.0,0.0,29.489834,35.24359,28.592524,0.0,62.91914,61.088417,29.857359,4.987375,0.0,0.0,0.0,0.0,0.0,0.0,0.0,0.0,0.0,0.0,0.0,86.83231,19.195238,0.0,0.0,24.394726,35.985542,9.663883,14.853842,1.3358697,16.986746,3.304916,6.395595,24.4434,1.3358697,34.31065,62.35516,0.0
C18x15_C19x15,25.091518,0.0,0.0,0.0,49.673435,0.0,18.267672,8.531515,13.787284,9.416525,23.061144,0.0,41.88438,34.87393,0.0,11.974447,50.830887,11.0985365,5.5509067,14.519264,10.26667,30.114058,36.506786,32.18378,0.0,27.76,11.382043,11.382043,34.141655,9.704048,0.0,26.150707,8.779586,8.779586,0.0,0.0,32.583096,18.543585,41.256405,18.543585,37.590565,27.924383,51.89925,0.0,55.83641,81.64767,13.962192,0.0,0.0,62.422398,7.983718,15.962725,7.983718,22.17832,0.0,13.581726,9.4228525,6.6629634,24.92297,35.257275,16.645264,31.969202,26.062042,9.850526,27.853273,0.0,29.547703,0.0,0.0,36.475903,34.226276,0.0,0.0,11.934552,11.934552,98.736305,12.045677,28.706284,0.0,0.0,32.221245,0.0,36.60371,11.169701,31.627285,11.169701,0.0,0.0,0.0,0.0,0.0,39.97835,9.412436,0.0,0.0,18.819315,9.412436,0.0,0.0,1.3379983,0.0,29.319286,20.731865,0.0,53.62208,10.202919,14.429107,67.01976,44.318283,10.202919,0.0,23.904987,0.0,0.0,0.0,0.0,0.0,23.904987,67.49806,8.789119,20.067453,24.57751,64.54063,28.371288,91.25137,12.601455,0.0,0.0,0.0,13.679356,0.0,10.353159,0.0,0.0,0.0,11.744075,75.5233,0.0,21.534504,3.3011153,61.153034,15.291642,63.486134,0.0,0.0,21.29581,88.707756,85.90932,21.499949,19.983116,29.532885,29.593689,26.373,68.07966,114.36635,0.0,0.0,0.0,51.502735,29.72635,57.092983,5.876092,5.876092,56.561737,0.0,19.030174,0.0,0.0,53.294132,12.003177,8.171632,33.688145,8.423901,0.0,0.0,13.704126,0.0,13.936302,13.936302,14.070445,62.90637,16.11477,16.11477,0.0,14.297326,16.097712,14.297326,9.885094,61.597427,0.0,5.7176414,0.0,9.903246,71.00246,0.0,63.0032,10.8073435,0.0,39.338017,9.167461,0.0,8.132608,0.0,7.132261,13.943962,17.639029,0.0,0.0,6.420217,0.0,50.371677,16.444763,14.235209,56.928234,14.235209,0.0,3.9941518,0.0,9.033748,9.033748,3.192271,3.192271,13.203931,86.73246,45.726257,12.18353,0.0,12.18353,10.764045,0.0,10.180155,15.308754,100.55838,15.728073,17.150587,11.081006,0.0,11.626961,11.626961,13.02801,26.540304,8.258466,19.542484,0.0,0.0,14.057127,9.439564,0.0,13.167646,23.170027,0.0,0.0,7.4499593,86.54776,21.64173,15.221148,7.610012,2.924684,5.0071726,15.886086,82.25619,23.593319,41.779472,21.020445,50.633484,30.921143,23.785082,55.838345,35.194687,40.794758,25.79388,38.116585,39.394306,24.782133,34.121677,13.128863,23.115896,15.246732,56.983707,119.76394,0.0,6.389777,101.38933,63.56737,62.770428,27.313639,62.61299,24.143158,21.144833,29.851603,25.15522,0.0,23.463898,0.0,10.496666,37.059807,0.0,27.722195,8.5855665,14.452537,18.126467,27.084173,15.476116,22.733128,9.706722,17.255207,23.395384,7.0812116,19.828186,31.267973,7.2730365,18.904074,0.0,20.72935,14.770801,16.403687,23.270157,21.87678,24.347658,26.147602,10.160572,0.0,45.733364,40.546234,0.0,0.0,0.0,0.0,0.0,0.0,9.471901,0.0,0.0,0.0,52.050854,68.85013,26.90489,32.1545,26.726511,0.0,35.81474,50.47845,51.792057,21.608309,43.629795,49.0793,73.556175,61.491863,34.41645,35.806725,70.99301,31.524487,29.75268,50.109463,41.80721,26.021025,32.229156,21.59432,29.692015,36.180927,44.186058,32.989693,140.73126,13.304135,35.22376,27.81558,9.283508,51.710773,17.355843,32.97251,0.0,24.279202,9.903246,44.640316,24.986506,31.238111,15.080263,12.44565,0.0,0.0,0.0,74.98201,59.9807,5.7176414,14.345793,10.26324,19.867577,10.444533,12.427195,20.215944,8.111458,12.476589,0.0,0.0,0.0,0.0,0.0,0.0,0.0,0.0,0.0,0.0,0.0,33.608906,23.253922,43.28346,0.0,28.594652,32.22954,21.614687,0.0,7.9883037,28.470419,17.941647,0.0,24.838139,51.398228,34.87631,64.91667,0.0,19.069048,40.3201,0.0,28.865534,13.797481,11.191987,0.0,0.0,0.0,0.0,0.0,0.0,0.0,0.0,0.0,0.0,0.0,48.86355,0.0,49.040142,38.67196,54.47073,87.59563,22.494772,16.905357,38.518177,11.626961,3.8061292,28.602983,0.0,0.0,0.0,0.0,0.0,54.539116,23.395384,31.909346,0.0,17.255207,24.254593,29.542547,0.0,57.70656,46.1092,0.0,2.8015463,0.0,0.0,0.0,0.0,0.0,0.0,0.0,0.0,7.4499593,0.0,0.0,19.21133,41.462032,0.0,0.0,0.0,29.591303,7.9118505,2.924684,13.441796,19.416992,3.6626687,0.0,27.459772,13.441796,54.75599,38.68412,0.0
C18x16_C18x17,25.97309,0.0,0.0,0.0,37.246243,0.0,0.0,0.0,0.0,23.367529,27.1318,16.834433,45.66398,0.0,0.0,0.0,77.16267,0.0,0.0,25.949543,0.0,15.173285,25.046896,17.80503,0.0,10.642769,0.0,0.0,15.1336975,0.0,0.0,17.114817,0.0,0.0,0.0,8.471946,20.893167,0.0,16.906702,27.933523,24.040821,40.007492,0.0,0.0,19.108847,11.032498,0.0,0.0,14.371243,24.669416,0.0,0.0,0.0,26.169954,0.0,15.10923,5.596875,15.691137,12.539003,70.72829,35.55105,28.192314,0.0,0.0,15.204906,0.0,12.9236765,0.0,7.350323,20.454447,42.338028,14.911026,14.911026,11.715524,0.0,102.82749,30.465088,0.0,4.8193536,17.506266,14.600251,6.815595,55.46872,0.0,39.21376,0.0,19.453505,20.923487,0.0,0.0,20.923487,28.739086,0.0,0.0,0.0,11.696595,0.0,0.0,8.0044565,0.0,26.08645,19.636612,34.46429,0.0,46.654083,0.0,17.368183,81.53272,52.616978,0.0,18.85142,8.227232,18.85142,18.85142,18.85142,0.0,0.0,11.635062,53.740246,18.447306,25.085781,35.476654,79.97205,34.456135,99.49581,0.0,0.0,47.217094,0.0,0.0,0.0,30.577541,0.0,0.0,0.0,0.0,33.32601,6.4599614,30.356016,0.0,8.790114,0.0,34.545216,0.0,0.0,0.0,81.623764,114.35551,25.438261,0.0,23.881266,29.08751,41.288124,28.793451,31.595507,25.03071,0.0,0.0,18.580881,42.1693,59.334034,0.0,0.0,61.321526,22.58535,0.0,0.0,9.717445,50.092842,35.780327,18.76415,28.288828,0.0,0.0,23.915628,0.0,15.835992,0.0,0.0,0.0,36.10132,0.0,0.0,24.72145,0.0,0.0,0.0,30.268631,49.53948,73.12641,0.0,0.0,0.0,147.44682,27.553467,43.248466,0.0,0.0,32.191837,10.193749,0.0,0.0,0.0,0.0,0.0,22.243546,0.0,0.0,0.0,0.0,50.169277,0.0,0.0,57.896053,0.0,0.0,0.0,38.520157,0.0,0.0,0.0,0.0,0.0,62.445244,76.66883,0.0,0.0,0.0,0.0,81.179504,0.0,0.0,0.0,0.0,0.0,0.0,42.1853,0.0,0.0,0.0,22.202269,0.0,17.411333,0.0,33.206413,0.0,0.0,0.0,0.0,16.61076,0.0,0.0,0.0,41.291107,0.0,19.476986,19.476986,0.0,0.0,0.0,67.84433,47.818974,104.46061,14.047523,67.22557,30.224339,21.259205,85.28777,15.980723,62.4009,60.88879,101.40171,60.866253,13.8367,49.861427,28.643265,44.160152,15.807409,121.18914,103.73125,0.0,21.751247,70.93146,51.29958,38.520157,18.096348,55.29865,34.421543,20.232546,33.694458,22.4035,16.568296,32.781487,25.594345,22.760796,49.57876,34.634953,45.73785,0.0,38.06706,19.378202,59.451202,24.778774,39.3923,27.770123,45.347145,63.773155,0.0,37.281597,52.06815,16.904362,0.0,0.0,35.951347,29.712816,12.273187,0.0,0.0,0.0,0.0,7.2506914,0.0,48.50053,16.455463,0.0,0.0,16.007345,5.010406,14.543755,20.942377,8.508902,0.0,11.634764,11.043545,18.147144,23.839432,9.756005,6.9859314,13.509005,12.086961,28.703825,34.505398,30.808914,18.853933,7.480214,9.284227,26.017218,23.325924,16.332561,13.245528,33.426304,0.0,20.7194,40.81879,37.272556,25.736046,28.148014,16.530106,28.765036,14.543755,22.826504,107.178314,211.8724,0.0,11.812094,14.543755,20.853724,22.407585,22.004742,14.196638,21.97962,22.67446,24.545908,35.81983,30.900553,26.50362,14.898214,18.803164,0.0,0.0,0.0,49.346966,26.258904,0.0,6.772062,0.0,0.0,9.337079,14.385115,10.952704,11.170191,4.323188,0.0,0.0,0.0,0.0,0.0,0.0,0.0,0.0,0.0,59.95979,0.0,32.777176,55.78946,69.122765,14.721982,34.96141,50.140137,23.279505,29.49162,48.416386,64.723694,5.6281056,0.0,45.4431,0.0,25.804691,33.898956,44.24018,10.945608,13.201892,34.43022,21.850107,37.45182,8.746868,0.0,4.237539,11.584841,10.073911,7.7865853,9.565712,16.664408,5.5519037,23.249641,10.474725,6.9448676,44.40762,9.288549,43.042545,34.929962,57.27399,61.290176,28.78873,10.108524,21.618748,28.341324,27.54462,88.56799,25.90608,14.318306,44.44072,0.0,7.335917,58.698677,0.0,0.0,0.0,49.752903,69.13363,20.040342,0.0,94.50435,85.420845,47.731247,11.043545,0.0,0.0,0.0,0.0,0.0,0.0,0.0,7.335917,0.0,0.0,31.864136,97.91971,6.3266397,0.0,0.0,22.38367,40.63193,0.0,0.0,0.0,0.0,0.0,0.0,22.407585,0.0,45.17662,89.812,0.0
C18x17_C18x18,44.98314,0.0,0.0,0.0,54.38006,0.0,0.0,21.631319,0.0,29.31839,29.31839,19.672142,54.934074,0.0,0.0,16.865688,75.52069,17.004202,19.011276,41.985916,7.6073523,8.492877,8.492877,7.176703,0.0,8.492877,12.010741,0.0,14.7100935,22.13124,0.0,13.657538,19.314678,0.0,0.0,12.526458,29.814764,7.633592,10.795529,44.261925,18.698406,24.952919,0.0,0.0,12.022689,8.451563,11.952314,0.0,12.022689,13.363093,0.0,0.0,0.0,18.463623,0.0,26.111506,42.19104,29.646435,0.0,60.84132,49.76745,61.512558,7.252636,10.256776,0.0,0.0,12.561934,0.0,0.0,16.408165,15.791896,8.567817,0.0,12.555691,17.104977,97.44341,20.39299,7.91284,3.9635112,6.697414,12.561162,0.0,34.546776,0.0,33.054665,20.79826,13.057455,13.708346,0.0,0.0,13.708346,34.948036,0.0,0.0,0.0,9.333825,13.200023,4.1084313,9.307999,9.806381,11.666318,30.866177,19.460594,0.0,47.432087,22.738644,11.369322,68.680145,47.551136,0.0,10.410971,0.0,10.410971,10.410971,20.750933,0.0,0.0,0.0,33.68992,15.513433,14.936194,0.0,87.099396,0.0,58.03102,16.635372,0.0,12.726289,30.76478,16.343496,0.0,7.5400257,15.080051,0.0,0.0,11.009998,21.388357,0.0,16.594868,8.449543,6.264931,0.0,13.784783,0.0,28.350489,9.211115,62.78302,61.99406,17.124636,0.0,0.0,9.543096,24.969166,30.148699,29.769836,38.391113,0.0,0.0,5.1756716,3.6113038,37.57121,24.241955,24.198582,32.06909,26.245,7.445962,15.088987,11.728985,29.175064,36.9369,31.050638,10.397139,20.071901,0.0,0.0,31.009518,11.730389,30.326666,30.272406,18.74279,20.955076,32.4138,32.355804,0.0,23.221878,11.610939,23.18033,0.0,0.0,41.343365,0.0,19.695896,16.081633,134.72772,5.475497,13.008989,12.911566,0.0,7.7608924,9.8030615,0.0,0.0,0.0,15.545571,17.546988,39.16047,13.451474,13.427406,0.0,0.0,25.526909,0.0,0.0,13.131275,40.979836,18.76824,28.236643,26.800718,0.0,20.280989,11.481492,0.0,23.761585,45.556305,67.26751,23.187597,0.0,0.0,21.920021,34.005028,0.0,0.0,0.0,25.233118,35.933052,0.0,29.85431,25.37975,25.33434,20.508778,16.048954,10.813228,0.0,16.759155,18.737305,10.719261,23.233747,25.72987,0.0,4.3037887,8.607577,0.0,0.0,3.7649586,35.500576,0.0,0.0,0.0,8.590851,11.948794,58.37319,35.61757,60.51101,63.55552,72.32826,51.344006,21.326881,93.448135,61.75461,66.33599,19.413921,68.062195,25.728264,21.415266,9.051472,83.39465,65.294365,15.857733,68.44699,78.57087,0.0,11.730389,61.33798,54.310806,40.707394,17.900438,70.922165,33.342598,19.92546,34.19301,21.70126,14.151134,31.753946,24.792088,30.799183,40.07587,44.552727,46.857983,14.400288,45.289032,11.980302,54.133045,7.646107,15.070406,33.880085,27.52564,36.941944,52.702343,39.955208,57.050045,34.361813,37.701157,13.084905,60.480934,30.368412,49.94659,0.0,0.0,0.0,0.0,7.3362746,0.0,48.61102,15.414072,0.0,0.0,11.112672,10.394063,8.422046,13.720722,0.0,0.0,40.820564,27.493216,17.946192,25.102701,7.785244,10.098197,6.202214,9.511628,16.420347,27.923336,22.92002,9.129855,10.926663,7.4087677,15.305883,19.96632,14.192977,7.5796623,28.97712,4.487688,24.650225,39.48956,25.93269,28.33063,29.55721,6.8025684,34.979588,13.495976,21.601871,74.36241,196.83054,0.0,12.201191,14.587411,16.253775,18.745804,27.095116,13.2982,0.0,0.0,0.0,33.811996,23.508595,27.426588,19.56807,21.220036,0.0,0.0,0.0,36.021767,33.697495,0.0,11.385684,1.6919402,14.917322,9.543096,13.615206,0.0,19.990562,15.892846,0.0,0.0,0.0,0.0,0.0,0.0,0.0,0.0,0.0,67.07271,0.0,33.758717,52.98545,74.11478,28.082724,48.480453,67.67049,26.955553,39.18257,58.94981,85.553856,3.6873405,0.0,20.306095,20.489918,31.083715,43.479153,39.60718,20.73735,12.832362,22.986305,22.26975,35.61263,10.049856,0.0,15.536234,23.585531,13.008989,0.0,0.0,10.397139,14.5923815,13.131275,10.739863,12.832249,36.97846,0.0,54.081375,40.47711,68.457245,45.13894,38.596172,18.088339,18.5789,16.417309,6.3621397,45.74165,26.769272,4.960036,11.315603,0.0,6.8716607,64.145836,12.689875,20.489918,0.0,30.19993,69.32298,11.60879,0.0,77.648575,66.637726,63.1982,17.842407,0.0,0.0,0.0,0.0,0.0,0.0,7.7434072,6.8716607,4.4969273,0.0,19.341478,33.13696,20.788567,8.664157,0.0,40.04522,41.465965,12.119873,27.938332,10.47758,21.645788,12.224157,14.739174,15.305883,0.0,14.50861,39.62383,0.0
C18x17_C19x17,23.39602,0.0,0.0,0.0,50.9089,0.0,0.0,0.0,0.0,0.0,42.778893,42.778893,48.40791,0.0,0.0,0.0,78.07543,50.362194,56.306644,53.477394,0.0,27.906828,26.858685,24.999617,0.0,0.0,0.0,0.0,0.0,0.0,0.0,0.0,0.0,0.0,0.0,26.865238,20.714804,0.0,0.0,0.0,0.0,18.557514,0.0,0.0,0.0,0.0,0.0,0.0,0.0,0.0,0.0,0.0,0.0,23.635475,0.0,33.42561,65.824196,46.252773,0.0,107.382355,81.864624,105.22312,21.190046,0.0,18.98256,0.0,0.0,0.0,0.0,35.14056,33.820724,0.0,0.0,10.366914,0.0,81.283035,56.132114,0.0,0.0,0.0,0.0,0.0,47.481556,0.0,42.15498,0.0,16.652315,0.0,0.0,0.0,0.0,40.211506,0.0,0.0,0.0,0.0,0.0,10.219595,0.0,13.950829,0.0,0.0,0.0,0.0,75.45686,0.0,0.0,95.5544,70.19175,0.0,0.0,0.0,0.0,0.0,0.0,0.0,0.0,0.0,30.984615,0.0,0.0,0.0,122.822586,0.0,67.01892,0.0,0.0,21.127903,0.0,0.0,0.0,25.307104,0.0,15.171206,0.0,0.0,0.0,0.0,35.04986,0.0,15.4835005,0.0,13.395453,0.0,0.0,0.0,72.33933,74.99011,31.474684,0.0,0.0,28.404575,45.892754,34.721836,35.99417,27.296505,0.0,12.73439,84.51125,0.0,39.637096,0.0,0.0,30.145786,48.880627,0.0,0.0,0.0,17.628145,12.591435,47.156197,21.271633,0.0,0.0,15.676665,0.0,13.133003,0.0,0.0,0.0,0.0,0.0,0.0,0.0,0.0,0.0,0.0,95.41672,0.0,36.560055,29.503681,0.0,41.724506,206.17274,18.061264,28.311455,0.0,0.0,9.052077,0.0,0.0,0.0,0.0,0.0,0.0,75.44025,0.0,0.0,0.0,0.0,0.0,0.0,0.0,20.113634,0.0,0.0,0.0,30.292555,0.0,0.0,0.0,0.0,0.0,99.53487,113.589676,0.0,0.0,0.0,0.0,39.279125,0.0,0.0,0.0,0.0,0.0,0.0,26.117311,0.0,0.0,0.0,40.446236,0.0,31.718515,0.0,0.0,0.0,0.0,0.0,0.0,0.0,0.0,0.0,0.0,10.931141,0.0,0.8537656,0.8537656,0.0,0.0,0.0,71.00464,64.4342,96.618454,0.0,59.51012,42.871204,71.844055,92.39526,60.438538,115.74603,47.192883,80.82649,48.54342,51.398815,33.516556,106.400345,93.79765,52.968956,151.0326,143.32451,0.0,0.0,57.852337,42.950638,30.292555,20.615686,86.37856,41.288063,28.906178,49.50715,31.482359,20.52927,53.904575,30.440733,39.426357,64.54886,24.565035,0.0,0.0,68.371445,51.26684,68.25173,45.139904,0.0,39.093178,0.0,54.42951,83.66547,32.989998,84.2134,83.52874,55.086533,0.0,68.09096,55.816444,87.25683,0.0,0.0,0.0,0.0,6.6382966,0.0,81.390976,21.553404,0.0,0.0,0.0,0.0,0.0,0.0,0.0,0.0,49.34786,61.518185,0.0,0.0,0.0,0.0,0.0,0.0,0.0,0.0,0.0,0.0,0.0,0.0,0.0,0.0,0.0,0.0,0.0,0.0,37.21368,64.916336,52.836067,57.247715,68.97488,6.46611,29.936182,28.404575,45.613857,63.7612,244.06319,0.0,0.0,0.0,0.0,0.0,21.418703,24.763344,0.0,0.0,0.0,30.63962,0.0,20.587044,17.373335,37.120872,0.0,0.0,0.0,64.05795,32.507523,29.503681,17.847025,0.0,25.540071,17.539991,18.342747,14.970838,29.230656,14.602254,0.0,0.0,0.0,0.0,0.0,0.0,0.0,0.0,0.0,57.435818,0.0,34.33452,47.615532,51.81785,68.19249,65.896805,54.117466,40.245,40.728214,58.199806,57.812668,0.0,0.0,23.684433,0.0,0.0,0.0,0.0,0.0,0.0,0.0,0.0,0.0,5.997319,20.577356,16.050547,38.20413,28.311455,14.184952,0.0,21.271633,10.096223,20.113634,15.622507,24.256144,60.917126,0.0,87.53386,5.7136426,64.14184,51.02004,0.0,27.676483,31.107243,24.188927,1.2074069,52.889603,48.179993,0.0,0.0,0.0,9.608602,81.46264,0.0,0.0,0.0,0.0,97.841225,17.104155,0.0,81.731155,68.03344,76.87373,48.253952,0.0,0.0,0.0,0.0,0.0,0.0,0.0,9.608602,0.0,0.0,0.0,56.385242,19.956142,0.0,0.0,47.82034,0.0,0.0,0.0,0.0,0.0,0.0,0.0,0.0,0.0,29.500484,47.187504,0.0
C18x18_C18x19,41.38985,0.0,0.0,0.0,0.0,0.0,0.0,17.95669,0.0,27.323364,33.861984,0.0,45.881165,22.517258,0.0,27.93999,70.01372,0.0,4.9444118,31.717926,34.486103,13.121767,9.954655,11.3501835,0.0,9.954655,14.078008,0.0,17.241966,49.917877,48.25963,6.8390737,9.67191,0.0,0.0,0.0,11.712455,26.730085,25.228073,43.96899,43.696304,66.32627,0.0,0.0,0.0,22.464731,31.769928,0.0,0.0,35.51986,0.0,24.43575,34.557365,0.0,0.0,42.011063,59.193855,0.0,0.0,64.04097,43.216156,71.27334,0.0,0.0,0.0,0.0,0.0,0.0,0.0,13.807028,10.474518,11.20239,0.0,0.0,33.03862,90.68657,20.239763,19.360218,9.9128,0.0,0.0,0.0,65.404594,0.0,35.528637,44.067345,0.0,9.99102,0.0,0.0,9.99102,25.471087,0.0,0.0,19.954082,22.427317,31.717016,0.0,0.0,0.0,0.0,34.534485,22.47292,0.0,51.568645,33.15339,36.464535,33.5577,0.0,0.0,0.0,0.0,0.0,0.0,17.542364,0.0,0.0,0.0,44.76783,29.004263,44.43981,0.0,48.98556,0.0,79.12638,28.647224,0.0,0.0,22.120811,22.647896,0.0,12.292228,24.584455,0.0,0.0,37.748566,62.059826,0.0,47.87851,11.597069,0.0,17.529943,0.0,0.0,42.663967,24.390419,59.995564,69.011055,20.33217,0.0,0.0,28.75403,15.489039,46.094707,53.021328,84.733406,0.0,0.0,0.0,5.502023,0.0,0.0,31.579851,53.13561,0.0,20.143867,34.5139,0.0,26.72185,13.511568,0.0,0.0,14.6126175,0.0,0.0,44.942196,9.760454,30.910252,43.752487,33.250923,37.175663,34.52875,48.708076,0.0,25.520197,59.513145,64.003395,24.314194,0.0,46.962715,0.0,16.27776,13.290735,137.75339,0.0,0.0,21.111166,0.0,0.0,3.7106376,0.0,0.0,0.0,25.431284,22.616901,0.0,15.891478,12.242723,0.0,0.0,34.22035,0.0,0.0,0.0,48.178738,0.0,40.600296,0.0,0.0,14.679782,5.822997,0.0,19.59657,22.906895,56.452328,35.255375,0.0,0.0,25.087511,44.467575,0.0,6.35725,6.35725,49.85074,49.671024,0.0,0.0,19.413671,30.849161,32.182285,0.0,0.0,0.0,27.731237,31.004465,40.573826,35.11958,40.277122,0.0,0.0,0.0,0.0,0.0,0.0,0.0,0.0,0.0,0.0,67.70414,39.671944,68.370155,0.0,39.395943,50.892048,43.276203,55.591675,21.618666,58.62906,48.077938,49.590164,39.026684,64.89723,47.867886,46.70911,0.0,57.808846,42.15748,36.20511,70.95201,66.337105,8.651577,9.760454,96.66888,62.568398,62.440567,48.07142,34.619797,24.134031,43.5675,72.44813,52.14379,0.0,15.900931,40.417633,0.0,56.37405,24.949987,49.63704,29.089441,31.627764,0.0,41.013447,0.0,10.4655695,46.840614,28.105192,25.868774,36.59889,27.704762,40.857834,23.862394,40.233147,16.35601,50.550365,23.325382,47.42011,0.0,0.0,0.0,0.0,4.96515,0.0,80.857506,21.517397,0.0,0.0,8.877782,17.542364,8.887141,14.827947,0.0,0.0,37.223164,32.90501,13.727539,0.0,26.692268,18.147049,23.084558,11.236972,18.045504,18.386522,24.415516,14.927849,13.975539,22.983702,5.252115,28.708744,10.332681,28.69003,34.067513,0.0,25.663805,26.00247,0.0,22.633003,44.94,38.88637,37.802345,0.0,0.0,82.86352,193.94211,0.0,18.590662,20.33217,33.088234,40.85034,11.161036,10.578384,0.0,0.0,0.0,31.839148,23.723572,43.502632,38.00801,28.158684,0.0,0.0,0.0,30.849161,28.61922,0.0,0.0,0.0,0.0,0.0,0.0,0.0,0.0,0.0,0.0,0.0,0.0,0.0,0.0,0.0,0.0,0.0,0.0,8.461654,0.0,0.0,40.53004,0.0,33.176735,53.278667,72.08589,44.07391,0.0,84.76148,100.583046,22.853218,21.790373,15.472729,24.089369,23.776794,0.0,27.377386,0.0,39.808937,0.0,30.433191,36.475677,0.0,0.0,0.0,0.0,0.0,0.0,0.0,0.0,0.0,0.0,0.0,0.0,41.6121,0.0,33.732624,52.040085,44.074833,59.872993,32.636253,0.0,0.0,9.706836,0.0,68.87006,55.716236,12.02402,20.071726,0.0,0.0,105.78956,28.684895,30.346611,0.0,0.0,69.36261,0.0,0.0,73.17556,76.79077,54.411697,0.0,0.0,0.0,0.0,0.0,0.0,0.0,14.786399,0.0,10.578384,0.0,0.0,24.498613,17.940664,28.072304,0.0,0.0,37.6474,26.500397,0.0,32.50386,7.4276114,16.44308,15.563603,5.252115,0.0,0.0,42.374104,0.0
C18x18_C19x18,22.141579,0.0,0.0,0.0,31.338985,0.0,0.0,17.258091,0.0,40.775166,40.775166,0.0,38.335365,30.42093,0.0,43.63536,82.06318,0.0,18.73617,48.364502,39.174328,10.429709,7.91236,9.021584,11.095244,7.91236,11.189767,0.0,13.704609,20.092926,0.0,31.561512,44.63472,0.0,0.0,0.0,37.770187,32.190506,0.0,0.0,0.0,0.0,0.0,0.0,0.0,0.0,0.0,0.0,0.0,0.0,0.0,21.946386,31.036877,0.0,0.0,38.88847,41.752674,0.0,0.0,69.5786,39.476627,106.529205,10.45788,11.219991,9.045951,0.0,13.741627,0.0,0.0,22.883066,17.359934,8.152957,0.0,0.0,16.27674,64.420235,29.887945,17.97184,10.61712,0.0,0.0,0.0,63.843555,0.0,34.68066,43.015568,0.0,16.20721,0.0,0.0,16.20721,28.071712,0.0,0.0,0.0,14.98705,21.19489,0.0,0.0,0.0,0.0,36.988216,25.56075,0.0,82.17117,55.364086,27.682043,55.364086,0.0,0.0,0.0,0.0,0.0,0.0,17.514635,0.0,0.0,0.0,22.38859,18.605158,41.089455,0.0,73.2979,0.0,99.22229,13.549182,0.0,0.0,41.09332,55.41255,0.0,11.5536175,23.107235,0.0,0.0,27.38253,53.194134,0.0,0.0,0.0,0.0,17.688957,0.0,0.0,27.574316,15.068989,36.80217,45.233917,0.0,0.0,0.0,23.125856,0.0,29.33604,36.057224,156.35158,0.0,0.0,0.0,5.892951,6.0974054,0.0,0.0,53.72995,27.797047,42.785057,0.0,0.0,0.0,0.0,0.0,0.0,36.409042,0.0,0.0,67.82027,13.956663,47.85213,47.766514,43.39565,48.51781,5.2214403,5.212098,0.0,47.850605,45.380615,47.76499,19.305801,0.0,35.361126,0.0,29.058239,23.725952,137.50894,0.0,0.0,21.804615,0.0,0.0,19.236214,0.0,0.0,0.0,22.508373,21.316309,78.70895,14.918154,14.891463,0.0,0.0,27.709667,0.0,0.0,0.0,36.203487,0.0,28.727337,0.0,0.0,28.726385,26.739412,0.0,37.201263,37.201263,107.16661,28.325474,0.0,0.0,27.453445,9.5027275,0.0,6.8089433,6.8089433,60.510777,33.627598,0.0,0.0,20.378864,20.342403,36.68108,0.0,0.0,0.0,26.686508,29.836422,12.964826,37.80099,10.0588455,0.0,11.6070175,23.214035,0.0,0.0,0.0,13.023985,0.0,0.0,0.0,59.76764,41.838306,96.482,63.975483,57.014442,59.386208,67.58344,50.02933,45.934196,88.52853,57.70343,65.70923,21.543068,68.78296,61.329136,33.891148,37.119812,83.66189,71.37202,36.94904,75.010025,52.358837,0.0,13.956663,72.84072,38.380383,47.04943,30.594076,53.332672,14.363193,19.741041,59.809967,29.329071,11.6070175,22.31736,11.5536175,0.0,86.84566,36.55366,12.3963995,19.55649,56.59627,23.655361,30.202494,0.0,0.0,37.359314,17.441198,25.114668,73.78894,20.095211,68.230034,52.56174,37.215096,21.755064,32.42618,0.0,46.899467,0.0,0.0,0.0,0.0,8.775906,0.0,91.47745,0.0,0.0,0.0,10.220942,8.773014,0.0,23.052938,0.0,0.0,39.234905,31.558334,14.410034,9.209348,19.362371,32.47322,21.352892,10.548728,33.835487,42.8933,3.6921158,15.418191,14.256344,27.120438,14.773941,20.313295,25.74508,9.167516,25.599733,0.0,45.924072,60.660282,34.404037,32.932396,56.96738,13.725423,39.92886,23.125856,33.995476,62.693233,249.58534,0.0,14.190497,0.0,0.0,18.094307,17.078417,15.940008,0.0,0.0,0.0,28.567326,16.502762,38.517227,30.314571,42.650322,0.0,0.0,0.0,26.354733,11.522384,0.0,0.0,0.0,0.0,0.0,0.0,0.0,0.0,0.0,0.0,0.0,0.0,0.0,0.0,0.0,0.0,35.064342,33.74266,43.865826,0.0,8.970531,42.54508,27.190252,31.144722,99.898,10.900832,45.52163,0.0,59.97423,75.58224,16.560925,17.990295,17.813667,18.101744,24.958912,15.951058,0.0,16.494833,46.973976,0.0,0.0,29.26284,0.0,0.0,0.0,0.0,0.0,0.0,0.0,0.0,0.0,0.0,0.0,0.0,43.27997,0.0,66.84756,14.886968,0.0,45.114742,34.09765,0.0,0.0,10.189432,0.0,55.450993,72.834435,18.883755,0.0,0.0,0.0,61.889908,26.243376,34.526627,0.0,19.762922,46.958927,0.0,0.0,29.575321,16.459206,85.92093,0.0,0.0,0.0,0.0,0.0,0.0,0.0,19.198421,0.0,0.0,0.0,0.0,29.5014,15.272782,34.203587,0.0,0.0,40.32231,13.472631,14.15236,38.35409,20.893507,0.0,0.0,14.773941,0.0,0.0,17.07532,0.0
C18x19_C18x20,0.0,0.0,0.0,0.0,51.433506,0.0,0.0,64.05626,0.0,0.0,72.4697,0.0,99.01148,0.0,0.0,0.0,83.89943,0.0,18.756487,48.168232,63.703514,0.0,0.0,0.0,0.0,0.0,0.0,0.0,0.0,0.0,68.17944,0.0,0.0,0.0,0.0,0.0,0.0,36.67731,0.0,75.09639,0.0,49.4589,0.0,0.0,0.0,0.0,0.0,0.0,0.0,65.787254,0.0,0.0,0.0,0.0,0.0,94.90592,89.54558,0.0,140.99915,35.23494,41.002094,49.82973,0.0,0.0,0.0,0.0,0.0,0.0,0.0,0.0,0.0,0.0,0.0,0.0,59.148266,178.40082,0.0,35.22638,27.979113,9.718385,0.0,0.0,132.56711,0.0,113.19833,0.0,0.0,0.0,0.0,0.0,0.0,0.0,0.0,0.0,95.485245,0.0,0.0,0.0,0.0,0.0,0.0,0.0,0.0,0.0,20.80574,0.0,13.650573,50.770596,0.0,0.0,0.0,0.0,0.0,0.0,53.472202,0.0,0.0,0.0,29.52987,0.0,52.6725,0.0,48.473625,0.0,104.13658,0.0,0.0,0.0,0.0,0.0,0.0,41.467693,0.0,0.0,0.0,0.0,32.165333,0.0,130.06482,58.219555,0.0,0.0,0.0,0.0,0.0,0.0,0.0,96.207596,30.742712,0.0,0.0,43.476757,0.0,0.0,49.93139,106.99497,0.0,0.0,0.0,40.2077,48.864307,0.0,22.90206,40.63359,16.917051,128.00862,0.0,0.0,0.0,0.0,0.0,0.0,0.0,0.0,0.0,0.0,0.0,0.0,55.95695,0.0,65.62636,0.0,67.51259,0.0,0.0,46.31962,49.81442,18.50617,0.0,46.328373,0.0,0.0,23.293707,141.60878,0.0,0.0,0.0,0.0,0.0,0.0,0.0,0.0,0.0,0.0,0.0,48.785736,0.0,66.02543,0.0,0.0,20.289898,0.0,0.0,0.0,0.0,0.0,0.0,0.0,0.0,0.0,0.0,0.0,0.0,38.46256,80.309906,0.0,0.0,0.0,29.362955,79.61282,0.0,0.0,9.730498,19.251104,0.0,0.0,0.0,0.0,68.82692,0.0,13.046837,0.0,8.559984,0.0,47.90066,0.0,85.07386,0.0,0.0,27.715452,0.0,0.0,0.0,0.0,0.0,0.0,0.0,0.0,88.32563,70.89524,0.0,0.0,87.895454,60.49378,73.017395,26.158384,0.0,21.947905,95.60811,71.66205,81.72289,139.84459,66.82902,83.41169,48.42199,30.650967,59.55855,72.44869,89.28666,77.8722,0.0,0.0,76.696556,0.0,0.0,0.0,84.982185,26.247736,43.84253,71.16261,41.397583,0.0,17.293564,33.010246,118.78025,73.533005,35.277164,82.54124,0.0,32.926846,0.0,60.46406,0.0,14.388589,59.554863,26.280325,34.104565,53.11971,39.992233,67.53199,0.0,61.71747,26.05417,88.64692,39.548435,81.00812,0.0,0.0,0.0,0.0,0.0,0.0,31.22514,0.0,0.0,0.0,0.0,0.0,0.0,0.0,0.0,0.0,74.86635,33.007725,0.0,0.0,0.0,0.0,0.0,0.0,0.0,0.0,0.0,0.0,0.0,0.0,0.0,0.0,0.0,0.0,0.0,0.0,0.0,0.0,0.0,0.0,0.0,0.0,0.0,0.0,0.0,223.86674,227.38048,0.0,63.382282,30.742712,17.543795,0.0,0.0,0.0,0.0,0.0,0.0,78.22301,60.497913,48.6342,72.85873,40.14305,0.0,0.0,0.0,68.82692,54.324436,0.0,0.0,0.0,0.0,0.0,0.0,0.0,0.0,0.0,0.0,0.0,0.0,0.0,0.0,0.0,0.0,0.0,0.0,0.0,0.0,34.55228,81.36777,0.0,78.055824,58.89103,79.81396,55.976624,36.54429,85.33941,82.65565,33.06399,0.0,0.0,69.71498,0.0,0.0,0.0,0.0,0.0,0.0,0.0,0.0,0.0,0.0,0.0,0.0,0.0,0.0,0.0,0.0,0.0,0.0,0.0,0.0,45.136078,0.0,0.0,0.0,0.0,0.0,69.916306,0.0,0.0,0.0,0.0,57.241974,35.982094,0.0,0.0,0.0,0.0,63.7711,63.99827,65.01122,0.0,19.870867,67.85587,0.0,0.0,155.95735,151.80028,0.0,0.0,0.0,0.0,0.0,0.0,0.0,0.0,0.0,0.0,0.0,0.0,0.0,34.784996,0.0,0.0,0.0,0.0,57.61064,0.0,0.0,0.0,0.0,69.803154,83.63733,0.0,0.0,0.0,81.79303,0.0
C18x19_C19x19,0.0,0.0,0.0,0.0,53.96252,0.0,0.0,0.0,0.0,0.0,73.298935,0.0,80.74993,0.0,0.0,0.0,94.98972,0.0,47.312195,53.239635,63.489594,0.0,0.0,0.0,0.0,0.0,0.0,0.0,0.0,0.0,106.562836,0.0,0.0,0.0,0.0,0.0,0.0,74.62745,0.0,55.479527,0.0,0.0,0.0,0.0,0.0,0.0,0.0,0.0,0.0,0.0,0.0,0.0,0.0,0.0,0.0,106.17265,68.31404,0.0,28.901009,67.47724,83.11381,60.81489,0.0,0.0,0.0,0.0,0.0,0.0,0.0,0.0,0.0,0.0,0.0,0.0,0.0,45.59202,0.0,10.196243,14.2987385,10.196243,0.0,0.0,112.14288,0.0,108.07738,0.0,0.0,0.0,0.0,0.0,0.0,32.82211,0.0,0.0,73.69107,0.0,0.0,0.0,0.0,0.0,0.0,46.991943,26.129593,0.0,80.18955,0.0,56.70257,61.78657,0.0,0.0,0.0,0.0,0.0,0.0,56.860558,0.0,0.0,0.0,41.562206,0.0,69.11078,0.0,59.91252,0.0,128.71092,0.0,0.0,0.0,0.0,0.0,0.0,34.374836,0.0,0.0,0.0,0.0,39.53821,0.0,121.66195,0.0,0.0,0.0,0.0,0.0,0.0,0.0,0.0,109.36071,0.0,0.0,0.0,0.0,0.0,0.0,79.63609,35.831028,0.0,0.0,0.0,0.0,38.86861,0.0,24.028166,44.72306,0.0,84.0868,0.0,0.0,0.0,0.0,0.0,0.0,0.0,0.0,0.0,0.0,0.0,0.0,57.43525,0.0,47.843758,0.0,6.6230087,0.0,0.0,66.84776,70.92352,35.123287,0.0,74.19388,0.0,0.0,34.77656,118.65832,0.0,0.0,0.0,0.0,0.0,0.0,0.0,0.0,0.0,0.0,0.0,44.656494,0.0,36.87158,0.0,0.0,65.97064,0.0,0.0,0.0,0.0,0.0,0.0,0.0,0.0,0.0,0.0,0.0,0.0,31.225994,65.19995,0.0,0.0,0.0,0.0,46.135376,0.0,0.0,28.279072,69.15359,0.0,0.0,0.0,0.0,50.653362,0.0,21.986685,0.0,0.0,0.0,61.240444,0.0,38.267128,0.0,0.0,32.482613,0.0,0.0,0.0,0.0,0.0,0.0,0.0,0.0,147.42726,103.55183,61.11257,0.0,50.653362,67.924385,62.646664,76.373566,41.073357,84.529175,69.10678,66.21867,61.506702,104.551994,99.05764,58.4512,44.43892,48.30547,72.89342,47.02764,88.78529,57.269485,0.0,0.0,76.65762,66.19479,62.407623,48.202824,69.65436,0.0,76.283936,112.822266,83.16326,0.0,0.0,61.42124,137.83786,102.82274,23.809517,60.979614,35.50297,64.21822,0.0,57.076347,27.012129,10.629966,55.399624,19.415314,42.475723,79.69488,38.497562,70.882515,38.79437,57.949966,32.802692,64.004845,29.217497,58.199154,0.0,0.0,0.0,0.0,0.0,0.0,97.797935,0.0,0.0,0.0,0.0,0.0,0.0,0.0,0.0,0.0,69.10678,63.128036,0.0,0.0,0.0,0.0,0.0,0.0,0.0,0.0,0.0,0.0,0.0,0.0,0.0,0.0,0.0,0.0,0.0,0.0,0.0,0.0,0.0,29.164946,53.034294,50.109074,43.336655,0.0,0.0,111.76265,296.59204,0.0,33.655804,0.0,0.0,13.318257,0.0,0.0,0.0,0.0,0.0,79.11807,61.19016,49.1907,91.52596,38.79437,0.0,0.0,0.0,50.653362,33.357285,0.0,0.0,0.0,0.0,0.0,0.0,0.0,0.0,0.0,0.0,0.0,0.0,0.0,0.0,0.0,0.0,0.0,0.0,0.0,0.0,27.484257,59.882835,0.0,43.58989,83.84639,7.829777,87.28534,0.0,30.403538,92.0567,0.0,0.0,0.0,0.0,0.0,0.0,0.0,0.0,0.0,0.0,0.0,0.0,0.0,0.0,0.0,0.0,0.0,0.0,0.0,0.0,0.0,0.0,0.0,0.0,43.71509,0.0,0.0,0.0,0.0,0.0,77.86841,0.0,0.0,0.0,0.0,103.10391,64.767296,0.0,37.445515,0.0,0.0,203.10574,45.22497,88.78529,0.0,0.0,0.0,0.0,0.0,148.34412,87.967766,0.0,0.0,0.0,0.0,0.0,0.0,0.0,0.0,0.0,0.0,0.0,0.0,0.0,0.0,0.0,31.36277,0.0,0.0,36.933907,0.0,0.0,0.0,0.0,51.711708,57.57325,0.0,0.0,0.0,77.80022,0.0
C18x20_C18x21,57.988083,0.0,0.0,0.0,63.450706,0.0,0.0,54.318657,0.0,0.0,37.805824,0.0,64.21154,0.0,0.0,0.0,51.77093,0.0,0.0,100.69592,64.04395,0.0,0.0,0.0,0.0,0.0,0.0,0.0,0.0,0.0,0.0,0.0,0.0,0.0,0.0,0.0,0.0,48.572216,0.0,47.22425,0.0,0.0,0.0,0.0,0.0,0.0,0.0,0.0,0.0,0.0,0.0,0.0,0.0,0.0,0.0,157.12863,118.60235,0.0,0.0,67.582634,0.0,80.35101,0.0,0.0,0.0,0.0,0.0,0.0,0.0,0.0,0.0,0.0,0.0,0.0,63.194706,172.98964,0.0,0.0,0.0,0.0,0.0,0.0,160.1666,0.0,103.67033,0.0,0.0,0.0,0.0,0.0,0.0,0.0,0.0,0.0,0.0,0.0,0.0,0.0,0.0,0.0,0.0,0.0,0.0,0.0,52.801643,0.0,0.0,42.23959,0.0,0.0,0.0,0.0,0.0,0.0,70.68267,0.0,0.0,0.0,0.0,0.0,0.0,0.0,48.53749,0.0,113.32689,0.0,0.0,0.0,0.0,0.0,0.0,53.304596,0.0,0.0,0.0,0.0,36.914722,0.0,164.56393,5.4074445,0.0,0.0,0.0,0.0,0.0,0.0,0.0,71.457436,47.981716,0.0,0.0,33.928196,0.0,0.0,0.0,41.50134,0.0,0.0,18.808006,0.0,56.836517,0.0,0.0,0.0,0.0,96.54386,0.0,0.0,0.0,0.0,0.0,0.0,0.0,0.0,0.0,0.0,0.0,0.0,38.999275,0.0,108.096756,0.0,35.604942,0.0,0.0,51.23774,30.34857,24.139395,0.0,25.696156,0.0,0.0,47.06424,191.83961,0.0,0.0,0.0,0.0,0.0,0.0,0.0,0.0,0.0,0.0,0.0,0.0,0.0,84.03008,0.0,74.8035,54.040195,0.0,0.0,0.0,0.0,0.0,0.0,0.0,0.0,0.0,0.0,0.0,0.0,62.122635,0.0,0.0,0.0,0.0,54.92652,35.10051,0.0,0.0,47.03341,0.0,0.0,0.0,0.0,0.0,25.403378,0.0,17.621525,0.0,0.0,0.0,84.89431,0.0,0.0,0.0,0.0,39.01491,0.0,0.0,0.0,0.0,0.0,0.0,29.78296,0.0,192.59166,138.74869,0.0,0.0,25.403378,0.0,23.044588,26.10265,0.0,35.73413,64.47059,58.615917,34.973812,103.08208,0.0,38.02143,6.3046002,29.63029,50.071457,28.598473,44.787975,135.11281,0.0,0.0,131.49437,0.0,0.0,0.0,122.97293,0.0,135.31316,205.14265,135.43398,79.4063,73.29572,108.489815,196.6556,0.0,0.0,55.839214,90.79118,75.873505,76.71652,69.895966,86.28567,36.246338,163.8314,48.966675,69.426285,112.288055,99.360664,56.184563,137.48233,101.36673,97.271454,88.07587,87.17507,135.82748,0.0,0.0,0.0,0.0,0.0,0.0,0.0,0.0,0.0,0.0,0.0,0.0,0.0,0.0,0.0,0.0,64.47059,65.37315,0.0,0.0,0.0,0.0,0.0,0.0,0.0,0.0,0.0,0.0,0.0,0.0,0.0,0.0,0.0,0.0,0.0,0.0,0.0,0.0,0.0,0.0,0.0,0.0,0.0,0.0,0.0,158.06995,160.75478,68.701065,0.0,0.0,0.0,0.0,0.0,0.0,0.0,0.0,0.0,40.40103,26.851845,0.0,197.70021,165.904,0.0,0.0,0.0,34.409588,89.086754,0.0,0.0,0.0,0.0,0.0,0.0,0.0,0.0,0.0,0.0,0.0,0.0,0.0,0.0,0.0,0.0,0.0,0.0,0.0,0.0,47.80477,30.028105,0.0,99.327896,35.87358,42.086884,73.19635,35.024532,0.0,52.941708,0.0,0.0,0.0,143.66725,0.0,0.0,0.0,0.0,0.0,0.0,0.0,0.0,0.0,0.0,0.0,0.0,0.0,0.0,0.0,0.0,0.0,0.0,0.0,0.0,0.0,0.0,0.0,0.0,0.0,0.0,44.787975,0.0,0.0,0.0,0.0,56.161415,0.0,0.0,0.0,0.0,0.0,46.78625,71.407974,82.0676,0.0,69.9689,134.7019,0.0,0.0,24.512691,60.795864,0.0,0.0,0.0,0.0,0.0,0.0,0.0,0.0,0.0,0.0,0.0,0.0,0.0,50.364376,0.0,0.0,0.0,0.0,77.81099,0.0,0.0,0.0,0.0,29.83644,62.163006,0.0,0.0,0.0,14.15241,0.0
C18x20_C19x20,0.0,0.0,0.0,0.0,24.464329,0.0,0.0,54.455456,0.0,0.0,89.0628,0.0,80.28997,0.0,0.0,0.0,83.438545,0.0,32.817554,49.298183,31.354301,0.0,0.0,0.0,0.0,0.0,0.0,0.0,0.0,0.0,0.0,0.0,0.0,0.0,0.0,0.0,0.0,45.667015,0.0,0.0,0.0,0.0,0.0,0.0,0.0,0.0,0.0,0.0,0.0,0.0,0.0,0.0,0.0,0.0,0.0,148.394,106.87124,0.0,0.0,0.0,62.88618,0.0,0.0,0.0,0.0,0.0,0.0,0.0,0.0,0.0,0.0,0.0,0.0,0.0,18.483492,77.91023,0.0,46.382145,34.69022,46.382145,0.0,0.0,164.89154,0.0,0.0,0.0,0.0,0.0,0.0,0.0,0.0,0.0,0.0,0.0,0.0,0.0,0.0,0.0,0.0,0.0,0.0,0.0,0.0,0.0,54.11332,0.0,33.714508,43.857674,0.0,0.0,0.0,0.0,0.0,0.0,75.74107,0.0,0.0,0.0,0.0,0.0,62.461998,0.0,0.0,0.0,114.421486,0.0,0.0,0.0,0.0,0.0,0.0,0.0,0.0,0.0,0.0,0.0,60.902973,0.0,149.56136,0.0,0.0,0.0,0.0,0.0,0.0,0.0,0.0,118.77174,0.0,0.0,0.0,0.0,0.0,0.0,46.084896,49.131702,0.0,0.0,16.141634,42.001003,0.0,0.0,28.395378,80.620346,33.564808,91.514626,0.0,0.0,0.0,0.0,0.0,0.0,0.0,0.0,0.0,0.0,0.0,0.0,0.0,0.0,92.605194,0.0,0.0,0.0,0.0,28.44278,64.44354,16.22994,0.0,52.964706,0.0,0.0,77.0575,175.6166,0.0,0.0,0.0,0.0,0.0,0.0,0.0,0.0,0.0,0.0,0.0,0.0,0.0,55.03981,0.0,0.0,52.24044,0.0,0.0,0.0,0.0,0.0,0.0,0.0,0.0,0.0,0.0,0.0,0.0,65.02739,0.0,0.0,0.0,0.0,45.612118,61.896374,0.0,0.0,12.064468,10.360349,0.0,0.0,0.0,0.0,64.59517,0.0,17.034657,0.0,10.6131935,0.0,110.80336,0.0,54.807243,0.0,0.0,0.0,0.0,0.0,0.0,0.0,0.0,0.0,0.0,0.0,133.34923,166.94725,0.0,0.0,64.59517,65.63417,57.651608,43.064907,23.567965,37.10301,74.79848,52.002808,71.29312,102.73326,79.41644,64.69604,47.011883,23.63606,46.08873,55.86779,78.64392,102.93173,0.0,0.0,55.376163,0.0,0.0,0.0,149.70537,28.018309,84.75542,222.45915,140.09314,55.889145,86.33517,120.9764,282.47247,64.644714,38.02536,44.205475,58.51924,107.39663,0.0,76.93816,85.05537,0.0,101.618034,42.11004,101.5626,80.5272,29.061483,58.336838,64.90467,70.54739,49.16638,57.906075,51.226704,122.40143,0.0,0.0,0.0,0.0,0.0,0.0,18.159966,55.16808,0.0,0.0,0.0,0.0,0.0,0.0,0.0,0.0,44.869083,29.692924,0.0,0.0,0.0,0.0,0.0,0.0,0.0,0.0,0.0,0.0,0.0,0.0,0.0,0.0,0.0,0.0,0.0,0.0,0.0,0.0,0.0,0.0,0.0,0.0,0.0,0.0,0.0,98.47227,219.37622,58.71714,0.0,0.0,0.0,0.0,0.0,0.0,0.0,0.0,0.0,67.78764,122.90478,41.485332,149.35356,83.10061,0.0,0.0,0.0,87.49597,1.2699898,0.0,0.0,0.0,0.0,0.0,0.0,0.0,0.0,0.0,0.0,0.0,0.0,0.0,0.0,0.0,0.0,0.0,0.0,0.0,44.24659,0.0,76.35483,22.556196,65.0599,76.175606,0.0,61.092926,0.0,56.5786,59.82666,32.91588,0.0,0.0,90.25091,0.0,0.0,0.0,0.0,0.0,0.0,0.0,0.0,0.0,0.0,0.0,0.0,0.0,0.0,0.0,0.0,0.0,0.0,0.0,0.0,0.0,0.0,0.0,0.0,0.0,0.0,50.612556,0.0,0.0,0.0,0.0,83.89184,0.0,0.0,0.0,0.0,0.0,114.14254,50.633057,78.64392,0.0,31.8399,69.816696,0.0,0.0,135.39282,107.207664,0.0,0.0,0.0,0.0,0.0,0.0,0.0,0.0,0.0,0.0,0.0,0.0,0.0,31.658356,0.0,19.766972,0.0,0.0,75.219574,0.0,0.0,0.0,0.0,50.20591,72.42508,0.0,0.0,0.0,78.16908,0.0
C18x21_C18x22,67.26359,0.0,0.0,0.0,60.29886,0.0,0.0,0.0,0.0,0.0,46.377388,0.0,138.66019,0.0,0.0,0.0,66.55721,37.612865,39.794785,70.87644,0.0,0.0,0.0,0.0,0.0,0.0,0.0,0.0,0.0,0.0,0.0,0.0,0.0,0.0,59.11876,0.0,0.0,26.25298,0.0,79.4315,0.0,0.0,0.0,0.0,0.0,0.0,0.0,0.0,0.0,61.252113,0.0,0.0,0.0,0.0,0.0,110.11194,100.974724,0.0,0.0,81.59282,58.067047,96.64805,0.0,0.0,0.0,0.0,0.0,0.0,0.0,0.0,0.0,0.0,0.0,0.0,0.0,177.82516,0.0,37.093147,0.0,0.0,0.0,0.0,106.38836,0.0,187.7882,0.0,0.0,0.0,0.0,0.0,0.0,93.79363,0.0,59.885647,0.0,0.0,0.0,0.0,0.0,0.0,0.0,64.53968,40.615,0.0,61.58463,0.0,0.0,75.593025,0.0,0.0,0.0,0.0,0.0,0.0,62.26877,0.0,0.0,0.0,0.0,0.0,0.0,0.0,126.05109,0.0,80.02801,0.0,0.0,0.0,0.0,0.0,0.0,49.656364,0.0,0.0,0.0,0.0,25.850786,0.0,140.28674,0.0,0.0,0.0,0.0,0.0,0.0,0.0,0.0,0.0,150.8654,0.0,0.0,127.05567,0.0,0.0,0.0,84.676765,0.0,0.0,83.24768,64.63197,107.57485,0.0,0.0,0.0,0.0,79.25551,0.0,0.0,0.0,0.0,0.0,0.0,0.0,0.0,0.0,0.0,0.0,0.0,0.0,0.0,133.0376,0.0,0.0,0.0,0.0,64.20025,0.0,22.840519,0.0,0.0,0.0,40.304028,0.0,108.05762,0.0,0.0,0.0,0.0,0.0,0.0,0.0,0.0,0.0,0.0,0.0,168.73016,0.0,0.0,0.0,45.377167,80.80529,0.0,0.0,0.0,0.0,0.0,0.0,0.0,0.0,0.0,0.0,0.0,0.0,119.53394,0.0,0.0,0.0,0.0,0.0,101.84949,0.0,0.0,0.0,0.0,0.0,0.0,0.0,0.0,0.0,0.0,42.99929,0.0,68.55351,0.0,76.22766,0.0,18.349525,0.0,0.0,16.52455,0.0,0.0,0.0,0.0,0.0,0.0,34.88214,0.0,112.36324,52.37851,0.0,0.0,0.0,0.0,0.0,0.0,0.0,0.0,0.0,0.0,0.0,0.0,0.0,0.0,0.0,0.0,0.0,0.0,0.0,150.8654,0.0,0.0,157.58716,72.15365,50.0249,0.0,117.35086,61.43622,120.91644,187.7882,89.029655,31.697582,87.88955,78.213104,0.0,0.0,61.0958,0.0,37.015682,79.4312,27.749985,85.78989,32.62178,31.37244,130.77505,30.712889,56.996883,95.03397,54.578487,46.721706,121.16084,115.54484,103.33153,57.80754,0.0,125.13927,0.0,0.0,0.0,0.0,0.0,0.0,0.0,58.895187,0.0,0.0,0.0,0.0,0.0,0.0,0.0,0.0,0.0,0.0,0.0,0.0,0.0,0.0,0.0,0.0,0.0,0.0,0.0,0.0,0.0,0.0,0.0,0.0,0.0,0.0,0.0,0.0,0.0,0.0,53.00037,66.92664,87.85136,81.03584,107.523674,0.0,0.0,183.10979,166.02408,43.656227,101.56123,61.787544,26.108778,16.95468,0.0,0.0,0.0,0.0,0.0,31.131203,19.64104,32.783604,126.26399,101.37466,0.0,0.0,0.0,47.402912,77.65336,0.0,0.0,0.0,0.0,0.0,0.0,0.0,0.0,0.0,66.76816,83.61717,101.97765,0.0,65.846115,27.88747,69.82758,0.0,0.0,0.0,0.0,90.81752,0.0,0.0,0.0,0.0,0.0,0.0,0.0,0.0,0.0,0.0,0.0,0.0,0.0,0.0,0.0,0.0,0.0,0.0,0.0,0.0,0.0,0.0,0.0,0.0,0.0,0.0,0.0,0.0,0.0,0.0,0.0,0.0,0.0,0.0,89.21227,0.0,0.0,0.0,0.0,0.0,0.0,0.0,0.0,0.0,0.0,0.0,0.0,0.0,0.0,0.0,126.30192,84.93142,123.002594,0.0,36.4031,97.30387,0.0,0.0,16.709578,53.953743,35.46806,0.0,0.0,0.0,0.0,0.0,0.0,0.0,62.286205,0.0,0.0,0.0,55.386055,57.293213,0.0,0.0,0.0,0.0,40.483147,0.0,0.0,0.0,0.0,0.0,0.0,0.0,0.0,0.0,31.542984,0.0
C18x21_C19x21,0.0,0.0,0.0,0.0,76.84671,0.0,0.0,0.0,0.0,0.0,39.674286,0.0,0.0,0.0,0.0,0.0,58.765858,63.028896,0.0,86.48156,0.0,0.0,0.0,0.0,0.0,0.0,0.0,0.0,0.0,0.0,0.0,0.0,0.0,0.0,54.55595,0.0,0.0,41.742073,0.0,48.9258,0.0,0.0,0.0,0.0,0.0,0.0,0.0,0.0,0.0,0.0,0.0,0.0,0.0,0.0,0.0,92.10249,97.10494,0.0,0.0,69.50158,0.0,82.63249,0.0,0.0,0.0,0.0,0.0,0.0,0.0,0.0,0.0,0.0,0.0,0.0,0.0,170.5298,0.0,0.0,0.0,0.0,0.0,0.0,172.2207,0.0,129.57178,0.0,0.0,0.0,0.0,0.0,0.0,86.5546,0.0,49.601315,0.0,0.0,0.0,0.0,0.0,0.0,0.0,58.510933,0.0,0.0,56.698353,0.0,0.0,48.79077,0.0,0.0,0.0,0.0,0.0,0.0,0.0,0.0,0.0,68.07066,0.0,0.0,0.0,0.0,41.614933,0.0,0.0,0.0,23.774015,0.0,0.0,0.0,0.0,32.256554,0.0,0.0,0.0,0.0,0.0,0.0,113.18654,0.0,0.0,0.0,0.0,0.0,0.0,0.0,0.0,69.41446,74.44733,0.0,0.0,52.64221,0.0,0.0,0.0,79.874535,0.0,0.0,65.76598,0.0,85.130936,0.0,0.0,23.977955,0.0,45.704193,0.0,0.0,0.0,0.0,0.0,0.0,0.0,0.0,0.0,0.0,0.0,0.0,0.0,0.0,117.41504,0.0,0.0,0.0,0.0,50.213375,0.0,0.0,0.0,22.019527,0.0,0.0,41.385254,154.91228,0.0,0.0,0.0,0.0,0.0,0.0,0.0,0.0,0.0,0.0,0.0,93.7912,0.0,0.0,0.0,29.539885,34.837063,0.0,0.0,0.0,0.0,0.0,0.0,0.0,0.0,0.0,0.0,0.0,0.0,92.60702,0.0,0.0,0.0,0.0,0.0,0.0,0.0,0.0,61.550457,0.0,0.0,0.0,0.0,0.0,0.0,0.0,120.179825,0.0,0.0,0.0,93.46688,0.0,22.022795,0.0,0.0,40.28179,0.0,0.0,0.0,0.0,0.0,0.0,57.740955,0.0,137.06725,82.04752,0.0,0.0,52.11623,0.0,39.39788,23.488722,0.0,42.657516,85.24846,74.73379,43.331703,129.57178,0.0,59.09413,8.183907,38.462627,64.997,57.84097,73.638756,193.9932,0.0,0.0,151.65373,0.0,0.0,0.0,124.146324,125.22791,133.46625,219.69109,100.147896,75.75957,101.71084,90.51269,205.94743,86.78453,0.0,28.397255,86.71516,77.404305,63.337105,63.277714,102.44795,0.0,135.28802,52.009098,60.460175,115.92799,87.238495,44.705906,107.85886,87.94187,83.98498,73.23339,61.701824,137.50652,44.311607,30.660349,63.52402,53.15291,0.0,0.0,0.0,0.0,0.0,0.0,0.0,0.0,0.0,0.0,0.0,0.0,0.0,0.0,0.0,0.0,0.0,0.0,0.0,0.0,0.0,0.0,0.0,0.0,0.0,0.0,0.0,0.0,0.0,0.0,0.0,0.0,0.0,0.0,38.168777,62.314342,85.13466,75.370804,91.29518,0.0,0.0,169.50679,137.80098,58.457115,0.0,0.0,0.0,0.0,0.0,0.0,0.0,0.0,0.0,33.33672,60.052624,33.65189,111.735275,89.08134,0.0,0.0,0.0,43.744335,71.660034,0.0,0.0,0.0,0.0,0.0,0.0,0.0,0.0,0.0,71.051796,72.74703,80.34609,15.214217,55.645435,25.735104,53.319588,0.0,0.0,0.0,0.0,71.603,0.0,0.0,0.0,0.0,0.0,0.0,0.0,0.0,0.0,0.0,0.0,0.0,97.87716,0.0,0.0,0.0,0.0,0.0,0.0,0.0,0.0,0.0,0.0,0.0,0.0,0.0,0.0,0.0,0.0,0.0,0.0,0.0,0.0,0.0,0.0,0.0,0.0,0.0,0.0,0.0,0.0,0.0,0.0,0.0,37.556953,0.0,0.0,0.0,0.0,0.0,85.11215,51.582867,61.809505,0.0,61.644886,144.816,0.0,0.0,15.419926,45.455185,0.0,0.0,0.0,0.0,0.0,0.0,0.0,0.0,0.0,0.0,0.0,0.0,12.698998,44.372658,0.0,0.0,0.0,0.0,61.01093,0.0,0.0,0.0,0.0,0.0,0.0,0.0,0.0,0.0,0.0,0.0
C18x22_C18x23,186.91953,0.0,0.0,0.0,54.31425,0.0,0.0,0.0,0.0,67.19846,52.29639,0.0,135.4513,0.0,0.0,0.0,155.40033,23.615194,183.6577,0.0,0.0,0.0,0.0,0.0,0.0,0.0,0.0,0.0,0.0,0.0,0.0,0.0,0.0,0.0,13.247775,0.0,0.0,134.94498,0.0,0.0,0.0,0.0,0.0,88.33785,0.0,0.0,0.0,0.0,0.0,0.0,0.0,0.0,0.0,0.0,0.0,111.09679,0.0,0.0,0.0,119.20647,141.73213,141.20204,0.0,0.0,0.0,0.0,0.0,0.0,0.0,0.0,0.0,0.0,0.0,0.0,0.0,76.06449,0.0,27.992668,0.0,0.0,0.0,40.02157,0.0,0.0,115.24632,0.0,0.0,0.0,0.0,0.0,0.0,87.3533,0.0,46.29808,0.0,0.0,0.0,0.0,0.0,0.0,0.0,0.0,56.072052,0.0,0.0,0.0,0.0,44.690876,0.0,0.0,0.0,0.0,0.0,0.0,87.701645,0.0,0.0,61.341995,0.0,0.0,0.0,0.0,151.24986,0.0,96.02634,0.0,70.131805,0.0,0.0,0.0,0.0,73.492294,0.0,0.0,0.0,0.0,38.69718,0.0,180.7369,0.0,0.0,0.0,0.0,0.0,0.0,0.0,0.0,77.77895,178.53131,46.648006,0.0,138.79755,0.0,0.0,40.017628,180.9916,0.0,0.0,0.0,105.96225,71.47063,0.0,0.0,49.629986,0.0,59.810867,0.0,0.0,0.0,0.0,0.0,0.0,0.0,0.0,0.0,0.0,0.0,0.0,0.0,0.0,0.0,0.0,0.0,0.0,0.0,93.541664,0.0,119.97035,0.0,70.14778,0.0,84.704895,0.0,93.85863,0.0,0.0,0.0,0.0,0.0,0.0,0.0,0.0,0.0,0.0,0.0,151.01787,0.0,0.0,0.0,0.0,0.0,0.0,0.0,0.0,0.0,0.0,0.0,0.0,0.0,0.0,0.0,0.0,0.0,84.85105,0.0,0.0,0.0,0.0,0.0,128.17451,0.0,0.0,128.9721,0.0,0.0,0.0,0.0,0.0,0.0,0.0,0.0,0.0,50.78463,0.0,0.0,0.0,0.0,0.0,0.0,0.0,0.0,0.0,0.0,0.0,0.0,0.0,0.0,0.0,74.82263,42.937534,0.0,0.0,0.0,0.0,0.0,0.0,0.0,0.0,0.0,0.0,0.0,0.0,0.0,0.0,0.0,0.0,0.0,0.0,0.0,269.36072,0.0,0.0,298.81213,38.5885,88.94804,41.58992,0.0,0.0,92.75482,143.43353,85.66405,0.0,24.511988,144.06885,0.0,63.114216,64.64535,0.0,0.0,0.0,0.0,0.0,0.0,0.0,0.0,0.0,0.0,0.0,0.0,0.0,0.0,0.0,0.0,0.0,0.0,0.0,63.428864,20.77744,80.15063,49.70252,0.0,0.0,0.0,52.43699,0.0,0.0,0.0,0.0,0.0,0.0,0.0,0.0,0.0,0.0,0.0,0.0,0.0,0.0,0.0,0.0,0.0,0.0,0.0,0.0,0.0,0.0,0.0,0.0,0.0,0.0,0.0,0.0,0.0,0.0,94.23865,58.897667,51.18366,50.024765,90.59756,0.0,0.0,87.0211,280.12238,0.0,91.90358,73.11823,42.888382,0.0,0.0,0.0,0.0,0.0,0.0,47.50194,29.969532,50.023277,186.76881,162.36542,0.0,0.0,0.0,93.51216,88.12836,0.0,0.0,0.0,0.0,0.0,0.0,0.0,0.0,0.0,77.474144,109.30036,142.35356,0.0,0.0,83.860504,71.17652,0.0,0.0,0.0,0.0,60.33738,0.0,0.0,0.0,0.0,0.0,0.0,0.0,0.0,0.0,0.0,0.0,0.0,56.0684,0.0,0.0,0.0,0.0,0.0,0.0,0.0,0.0,0.0,0.0,0.0,0.0,0.0,0.0,0.0,0.0,0.0,0.0,0.0,0.0,0.0,106.97512,0.0,0.0,0.0,0.0,39.575783,0.0,0.0,24.871223,0.0,47.189472,0.0,0.0,0.0,0.0,0.0,159.58595,167.545,91.19883,0.0,51.40466,120.3965,0.0,0.0,22.695335,67.89916,71.57767,0.0,0.0,0.0,0.0,0.0,0.0,0.0,85.81451,0.0,0.0,0.0,80.82967,83.61296,0.0,0.0,0.0,0.0,0.0,0.0,0.0,0.0,0.0,0.0,0.0,0.0,0.0,0.0,42.842407,0.0
C18x22_C19x22,105.43858,0.0,0.0,0.0,112.04426,0.0,0.0,0.0,0.0,0.0,65.03665,0.0,191.45569,0.0,0.0,0.0,58.854836,141.13196,53.968884,0.0,0.0,0.0,0.0,0.0,0.0,0.0,0.0,0.0,0.0,0.0,0.0,0.0,0.0,0.0,68.74276,0.0,0.0,113.89668,0.0,0.0,0.0,0.0,0.0,89.30913,0.0,0.0,0.0,0.0,0.0,0.0,0.0,0.0,0.0,0.0,0.0,45.860176,0.0,0.0,0.0,136.67654,97.268394,161.89563,0.0,0.0,0.0,0.0,0.0,0.0,0.0,0.0,0.0,0.0,0.0,0.0,0.0,180.01245,0.0,0.0,0.0,0.0,0.0,55.246822,114.700096,0.0,150.96513,0.0,0.0,0.0,0.0,0.0,0.0,85.09103,0.0,23.258678,0.0,0.0,0.0,0.0,0.0,0.0,0.0,50.40843,6.3129826,0.0,48.595352,0.0,0.0,98.78372,0.0,0.0,0.0,0.0,0.0,0.0,0.0,0.0,0.0,0.0,0.0,0.0,0.0,0.0,106.08683,0.0,67.35298,0.0,57.186256,0.0,0.0,0.0,0.0,66.60281,0.0,0.0,0.0,0.0,45.77923,0.0,134.93294,0.0,0.0,0.0,0.0,0.0,0.0,0.0,0.0,60.023285,171.81833,0.0,0.0,136.0398,0.0,0.0,4.2275014,163.37598,0.0,0.0,80.73544,107.305916,178.60231,0.0,0.0,0.0,0.0,0.0,0.0,0.0,0.0,0.0,0.0,0.0,0.0,0.0,0.0,0.0,0.0,0.0,0.0,0.0,0.0,0.0,0.0,0.0,0.0,59.18345,0.0,53.529453,0.0,88.05031,0.0,84.96677,0.0,97.09411,0.0,0.0,0.0,0.0,0.0,0.0,0.0,0.0,0.0,0.0,0.0,161.01096,0.0,0.0,0.0,0.0,63.112606,0.0,0.0,0.0,0.0,0.0,0.0,0.0,0.0,0.0,0.0,0.0,0.0,138.65178,0.0,0.0,0.0,0.0,0.0,83.4189,0.0,0.0,188.47624,0.0,0.0,0.0,0.0,0.0,0.0,0.0,33.5844,0.0,76.36249,0.0,0.0,0.0,0.0,0.0,0.0,19.184614,0.0,0.0,0.0,0.0,0.0,0.0,54.911263,0.0,0.0,0.0,41.139282,117.55255,0.0,0.0,0.0,0.0,0.0,0.0,0.0,0.0,0.0,0.0,0.0,0.0,0.0,0.0,0.0,0.0,0.0,259.23242,0.0,0.0,261.15256,60.292717,77.73783,41.947075,37.854897,105.65173,105.1069,187.88853,88.733185,37.608093,58.05662,130.56322,0.0,0.0,80.6827,0.0,0.0,0.0,0.0,0.0,0.0,0.0,0.0,0.0,0.0,0.0,0.0,0.0,0.0,0.0,0.0,0.0,0.0,0.0,0.0,0.0,0.0,0.0,0.0,0.0,0.0,42.55744,0.0,0.0,0.0,0.0,0.0,0.0,0.0,0.0,0.0,0.0,0.0,0.0,0.0,0.0,0.0,0.0,0.0,0.0,0.0,0.0,0.0,0.0,0.0,0.0,0.0,0.0,0.0,0.0,0.0,0.0,62.909943,73.86084,115.85843,94.756546,85.38362,0.0,0.0,171.75223,266.69107,49.45679,40.33737,70.36891,25.07814,19.207432,0.0,0.0,0.0,0.0,0.0,26.500423,39.53731,50.573284,71.17342,96.73688,0.0,0.0,0.0,73.02402,103.05612,0.0,0.0,0.0,0.0,0.0,0.0,0.0,0.0,0.0,126.61991,93.44692,155.83276,42.973793,92.191055,61.464085,53.895046,0.0,0.0,0.0,0.0,150.78075,0.0,0.0,0.0,0.0,0.0,0.0,0.0,0.0,0.0,0.0,0.0,0.0,45.6629,0.0,0.0,0.0,0.0,0.0,0.0,0.0,0.0,104.80822,0.0,0.0,0.0,0.0,0.0,0.0,0.0,0.0,0.0,0.0,0.0,0.0,92.7702,0.0,0.0,0.0,0.0,0.0,0.0,0.0,0.0,0.0,48.9323,0.0,0.0,0.0,0.0,0.0,142.75464,73.02402,54.06779,0.0,48.17317,121.60583,0.0,0.0,41.714657,70.609505,0.0,0.0,0.0,0.0,0.0,0.0,0.0,0.0,43.606552,0.0,0.0,0.0,62.465935,65.016685,0.0,0.0,0.0,0.0,30.458424,0.0,0.0,0.0,0.0,0.0,0.0,0.0,0.0,0.0,70.54313,0.0
C18x23_C18x24,74.06715,0.0,0.0,0.0,72.4895,0.0,0.0,0.0,0.0,110.6722,86.129295,0.0,0.0,0.0,0.0,0.0,302.73782,0.0,147.6998,0.0,0.0,0.0,0.0,0.0,0.0,0.0,0.0,0.0,0.0,0.0,0.0,0.0,0.0,0.0,0.0,0.0,0.0,50.48927,0.0,0.0,0.0,0.0,147.90948,0.0,0.0,0.0,0.0,0.0,0.0,0.0,0.0,0.0,0.0,0.0,0.0,189.7098,0.0,0.0,0.0,136.78961,182.52911,136.78961,0.0,0.0,0.0,0.0,0.0,0.0,0.0,0.0,0.0,0.0,0.0,0.0,0.0,82.7626,0.0,86.480415,0.0,0.0,89.800285,117.91353,127.57305,0.0,44.329544,0.0,0.0,0.0,0.0,0.0,0.0,82.44846,0.0,0.0,0.0,0.0,0.0,0.0,0.0,0.0,0.0,94.238,171.06607,0.0,35.430553,0.0,0.0,60.263966,38.832928,0.0,0.0,0.0,0.0,0.0,114.77112,0.0,0.0,62.170193,0.0,0.0,0.0,0.0,172.88278,0.0,0.0,0.0,0.0,0.0,0.0,0.0,0.0,199.4825,0.0,0.0,0.0,0.0,0.0,0.0,127.00508,0.0,0.0,0.0,0.0,0.0,0.0,0.0,0.0,69.09595,122.14801,85.50223,0.0,144.02504,0.0,0.0,73.77852,222.4095,0.0,0.0,67.31431,129.21318,96.833984,0.0,0.0,80.99673,0.0,97.2939,0.0,0.0,0.0,90.383255,0.0,0.0,0.0,0.0,0.0,0.0,0.0,0.0,0.0,0.0,0.0,0.0,0.0,0.0,0.0,104.56249,0.0,0.0,0.0,179.44188,0.0,106.871925,0.0,160.87228,0.0,0.0,0.0,0.0,0.0,0.0,0.0,0.0,0.0,0.0,0.0,28.937412,0.0,0.0,0.0,0.0,111.108696,0.0,0.0,0.0,0.0,0.0,0.0,0.0,0.0,0.0,0.0,0.0,0.0,123.89717,57.421494,0.0,0.0,0.0,0.0,0.0,0.0,0.0,113.16003,0.0,0.0,0.0,0.0,0.0,0.0,0.0,30.602995,0.0,67.84741,0.0,0.0,0.0,46.171436,0.0,0.0,0.0,0.0,0.0,0.0,0.0,0.0,0.0,0.0,0.0,170.70584,0.0,0.0,0.0,0.0,0.0,0.0,0.0,0.0,0.0,0.0,0.0,0.0,0.0,0.0,0.0,0.0,0.0,0.0,0.0,0.0,168.6993,0.0,0.0,223.14812,0.0,0.0,0.0,87.096954,20.97572,72.739815,44.329544,85.599915,52.31369,62.49714,151.90039,0.0,0.0,0.0,0.0,0.0,0.0,0.0,0.0,0.0,0.0,0.0,0.0,0.0,0.0,0.0,0.0,0.0,0.0,0.0,0.0,0.0,0.0,130.34569,135.40692,117.18049,39.183155,0.0,61.580097,0.0,0.0,0.0,0.0,0.0,0.0,0.0,0.0,0.0,0.0,0.0,0.0,0.0,0.0,0.0,0.0,0.0,0.0,0.0,0.0,0.0,0.0,0.0,0.0,0.0,0.0,0.0,0.0,0.0,127.839424,0.0,0.0,0.0,56.395565,66.0426,38.101395,85.51056,96.27191,0.0,77.86212,246.62978,0.0,30.24239,96.27191,77.55204,0.0,0.0,0.0,0.0,0.0,0.0,93.27455,81.72642,0.0,188.0056,38.61346,0.0,0.0,0.0,0.0,0.0,0.0,0.0,0.0,0.0,0.0,0.0,0.0,0.0,0.0,0.0,0.0,0.0,0.0,0.0,0.0,0.0,0.0,0.0,0.0,0.0,96.833984,0.0,0.0,0.0,0.0,0.0,0.0,0.0,0.0,0.0,0.0,0.0,0.0,0.0,0.0,0.0,0.0,0.0,0.0,0.0,0.0,0.0,0.0,0.0,0.0,0.0,0.0,0.0,0.0,0.0,0.0,0.0,0.0,0.0,0.0,170.25906,0.0,0.0,0.0,0.0,40.026817,0.0,0.0,156.57315,0.0,157.78955,0.0,0.0,0.0,0.0,0.0,147.57065,37.376316,86.79801,0.0,0.0,0.0,0.0,0.0,0.0,0.0,95.22467,0.0,0.0,0.0,0.0,0.0,0.0,0.0,86.72864,0.0,0.0,0.0,0.0,71.394005,0.0,0.0,0.0,0.0,74.02818,0.0,0.0,0.0,0.0,0.0,0.0,0.0,0.0,0.0,0.0,0.0
C18x23_C19x23,111.75813,0.0,0.0,0.0,56.679436,0.0,0.0,0.0,104.96454,156.73746,121.97904,0.0,0.0,0.0,0.0,0.0,139.1327,76.19427,70.856544,0.0,0.0,0.0,0.0,0.0,0.0,0.0,0.0,0.0,0.0,0.0,0.0,0.0,0.0,0.0,14.196181,0.0,0.0,90.62928,0.0,0.0,0.0,0.0,0.0,94.66194,0.0,0.0,0.0,0.0,0.0,0.0,0.0,0.0,0.0,0.0,0.0,39.522293,0.0,0.0,0.0,108.62187,176.87854,108.62187,0.0,0.0,0.0,0.0,0.0,0.0,0.0,0.0,0.0,0.0,0.0,0.0,0.0,103.00979,0.0,81.42628,0.0,0.0,0.0,116.416466,79.32031,0.0,96.14222,0.0,0.0,0.0,0.0,0.0,0.0,93.60691,0.0,46.64234,0.0,0.0,0.0,0.0,0.0,0.0,0.0,67.936554,67.936554,0.0,27.34343,0.0,0.0,49.095192,0.0,0.0,0.0,0.0,0.0,0.0,83.64174,0.0,0.0,58.50234,0.0,0.0,0.0,0.0,130.83772,0.0,0.0,0.0,35.590683,0.0,0.0,0.0,0.0,79.26345,0.0,0.0,0.0,0.0,0.0,0.0,149.82219,0.0,0.0,0.0,0.0,0.0,0.0,0.0,0.0,63.19108,160.54597,112.38036,0.0,189.30017,0.0,0.0,68.482605,161.98976,0.0,0.0,0.0,153.63301,94.3467,0.0,0.0,83.86462,0.0,77.01052,0.0,0.0,79.77482,0.0,0.0,0.0,0.0,0.0,0.0,0.0,0.0,0.0,0.0,0.0,0.0,0.0,0.0,0.0,0.0,55.946163,0.0,0.0,0.0,164.53722,0.0,0.0,0.0,193.98463,0.0,0.0,0.0,0.0,0.0,0.0,0.0,66.15752,0.0,0.0,0.0,94.74491,0.0,0.0,0.0,0.0,81.42073,0.0,0.0,0.0,0.0,0.0,0.0,0.0,0.0,0.0,0.0,0.0,0.0,94.20804,0.0,0.0,0.0,0.0,0.0,0.0,85.650764,0.0,158.78764,0.0,0.0,0.0,0.0,0.0,0.0,0.0,22.19991,0.0,71.69794,0.0,0.0,0.0,48.308193,0.0,0.0,0.0,0.0,0.0,60.555473,0.0,0.0,0.0,0.0,0.0,74.53054,37.298206,0.0,0.0,0.0,0.0,0.0,0.0,0.0,0.0,0.0,0.0,0.0,0.0,0.0,0.0,0.0,0.0,0.0,0.0,0.0,221.73093,0.0,0.0,282.66553,0.0,0.0,0.0,76.51338,39.55579,87.50647,96.14222,63.694145,19.944613,55.742676,126.98929,0.0,71.41124,0.0,0.0,0.0,0.0,0.0,0.0,0.0,0.0,0.0,0.0,0.0,0.0,0.0,0.0,0.0,0.0,0.0,0.0,0.0,0.0,35.849545,63.07156,110.24571,16.092625,0.0,28.850763,0.0,60.555473,0.0,0.0,0.0,0.0,0.0,0.0,0.0,0.0,0.0,0.0,0.0,0.0,0.0,0.0,0.0,0.0,0.0,0.0,0.0,0.0,0.0,0.0,0.0,0.0,0.0,0.0,0.0,0.0,0.0,0.0,69.626526,16.297028,74.9807,54.98573,81.00381,0.0,0.0,64.47407,276.83908,0.0,25.234964,112.38036,76.5512,0.0,0.0,0.0,0.0,0.0,0.0,33.75687,60.946,86.19326,123.17396,126.42557,0.0,0.0,0.0,98.16055,78.20789,0.0,0.0,0.0,0.0,0.0,0.0,0.0,0.0,0.0,90.287766,104.4504,151.54527,19.796667,39.245346,89.86407,69.05469,0.0,0.0,0.0,0.0,94.3467,0.0,0.0,0.0,0.0,0.0,0.0,0.0,0.0,0.0,0.0,0.0,0.0,0.0,0.0,0.0,0.0,0.0,0.0,0.0,0.0,0.0,0.0,0.0,0.0,0.0,0.0,0.0,0.0,0.0,0.0,0.0,0.0,0.0,0.0,106.557526,0.0,0.0,0.0,0.0,52.367332,0.0,0.0,46.528267,35.24937,120.89226,0.0,0.0,69.71725,0.0,0.0,129.0196,98.16055,56.108837,0.0,0.0,0.0,0.0,0.0,24.32009,68.54027,44.669075,0.0,0.0,0.0,0.0,0.0,0.0,0.0,0.0,0.0,0.0,0.0,66.209885,73.70446,0.0,0.0,0.0,0.0,41.04949,0.0,0.0,0.0,0.0,0.0,0.0,0.0,0.0,0.0,0.0,0.0
C18x24_C18x25,0.0,0.0,0.0,0.0,82.277306,0.0,0.0,80.30972,0.0,0.0,39.208645,0.0,80.51297,0.0,0.0,0.0,155.56242,0.0,57.47259,0.0,54.028778,0.0,26.940166,0.0,0.0,0.0,0.0,0.0,0.0,0.0,0.0,0.0,0.0,0.0,0.0,0.0,92.242424,0.0,0.0,0.0,0.0,0.0,17.534763,0.0,59.8956,0.0,0.0,0.0,0.0,0.0,0.0,0.0,0.0,94.2368,0.0,73.05324,0.0,0.0,0.0,72.75818,177.88345,0.0,0.0,0.0,0.0,0.0,0.0,0.0,0.0,0.0,86.43093,0.0,0.0,0.0,27.674646,120.537346,0.0,0.0,0.0,0.0,0.0,0.0,62.886543,0.0,0.0,0.0,0.0,0.0,0.0,0.0,0.0,41.58849,0.0,0.0,0.0,0.0,0.0,0.0,0.0,0.0,56.422974,82.50179,71.16002,0.0,53.422165,0.0,0.0,47.708523,54.21926,0.0,0.0,0.0,35.486515,0.0,92.52148,0.0,0.0,121.3372,0.0,0.0,0.0,0.0,117.5685,0.0,0.0,0.0,0.0,67.64987,0.0,0.0,0.0,238.20663,0.0,0.0,0.0,0.0,0.0,0.0,109.05536,33.2473,81.91537,0.0,34.708336,0.0,0.0,0.0,0.0,51.771446,0.0,0.0,0.0,71.061844,0.0,0.0,62.35182,142.81676,0.0,0.0,0.0,121.97,0.0,0.0,62.138737,124.27747,0.0,138.58487,0.0,0.0,0.0,27.68718,0.0,87.04051,0.0,0.0,49.214508,0.0,0.0,0.0,62.67009,0.0,0.0,0.0,0.0,0.0,0.0,0.0,58.06112,22.35558,34.864105,0.0,0.0,90.223305,0.0,157.78024,60.225746,56.98404,0.0,0.0,22.790176,0.0,0.0,0.0,0.0,0.0,0.0,0.0,0.0,25.326122,0.0,0.0,151.41685,0.0,0.0,61.509064,0.0,0.0,0.0,49.653866,0.0,0.0,0.0,0.0,0.0,91.34914,97.00039,0.0,0.0,0.0,0.0,66.407166,0.0,0.0,37.868713,83.07428,0.0,0.0,39.626987,0.0,41.75038,0.0,51.37656,0.0,86.284355,0.0,0.0,0.0,58.60364,0.0,0.0,99.68797,0.0,0.0,0.0,20.80635,0.0,30.139143,26.87794,0.0,104.70936,77.717865,0.0,0.0,46.816113,72.63075,53.9208,52.12203,14.864359,36.535416,95.60754,67.64987,22.189436,43.008106,0.0,60.660034,37.071884,51.88277,44.685078,100.6385,61.509064,97.526634,0.0,0.0,70.22117,0.0,0.0,0.0,94.95758,17.257662,25.762144,49.93282,70.42687,43.04081,51.8798,116.84225,0.0,97.956474,0.0,0.0,0.0,0.0,0.0,0.0,0.0,0.0,0.0,0.0,0.0,0.0,0.0,0.0,0.0,0.0,0.0,0.0,0.0,0.0,112.78171,106.56277,72.56274,94.9372,66.88557,0.0,126.463554,86.50183,0.0,0.0,0.0,0.0,0.0,0.0,0.0,0.0,0.0,0.0,0.0,0.0,0.0,0.0,0.0,0.0,0.0,0.0,0.0,0.0,0.0,0.0,0.0,0.0,0.0,0.0,0.0,109.50229,60.80238,93.56593,95.33052,33.323845,50.754948,83.25056,36.20788,89.49693,0.0,41.815002,124.37784,47.941723,23.459057,89.49693,75.8631,0.0,0.0,0.0,0.0,0.0,0.0,68.70411,61.73704,0.0,63.856087,41.125847,0.0,0.0,0.0,0.0,0.0,0.0,0.0,0.0,0.0,0.0,0.0,0.0,0.0,0.0,0.0,0.0,0.0,0.0,0.0,0.0,0.0,0.0,0.0,0.0,0.0,66.334984,0.0,0.0,0.0,0.0,0.0,0.0,0.0,0.0,0.0,0.0,0.0,0.0,0.0,0.0,0.0,0.0,0.0,0.0,0.0,0.0,0.0,0.0,0.0,0.0,0.0,0.0,0.0,0.0,0.0,0.0,0.0,0.0,0.0,0.0,79.84249,0.0,0.0,0.0,0.0,68.10865,0.0,0.0,47.865868,17.079674,42.44504,0.0,0.0,0.0,0.0,0.0,153.75923,0.0,0.0,0.0,0.0,0.0,0.0,0.0,0.0,0.0,38.988014,0.0,0.0,0.0,0.0,0.0,0.0,0.0,29.646978,0.0,0.0,0.0,24.186977,0.0,0.0,0.0,0.0,0.0,35.366253,0.0,0.0,0.0,0.0,62.353535,58.475334,0.0,0.0,75.716,38.70596,0.0
C18x24_C19x24,99.47468,0.0,0.0,0.0,57.586506,0.0,61.490833,0.0,0.0,0.0,91.350975,0.0,0.0,0.0,0.0,0.0,164.93318,0.0,53.212315,0.0,0.0,0.0,37.933956,0.0,0.0,0.0,0.0,0.0,0.0,0.0,0.0,0.0,0.0,0.0,0.0,0.0,101.960846,0.0,0.0,0.0,0.0,0.0,14.846875,0.0,67.14461,0.0,0.0,0.0,0.0,0.0,0.0,0.0,0.0,111.57414,0.0,42.001614,0.0,0.0,0.0,0.0,152.21068,0.0,0.0,0.0,0.0,0.0,0.0,0.0,0.0,0.0,121.701805,0.0,0.0,0.0,0.0,20.063564,0.0,86.3093,0.0,0.0,89.62261,65.81217,71.546555,0.0,0.0,0.0,0.0,0.0,0.0,0.0,0.0,67.091385,0.0,0.0,0.0,0.0,0.0,0.0,0.0,0.0,44.87388,82.001854,168.88246,0.0,57.89107,0.0,0.0,53.31967,75.405396,0.0,0.0,0.0,68.913956,0.0,26.728535,0.0,0.0,35.053112,0.0,0.0,0.0,0.0,134.7789,0.0,0.0,0.0,0.0,74.43442,0.0,0.0,0.0,259.2118,0.0,0.0,0.0,0.0,0.0,0.0,41.793385,0.0,85.75392,0.0,38.908997,0.0,0.0,0.0,0.0,57.531548,0.0,0.0,0.0,99.21264,0.0,0.0,9.750338,118.7993,0.0,0.0,51.780968,161.86464,0.0,0.0,0.0,241.56343,0.0,135.38928,0.0,0.0,0.0,57.565147,0.0,96.09199,0.0,0.0,55.170815,0.0,0.0,0.0,0.0,0.0,0.0,0.0,0.0,0.0,0.0,0.0,0.0,0.0,39.08362,130.72285,0.0,130.21298,0.0,173.8626,67.51472,58.785202,0.0,0.0,25.548414,0.0,0.0,0.0,0.0,0.0,0.0,0.0,0.0,0.0,0.0,0.0,151.72414,0.0,0.0,68.953354,0.0,0.0,0.0,41.656178,0.0,0.0,0.0,0.0,0.0,142.7055,62.122593,0.0,0.0,0.0,0.0,0.0,0.0,0.0,138.2851,0.0,0.0,0.0,44.422943,0.0,0.0,0.0,75.87899,0.0,128.31145,0.0,0.0,0.0,30.537418,0.0,0.0,66.51217,0.0,0.0,0.0,23.32449,0.0,0.0,0.0,0.0,135.2416,70.7489,0.0,0.0,55.705143,90.485725,64.973946,58.43023,16.663355,23.02361,97.725204,74.43442,57.785355,43.910053,55.542152,55.364117,41.5586,33.47808,10.069484,109.96143,68.953354,162.97197,0.0,0.0,191.08626,0.0,0.0,0.0,85.15923,16.663355,57.785355,43.910053,55.364117,41.5586,10.069484,109.96143,0.0,106.82249,0.0,0.0,0.0,0.0,0.0,0.0,0.0,0.0,0.0,0.0,0.0,0.0,0.0,0.0,0.0,0.0,0.0,0.0,0.0,0.0,68.73475,108.40976,75.02613,49.546955,55.23264,30.765907,0.0,96.97093,0.0,0.0,0.0,0.0,0.0,0.0,0.0,0.0,0.0,0.0,0.0,0.0,0.0,0.0,0.0,0.0,0.0,0.0,0.0,0.0,0.0,0.0,0.0,0.0,0.0,0.0,0.0,108.122314,68.16114,109.077,0.0,46.28655,76.39353,76.20495,59.332584,87.48752,19.40323,62.95206,103.89149,0.0,62.932236,87.48752,93.056725,0.0,0.0,0.0,0.0,0.0,0.0,16.88083,0.0,18.558954,96.74228,44.722984,0.0,0.0,0.0,0.0,0.0,0.0,0.0,0.0,0.0,0.0,0.0,0.0,0.0,0.0,0.0,0.0,0.0,0.0,0.0,0.0,0.0,0.0,0.0,0.0,0.0,0.0,0.0,0.0,0.0,0.0,0.0,0.0,0.0,0.0,0.0,0.0,0.0,0.0,0.0,0.0,0.0,0.0,0.0,0.0,0.0,0.0,0.0,0.0,0.0,0.0,0.0,0.0,0.0,0.0,0.0,0.0,0.0,0.0,0.0,0.0,103.12379,0.0,0.0,0.0,0.0,37.119404,0.0,0.0,93.8244,64.861015,135.1184,0.0,0.0,0.0,0.0,0.0,50.72311,0.0,0.0,0.0,0.0,0.0,0.0,0.0,0.0,0.0,0.0,0.0,0.0,0.0,0.0,0.0,0.0,0.0,33.235077,0.0,0.0,0.0,34.057243,47.525246,0.0,0.0,0.0,0.0,38.489357,0.0,0.0,0.0,0.0,0.0,0.0,0.0,0.0,83.430756,0.0,0.0
C18x25_C18x26,0.0,0.0,0.0,0.0,114.05234,0.0,0.0,60.533684,0.0,0.0,46.110447,0.0,90.25812,0.0,0.0,0.0,132.58276,0.0,32.0427,0.0,15.877796,0.0,46.326527,0.0,0.0,0.0,0.0,0.0,0.0,0.0,0.0,31.0969,0.0,0.0,0.0,0.0,63.355354,0.0,0.0,0.0,0.0,0.0,0.0,0.0,0.0,11.446252,0.0,0.0,0.0,0.0,0.0,73.47878,0.0,59.05772,0.0,107.94818,0.0,0.0,43.55016,124.90746,59.676952,0.0,0.0,0.0,0.0,0.0,0.0,0.0,0.0,0.0,39.522373,0.0,0.0,0.0,68.880424,140.1727,0.0,43.149788,0.0,0.0,0.0,0.0,78.7414,0.0,0.0,0.0,0.0,0.0,0.0,0.0,0.0,115.27333,0.0,0.0,0.0,41.387703,0.0,0.0,0.0,0.0,8.025921,11.735519,10.122202,0.0,54.369656,0.0,0.0,31.390333,0.0,0.0,0.0,0.0,30.8852,0.0,0.0,0.0,0.0,30.212563,0.0,0.0,0.0,0.0,123.95089,0.0,0.0,0.0,0.0,0.0,0.0,0.0,0.0,117.2023,0.0,0.0,0.0,0.0,0.0,0.0,83.90549,0.0,65.13892,0.0,29.743399,0.0,0.0,0.0,20.907166,47.562096,41.945793,0.0,0.0,40.4256,0.0,36.80741,82.30387,171.7088,0.0,0.0,13.9475,80.199196,0.0,0.0,42.571407,95.694,0.0,105.02357,0.0,0.0,0.0,0.0,0.0,46.37486,0.0,0.0,30.658625,0.0,0.0,0.0,31.409111,0.0,0.0,0.0,32.168736,0.0,0.0,0.0,28.932808,40.670586,0.0,56.605427,0.0,0.0,0.0,170.72389,54.560745,81.94543,0.0,0.0,35.19131,0.0,0.0,0.0,0.0,0.0,0.0,0.0,0.0,34.937725,0.0,27.44852,157.59544,0.0,0.0,48.7868,0.0,0.0,0.0,60.280033,0.0,0.0,0.0,0.0,0.0,66.32284,87.43482,0.0,0.0,0.0,0.0,79.21972,0.0,0.0,43.48993,0.0,0.0,0.0,66.17625,0.0,8.997469,0.0,72.367424,0.0,24.292637,0.0,0.0,0.0,48.08705,0.0,0.0,67.23989,0.0,0.0,0.0,69.1231,0.0,0.0,15.7673235,0.0,84.74083,54.222164,5.0301685,0.0,31.245634,73.47878,54.954414,78.857376,65.34451,31.390333,65.045395,34.22101,59.16218,53.85124,66.93983,74.9623,53.314693,47.098392,32.149906,92.93002,51.49355,93.204575,0.0,0.0,101.537445,0.0,0.0,0.0,101.07867,75.8656,48.359943,62.521805,87.031944,61.898865,37.326347,107.89263,0.0,55.817154,0.0,0.0,0.0,0.0,0.0,0.0,0.0,0.0,0.0,0.0,0.0,0.0,0.0,0.0,0.0,0.0,0.0,0.0,0.0,0.0,0.0,45.364872,65.28757,25.08717,41.869125,0.0,92.93198,44.660637,0.0,0.0,0.0,0.0,0.0,0.0,0.0,0.0,0.0,0.0,31.245634,8.43792,37.41942,78.71472,63.422462,6.1928854,84.87593,79.8699,40.40803,78.798996,55.600723,66.93983,9.101708,46.901123,70.45497,28.036366,51.49355,0.0,86.30242,85.92308,0.0,51.456806,49.57422,97.527954,67.078156,50.912933,0.0,57.49799,177.01555,58.947536,47.958054,50.912933,54.69671,35.562225,0.0,0.0,0.0,0.0,0.0,80.79792,35.49448,0.0,78.8737,0.0,0.0,0.0,0.0,31.245634,60.87816,0.0,0.0,0.0,0.0,0.0,0.0,0.0,0.0,0.0,0.0,0.0,0.0,0.0,0.0,0.0,0.0,0.0,0.0,0.0,0.0,65.30448,0.0,0.0,0.0,0.0,0.0,0.0,0.0,0.0,0.0,0.0,0.0,0.0,0.0,0.0,0.0,0.0,0.0,0.0,0.0,0.0,0.0,0.0,0.0,0.0,0.0,0.0,0.0,0.0,0.0,0.0,0.0,0.0,0.0,0.0,0.0,29.229095,38.456898,50.491276,0.0,47.72429,113.1924,97.16615,9.869436,0.0,58.96721,0.0,0.0,0.0,0.0,0.0,204.67169,0.0,0.0,0.0,0.0,0.0,0.0,0.0,30.006353,92.000114,6.80374,0.0,0.0,0.0,0.0,0.0,0.0,0.0,0.0,0.0,0.0,0.0,6.3134875,0.0,0.0,0.0,0.0,11.869271,9.231595,0.0,0.0,0.0,0.0,57.74442,47.749012,0.0,0.0,0.0,66.452614,0.0
C18x25_C19x25,0.0,0.0,0.0,0.0,75.04023,0.0,0.0,64.41697,0.0,0.0,36.794235,0.0,88.42652,54.095848,0.0,0.0,97.76825,0.0,46.1772,0.0,65.44361,0.0,32.01418,0.0,0.0,0.0,0.0,0.0,22.04416,0.0,0.0,0.0,0.0,0.0,0.0,0.0,93.581566,0.0,0.0,0.0,11.04027,0.0,11.572205,0.0,16.806023,0.0,0.0,0.0,0.0,0.0,0.0,0.0,0.0,117.770775,0.0,87.926346,0.0,0.0,19.335836,66.54923,67.81585,0.0,0.0,0.0,0.0,0.0,0.0,0.0,0.0,0.0,79.30985,0.0,0.0,0.0,33.42196,65.17249,0.0,40.729275,0.0,0.0,0.0,0.0,61.299522,0.0,0.0,0.0,0.0,0.0,0.0,0.0,0.0,91.98337,0.0,0.0,0.0,0.0,0.0,0.0,0.0,0.0,0.0,73.883385,63.72641,0.0,55.52853,0.0,0.0,36.575314,0.0,0.0,0.0,0.0,114.59257,0.0,0.0,0.0,0.0,29.31652,0.0,0.0,0.0,0.0,99.78384,0.0,0.0,0.0,0.0,37.326942,0.0,0.0,0.0,125.9584,0.0,0.0,0.0,0.0,0.0,0.0,146.05478,44.576294,76.66765,0.0,38.446064,0.0,0.0,0.0,0.0,38.748455,38.035748,0.0,0.0,61.855618,0.0,0.0,65.39485,140.37424,0.0,0.0,76.08061,55.719986,0.0,0.0,65.18975,146.53658,0.0,99.16589,0.0,0.0,0.0,0.0,0.0,105.50383,0.0,0.0,68.544815,0.0,0.0,0.0,25.555498,0.0,0.0,0.0,61.324257,0.0,0.0,0.0,66.799416,57.229687,0.0,64.77669,0.0,0.0,0.0,194.57716,65.39876,89.522964,0.0,0.0,36.67083,0.0,0.0,0.0,0.0,0.0,0.0,0.0,0.0,29.785814,0.0,0.0,153.35597,0.0,0.0,72.633224,0.0,0.0,0.0,40.681034,0.0,0.0,0.0,0.0,0.0,74.71388,108.18341,0.0,0.0,0.0,0.0,79.59236,0.0,0.0,46.929787,5.9893346,0.0,0.0,67.67619,0.0,9.099025,0.0,87.00827,0.0,58.20901,0.0,0.0,0.0,41.934467,0.0,0.0,50.21705,0.0,0.0,0.0,44.683647,0.0,0.0,29.123026,0.0,84.21862,59.170547,5.0855203,35.594467,45.87657,109.77895,70.285904,76.09599,56.90699,48.31105,91.5483,37.326942,90.26094,69.3812,97.735695,68.00616,55.556164,67.406784,0.0,139.35039,72.633224,70.665115,0.0,0.0,67.64351,0.0,0.0,0.0,93.88543,79.431046,125.98665,96.842606,94.92332,77.54556,56.4051,194.50592,0.0,51.328114,0.0,0.0,0.0,0.0,0.0,0.0,0.0,0.0,0.0,0.0,0.0,0.0,0.0,0.0,0.0,0.0,0.0,0.0,0.0,0.0,70.24741,72.64729,51.42758,59.610096,49.289654,0.0,9.117533,81.101234,0.0,0.0,0.0,0.0,0.0,0.0,0.0,0.0,0.0,0.0,0.0,0.0,0.0,0.0,0.0,0.0,0.0,0.0,0.0,0.0,0.0,0.0,0.0,0.0,0.0,0.0,0.0,0.0,82.46345,132.811,79.78196,27.378035,36.78835,78.90517,72.83822,62.28281,0.0,22.243921,68.28985,57.205452,87.455765,62.28281,78.89234,31.734552,0.0,0.0,0.0,0.0,0.0,64.47341,57.935368,0.0,65.6952,38.59338,0.0,0.0,0.0,0.0,0.0,0.0,0.0,0.0,0.0,0.0,0.0,0.0,0.0,0.0,0.0,0.0,0.0,0.0,0.0,0.0,0.0,0.0,0.0,0.0,0.0,54.67928,0.0,0.0,0.0,0.0,0.0,0.0,0.0,0.0,0.0,0.0,0.0,0.0,0.0,31.589457,30.76804,41.542297,70.24741,67.29835,46.414627,48.438503,21.952358,0.0,0.0,0.0,0.0,0.0,0.0,0.0,0.0,0.0,0.0,0.0,0.0,0.0,0.0,0.0,0.0,0.0,0.0,33.84158,0.0,0.0,9.980834,31.945412,40.650223,0.0,0.0,0.0,0.0,0.0,123.54308,0.0,0.0,0.0,0.0,0.0,0.0,0.0,57.935368,86.29819,0.0,0.0,0.0,0.0,0.0,0.0,0.0,0.0,0.0,0.0,0.0,0.0,0.0,0.0,0.0,0.0,0.0,0.0,15.243944,0.0,0.0,0.0,0.0,42.10414,33.974953,0.0,0.0,55.140427,53.43348,0.0
C18x26_C19x26,0.0,0.0,0.0,0.0,71.10635,0.0,0.0,0.0,0.0,0.0,47.646656,0.0,77.498604,0.0,0.0,0.0,109.59351,0.0,0.0,0.0,0.0,0.0,39.417885,0.0,0.0,58.72658,0.0,0.0,0.0,0.0,0.0,56.86247,0.0,0.0,0.0,0.0,29.3789,0.0,67.90057,0.0,0.0,0.0,0.0,0.0,0.0,0.0,0.0,0.0,0.0,0.0,0.0,40.778854,0.0,70.84736,0.0,99.17595,0.0,0.0,46.678688,102.38711,0.0,0.0,0.0,0.0,0.0,0.0,0.0,0.0,0.0,0.0,42.361557,0.0,0.0,0.0,0.0,117.3904,0.0,0.0,0.0,0.0,0.0,0.0,130.50255,0.0,0.0,0.0,0.0,0.0,0.0,0.0,0.0,78.68473,0.0,0.0,0.0,79.76618,0.0,0.0,0.0,0.0,8.602483,11.9201765,12.042219,0.0,78.04164,0.0,0.0,40.074905,0.0,0.0,0.0,0.0,68.65856,0.0,0.0,0.0,0.0,0.0,0.0,0.0,0.0,0.0,87.33734,0.0,0.0,0.0,0.0,0.0,0.0,0.0,0.0,143.35387,0.0,0.0,0.0,0.0,0.0,0.0,121.16189,0.0,69.07418,0.0,27.04221,0.0,0.0,0.0,51.061867,0.0,0.0,0.0,0.0,47.83185,0.0,89.04822,199.11786,201.38449,0.0,0.0,30.486586,0.0,0.0,0.0,0.0,68.82403,0.0,123.18107,0.0,0.0,0.0,0.0,0.0,64.10833,0.0,0.0,32.86106,0.0,0.0,0.0,0.0,0.0,0.0,0.0,0.0,0.0,0.0,0.0,0.0,52.032757,0.0,179.31384,0.0,0.0,0.0,194.53267,51.309086,77.70527,0.0,0.0,37.71936,0.0,0.0,0.0,0.0,0.0,0.0,0.0,0.0,0.0,0.0,19.302715,162.48198,0.0,0.0,51.016907,0.0,0.0,0.0,62.673046,0.0,0.0,0.0,0.0,0.0,88.71584,107.61701,0.0,0.0,0.0,0.0,14.3088,0.0,0.0,63.887733,0.0,0.0,0.0,70.930176,0.0,0.0,0.0,140.21745,0.0,0.0,0.0,0.0,0.0,52.699333,0.0,0.0,79.99421,0.0,0.0,0.0,74.08872,0.0,0.0,16.900007,0.0,104.14608,70.51348,20.518343,36.650528,28.89471,70.817276,60.805664,83.742424,70.28668,40.074905,67.9639,39.660595,58.342804,67.01393,52.74842,79.76618,57.144684,67.90301,56.86247,102.4063,51.016907,123.43009,0.0,0.0,124.71135,0.0,0.0,0.0,70.444565,57.50979,58.342804,54.200356,52.15127,57.144684,34.459473,102.4063,73.655945,0.0,0.0,0.0,0.0,0.0,0.0,0.0,0.0,0.0,0.0,0.0,0.0,0.0,0.0,0.0,0.0,0.0,0.0,0.0,0.0,0.0,0.0,0.0,0.0,0.0,45.77694,0.0,44.961094,38.30906,0.0,0.0,0.0,0.0,0.0,0.0,0.0,0.0,0.0,0.0,0.0,0.0,83.742424,95.61096,62.61658,7.0587106,65.82006,85.95352,64.66009,75.72838,47.894276,18.397947,0.0,45.388256,54.022667,23.53632,31.29076,0.0,95.61096,102.13107,69.780655,72.92302,59.392014,96.05626,95.342415,58.022556,33.487324,58.60719,129.89325,70.45877,64.69542,58.022556,82.36994,36.49162,0.0,0.0,0.0,0.0,0.0,77.303,111.80432,27.605824,85.163864,82.720795,0.0,0.0,0.0,0.0,62.710686,0.0,0.0,0.0,0.0,0.0,0.0,0.0,0.0,0.0,0.0,0.0,0.0,0.0,0.0,0.0,0.0,0.0,0.0,0.0,0.0,95.07868,0.0,0.0,0.0,0.0,0.0,0.0,0.0,0.0,0.0,0.0,0.0,0.0,0.0,0.0,0.0,0.0,0.0,0.0,0.0,0.0,0.0,0.0,0.0,0.0,0.0,0.0,0.0,0.0,0.0,0.0,0.0,0.0,0.0,0.0,0.0,51.174236,26.348156,52.762436,61.407963,0.0,85.54278,47.009613,0.0,0.0,57.679947,0.0,0.0,0.0,0.0,0.0,119.354836,0.0,0.0,0.0,0.0,0.0,0.0,0.0,111.80432,72.12367,27.75284,0.0,0.0,0.0,0.0,0.0,0.0,0.0,0.0,0.0,0.0,0.0,6.7670317,6.6304364,0.0,0.0,0.0,12.721929,9.376854,0.0,0.0,0.0,0.0,0.0,0.0,0.0,0.0,0.0,0.0,0.0
C18x28_C18x29,29.44482,0.0,0.0,0.0,75.51629,0.0,0.0,0.0,0.0,93.208694,0.0,0.0,0.0,83.69866,17.976759,0.0,182.97289,0.0,0.0,104.27133,0.0,61.13463,0.0,0.0,0.0,0.0,0.0,0.0,61.13463,0.0,0.0,0.0,0.0,0.0,0.0,0.0,0.0,0.0,0.0,53.129932,101.99101,23.74112,0.0,0.0,0.0,0.0,0.0,29.343956,0.0,39.082603,0.0,0.0,0.0,0.0,0.0,0.0,100.604645,0.0,21.509127,0.0,0.0,0.0,75.566284,0.0,0.0,0.0,75.566284,0.0,0.0,0.0,0.0,0.0,0.0,0.0,0.0,109.87716,0.0,20.240368,0.0,0.0,21.394072,0.0,0.0,0.0,0.0,0.0,0.0,0.0,0.0,0.0,60.89793,66.36285,0.0,0.0,0.0,0.0,0.0,0.0,0.0,0.0,0.0,0.0,38.646553,0.0,0.0,0.0,0.0,32.55234,0.0,0.0,0.0,0.0,0.0,0.0,0.0,0.0,0.0,65.36637,0.0,0.0,0.0,63.648872,78.26985,0.0,63.648872,0.0,0.0,0.0,0.0,0.0,0.0,109.06044,0.0,0.0,0.0,0.0,74.53634,0.0,155.4622,0.0,0.0,0.0,0.0,0.0,0.0,102.20535,0.0,111.92542,25.659813,0.0,0.0,23.113941,0.0,0.0,120.51987,58.794632,0.0,0.0,0.0,0.0,0.0,0.0,0.0,127.53725,0.0,46.160458,0.0,0.0,0.0,0.0,0.0,0.0,0.0,226.91486,0.0,0.0,0.0,0.0,0.0,0.0,109.15831,0.0,0.0,0.0,0.0,0.0,0.0,0.0,0.0,120.517654,0.0,0.0,0.0,162.07428,0.0,0.0,0.0,0.0,0.0,0.0,0.0,0.0,77.83358,0.0,0.0,0.0,0.0,0.0,0.0,0.0,0.0,0.0,0.0,0.0,0.0,0.0,0.0,0.0,0.0,0.0,0.0,0.0,0.0,66.97623,0.0,0.0,0.0,0.0,0.0,0.0,0.0,0.0,50.246464,0.0,0.0,0.0,0.0,0.0,0.0,0.0,0.0,0.0,0.0,0.0,117.29026,0.0,112.74825,0.0,0.0,84.31424,0.0,0.0,0.0,0.0,0.0,0.0,25.925928,0.0,78.276024,109.758736,0.0,0.0,0.0,0.0,0.0,0.0,0.0,0.0,0.0,0.0,0.0,0.0,0.0,0.0,0.0,0.0,0.0,0.0,0.0,28.923717,0.0,25.875332,76.08986,0.0,0.0,0.0,81.69599,152.81483,84.68542,137.69505,75.79808,117.55382,0.0,152.05582,33.80019,62.1169,34.262756,88.32659,44.914856,115.08202,15.205631,0.0,139.41806,29.451294,152.76717,33.99778,113.863716,113.89765,90.554,0.0,176.83902,87.586,4.354047,96.35138,0.0,147.01256,0.0,0.0,0.0,0.0,61.354942,103.67622,110.04995,30.326948,0.0,0.0,56.821445,96.09536,0.0,85.465256,0.0,0.0,0.0,0.0,0.0,0.0,0.0,0.0,0.0,0.0,0.0,0.0,0.0,0.0,0.0,0.0,0.0,0.0,0.0,0.0,0.0,112.71124,0.0,0.0,0.0,0.0,44.42842,52.598335,0.0,0.0,0.0,54.49916,64.25361,80.66623,66.52379,16.344025,0.0,6.905674,0.0,0.0,17.53217,100.037735,98.9559,0.0,0.0,0.0,0.0,0.0,0.0,0.0,0.0,72.395386,44.450207,0.0,0.0,0.0,0.0,0.0,0.0,0.0,0.0,0.0,0.0,0.0,0.0,0.0,0.0,0.0,0.0,0.0,0.0,0.0,0.0,0.0,113.863716,71.16038,54.011086,75.30333,0.0,230.08237,70.35916,77.749115,0.0,0.0,0.0,0.0,0.0,102.38253,49.997837,48.991558,74.95535,48.322945,0.0,66.20407,125.252075,0.0,0.0,0.0,0.0,0.0,0.0,0.0,0.0,0.0,0.0,0.0,0.0,0.0,0.0,0.0,0.0,0.0,0.0,0.0,0.0,0.0,0.0,0.0,0.0,0.0,0.0,56.955757,0.0,0.0,83.65609,0.0,0.0,0.0,0.0,0.0,0.0,24.747898,47.042377,63.229115,51.553616,0.0,0.0,0.0,0.0,0.0,0.0,0.0,0.0,0.0,67.813126,80.38644,34.92646,150.08455,94.07885,0.0,0.0,0.0,0.0,0.0,0.0,0.0,0.0,0.0,0.0,0.0,0.0,0.0,0.0,0.0
C18x28_C19x28,87.47415,0.0,0.0,0.0,125.99626,0.0,0.0,0.0,86.0479,0.0,0.0,0.0,0.0,0.0,0.0,0.0,351.34103,0.0,0.0,52.317158,0.0,0.0,0.0,0.0,0.0,0.0,0.0,0.0,0.0,0.0,0.0,0.0,0.0,0.0,0.0,0.0,0.0,0.0,0.0,138.53978,0.0,0.0,22.787594,0.0,0.0,0.0,0.0,0.0,0.0,41.244877,0.0,0.0,0.0,0.0,0.0,0.0,131.34007,0.0,0.0,0.0,0.0,0.0,0.0,0.0,0.0,0.0,0.0,0.0,0.0,0.0,0.0,0.0,0.0,0.0,0.0,125.22961,0.0,34.138985,0.0,28.722675,36.084915,0.0,60.807037,0.0,0.0,0.0,0.0,0.0,0.0,0.0,128.00146,0.0,0.0,0.0,0.0,0.0,0.0,0.0,0.0,0.0,0.0,33.58366,35.921032,0.0,0.0,0.0,0.0,54.452923,60.83851,0.0,0.0,0.0,0.0,0.0,0.0,0.0,0.0,33.96642,0.0,0.0,0.0,0.0,57.862576,0.0,0.0,0.0,0.0,0.0,0.0,0.0,0.0,80.0955,0.0,0.0,0.0,0.0,0.0,0.0,133.99919,0.0,0.0,0.0,0.0,0.0,0.0,0.0,110.973526,110.71866,0.0,0.0,0.0,28.136707,0.0,74.31827,74.147575,138.82643,0.0,0.0,0.0,0.0,0.0,0.0,0.0,163.95755,0.0,78.68714,0.0,0.0,0.0,0.0,0.0,0.0,0.0,237.51588,0.0,0.0,0.0,0.0,0.0,0.0,115.19756,0.0,0.0,0.0,0.0,0.0,0.0,0.0,0.0,64.557365,0.0,0.0,0.0,149.61757,0.0,0.0,0.0,0.0,0.0,0.0,0.0,79.30179,0.0,0.0,0.0,0.0,0.0,0.0,0.0,0.0,135.89891,0.0,0.0,0.0,0.0,0.0,0.0,0.0,0.0,0.0,0.0,0.0,0.0,42.99653,0.0,0.0,0.0,0.0,0.0,0.0,11.462701,0.0,81.857704,0.0,0.0,0.0,0.0,0.0,0.0,0.0,86.925095,0.0,0.0,0.0,144.44347,0.0,114.69373,0.0,0.0,54.87529,0.0,0.0,0.0,0.0,0.0,0.0,20.55296,0.0,110.98259,123.14661,0.0,0.0,0.0,0.0,0.0,0.0,0.0,0.0,0.0,0.0,0.0,0.0,0.0,0.0,0.0,0.0,0.0,0.0,0.0,78.587074,0.0,0.0,56.104645,0.0,0.0,0.0,135.86331,141.00327,48.41156,147.6826,88.24564,103.46085,102.76208,122.18765,0.0,48.543503,35.081497,135.0661,51.421112,99.01767,84.803696,100.932205,142.39409,49.674854,139.85992,94.0739,30.27974,161.48822,103.20655,83.75091,174.89574,43.365063,118.465,30.678957,38.733276,187.64977,65.60257,82.85046,41.43405,59.457863,0.0,120.60643,125.98989,0.0,0.0,0.0,60.066055,132.02461,26.619398,50.88264,0.0,0.0,0.0,0.0,0.0,0.0,0.0,0.0,0.0,0.0,0.0,0.0,0.0,0.0,0.0,0.0,0.0,0.0,0.0,0.0,0.0,79.48053,0.0,0.0,106.84066,0.0,0.0,0.0,0.0,0.0,0.0,62.39377,71.38426,150.6625,0.0,0.0,0.0,0.0,0.0,0.0,0.0,0.0,0.0,0.0,0.0,0.0,0.0,0.0,0.0,0.0,0.0,94.88803,49.834354,0.0,0.0,0.0,0.0,0.0,0.0,0.0,0.0,0.0,0.0,0.0,0.0,0.0,0.0,0.0,0.0,0.0,0.0,0.0,0.0,0.0,30.27974,14.11518,149.53227,0.0,53.831898,155.52641,45.549927,48.391685,0.0,0.0,0.0,0.0,0.0,0.0,0.0,0.0,0.0,0.0,0.0,0.0,0.0,0.0,0.0,0.0,0.0,0.0,0.0,0.0,0.0,0.0,0.0,0.0,0.0,0.0,0.0,80.0272,0.0,77.50005,49.944283,0.0,0.0,0.0,0.0,0.0,62.68392,0.0,0.0,0.0,0.0,0.0,86.78518,0.0,0.0,0.0,0.0,0.0,0.0,0.0,49.82878,91.66564,78.91042,0.0,0.0,0.0,0.0,0.0,0.0,0.0,0.0,0.0,0.0,0.0,96.64362,81.799065,0.0,0.0,0.0,0.0,93.69175,0.0,0.0,0.0,0.0,0.0,0.0,0.0,0.0,0.0,0.0,0.0
C18x29_C18x30,33.00063,0.0,0.0,0.0,27.687885,0.0,0.0,0.0,0.0,56.94339,89.345955,0.0,0.0,80.83415,95.10128,0.0,72.656075,0.0,40.844482,43.527046,0.0,108.044495,0.0,54.492817,54.492817,0.0,0.0,0.0,121.0086,0.0,0.0,0.0,0.0,0.0,0.0,0.0,0.0,0.0,0.0,57.28701,58.800884,0.0,0.0,0.0,0.0,0.0,0.0,0.0,0.0,0.0,0.0,0.0,0.0,0.0,0.0,54.09636,46.59729,0.0,49.26747,0.0,70.81767,0.0,58.474373,0.0,29.491861,29.491861,65.49062,0.0,36.933613,0.0,0.0,0.0,0.0,0.0,0.0,61.179096,0.0,21.17169,0.0,25.258362,0.0,0.0,0.0,0.0,0.0,0.0,0.0,0.0,0.0,0.0,0.0,78.10882,0.0,0.0,0.0,0.0,0.0,0.0,0.0,0.0,0.0,0.0,63.856346,0.0,0.0,0.0,0.0,67.91182,35.56221,0.0,0.0,0.0,0.0,0.0,0.0,0.0,0.0,69.330475,0.0,0.0,0.0,37.494255,68.845505,0.0,60.943943,0.0,0.0,0.0,0.0,0.0,0.0,204.60156,0.0,0.0,67.40486,0.0,56.363796,0.0,132.49356,0.0,0.0,0.0,0.0,0.0,0.0,58.784817,0.0,23.100372,0.0,0.0,0.0,0.0,0.0,0.0,25.80045,50.335926,20.895145,0.0,0.0,39.5337,0.0,0.0,0.0,99.00667,11.58452,43.874886,0.0,0.0,0.0,0.0,0.0,0.0,0.0,59.03591,0.0,0.0,0.0,0.0,0.0,0.0,53.794167,0.0,0.0,0.0,0.0,0.0,0.0,0.0,0.0,5.485548,0.0,0.0,0.0,210.23602,0.0,0.0,0.0,0.0,0.0,0.0,0.0,0.0,63.26265,0.0,0.0,0.0,0.0,0.0,0.0,59.588333,0.0,0.0,0.0,0.0,0.0,0.0,0.0,0.0,0.0,0.0,0.0,0.0,0.0,40.100147,0.0,0.0,0.0,0.0,36.32006,0.0,0.0,0.0,151.80795,0.0,0.0,0.0,0.0,0.0,0.0,0.0,0.0,0.0,58.989178,0.0,102.931305,0.0,119.49308,0.0,0.0,158.17676,0.0,0.0,0.0,0.0,0.0,0.0,54.354645,0.0,78.97644,121.42594,55.67157,75.992294,94.400734,50.80839,80.07421,73.742004,100.909225,0.0,67.09095,18.061327,58.117847,94.66088,59.958504,55.159634,80.81444,43.550056,0.0,104.53345,0.0,0.0,24.857203,22.838833,0.0,0.0,0.0,0.0,67.64687,43.072746,27.49856,37.927864,32.57895,39.977818,25.099718,31.482983,37.112072,51.43477,34.1317,53.330635,18.921947,54.152668,25.747759,29.300793,57.72994,12.294155,62.061295,33.867256,57.321487,45.96015,42.33668,35.56221,74.370094,40.73859,31.36877,46.473515,0.0,64.714874,0.0,0.0,0.0,0.0,62.1368,56.91686,86.4739,22.452658,0.0,0.0,0.0,0.0,0.0,0.0,0.0,0.0,40.73859,65.94828,0.0,0.0,0.0,0.0,0.0,0.0,0.0,0.0,0.0,0.0,0.0,0.0,0.0,0.0,0.0,0.0,0.0,78.34954,0.0,0.0,14.677239,0.0,60.49431,70.077225,105.196106,0.0,0.0,27.34337,18.877975,65.89898,65.136986,0.0,37.074833,0.0,0.0,0.0,11.896276,60.121487,18.795742,109.02435,9.527196,85.63018,126.83002,151.98459,0.0,0.0,0.0,107.70939,47.432163,0.0,0.0,0.0,0.0,0.0,0.0,0.0,0.0,0.0,0.0,0.0,0.0,0.0,0.0,0.0,0.0,94.09155,0.0,0.0,0.0,0.0,32.15154,11.30078,23.855833,0.0,21.103561,74.37664,30.703053,9.553017,0.0,0.0,0.0,0.0,0.0,127.29004,63.277157,0.0,84.35036,80.84811,58.722935,81.23558,158.25102,31.941414,0.0,0.0,0.0,0.0,0.0,0.0,0.0,0.0,0.0,0.0,0.0,0.0,0.0,0.0,0.0,0.0,0.0,0.0,0.0,0.0,0.0,0.0,0.0,0.0,0.0,125.371735,0.0,0.0,141.22002,0.0,0.0,52.11046,0.0,0.0,0.0,19.261143,9.518521,72.80192,76.385445,0.0,0.0,0.0,0.0,0.0,0.0,0.0,0.0,0.0,50.20567,0.0,41.223576,79.39976,92.1176,42.97806,0.0,0.0,0.0,0.0,0.0,0.0,0.0,0.0,0.0,0.0,0.0,0.0,0.0,0.0
C18x29_C19x29,33.108738,0.0,0.0,0.0,79.553055,0.0,0.0,0.0,0.0,41.306297,0.0,0.0,89.30727,105.13537,71.34686,0.0,226.24945,0.0,0.0,16.65481,0.0,33.848083,0.0,0.0,0.0,0.0,0.0,0.0,118.2421,0.0,0.0,0.0,0.0,0.0,0.0,0.0,0.0,27.99681,0.0,49.90657,73.48334,18.798416,0.0,0.0,0.0,0.0,0.0,26.584976,0.0,39.252026,0.0,0.0,0.0,0.0,31.00627,0.0,57.024902,0.0,0.0,0.0,0.0,0.0,0.0,0.0,0.0,0.0,68.69797,0.0,41.035606,0.0,0.0,0.0,0.0,0.0,0.0,48.06835,0.0,4.1427007,11.652543,21.6286,11.652543,0.0,136.62686,0.0,0.0,0.0,0.0,0.0,0.0,0.0,0.0,79.44236,0.0,0.0,0.0,0.0,0.0,0.0,0.0,0.0,0.0,53.46437,37.991753,0.0,0.0,0.0,0.0,90.21124,42.626167,0.0,0.0,0.0,0.0,0.0,0.0,0.0,0.0,90.6192,0.0,0.0,47.48016,0.0,77.40775,47.48016,77.40775,0.0,0.0,0.0,0.0,0.0,0.0,139.5672,0.0,0.0,58.131374,0.0,83.11619,0.0,91.020424,0.0,0.0,0.0,0.0,0.0,0.0,0.0,0.0,45.495396,0.0,0.0,0.0,19.903372,0.0,0.0,26.062586,68.311005,0.0,0.0,0.0,0.0,0.0,0.0,0.0,136.7905,11.241543,34.172665,0.0,0.0,0.0,0.0,0.0,0.0,0.0,117.678894,0.0,0.0,0.0,0.0,0.0,0.0,54.698578,0.0,0.0,0.0,0.0,30.503967,0.0,54.564526,0.0,42.780685,0.0,0.0,0.0,162.56534,0.0,0.0,0.0,0.0,0.0,0.0,0.0,0.0,43.78717,0.0,0.0,0.0,0.0,0.0,0.0,0.0,158.04776,0.0,0.0,0.0,0.0,0.0,0.0,14.242698,0.0,0.0,0.0,0.0,0.0,40.32779,0.0,0.0,0.0,0.0,0.0,149.72513,0.0,0.0,162.7285,0.0,0.0,0.0,17.044476,0.0,0.0,0.0,138.33652,0.0,0.0,0.0,160.72308,0.0,80.3619,0.0,0.0,108.53666,0.0,0.0,0.0,0.0,0.0,0.0,57.52346,0.0,83.32335,81.404106,0.0,0.0,107.092834,47.075165,75.768456,58.262054,79.70803,0.0,70.47411,19.753647,65.08375,103.530464,63.086327,29.912954,69.4933,52.901806,0.0,87.98639,0.0,38.571156,38.354103,18.613398,41.758923,0.0,0.0,0.0,88.314354,77.10913,60.733105,96.60979,55.252735,64.84789,28.127146,82.10478,32.113537,43.106533,33.401066,55.350483,27.407784,37.563164,0.0,29.853655,40.602795,3.9789398,64.89654,39.623306,0.0,80.02957,33.862186,42.626167,54.06361,36.255337,13.754471,29.641592,12.330475,85.152245,0.0,0.0,0.0,0.0,35.56151,110.94161,69.48379,63.615047,0.0,0.0,0.0,0.0,0.0,0.0,0.0,0.0,0.0,0.0,0.0,0.0,0.0,0.0,0.0,0.0,0.0,0.0,0.0,0.0,0.0,0.0,0.0,0.0,0.0,0.0,0.0,62.852184,0.0,0.0,29.555046,42.966576,34.09165,51.89528,59.8921,0.0,0.0,38.906143,12.677016,39.006115,53.81088,12.837959,30.621115,14.615881,0.0,0.0,34.424465,96.298294,0.0,0.0,0.0,0.0,0.0,0.0,0.0,0.0,0.0,110.34961,61.761265,0.0,0.0,0.0,0.0,0.0,0.0,0.0,0.0,0.0,0.0,0.0,0.0,0.0,0.0,0.0,0.0,0.0,0.0,0.0,0.0,0.0,0.0,32.532207,51.770527,0.0,23.648989,64.15488,29.410662,37.870247,0.0,34.6452,57.337612,0.0,0.0,129.01427,64.45631,38.48205,85.33914,75.999825,63.73057,81.28109,154.4028,0.0,0.0,0.0,0.0,0.0,0.0,0.0,0.0,0.0,0.0,0.0,0.0,0.0,0.0,0.0,0.0,0.0,0.0,0.0,0.0,0.0,0.0,0.0,27.470255,0.0,0.0,66.95911,0.0,0.0,139.57896,57.69693,0.0,45.913246,0.0,0.0,0.0,37.468193,8.131086,120.3501,0.0,0.0,0.0,0.0,0.0,0.0,0.0,0.0,0.0,0.0,53.90766,0.0,56.035816,83.85618,76.100075,0.0,0.0,33.53135,77.34733,0.0,0.0,0.0,0.0,0.0,0.0,0.0,0.0,0.0,10.11572,0.0
C18x30_C18x31,19.97693,19.97693,0.0,0.0,12.28473,0.0,0.0,0.0,0.0,0.0,43.732216,0.0,9.744248,31.394314,58.341297,17.129938,23.662663,29.951399,0.0,30.972456,0.0,33.995655,0.0,28.72747,28.72747,13.4981785,13.4981785,0.0,33.556854,7.6889777,0.0,11.254359,11.254359,11.254359,0.0,0.0,43.458717,62.251713,25.414154,64.052315,54.087624,0.0,0.0,0.0,0.0,0.0,0.0,0.0,0.0,0.0,18.556324,18.556324,18.556324,17.247292,0.0,85.73948,49.353283,0.0,0.0,0.0,36.330566,0.0,26.472357,10.511008,22.370031,22.370031,22.370031,0.0,52.876995,0.0,0.0,0.0,0.0,0.0,0.0,37.72259,0.0,37.084206,3.8668358,54.343433,5.220479,0.0,72.46141,17.323025,0.0,17.323025,0.0,0.0,20.056608,11.86028,11.86028,45.81046,14.607939,0.0,0.0,14.607939,14.607939,0.0,0.0,0.0,9.058823,37.892635,51.417736,0.0,66.69968,15.945593,15.945593,55.98438,21.527584,15.945593,0.0,40.399826,28.132126,0.0,37.980198,28.132126,0.0,66.152016,79.569664,0.0,13.889738,0.0,36.706715,0.0,36.706715,12.190308,0.0,8.585606,8.585606,5.4361215,17.934818,101.79775,17.934818,0.0,0.0,10.791284,17.492914,0.0,85.01351,0.0,19.696297,19.696297,22.978418,0.0,7.021816,0.0,24.213018,0.0,0.0,0.0,0.0,23.125744,0.0,29.049667,0.0,35.76246,34.68607,0.0,0.0,12.630231,0.0,5.963379,0.0,73.63791,14.022742,46.938747,18.587023,0.0,45.29942,0.0,0.0,21.356815,21.356815,28.833088,16.004461,28.55291,0.0,21.282133,0.0,10.932384,10.932384,9.462539,0.0,0.0,9.258421,22.678406,0.0,51.172794,0.0,0.0,0.0,0.0,14.981506,101.373436,0.0,7.3018646,36.660526,44.962284,26.58801,0.0,34.551342,0.0,24.355616,17.629103,10.027073,0.0,10.350223,0.0,0.0,60.35542,99.166824,0.0,0.0,0.0,0.0,13.766814,8.44015,0.0,20.724495,20.724495,15.329801,15.329801,7.6245666,26.769566,0.0,8.551163,14.460647,8.551163,36.702934,67.51551,0.0,16.794592,58.965183,0.0,0.0,0.0,40.543106,19.570082,0.0,7.875942,86.459496,20.669485,23.008974,23.698282,23.698282,24.368496,69.05967,23.017996,0.0,119.58681,10.593858,10.593858,0.0,10.482098,10.482098,19.710339,47.05647,0.0,87.93555,73.64516,21.998392,29.675539,37.82006,35.86093,20.396387,22.88637,47.93758,30.815577,34.55414,49.52975,55.636612,51.25601,6.7729588,30.424145,74.30761,26.604988,34.207455,34.659843,17.631037,20.725433,45.70791,29.542416,17.970678,24.213018,0.0,29.049667,37.874714,62.764263,22.062355,52.46289,44.240234,32.083565,34.083897,54.315712,58.820408,30.458796,31.838482,58.013176,10.703574,49.045235,9.659219,0.0,52.094135,9.74574,55.0077,0.0,49.32326,51.475758,16.132715,40.188316,55.399147,45.063988,34.267715,53.3841,0.0,37.539978,0.0,0.0,0.0,0.0,23.053959,32.825638,10.212872,62.7352,0.0,0.0,26.58801,28.132126,0.0,20.431599,0.0,0.0,38.053333,47.883842,19.570082,10.482098,10.791284,19.459766,17.880123,10.350223,9.258421,30.579199,9.462539,36.660526,11.858044,0.0,5.44513,8.44015,21.356815,24.368496,0.0,48.293373,27.520267,43.245518,0.0,102.69647,48.89421,94.6527,78.917274,0.0,41.249466,12.04688,16.693697,23.87261,45.268127,16.35237,7.106979,51.64074,0.0,0.0,0.0,0.0,0.0,56.213226,33.370754,59.213646,76.31103,56.8847,26.58801,34.299618,20.431599,53.475937,62.820652,0.0,0.0,0.0,0.0,0.0,0.0,0.0,0.0,0.0,0.0,0.0,0.0,0.0,0.0,0.0,0.0,78.02269,0.0,0.0,0.0,0.0,33.896374,18.155525,17.92711,16.036055,16.389597,63.497894,23.84482,14.618768,0.0,13.704112,27.602846,35.89554,28.942774,41.649982,29.816883,65.476295,37.375996,8.154247,29.299194,51.059566,50.199543,38.26326,0.0,0.0,0.0,0.0,0.0,0.0,0.0,0.0,0.0,0.0,0.0,56.15316,0.0,23.243402,33.415047,0.0,0.0,0.0,0.0,0.0,33.896374,34.139305,0.0,0.0,0.0,56.845524,0.0,0.0,78.91614,47.93671,0.0,47.91475,0.0,0.0,28.104095,52.90601,8.991398,50.41762,3.2248247,0.0,0.0,0.0,0.0,0.0,0.0,0.0,0.0,0.0,70.47571,0.0,24.919382,57.795967,64.0188,36.429775,28.490154,60.72242,0.0,7.2848964,0.0,0.0,5.44513,0.0,0.0,0.0,0.0,4.867276,12.0406065,9.857714
C18x30_C19x30,0.0,0.0,0.0,0.0,37.757515,0.0,0.0,0.0,0.0,0.0,39.661827,0.0,32.456432,77.78947,0.0,0.0,61.41003,0.0,68.31115,0.0,0.0,40.593212,0.0,20.473404,22.399298,0.0,0.0,0.0,45.463936,0.0,0.0,0.0,0.0,0.0,0.0,0.0,45.26303,0.0,0.0,46.28425,102.780365,0.0,0.0,0.0,0.0,0.0,0.0,0.0,0.0,0.0,0.0,0.0,0.0,0.0,0.0,95.84981,30.00827,0.0,30.968637,35.511265,39.187996,0.0,0.0,0.0,0.0,17.442293,0.0,0.0,21.496336,0.0,0.0,0.0,0.0,0.0,0.0,20.216652,0.0,52.29592,0.0,42.575462,0.0,0.0,29.967836,0.0,0.0,0.0,0.0,0.0,16.058844,0.0,0.0,90.13289,0.0,0.0,0.0,0.0,0.0,0.0,0.0,0.0,0.0,20.017097,43.019917,0.0,8.022629,0.0,0.0,107.845474,0.0,0.0,0.0,54.07897,0.0,0.0,46.793503,0.0,0.0,66.52735,0.0,0.0,0.0,0.0,44.95416,0.0,47.839928,0.0,0.0,0.0,0.0,0.0,0.0,164.8207,0.0,0.0,49.087395,0.0,35.876453,0.0,158.8074,0.0,0.0,0.0,0.0,0.0,0.0,37.321877,0.0,29.76141,0.0,0.0,0.0,0.0,0.0,0.0,34.156178,58.66706,51.634415,0.0,0.0,28.40156,0.0,0.0,0.0,62.816273,21.567186,85.50869,0.0,0.0,54.953297,0.0,0.0,0.0,0.0,0.0,0.0,0.0,0.0,0.0,0.0,0.0,50.979176,0.0,0.0,0.0,0.0,0.0,0.0,33.215073,0.0,21.46947,0.0,0.0,12.86827,170.96146,0.0,0.0,0.0,48.924362,0.0,0.0,34.719357,0.0,42.521732,0.0,0.0,0.0,0.0,0.0,0.0,56.28458,57.45095,0.0,0.0,0.0,0.0,0.0,0.0,0.0,0.0,0.0,0.0,0.0,0.0,51.100285,0.0,0.0,16.399372,0.0,40.27618,35.579597,0.0,0.0,98.647415,0.0,0.0,0.0,27.254532,0.0,0.0,0.0,42.636913,0.0,34.784275,0.0,106.08129,0.0,74.75769,0.0,0.0,136.10313,0.0,0.0,0.0,0.0,0.0,0.0,94.64689,0.0,106.53566,78.87129,20.328539,51.79038,103.71906,98.34627,42.366364,55.205074,109.17266,46.731773,87.81806,50.157032,65.0804,71.87734,14.856572,66.87907,98.52915,72.96245,46.44577,86.19752,13.93307,0.0,33.399666,41.429874,9.736789,0.0,0.0,0.0,44.09023,112.091385,66.82031,73.79898,68.66707,101.16332,0.0,88.502,65.75646,47.07463,37.053818,43.27575,18.181225,20.179178,0.0,0.0,34.04174,30.367638,49.811718,35.245678,19.806377,61.864025,12.405343,45.73419,50.684814,32.861927,20.706873,30.710428,0.0,54.784885,24.180822,29.480768,42.25433,32.155025,30.498781,65.27895,29.542658,92.336815,0.0,0.0,0.0,0.0,0.0,0.0,0.0,0.0,32.861927,55.60284,0.0,0.0,0.0,0.0,0.0,0.0,0.0,0.0,0.0,0.0,0.0,0.0,0.0,0.0,0.0,0.0,0.0,0.0,39.5218,38.309376,8.918632,93.45699,68.332115,95.97054,89.85337,0.0,42.16678,26.272984,22.293468,63.0604,72.157906,0.0,25.580671,28.919428,0.0,0.0,0.0,0.0,0.0,147.1223,32.15943,102.63056,101.79648,103.58076,0.0,0.0,0.0,73.20342,74.0974,0.0,0.0,0.0,0.0,0.0,0.0,0.0,0.0,0.0,0.0,0.0,0.0,0.0,0.0,0.0,0.0,58.184788,13.635643,0.0,0.0,9.570707,45.926865,24.599281,20.560513,21.727568,0.0,82.28571,32.30782,20.893457,0.0,0.0,0.0,0.0,36.863438,43.982716,50.075684,73.46505,80.62497,32.28675,40.5173,94.50986,68.65592,61.218746,0.0,0.0,0.0,0.0,0.0,0.0,0.0,0.0,0.0,0.0,0.0,0.0,0.0,0.0,0.0,0.0,0.0,0.0,0.0,0.0,32.4752,22.72678,0.0,0.0,0.0,51.40732,0.0,0.0,72.582054,0.0,0.0,56.109962,0.0,0.0,37.531395,59.03569,15.736464,50.584297,27.892235,0.0,0.0,0.0,0.0,0.0,0.0,0.0,0.0,0.0,0.0,0.0,42.9014,83.11257,102.04669,44.65629,26.332417,55.55483,0.0,0.0,0.0,0.0,0.0,0.0,0.0,0.0,0.0,0.0,2.4911847,20.785831
C18x31_C18x32,17.065752,17.065752,13.150688,0.0,13.801604,7.338981,0.0,0.0,0.0,10.22968,32.58901,0.0,105.4354,45.958527,34.962967,18.890745,53.970024,17.100145,0.0,0.0,0.0,36.797085,0.0,28.251696,28.251696,12.485852,12.485852,0.0,41.11774,12.33197,0.0,13.322621,13.322621,13.322621,9.986647,0.0,25.015963,61.842617,18.205534,19.299606,43.155228,28.035738,9.708555,9.708555,18.441483,12.951635,12.951635,23.781006,0.0,25.278944,5.0113525,5.0113525,5.0113525,45.07487,0.0,75.59661,21.195166,0.0,26.160479,0.0,0.0,38.967808,17.177933,8.801681,11.004441,4.654923,20.863905,26.48295,35.47026,0.0,0.0,0.0,0.0,13.893686,0.0,48.64221,0.0,69.256004,18.410685,37.916054,22.377968,0.0,102.031555,22.877235,17.148794,22.877235,0.0,0.0,16.836647,15.178524,11.371731,38.191326,13.6289,10.216233,0.0,13.6289,13.6289,0.0,0.0,22.72755,7.6686015,24.02016,30.62897,0.0,46.26645,10.373737,10.373737,42.057514,13.793726,10.373737,0.0,13.914804,32.54128,0.0,13.081417,30.504671,0.0,22.854061,67.72512,0.0,21.807728,0.0,22.104628,0.0,0.0,0.0,0.0,31.056831,21.81152,0.0,0.0,0.0,0.0,0.0,0.0,0.0,0.0,0.0,76.191574,0.0,36.815224,25.855694,21.465082,0.0,15.901999,35.20322,5.9266596,0.0,17.83624,6.4500437,0.0,27.32589,0.0,8.269396,0.0,19.122322,15.833117,0.0,0.0,0.0,13.6167145,20.93594,0.0,79.17122,34.418255,70.009125,15.370507,0.0,28.263464,0.0,0.0,24.14709,16.95874,31.13861,18.419167,35.656715,0.0,26.928411,0.0,12.125658,23.666805,8.121014,0.0,0.0,14.670276,49.83365,0.0,104.539,23.286825,0.0,0.0,0.0,19.086138,81.39745,13.214647,38.70812,26.962309,32.541443,44.024124,0.0,4.5757203,0.0,21.436296,17.445395,12.199131,30.713213,13.654013,0.0,0.0,45.822895,131.53958,0.0,7.1379285,10.163504,7.1379285,9.769392,12.494353,18.879576,23.272945,23.272945,0.0,0.0,7.579989,30.73102,0.0,20.353756,13.997478,20.353756,30.24254,35.219868,0.0,8.112106,44.573822,0.0,7.401477,0.0,21.468933,12.708763,0.0,25.466763,57.57849,12.910093,0.0,28.044857,54.73783,26.016245,59.235126,24.18493,0.0,122.37683,33.076168,33.076168,0.0,16.294466,11.443765,21.616058,33.19641,15.218896,64.138405,77.59901,8.814602,18.183632,28.636522,14.939393,20.647577,23.982954,52.44069,23.375032,10.505768,49.147667,55.709187,51.549038,6.836563,30.709854,74.53019,26.003689,30.019722,0.0,19.324314,28.928608,10.797216,17.35856,39.542072,5.9266596,17.748837,6.8963,22.61904,67.52867,71.73757,66.380486,39.54555,95.973656,41.761456,0.0,33.42568,40.951324,18.858446,28.08299,12.851857,42.25148,24.753925,2.3949628,39.01621,41.775833,34.848244,44.338367,32.837082,38.68885,31.481205,25.750526,26.498022,15.657571,9.114424,22.296265,9.121739,19.749846,6.2709627,12.712284,19.501797,14.5776825,17.708546,31.847961,15.344927,56.919006,13.742595,0.0,30.918577,22.854061,8.604638,11.158373,0.0,28.43333,13.221704,15.814726,12.708763,11.443765,0.0,29.910355,3.991157,13.654013,14.670276,20.943172,8.121014,26.962309,11.837524,3.0340366,25.52668,12.494353,16.95874,26.016245,7.1379285,25.41234,42.29963,29.618118,33.13404,73.81522,47.164482,77.015594,25.856596,8.604638,20.934965,17.280636,22.366215,25.574682,9.350546,0.0,24.470436,24.363081,0.0,0.0,0.0,0.0,0.0,47.756123,0.0,49.993248,68.127,49.117058,41.26886,55.036304,14.893743,36.768406,31.559967,1.5104289,0.0,21.547024,23.006464,6.4500437,13.853237,0.0,22.754816,6.531755,0.0,5.5481524,26.7283,11.521745,21.022448,12.712284,19.501797,28.467789,24.32001,0.0,46.374657,0.0,27.510006,24.771729,29.55614,31.755995,17.579144,58.363922,21.1473,27.045885,15.451107,9.058059,34.357998,25.979387,5.3505964,40.356396,31.524162,66.16283,31.272682,7.192019,47.629864,49.335526,44.756233,5.9064155,0.0,0.0,0.0,0.0,0.0,0.0,0.0,0.0,0.0,0.0,0.0,25.370474,0.0,35.27327,24.763731,2.900652,17.748837,12.620878,0.0,0.0,22.012222,26.29456,0.0,0.0,0.0,36.810562,0.0,0.0,59.407043,43.170563,24.246922,29.241697,0.0,0.0,18.710371,47.06713,33.45543,27.760374,10.390044,0.0,15.570391,19.134817,20.87099,0.0,0.0,0.0,0.0,0.0,53.238358,0.0,55.624416,61.700905,48.429413,22.089357,3.277946,62.44392,67.87566,24.723494,15.218896,3.0340366,25.52668,0.0,0.0,0.0,3.0340366,13.4223995,42.445244,15.737224
C18x31_C19x31,29.495148,29.495148,0.0,0.0,16.039341,0.0,0.0,0.0,0.0,0.0,22.827776,0.0,36.532772,31.003754,16.916655,22.858143,41.769493,21.437057,0.0,26.80125,0.0,64.70386,9.157836,47.069893,47.069893,22.116734,22.116734,0.0,68.5059,7.4979906,0.0,19.480633,19.480633,19.480633,0.0,0.0,29.456215,48.874825,19.953064,50.28851,61.803997,11.27738,0.0,0.0,6.5109987,6.5109987,6.5109987,15.33097,0.0,15.33097,9.168705,9.168705,9.168705,21.777176,0.0,43.55435,23.585299,0.0,22.633196,0.0,0.0,65.688896,0.0,0.0,0.0,0.0,0.0,28.698221,3.9344327,0.0,0.0,0.0,0.0,0.0,0.0,50.692364,0.0,96.187546,23.371386,40.277092,31.55289,0.0,66.08028,16.221285,0.0,16.221285,0.0,0.0,23.520876,10.454668,10.454668,40.658676,20.333261,0.0,0.0,20.333261,20.333261,0.0,0.0,0.0,9.481258,38.62358,54.328384,0.0,71.09138,17.451405,17.451405,66.550835,23.56053,17.451405,0.0,35.565506,3.6408985,0.0,4.915449,3.6408985,0.0,8.561484,10.298016,0.0,21.908537,0.0,55.216965,16.743818,19.098127,0.0,0.0,11.54485,11.54485,7.5050697,10.370131,59.421696,10.370131,0.0,0.0,10.464276,13.391298,0.0,104.80062,0.0,15.661258,15.661258,10.924949,0.0,18.00132,13.981768,1.578887,0.0,9.8455105,0.0,13.390545,21.343555,0.0,13.556956,0.0,0.0,33.45839,0.0,0.0,0.0,0.0,6.427182,0.0,65.93538,23.955105,108.066795,25.095415,0.0,42.775852,0.0,0.0,22.384108,22.384108,30.22,6.2821007,19.416029,0.0,10.757644,0.0,0.0,13.885847,15.366025,0.0,0.0,8.880401,36.401276,0.0,45.891182,11.302415,0.0,0.0,0.0,20.08784,121.98234,7.5888476,18.97489,15.050212,49.62606,16.261314,0.0,17.368225,0.0,13.448857,5.2902637,15.132227,60.27964,15.187147,0.0,0.0,43.81712,66.24254,0.0,16.377905,16.377905,16.377905,17.482262,6.417195,21.232637,7.9614143,7.9614143,13.230267,13.230267,6.9187083,26.384455,0.0,23.349932,31.523926,23.349932,40.831726,57.714714,0.0,8.329817,31.765713,0.0,12.138689,0.0,26.239027,7.404613,0.0,10.770314,53.100002,13.034909,0.0,6.060487,32.115917,16.922981,74.96025,12.773276,0.0,142.54915,24.87733,24.87733,0.0,12.6194,12.6194,19.615156,54.11897,21.34225,93.865326,95.16817,5.8487883,27.676897,35.48576,15.335109,19.844145,27.087095,61.488586,29.188332,16.684822,58.620792,65.00605,60.6639,20.403967,34.008377,79.75869,29.23994,32.582317,17.344551,27.39285,13.390545,23.46317,0.0,37.441643,1.578887,14.33272,13.556956,41.56119,92.23385,97.51009,90.9968,48.95808,119.63929,46.90514,24.969027,34.655396,28.323606,25.177794,32.193,16.797182,34.929943,15.935945,0.0,32.852406,58.903843,41.778698,53.78973,18.662144,57.481747,29.334743,43.983475,51.66803,25.142117,17.673775,31.239872,0.0,28.532347,0.0,0.0,0.0,0.0,19.409288,39.37727,13.649668,66.429855,0.0,0.0,16.261314,3.6408985,0.0,12.864732,0.0,31.540289,21.23073,33.736195,7.404613,12.6194,10.464276,13.859219,9.975684,15.187147,8.880401,25.488789,15.366025,15.050212,0.0,12.199324,10.610382,6.417195,22.384108,16.922981,16.377905,14.501187,35.05249,36.04659,30.634766,69.14604,90.80894,87.57972,50.03152,25.199514,62.600887,11.146953,15.446644,27.87861,42.46783,9.853709,27.82063,31.117985,0.0,0.0,0.0,0.0,0.0,48.6597,13.783855,27.649466,33.15322,41.00084,16.261314,23.45736,12.864732,29.119907,40.519215,0.0,0.0,0.0,0.0,0.0,0.0,0.0,0.0,0.0,0.0,0.0,0.0,0.0,0.0,0.0,0.0,32.030582,34.856243,0.0,0.0,0.0,12.825166,21.857439,26.304909,15.381305,26.614735,26.067732,30.280165,11.114907,28.367363,9.964372,23.515114,21.953833,5.85312,22.935558,39.088196,73.2901,43.561417,37.78702,54.15076,75.73954,29.190031,34.720966,0.0,0.0,0.0,0.0,0.0,0.0,0.0,0.0,0.0,0.0,0.0,26.283255,0.0,30.286787,21.25978,13.037691,14.33272,0.0,0.0,0.0,12.825166,33.974445,0.0,0.0,0.0,50.192333,0.0,0.0,68.57307,30.735945,40.11751,39.43104,16.949919,8.475893,20.901457,39.43013,8.957833,43.09882,6.8941474,0.0,0.0,0.0,0.0,0.0,0.0,0.0,0.0,24.441893,42.016083,0.0,70.372696,81.38856,78.07283,39.98088,19.216621,43.595757,86.94143,9.278424,21.34225,12.199324,10.610382,0.0,0.0,0.0,12.199324,10.514533,13.795335,24.490276
C18x32_C18x33,19.090826,0.0,25.74967,8.549673,11.419246,11.419246,20.568869,23.998566,16.63709,27.024456,47.334576,0.0,75.36972,68.27868,24.924461,15.703253,70.29674,26.973589,21.459564,5.1918755,0.0,17.994596,31.633291,6.885386,5.358991,4.721305,4.721305,0.0,60.576508,25.710176,0.0,11.670347,11.670347,11.670347,27.163734,0.0,29.666733,15.9339485,4.8482046,11.59012,21.741041,48.904198,13.724214,17.415749,37.686733,28.234852,28.234852,43.92779,0.0,35.111366,16.098528,16.098528,16.098528,24.070793,14.818725,42.1611,14.967428,0.0,11.342641,0.0,24.978374,27.050602,6.710235,3.5548377,5.1842504,4.034974,10.065057,18.757761,12.06817,0.0,0.0,0.0,22.555676,18.145487,15.949272,46.652504,0.0,63.09331,9.831235,35.750835,8.691514,25.542734,82.68664,19.015755,22.707739,19.015755,0.0,0.0,0.0,17.606699,0.76792604,50.483253,20.380709,16.379711,0.0,20.380709,20.380709,0.0,10.120115,16.351196,9.571414,28.00378,25.33108,0.0,39.916107,2.0844846,2.0844846,39.934723,1.8428334,2.0844846,10.491116,0.0,17.041243,15.501501,0.0,14.836678,16.692978,12.410693,24.311903,0.0,0.0,0.0,12.105279,12.9079075,0.0,14.794128,12.812341,27.195349,16.241583,17.249525,0.0,0.0,0.0,0.0,0.0,13.876963,0.0,0.0,99.38837,0.0,22.44382,4.375683,20.285511,5.6948485,23.193733,13.398578,8.4866085,6.9270186,9.555186,0.0,0.0,15.076599,0.0,7.0873837,5.78493,29.12583,10.3217945,0.0,14.324663,0.0,0.0,0.0,12.69764,62.571472,14.446105,37.831585,17.803152,0.0,21.821661,0.0,0.0,16.474352,12.342564,31.66414,17.866692,19.681152,0.0,14.21817,18.539389,0.0,14.831023,20.067999,5.202997,22.05457,19.519371,64.15172,15.594934,63.411575,30.296043,6.810535,9.557962,0.0,27.465527,85.8271,31.759699,21.37079,0.0,0.0,36.61656,0.0,0.0,11.055123,21.620222,13.438361,0.0,29.957054,19.581562,9.081607,0.0,64.61439,62.894184,0.0,10.757788,18.718428,10.757788,13.74028,0.0,17.69827,0.0,0.0,11.8194,11.8194,0.0,0.0,0.0,8.897445,0.0,8.897445,20.607983,49.012424,14.977394,22.414946,87.61813,0.0,7.649577,0.0,25.648691,19.199043,10.690782,16.05556,95.32727,21.922768,26.304924,11.768141,41.172333,15.495939,68.67555,19.70457,0.0,75.187294,17.163963,17.163963,16.083754,23.744936,17.789679,12.341566,12.089348,20.634258,60.622395,55.48312,18.930323,17.735952,35.69596,32.52054,46.886337,54.460274,20.828154,39.1268,23.856403,60.202686,51.141376,41.7679,5.8762465,37.892982,74.308174,56.075527,60.132698,0.0,41.437214,13.644836,0.0,0.0,0.0,9.438507,7.1553755,0.0,19.642714,21.928246,53.842537,50.493656,54.1181,78.23294,63.308758,0.0,27.671537,31.421656,20.905312,26.797722,10.555079,49.471836,31.076862,1.9669547,37.976894,39.710915,39.01369,39.461685,21.827646,38.15572,32.56404,24.995861,31.416382,15.240484,15.70865,20.53248,5.3886833,19.223747,13.801364,9.892721,18.154644,11.940169,11.105248,24.698843,29.038094,76.6647,11.682769,10.518492,27.43308,8.20413,4.747464,10.831778,0.0,28.816088,10.556412,12.524355,19.199043,17.789679,13.876963,20.953167,0.0,19.581562,19.519371,10.472095,20.067999,0.0,9.7421875,3.1605344,27.357105,0.0,12.342564,15.495939,10.757788,12.284434,29.632252,14.809777,17.829782,85.13309,35.450436,93.50118,27.102465,4.747464,4.7288795,23.517103,0.0,23.46138,5.4903293,0.0,15.59454,18.972256,0.0,0.0,0.0,0.0,0.0,43.886925,47.76221,36.775223,48.319626,46.863815,36.61656,33.095486,14.457815,38.96073,0.0,12.2346115,0.0,20.62515,19.036432,0.0,8.790595,6.9751806,19.061563,10.134812,16.072046,19.431293,32.085045,27.238558,20.422075,12.553662,23.037876,0.0,12.210794,12.5345545,42.81067,0.0,37.317997,42.68562,33.91626,54.436783,34.75879,56.101765,61.246124,41.342903,45.25805,14.941316,18.72999,0.0,14.75077,40.94485,46.83414,100.440216,46.46053,3.5874135,67.1985,68.87496,31.855942,9.672966,0.0,0.0,0.0,0.0,0.0,0.0,0.0,0.0,0.0,0.0,0.0,64.12921,24.542408,42.923805,16.6168,4.1535535,25.21512,19.021307,0.0,0.0,33.253716,13.537353,20.581322,9.327936,0.0,34.553776,26.711329,0.0,47.89477,63.09894,35.35619,15.17417,17.178333,11.962505,0.0,19.640142,33.256184,27.195793,0.0,0.0,38.6654,36.18936,23.631016,0.0,0.0,0.0,0.0,0.0,22.649399,0.0,39.315254,80.65758,30.455278,16.04492,0.0,29.287142,89.72442,15.819748,20.634258,3.1605344,27.357105,19.452982,22.086843,0.0,3.1605344,32.079628,59.934505,13.548987
C18x32_C19x32,0.0,0.0,13.833782,6.84685,20.50669,4.4720225,14.102849,16.642874,0.0,15.314044,45.807037,0.0,47.70665,44.464905,26.607546,23.52064,85.34641,22.618174,0.0,0.0,0.0,48.639736,6.1348715,36.345627,28.288301,24.922174,24.922174,0.0,61.96896,20.506363,0.0,26.503273,26.306198,26.306198,19.719147,15.301673,31.58943,40.12436,14.161655,18.894203,35.21294,43.35277,15.012723,15.012723,28.516794,20.027626,20.027626,36.77351,10.623718,39.089832,20.002472,20.002472,20.002472,23.840687,0.0,42.04452,11.402229,0.0,29.50135,16.2328,27.29032,47.39312,14.129536,7.2397337,10.558173,8.217572,18.001589,23.357944,11.340105,0.0,0.0,0.0,16.714201,14.882857,11.818725,50.226383,0.0,73.4149,26.267784,38.280758,23.222597,0.0,75.206406,16.862576,12.640199,16.862576,11.020209,0.0,15.3680525,12.512365,9.3742485,27.490053,21.713844,16.276714,0.0,21.713844,21.713844,0.0,0.0,11.479167,13.519064,42.34541,37.94318,6.053887,85.79887,19.237587,19.237587,75.829155,17.007402,19.237587,0.0,12.950232,0.0,0.0,0.0,0.0,15.755026,10.193469,10.193469,0.0,21.272387,6.1341453,29.137333,0.0,0.0,12.710484,9.527787,25.57778,17.963528,13.324401,0.0,0.0,0.0,0.0,0.0,20.010511,0.0,0.0,67.24126,0.0,26.815645,18.832891,14.882102,0.53256255,23.522646,17.978943,14.629962,0.0,8.389526,3.222272,0.0,13.317082,0.0,3.2509792,0.0,31.858381,17.662525,0.0,0.0,0.0,0.0,6.672887,11.9841795,54.54894,19.205385,68.695786,24.96717,12.662707,15.079038,0.0,0.0,17.133207,12.032821,22.093935,10.1656275,22.43078,0.0,11.770429,17.823523,9.556636,18.6526,7.8992333,8.831153,20.069155,13.918275,47.646416,14.191035,51.70282,25.560715,0.0,0.0,0.0,38.404106,79.889175,20.787374,24.862457,8.05373,27.215015,25.38431,0.0,3.5669065,0.0,0.0,11.264079,12.080186,36.714436,11.875947,9.405363,0.0,40.142994,77.961,0.0,17.656326,25.140364,17.656326,25.917805,10.192384,17.33046,5.3183417,4.616702,9.082844,9.949276,8.944498,35.256695,0.0,18.268242,10.911439,18.268242,21.987331,73.78149,0.0,12.813722,50.508083,4.831617,20.169743,0.0,23.991743,10.328379,14.072654,13.297113,67.20167,15.067777,27.004766,9.879058,19.281904,18.791933,55.933186,13.235079,0.0,122.01824,30.532787,30.532787,0.0,13.839782,9.719815,17.430527,26.768568,19.787933,74.64512,57.885708,8.929708,19.220518,39.533768,42.851753,38.89736,42.868973,16.328657,41.213127,26.218466,47.09527,42.427387,36.12508,17.47734,46.518066,65.411095,55.524307,56.356373,0.0,37.82555,15.155548,0.0,0.0,34.66092,12.200723,2.0346792,2.711169,29.981445,21.108974,54.84827,47.489902,61.15248,85.98918,74.085884,0.0,35.4669,27.7887,15.708254,20.80888,9.164454,34.348316,21.68457,1.7078099,27.821838,35.045963,29.822876,30.792303,22.302551,35.63323,26.489323,25.666412,29.006298,16.328148,9.721854,22.345055,5.7351756,14.083301,14.562577,9.019812,14.086448,9.063292,2.29222,23.05918,11.968771,64.7499,23.61174,0.0,17.827652,0.0,4.2986507,0.0,0.0,36.712257,13.891313,14.399398,22.302551,18.29096,20.276514,34.348316,12.238335,14.905758,22.490162,19.347307,13.995741,24.039833,24.260818,8.158126,32.310013,14.964889,13.182285,18.791933,17.656326,10.945186,33.786633,18.364546,5.0821447,48.681652,48.32676,75.434364,6.3804083,4.2986507,32.024418,14.281773,20.245506,29.093237,10.560088,0.0,14.715791,32.310013,0.0,0.0,5.2911005,21.214968,0.0,51.274902,46.94322,35.897076,50.119564,48.747242,23.795624,32.714706,0.0,29.374414,0.0,15.194549,0.0,9.28038,12.451222,3.222272,8.344711,3.3477886,9.943904,6.556151,6.808507,15.119254,16.81413,18.71541,7.4053497,9.019812,14.086448,9.141512,20.041088,0.0,38.47868,0.0,22.357311,21.039986,25.707254,30.128176,17.099064,22.04409,56.10294,22.062927,38.21974,14.657131,22.494976,0.0,15.865614,38.62915,31.680874,78.22046,48.305492,20.28517,64.444595,72.156235,24.621069,19.502878,5.3183417,9.949276,19.25277,12.164963,16.062946,16.707857,7.610796,10.648018,7.932807,9.1333065,4.4003406,28.090723,0.0,27.587439,16.425257,8.0432625,2.4397964,31.218906,0.0,0.0,17.889275,21.203129,0.0,0.0,0.0,40.65347,25.21046,0.0,27.59104,47.24895,50.025845,26.993166,17.777946,4.101787,16.358725,22.781162,36.637012,32.329376,0.0,0.0,23.558464,14.568586,10.904335,11.14166,12.146231,15.058572,0.0,0.0,23.586441,0.0,40.174767,77.99846,44.506065,24.983406,2.5552542,28.620451,88.25338,8.737906,19.787933,8.158126,19.435127,12.920939,22.187891,0.0,8.158126,13.476344,38.331356,17.102955
C18x33_C18x34,27.330006,0.0,27.330006,11.228127,35.728508,0.0,34.59923,23.200396,39.16148,39.16148,38.885265,19.378916,65.030914,44.697838,7.0929832,4.998768,70.196655,22.943096,8.690342,10.456865,0.0,19.068623,23.629827,0.0,0.0,9.5637245,9.5637245,0.0,45.25019,14.739391,0.0,15.016326,15.016326,15.016326,21.105465,0.0,34.087635,55.78492,15.719358,31.245043,74.37521,96.8407,31.254318,31.254318,38.357822,22.237133,22.237133,89.12287,0.0,81.301094,14.609402,8.633296,8.633296,18.700026,14.905784,32.79146,15.2725725,0.0,14.683553,0.0,14.918204,31.17801,4.3820057,2.197762,0.0,0.0,10.398581,0.0,0.0,0.0,0.0,0.0,13.295622,10.695999,9.401424,37.11916,0.0,28.148457,12.413303,21.15293,0.0,9.528223,72.859604,13.968133,29.983118,13.968133,0.0,0.0,13.392462,16.404839,6.3455048,40.574806,18.149162,25.50867,0.0,18.149162,18.149162,0.0,0.0,32.19371,13.5027685,40.831573,36.872868,0.0,30.11702,5.773824,5.773824,26.350433,0.0,5.773824,9.827973,0.0,20.343395,19.134043,0.0,13.898853,20.604725,11.793651,33.357483,0.0,1.1242602,0.0,1.5801493,0.0,0.0,16.754644,23.548674,23.895409,13.852855,16.963142,6.2622705,29.497898,6.2622705,0.0,0.0,0.0,0.0,11.614708,114.12302,8.212838,9.633406,4.797482,21.215378,16.223808,18.424208,13.348425,19.081894,11.229756,22.120554,15.593191,0.0,16.944216,4.30832,0.0,0.0,30.530869,11.670662,11.028824,18.945612,17.315132,17.315132,0.0,0.0,0.0,0.0,44.01852,15.681796,0.0,3.854737,0.0,0.0,18.025942,5.165259,43.137245,19.380558,9.131323,0.0,12.116122,14.968118,0.0,0.0,8.943665,11.0489,0.0,0.0,19.964924,0.0,37.20994,18.196173,12.689672,16.491018,0.0,27.20605,77.738716,34.037308,24.06226,9.643907,37.016342,40.88386,0.0,14.980784,9.671794,29.803505,13.741873,13.22648,36.881638,6.6949196,8.270826,0.0,57.337563,44.24124,0.0,10.434673,17.865118,10.356922,11.924557,0.0,14.845789,2.9620552,2.9620552,8.936927,10.726096,0.0,0.0,0.0,12.578357,6.927305,12.578357,0.0,40.89086,21.693108,12.070884,65.61779,9.162927,0.0,0.0,10.644508,0.0,0.0,9.753604,114.16102,21.88615,38.237366,8.168009,29.863026,0.0,66.60539,0.0,0.0,69.1284,14.675648,15.374995,38.890583,26.73541,6.7786756,12.686859,0.0,20.817278,28.277443,69.75205,0.0,0.0,57.638725,45.857674,52.854553,43.766884,11.426577,22.273403,24.641582,53.439487,65.5065,53.884186,9.127692,70.01314,56.613533,46.000786,57.927753,24.157658,39.953396,63.865868,15.919721,17.621597,0.0,0.0,0.0,0.0,62.405766,12.34034,70.744934,58.193207,75.61197,61.140816,62.560127,26.089502,23.280737,27.026592,18.587042,45.046932,21.2588,43.006477,17.566727,16.748245,49.44809,31.270826,17.074982,52.441593,46.257988,31.414122,24.28766,11.47651,44.455994,12.696729,30.34632,29.743294,22.052101,28.17226,23.855722,10.884924,14.0625515,8.482853,6.7226305,46.214207,38.990135,69.70911,0.0,0.0,23.701548,11.793651,11.094398,0.0,0.0,27.212717,11.159998,11.746744,0.0,6.7786756,0.0,21.63653,6.387716,6.6949196,0.0,12.436165,8.943665,9.643907,6.6433845,2.3661265,3.6739335,0.0,5.165259,0.0,10.356922,0.0,30.598675,17.587393,20.339172,112.1475,52.0727,98.40252,45.386913,11.094398,7.846905,32.49011,11.848638,19.244864,30.937935,9.243898,26.816917,54.530807,0.0,0.0,0.0,0.0,0.0,49.966286,25.07592,26.003647,25.767725,37.18422,45.34246,28.971504,18.350426,18.362625,15.587181,8.83016,0.0,2.0568814,4.202313,15.593191,0.0,0.0,4.013793,15.810953,14.158814,9.163658,24.1819,22.040785,13.790742,14.368472,18.563047,0.0,0.0,13.698751,26.08844,0.0,79.07341,69.52004,76.886894,79.77923,76.60839,31.613174,53.82169,28.56131,44.933945,13.702418,18.180443,24.288736,14.556667,23.940308,32.072903,83.2855,80.307236,11.195188,56.420334,96.4671,54.468407,26.73438,0.0,0.0,0.0,0.0,0.0,0.0,0.0,0.0,0.0,0.0,0.0,29.16039,0.0,23.679092,33.80624,23.822283,20.339172,0.0,0.0,0.0,31.29089,13.054635,12.042919,6.1563888,0.0,30.335306,13.220247,19.244864,60.041725,19.788294,36.754684,15.374995,44.66539,14.89467,0.0,21.874529,24.634428,27.899405,0.0,0.0,26.293028,47.445488,17.440233,0.0,0.0,0.0,0.0,17.858347,19.244864,0.0,32.793827,68.208336,15.538807,0.0,0.0,30.317045,66.49031,16.980928,12.747055,2.3661265,3.6739335,14.578929,14.590895,0.0,2.8681824,34.54401,36.105534,9.644558
C18x33_C19x33,24.871029,0.0,33.545998,21.067537,29.869244,0.0,29.244806,21.017689,12.340867,20.045885,53.162994,15.609911,47.448795,31.09796,20.446188,15.521053,97.01818,31.195522,14.497953,5.1190567,5.507329,31.428638,11.369196,0.0,0.0,15.762796,15.762796,0.0,74.580734,20.330645,0.0,13.789966,13.789966,13.789966,24.59513,0.0,22.146715,47.4237,13.732276,34.637257,64.97345,78.06377,25.013052,31.741055,33.85348,17.796534,17.796534,80.060555,0.0,58.693954,16.615047,16.615047,16.615047,26.221224,15.135313,38.136673,7.476539,0.0,17.639084,0.0,27.991297,37.81424,3.545886,1.7784123,0.0,0.0,8.414453,2.5862198,1.9047471,0.0,0.0,0.0,23.167307,16.196947,12.79161,41.971996,0.0,46.12409,12.586436,29.76897,0.0,20.42026,49.408913,18.288038,20.696545,9.641829,0.0,0.0,10.851976,8.590661,5.089782,27.608313,18.29201,28.477161,0.0,15.966537,15.966537,0.0,0.0,17.521067,23.736044,63.942017,58.403263,0.0,45.59421,8.897414,8.897414,41.621418,0.0,8.897414,0.0,0.0,0.0,6.492384,0.0,0.0,13.969642,6.492384,6.492384,0.0,9.3843,0.0,16.737394,17.84715,0.0,8.852386,15.788699,26.141283,13.742286,9.240944,5.067382,23.718122,5.067382,0.0,0.0,15.227362,0.0,39.581165,88.19214,21.854366,22.691889,11.928964,21.066706,24.196676,12.658905,11.818839,21.713606,17.723282,20.592926,12.617892,0.0,15.152452,0.0,19.332993,15.780156,42.23723,0.0,8.869218,10.613399,0.0,10.288362,9.789168,0.0,53.6586,16.885775,41.922356,11.14333,0.0,12.63497,0.0,0.0,8.271196,4.348109,19.560663,20.770199,14.829453,0.0,10.773045,16.139383,0.0,0.0,4.078856,23.931517,44.518036,7.977785,49.83808,24.580208,53.230465,18.806904,9.0248995,17.460608,0.0,49.128986,62.83878,30.770014,20.259342,0.0,28.621927,43.607655,0.0,12.122336,9.876416,15.579504,12.6392975,10.702768,31.114271,18.901844,21.56673,0.0,48.881435,41.761757,0.0,11.226146,20.410135,10.729463,15.879248,5.6133657,7.970356,2.5426083,2.5426083,10.593177,11.385646,0.0,0.0,0.0,9.351071,10.328353,9.351071,0.0,51.05171,11.661555,7.8499703,62.256588,21.795607,10.907133,0.0,12.085194,5.6882644,24.362745,10.011746,65.27185,12.737378,39.66881,5.750518,20.038286,10.869825,75.61623,6.663118,0.0,73.836914,15.775273,16.901527,13.049061,19.400953,10.198943,23.062023,24.24708,20.422781,49.250942,41.535522,0.0,0.0,55.5532,58.492554,50.942127,53.60727,8.951142,31.322964,21.660416,48.379124,45.464222,52.122524,8.677229,56.209503,55.536163,55.902206,48.546974,17.839499,37.77261,51.57031,10.058357,13.153524,12.1161995,0.0,0.0,0.0,50.254864,10.625383,58.9622,67.597305,67.611984,65.92377,57.627304,21.176235,22.363691,34.145084,22.331718,22.052286,10.407039,38.449245,13.950755,8.317961,32.1278,31.747078,33.625916,42.283676,22.645147,33.89928,29.067175,22.442167,46.426983,15.519179,15.574438,43.94932,22.644176,23.463707,23.349155,6.1112723,15.277554,5.5297966,0.0,31.66086,41.120995,62.694305,0.0,0.0,22.92423,0.0,8.977503,0.0,0.0,20.686241,0.0,4.4330516,5.6882644,10.198943,15.227362,15.243575,6.152729,18.901844,7.977785,11.358255,4.078856,0.0,9.494905,1.914652,13.272584,5.6133657,4.348109,10.869825,10.729463,0.0,21.55767,16.063,9.9535,100.27336,40.902718,94.26617,30.84021,8.977503,3.3328826,16.605236,13.573624,15.572798,25.014938,9.857389,21.65532,42.150887,0.0,0.0,0.0,0.0,0.0,46.317146,31.577545,19.077574,36.8834,50.92456,38.69209,30.64813,0.0,32.048923,27.78387,22.350346,0.0,9.850019,11.327204,12.617892,10.065864,6.385591,14.768371,17.261747,18.89349,19.45345,26.449114,19.874716,10.256351,7.755081,19.386908,0.0,0.0,14.194157,54.71419,0.0,35.673023,44.737247,82.91216,35.991444,35.0416,11.191756,69.65367,24.622799,47.06435,11.233617,19.102882,0.0,15.080275,40.396637,48.255688,113.85889,78.601944,9.059061,75.13172,103.00897,66.97327,20.202581,0.0,0.0,0.0,0.0,0.0,0.0,0.0,0.0,0.0,0.0,0.0,33.39183,21.804594,25.133892,21.124857,14.28883,13.789356,0.0,0.0,0.0,29.153812,26.224546,6.4655604,4.320005,0.0,34.20699,19.950344,15.572798,47.58308,49.39716,37.05364,0.0,23.726807,11.976145,0.0,18.395462,23.727892,26.422457,0.0,0.0,37.262264,27.798658,15.550824,0.0,0.0,0.0,0.0,0.0,25.95026,0.0,52.316822,78.41964,12.767806,0.0,0.0,35.71562,85.904854,10.425433,16.763775,1.914652,13.272584,17.255033,28.266708,0.0,3.0445473,17.96699,35.59857,7.9446607
C18x34_C19x34,41.45361,0.0,46.972794,10.528223,38.339096,0.0,71.15051,27.955198,43.12259,45.481102,40.944168,20.463074,38.518,21.687477,0.0,0.0,74.027466,41.514343,15.724723,0.0,0.0,14.671287,9.029088,0.0,0.0,0.0,0.0,0.0,47.639973,0.0,0.0,0.0,0.0,11.943457,19.74198,0.0,33.931606,37.689743,0.0,53.589493,70.65873,79.28141,22.407635,29.915247,32.754185,0.0,0.0,77.9423,0.0,48.820538,15.886993,0.0,0.0,39.86974,29.079952,45.55111,11.1307535,0.0,17.556023,15.017227,19.958132,30.227427,3.3714895,0.0,0.0,0.0,10.947757,21.381062,0.0,0.0,0.0,0.0,8.45937,14.104597,5.9816775,55.38846,0.0,31.164242,5.976739,16.885252,0.0,0.0,59.253117,8.235736,8.193483,0.0,0.0,0.0,1.9688293,27.996199,0.0,63.265003,12.482882,20.633625,0.0,0.0,0.0,0.0,0.0,21.617348,26.277782,45.026554,49.40372,0.0,27.692612,0.0,8.929951,32.985386,0.0,8.929951,12.439139,0.0,17.054543,19.597328,0.0,17.5916,24.827559,19.597328,19.597328,9.191777,0.0,0.0,1.7808298,0.0,0.0,0.0,37.370472,28.682003,0.0,0.0,14.770334,50.256958,0.0,0.0,14.770334,0.0,0.0,2.5667996,91.09232,1.8150015,18.35941,0.0,21.168303,19.548796,0.0,17.279648,28.103666,13.937491,51.453903,19.323236,0.0,56.5769,19.422886,0.0,0.0,34.008015,27.625149,5.5068336,9.405071,17.862402,34.55574,0.0,0.0,77.556465,14.999636,50.213882,0.0,0.0,0.0,0.0,0.0,19.857334,0.0,47.252777,31.869225,0.0,0.0,0.0,17.88196,0.0,0.0,0.0,17.497543,11.770821,0.0,20.034533,8.323227,45.234413,0.0,13.2336235,23.005598,0.0,47.14254,94.12271,37.351604,26.470284,0.0,52.129787,58.740715,21.023432,7.448613,53.50637,0.0,0.0,0.0,40.896374,0.0,11.148331,0.0,66.021255,28.206074,0.0,11.777287,21.314743,0.0,0.0,0.0,12.556497,7.6051993,0.0,0.0,0.0,0.0,0.0,0.0,0.0,29.413208,4.2441287,0.0,16.145456,32.304817,0.0,54.925102,13.30776,0.0,0.0,11.934824,0.0,18.358257,0.0,74.972855,0.0,42.922546,0.0,24.377056,0.0,79.322266,0.0,0.0,50.667377,0.0,14.890955,38.985573,23.587786,0.0,14.109189,6.53901,16.065489,27.335945,68.65322,0.0,0.0,48.83173,53.54476,9.244223,46.973614,25.632198,30.097075,33.196774,58.40686,67.23615,63.80406,41.79049,71.711876,50.88513,57.186012,60.44918,49.781227,42.483692,70.71512,7.760978,31.136677,0.0,0.0,0.0,0.0,60.848057,26.93616,107.3525,101.87265,114.49866,81.24567,96.51608,52.313698,38.156555,29.34667,19.733288,37.103645,21.578428,70.87078,0.0,28.609407,73.65427,26.569893,29.376392,52.9823,44.551144,25.724756,34.735836,21.87924,51.79497,24.132584,37.897408,43.109104,47.587944,23.160576,22.604742,13.584702,5.4566665,20.238235,0.0,44.08396,13.30776,79.396484,0.0,0.0,0.0,0.0,0.0,0.0,0.0,29.716185,0.0,3.520602,0.0,0.0,0.0,0.0,0.0,0.0,0.0,0.0,0.0,0.0,0.0,0.0,0.0,0.0,0.0,0.0,0.0,0.0,38.34351,17.926155,18.198215,136.92067,65.84356,120.54083,16.674252,0.0,12.429509,22.342907,27.745077,18.171757,16.158295,32.165203,28.098755,28.794304,0.0,0.0,0.0,0.0,0.0,41.972996,24.126068,25.078756,24.791666,43.71142,60.590504,47.804134,0.0,36.418938,15.355343,17.338617,0.0,13.558705,8.995738,19.323236,0.0,15.052083,12.876484,9.722018,0.0,17.10575,33.97653,19.078201,18.113018,18.136217,7.284907,0.0,0.0,21.858168,50.20531,0.0,34.306942,57.094162,69.19166,50.932137,32.698486,26.827137,74.328255,0.0,51.59227,23.595314,25.29637,32.4567,11.716864,28.312393,42.103844,76.8335,58.980015,40.056374,54.813046,97.35437,58.507362,30.977398,0.0,0.0,0.0,0.0,0.0,0.0,0.0,0.0,0.0,0.0,0.0,0.0,0.0,0.0,28.142715,29.169994,18.198215,0.0,0.0,0.0,31.353899,10.290876,0.0,21.577135,0.0,11.096163,11.667991,18.171757,51.421364,27.51356,23.936846,14.890955,34.466427,17.137756,0.0,0.0,25.409685,10.500936,0.0,0.0,12.104087,23.518017,20.507421,0.0,0.0,0.0,0.0,17.901964,18.171757,0.0,25.49301,59.342587,15.694303,0.0,11.313711,27.240967,53.930805,0.0,0.0,0.0,0.0,17.566807,21.876196,19.408794,12.399444,24.765263,42.062595,8.9136305
C19x13_C19x14,9.48718,9.48718,0.0,0.0,39.703793,12.997102,18.380678,15.966925,31.819956,12.310943,0.0,0.0,62.481907,8.813275,0.0,0.0,76.77706,0.0,0.0,35.214275,26.751526,60.793663,37.049107,47.199486,41.10355,36.110897,0.0,0.0,25.174019,0.0,30.21012,21.345001,0.0,0.0,0.0,3.723606,3.5466623,37.907803,25.89317,42.173027,20.262573,30.949203,58.151894,0.0,50.533134,41.1196,0.0,0.0,21.884392,84.75788,0.0,33.17242,0.0,20.61203,8.926455,0.0,19.153091,0.0,34.678818,28.857166,22.607422,27.143164,39.778862,0.0,30.705122,26.739481,16.376692,0.0,0.0,60.46448,36.848495,0.0,0.0,0.0,30.939047,115.07977,0.0,9.861868,3.7500386,0.0,16.515114,3.7500386,36.516773,0.0,27.238894,0.0,12.422034,0.0,0.0,0.0,15.29097,62.546543,0.0,0.0,4.512509,3.1883194,0.0,7.94737,13.867194,0.0,13.951647,17.761654,17.122246,0.0,30.484224,0.0,10.369922,56.18774,45.668976,0.0,13.321476,25.061716,30.760555,13.321476,17.51633,0.0,0.0,30.57632,41.66483,34.842808,10.056275,19.529182,57.68576,0.0,43.420227,0.0,0.0,19.94817,0.0,0.0,0.0,22.733343,0.0,5.0043783,0.0,0.0,37.883762,0.0,58.694145,9.782216,32.251007,0.0,35.819324,0.0,0.0,0.0,104.30314,44.774036,28.790668,43.368244,30.665981,57.46059,7.9570184,70.068436,39.351803,0.0,22.927122,0.0,56.768417,31.61993,37.963856,0.0,18.76512,21.117086,26.537884,32.44693,0.0,0.0,51.8996,43.39188,0.0,15.177585,0.0,0.0,16.508896,0.0,0.5184091,0.0,34.79049,0.0,58.261784,0.0,38.254692,0.0,0.0,39.051258,33.004337,22.632578,48.389553,26.925175,0.0,41.942688,33.891724,101.4473,0.0,32.804573,0.0,0.0,25.72889,8.321396,0.0,23.177313,0.0,0.0,0.0,21.213877,0.0,0.0,0.0,20.466885,57.42728,0.0,0.0,24.135406,0.0,0.0,0.0,27.443317,0.0,0.0,0.0,0.0,0.0,93.079185,55.21753,0.0,0.0,0.0,36.47435,27.59338,27.370344,0.0,64.40379,49.037872,0.0,0.0,42.27766,0.0,18.913824,0.0,0.0,0.0,0.0,0.0,23.780773,0.0,0.0,0.0,0.0,15.494882,0.0,0.0,28.400373,48.347355,0.0,22.98617,22.98617,0.0,11.635896,9.396403,73.77245,69.4851,34.051697,44.057487,57.667416,50.836575,54.659817,41.746483,48.458694,34.778088,27.200483,50.00773,23.363224,31.993952,22.011805,19.225441,24.51673,37.359173,42.078213,109.34292,8.976819,0.5184091,93.79561,53.95966,51.31357,36.248848,42.907314,23.51713,15.060247,29.937206,13.765249,11.93937,17.441822,26.578262,8.926455,43.787315,9.2575245,33.483555,14.812565,35.555325,43.553776,42.60678,0.0,11.038014,31.82486,21.268127,24.897142,12.200724,40.7265,30.523241,28.532524,35.430923,0.0,40.75685,30.665981,36.685837,19.59301,45.427208,57.68597,65.12591,0.0,0.0,77.26547,53.546276,0.0,12.463593,11.142413,13.321476,3.9785092,12.088849,0.0,0.0,20.849129,6.430578,14.107505,26.338512,26.583637,21.276749,20.853872,13.811937,19.66232,18.541113,11.535206,10.49005,11.286262,2.5466459,22.668562,9.07627,32.12189,40.790142,13.651409,49.974483,29.916351,26.06989,28.11772,44.871166,60.584724,49.01122,42.18717,15.406521,55.06772,41.85547,140.72232,29.861588,39.040142,26.847937,14.654264,42.19003,10.979022,9.098773,9.772868,17.259552,19.567396,0.0,0.0,0.0,0.0,0.0,0.0,0.0,0.0,32.28327,33.746,0.0,0.0,0.0,0.0,0.0,0.0,0.0,0.0,0.0,0.0,0.0,0.0,0.0,0.0,0.0,0.0,28.937191,24.135406,0.0,0.0,40.36115,11.9621525,29.610516,0.0,20.873775,24.194393,17.722687,0.0,18.415945,14.781818,10.354747,0.0,22.284826,20.334822,11.9621525,29.610516,9.904143,15.994344,8.207357,0.0,21.641632,13.860093,7.5906825,13.577621,9.515,14.608484,14.20668,0.0,5.4677825,6.572958,16.480314,10.452324,19.153257,15.043127,30.725748,0.0,95.388794,64.557205,102.57673,99.18829,9.54135,1.4470843,21.930403,11.9621525,14.077962,45.038437,0.0,0.0,21.568657,0.0,0.0,57.058613,22.379137,27.654247,0.0,12.515112,42.650375,10.488758,0.0,66.607155,42.44619,35.215126,0.0,0.0,0.0,0.0,0.0,0.0,0.0,60.069164,0.0,28.400373,22.39891,7.2256026,39.15076,64.22503,29.091072,0.0,10.081442,21.240944,0.0,0.0,0.0,0.0,19.325346,0.0,51.1387,0.0,31.971478,50.3135,0.0
C19x13_C20x13,15.731005,15.731005,0.0,0.0,98.572784,19.146116,27.076698,0.0,31.06322,14.087037,0.0,0.0,67.871,10.39971,0.0,0.0,116.72404,0.0,0.0,65.73249,42.588562,86.82354,49.13474,52.78779,54.511765,42.53954,0.0,0.0,33.385925,0.0,46.74899,9.28471,0.0,0.0,0.0,5.152571,0.0,67.998436,41.426548,79.34259,32.512424,0.0,0.0,0.0,0.0,0.0,0.0,0.0,0.0,88.67219,0.0,24.830193,0.0,34.177486,14.801249,0.0,36.596943,0.0,50.21679,0.0,0.0,0.0,44.837723,0.0,43.8837,28.151157,17.24128,0.0,0.0,67.73942,38.334747,0.0,0.0,0.0,30.698748,112.77935,0.0,14.010703,0.0,0.0,30.175272,0.0,50.996784,0.0,50.996784,0.0,5.5138793,0.0,0.0,0.0,25.463404,83.78201,0.0,0.0,16.80993,0.0,0.0,0.0,27.135689,0.0,0.0,21.21731,21.21731,0.0,15.326932,0.0,0.0,15.326932,34.27206,0.0,27.169453,48.95818,62.736847,27.169453,0.0,0.0,0.0,56.496597,62.736847,0.0,23.702446,34.25824,102.398506,0.0,71.10733,0.0,0.0,33.876846,0.0,0.0,0.0,50.642097,0.0,20.674547,0.0,0.0,53.593235,0.0,68.215294,25.941721,42.2144,0.0,0.0,0.0,0.0,12.899586,79.32646,77.87965,41.55008,40.020092,0.0,41.55008,0.0,52.095356,51.14521,0.0,19.079819,0.0,76.45043,39.20247,40.62253,0.0,0.0,0.0,0.0,46.82974,0.0,0.0,51.94763,0.0,0.0,0.0,0.0,0.0,0.0,0.0,0.0,0.0,37.271904,0.0,122.700745,0.0,12.691015,0.0,0.0,34.749657,26.270657,50.368946,56.07544,22.670488,0.0,0.0,37.480034,86.32479,24.436453,41.684193,0.0,0.0,7.42136,0.0,0.0,30.251198,0.0,0.0,0.0,37.235867,0.0,0.0,0.0,15.318631,53.181194,0.0,0.0,17.981722,0.0,0.0,0.0,45.640915,0.0,0.0,0.0,0.0,0.0,99.41885,59.264038,0.0,0.0,0.0,67.41812,20.99757,0.0,0.0,93.76442,57.732983,0.0,0.0,45.85652,0.0,21.198715,0.0,0.0,0.0,0.0,0.0,39.431683,0.0,0.0,0.0,0.0,19.068083,0.0,0.0,0.0,0.0,0.0,0.0,0.0,0.0,18.932226,13.34942,77.69355,44.28003,27.904852,63.063663,21.66272,52.582825,54.176666,21.675554,51.53734,43.183353,41.86123,72.120346,5.037303,13.219851,26.96634,33.108498,36.76485,60.854294,22.921587,127.53697,20.114496,0.0,166.37709,22.02474,82.24295,0.0,46.727325,39.773247,24.633007,52.94641,9.705218,19.797062,26.99054,35.80937,28.79788,42.746475,14.982759,63.058163,0.0,66.03748,0.0,37.501316,0.0,0.0,57.26997,0.0,32.718742,28.296452,47.381382,0.0,33.703945,60.428085,0.0,0.0,0.0,54.792236,41.534264,0.0,55.827957,71.1339,2.0695198,0.0,70.309135,37.063408,8.198982,15.876216,3.2139695,27.169453,0.0,24.203934,0.0,0.0,30.326859,8.531638,17.083187,0.0,32.1909,34.479645,31.550858,0.0,21.17046,21.654064,10.227176,17.423416,27.19667,3.0838075,0.0,0.0,0.0,35.326416,14.032462,53.480396,37.228935,23.380684,32.273,41.63918,67.26227,66.96216,79.637985,0.0,0.0,0.0,106.90679,0.0,37.82829,40.020092,11.248234,49.805073,12.226637,0.0,0.0,35.70061,18.560104,0.0,0.0,0.0,0.0,0.0,0.0,0.0,0.0,34.856674,57.531734,0.0,0.0,0.0,0.0,0.0,0.0,0.0,0.0,0.0,0.0,0.0,0.0,0.0,0.0,0.0,0.0,22.327017,17.981722,0.0,0.0,50.03985,13.407245,0.0,0.0,16.615023,8.026503,13.674262,15.907405,0.0,11.012971,0.0,0.0,6.427939,14.032462,13.407245,0.0,0.0,20.626474,2.420237,15.907405,29.813908,24.721893,13.429304,7.5706296,17.17521,22.495104,18.05218,0.0,0.0,0.0,19.604475,7.787347,22.610523,31.681194,42.62579,8.198982,52.41847,65.517685,85.82297,153.86247,0.0,10.429398,25.818974,13.407245,0.0,55.898476,0.0,0.0,16.412975,0.0,0.0,0.0,28.040716,23.033188,0.0,0.0,57.92963,9.480353,0.0,91.27145,29.846376,38.73794,0.0,0.0,0.0,0.0,0.0,0.0,0.0,48.773483,0.0,0.0,31.580816,10.392888,10.010195,46.924202,42.707382,0.0,9.704351,10.010195,0.0,0.0,0.0,0.0,0.0,0.0,0.0,0.0,9.482623,64.21144,0.0
C19x14_C19x15,33.27904,0.0,0.0,0.0,76.60409,0.0,20.116478,0.0,19.813211,0.0,22.388947,0.0,0.0,10.353839,0.0,0.0,56.50861,9.398747,0.0,36.815945,0.0,74.388695,30.88952,62.078957,15.638696,76.78599,0.0,0.0,30.88952,0.0,33.731785,26.881784,0.0,0.0,0.0,0.0,36.31291,31.085785,54.60439,43.129585,21.966291,0.0,46.491543,0.0,65.624275,94.18347,0.0,0.0,0.0,84.72058,0.0,54.336906,0.0,25.687311,0.0,14.830578,23.315783,0.0,49.880806,25.161825,17.877644,35.543995,52.61296,0.0,43.906643,13.187209,21.84726,0.0,0.0,72.85378,30.252157,0.0,0.0,0.0,0.0,92.66968,0.0,19.930548,0.0,10.791341,21.367111,0.0,50.194443,0.0,45.122032,0.0,0.0,0.0,0.0,0.0,0.0,62.427944,0.0,0.0,31.627213,22.346249,0.0,0.0,0.0,0.0,20.113316,22.519075,15.92339,0.0,41.482,0.0,0.0,69.152054,38.197956,0.0,0.0,31.300148,38.334694,0.0,9.350498,0.0,0.0,44.265095,70.66718,0.0,0.0,0.0,37.699574,16.85539,50.56617,0.0,0.0,27.726393,0.0,0.0,0.0,12.529858,0.0,0.0,0.0,0.0,54.264088,0.0,42.072968,0.0,34.8529,0.0,40.03632,0.0,0.0,43.706318,96.90532,81.26712,27.07152,36.77547,26.004185,48.45066,0.0,145.38606,62.409637,0.0,0.0,0.0,70.701004,29.628727,58.907284,0.0,0.0,50.63187,0.0,31.497843,0.0,0.0,62.250977,0.0,0.0,28.044882,0.0,0.0,20.573866,0.0,0.0,0.0,0.0,0.0,59.753822,0.0,0.0,0.0,0.0,31.703701,0.0,0.0,60.709732,0.0,0.0,0.0,0.0,94.39808,0.0,33.09643,0.0,0.0,37.286236,10.9759,0.0,13.350691,0.0,0.0,0.0,47.286358,0.0,0.0,0.0,0.0,62.352398,0.0,0.0,28.922993,0.0,0.0,0.0,22.472158,0.0,0.0,0.0,0.0,0.0,64.92746,50.292587,0.0,0.0,0.0,12.887437,0.0,36.34843,0.0,69.00157,0.0,0.0,0.0,40.351387,0.0,0.0,0.0,25.704563,0.0,0.0,0.0,22.811003,0.0,7.6784997,0.0,0.0,12.456694,0.0,0.0,29.03283,55.313885,0.0,31.812098,21.38392,0.0,11.628407,0.0,81.88528,55.63235,31.667511,49.256622,50.739094,40.759777,53.418648,40.761024,45.065773,36.07225,25.295996,58.326874,40.4622,23.845676,20.47061,0.0,25.432442,20.590845,41.45105,106.97067,14.914252,1.9566904,94.133934,47.37406,47.066967,66.57381,86.57473,23.705677,16.568298,25.883806,18.25998,14.445838,19.475056,9.137631,13.807624,80.231575,0.0,38.000088,0.0,32.351467,34.98593,29.466127,32.840073,29.645533,0.0,14.292493,40.16371,17.296577,35.54477,52.997272,17.554766,42.237003,0.0,0.0,36.07918,41.585365,0.0,30.382149,32.373432,30.385284,0.0,0.0,64.17099,53.93515,0.0,0.0,0.0,0.0,0.0,0.0,0.0,0.0,0.0,0.0,34.933666,79.38608,44.9637,52.929783,49.713814,18.638721,60.958725,40.52201,68.91694,52.59658,32.88552,37.917923,77.795395,54.387753,40.24981,71.7039,41.510063,23.151329,32.785656,56.97632,47.066967,37.145046,51.389275,28.48646,47.343807,30.630615,30.72603,35.675896,140.00555,28.07092,44.613262,22.395464,0.0,44.687336,25.796314,19.658724,0.0,0.0,0.0,30.108034,23.123997,20.877361,17.963476,16.656298,0.0,0.0,0.0,49.27851,70.405556,0.0,0.0,0.0,0.0,0.0,0.0,0.0,0.0,0.0,0.0,0.0,0.0,0.0,0.0,0.0,0.0,15.056461,26.416935,0.0,0.0,41.700848,0.0,0.0,0.0,0.0,0.0,0.0,0.0,0.0,0.0,0.0,0.0,0.0,54.617767,14.05314,31.935486,13.64622,18.790161,0.0,0.0,24.418348,16.282843,12.39267,0.0,0.0,0.0,0.0,0.0,0.0,0.0,0.0,0.0,0.0,0.0,62.154766,0.0,107.785995,90.32229,70.47063,84.93438,27.149569,9.582514,36.81105,0.0,0.0,80.74032,0.0,0.0,33.914185,0.0,0.0,51.804638,28.948122,38.844593,0.0,10.30136,37.650158,20.066645,0.0,44.2191,21.656973,0.0,0.0,0.0,0.0,0.0,0.0,0.0,0.0,50.713997,0.0,29.03283,16.153948,8.417637,26.251184,75.24166,0.0,0.0,25.359,22.766245,0.0,0.0,0.0,0.0,0.0,0.0,29.77888,0.0,35.5701,0.0,0.0
C19x14_C20x14,24.785913,23.300404,0.0,0.0,100.36469,0.0,27.11896,0.0,28.548258,0.0,0.0,0.0,0.0,0.0,0.0,0.0,75.292984,18.424498,20.142696,54.826145,0.0,70.3017,32.479256,35.50815,32.479256,58.508854,0.0,0.0,0.0,0.0,33.09799,26.195911,0.0,0.0,0.0,0.0,33.189972,39.879234,47.963757,55.329945,0.0,0.0,54.02993,0.0,13.452088,87.57308,0.0,0.0,0.0,90.3427,0.0,46.391544,0.0,22.279099,0.0,0.0,35.509857,0.0,32.64266,23.826685,13.903008,34.139698,39.529316,0.0,24.841507,16.802206,0.0,0.0,0.0,60.722103,28.053503,0.0,0.0,0.0,0.0,82.96199,0.0,12.255763,0.0,0.0,17.069286,0.0,51.664116,0.0,29.980528,0.0,0.0,0.0,0.0,0.0,0.0,97.17792,0.0,0.0,37.797146,29.915134,0.0,0.0,14.5030155,0.0,0.0,23.263462,21.075027,0.0,34.514835,0.0,0.0,44.76198,47.20142,0.0,0.0,49.880325,33.921974,0.0,34.86275,0.0,0.0,60.85604,85.90733,0.0,0.0,17.837925,48.67536,0.0,35.863586,0.0,0.0,24.56693,0.0,0.0,0.0,22.95762,0.0,0.0,0.0,0.0,49.036762,0.0,52.96044,0.0,21.445831,0.0,20.05635,0.0,0.0,37.472763,122.0163,68.04733,26.047647,34.550865,24.43115,45.188904,0.0,68.53837,59.25258,0.0,14.867013,0.0,55.632782,30.227507,53.168392,0.0,0.0,40.80272,0.0,35.341576,0.0,0.0,48.943436,44.515564,0.0,0.0,0.0,0.0,14.387558,0.0,0.0,0.0,0.0,0.0,49.158207,0.0,0.0,0.0,0.0,32.35604,0.0,0.0,34.660156,23.450525,0.0,0.0,43.608017,91.61369,16.253489,22.669565,0.0,0.0,18.16995,12.36155,0.0,36.20728,0.0,0.0,0.0,41.848976,0.0,0.0,0.0,0.0,60.706455,0.0,0.0,21.792482,0.0,0.0,0.0,39.660427,0.0,0.0,0.0,0.0,0.0,74.07358,27.825966,0.0,0.0,0.0,52.71871,0.0,34.673767,0.0,58.946613,0.0,0.0,0.0,48.16328,0.0,0.0,0.0,23.98775,0.0,16.42267,0.0,0.0,0.0,0.0,0.0,0.0,16.486761,0.0,0.0,0.0,15.685657,0.0,0.0,0.0,0.0,12.566128,1.906437,66.57508,62.94684,38.25031,38.59317,39.49852,34.714428,38.973457,32.464317,51.98489,47.43086,40.301247,42.39887,40.24174,21.707962,14.935054,23.376228,27.388388,43.127716,42.07429,97.10562,0.0,0.0,145.95166,65.15016,100.22561,40.98974,104.614716,39.178543,0.0,42.621983,21.822191,15.013645,19.10913,15.10183,32.760143,96.48074,0.0,57.239285,0.0,61.073975,47.212677,24.898512,30.646675,19.568048,41.471657,14.508768,40.419083,20.06359,32.778522,34.305027,35.526577,54.932407,0.0,0.0,33.896694,54.328186,37.61715,24.783148,44.6034,61.657875,0.0,0.0,58.967926,20.56907,0.0,0.0,0.0,0.0,0.0,0.0,0.0,0.0,0.0,0.0,31.83918,81.67386,47.533455,44.01926,39.59271,16.98767,55.55889,43.35773,64.56908,43.701584,28.727884,30.648893,77.577484,49.56999,40.16915,67.74922,39.34417,51.651398,61.893654,59.36106,54.9195,41.926563,72.40038,59.744167,72.822876,28.777721,30.904364,26.056269,150.36668,0.0,36.321533,21.389368,15.587144,39.806023,0.0,0.0,9.719764,20.715033,19.461071,0.0,0.0,0.0,0.0,0.0,0.0,0.0,0.0,57.240566,102.55095,0.0,0.0,0.0,0.0,0.0,0.0,0.0,0.0,0.0,0.0,0.0,0.0,0.0,0.0,0.0,0.0,19.592659,21.792482,0.0,0.0,51.80327,0.0,0.0,0.0,0.0,0.0,0.0,0.0,0.0,0.0,0.0,0.0,0.0,47.73289,0.0,0.0,0.0,0.0,0.0,0.0,0.0,0.0,0.0,0.0,0.0,0.0,0.0,0.0,0.0,0.0,0.0,0.0,0.0,0.0,64.43051,0.0,89.82663,60.860146,112.52202,187.70726,22.396864,0.0,0.0,0.0,0.0,75.93911,0.0,0.0,14.274781,0.0,0.0,63.033417,29.132181,32.0446,0.0,10.45724,58.415466,21.65942,0.0,84.86431,39.56411,31.253008,0.0,0.0,0.0,0.0,0.0,0.0,0.0,50.580265,0.0,0.0,25.867584,19.840338,18.93137,57.797028,28.279688,0.0,19.574137,24.049412,0.0,0.0,0.0,0.0,0.0,0.0,20.342094,0.0,8.867294,0.0,0.0
C19x15_C20x15,32.30299,0.0,0.0,0.0,56.36816,0.0,0.0,0.0,16.730606,0.0,19.952923,0.0,0.0,27.465425,0.0,0.0,41.13733,13.507167,19.287045,28.74882,0.0,47.650658,23.782797,47.796513,0.0,58.359898,0.0,0.0,24.11771,0.0,24.382559,36.183662,0.0,0.0,0.0,0.0,28.935635,24.536846,68.67033,24.536846,28.37858,31.589497,22.728016,0.0,24.616344,78.511536,0.0,0.0,0.0,43.197098,0.0,39.195732,0.0,36.829205,0.0,21.26335,20.075449,0.0,47.69758,46.62434,33.1269,23.199541,41.239,0.0,28.611315,0.0,20.872538,0.0,0.0,42.794502,23.494932,0.0,0.0,0.0,0.0,39.44382,0.0,17.11954,0.0,0.0,25.405357,0.0,28.244999,0.0,56.084496,0.0,0.0,0.0,0.0,0.0,0.0,69.67687,0.0,0.0,32.52094,48.260998,0.0,0.0,0.0,0.0,0.0,24.090794,17.034763,0.0,65.98257,0.0,0.0,51.013702,46.656723,0.0,0.0,44.010693,46.490208,0.0,11.385812,0.0,0.0,58.119133,85.70126,0.0,0.0,0.0,54.846794,31.665815,94.997444,0.0,0.0,30.661795,0.0,0.0,0.0,0.0,0.0,0.0,0.0,0.0,43.83134,0.0,38.961094,0.0,36.772835,0.0,56.449387,0.0,0.0,44.24458,77.794464,63.692993,3.6088574,35.51355,36.412697,47.610283,0.0,56.908375,81.83621,0.0,0.0,0.0,39.659267,18.331747,57.74956,0.0,0.0,25.514526,0.0,27.217644,0.0,0.0,34.238842,0.0,0.0,0.0,0.0,0.0,18.672136,0.0,0.0,0.0,0.0,0.0,74.83356,0.0,0.0,0.0,0.0,35.202755,0.0,0.0,53.41264,27.204958,0.0,0.0,11.40558,129.32268,40.663364,32.58283,0.0,0.0,45.51534,0.0,0.0,21.400393,0.0,0.0,0.0,28.395237,0.0,0.0,0.0,0.0,70.42215,0.0,0.0,68.62127,0.0,0.0,0.0,23.157173,0.0,0.0,0.0,0.0,0.0,84.921486,61.6706,0.0,0.0,0.0,0.0,0.0,35.639877,0.0,45.211273,0.0,0.0,0.0,40.136375,0.0,0.0,0.0,26.867746,0.0,39.72766,0.0,40.679806,0.0,22.244658,0.0,0.0,21.019703,0.0,0.0,0.0,43.879616,0.0,0.0,0.0,0.0,43.24059,0.0,56.65143,104.74418,67.84699,41.24459,36.08832,32.92335,0.0,23.093258,71.816986,39.891235,45.788742,72.49747,72.8504,38.675976,25.497614,19.61501,40.424297,21.607141,89.27681,149.33685,16.865389,24.959583,110.561676,55.746975,68.44905,67.50468,79.19761,29.578613,20.31974,32.172314,30.818527,23.24892,23.106178,9.588635,24.044474,67.70162,0.0,20.106903,19.458736,32.990917,23.724936,32.06358,31.461195,0.0,17.860119,0.0,34.046593,34.243156,9.589004,11.588528,32.109173,36.03879,6.783745,0.0,25.111872,23.309856,25.820486,0.0,26.763882,47.09682,0.0,30.556002,49.944435,0.0,0.0,0.0,0.0,0.0,0.0,0.0,0.0,0.0,15.598091,5.93627,40.586945,106.75069,62.91494,39.32847,42.961845,9.801899,45.4266,67.20779,75.35801,42.917027,36.498238,62.90559,101.28231,39.129303,44.2429,72.076035,53.406532,29.703665,39.32847,49.888897,45.589367,46.23675,57.135574,35.980553,45.433086,5.355537,40.003563,80.04241,86.40449,0.0,37.850136,31.710049,12.429378,43.582203,17.001112,0.0,0.0,0.0,0.0,36.609352,23.803791,28.633923,15.794313,28.395237,0.0,0.0,0.0,91.38656,117.709854,0.0,0.0,0.0,0.0,0.0,0.0,0.0,0.0,0.0,0.0,0.0,0.0,0.0,0.0,0.0,0.0,0.0,0.0,0.0,0.0,25.800953,0.0,42.951653,0.0,18.277613,30.320658,17.267874,0.0,15.743865,21.303165,0.0,0.0,0.0,72.16257,30.108566,44.1156,15.71152,16.146032,32.328938,8.704583,25.414978,18.179987,9.637345,0.0,0.0,0.0,0.0,0.0,0.0,0.0,0.0,0.0,0.0,0.0,57.9065,0.0,89.4488,62.73713,49.43722,95.52011,21.303165,14.801635,28.650131,0.0,0.0,78.20559,4.6214604,0.0,0.0,0.0,0.0,97.16682,34.046593,44.80038,0.0,0.0,41.05734,42.992374,0.0,44.14044,0.0,0.0,0.0,0.0,0.0,0.0,0.0,0.0,0.0,0.0,0.0,0.0,0.0,8.253551,13.392038,49.12011,0.0,0.0,12.074414,17.321642,0.0,0.0,0.0,0.0,0.0,0.0,0.0,0.0,23.771305,0.0,0.0
C19x17_C19x18,39.638878,0.0,0.0,0.0,40.126606,0.0,0.0,0.0,0.0,0.0,67.40594,0.0,62.73184,0.0,0.0,0.0,91.46234,0.0,55.81998,66.746994,0.0,12.644359,0.0,18.309008,29.017916,0.0,0.0,0.0,0.0,0.0,0.0,0.0,0.0,0.0,0.0,0.0,0.0,17.786808,0.0,25.44177,0.0,9.36162,0.0,0.0,0.0,0.0,0.0,0.0,0.0,0.0,0.0,0.0,0.0,0.0,0.0,47.30321,49.84877,0.0,0.0,113.47686,64.9159,103.37735,0.0,0.0,0.0,20.50798,0.0,0.0,0.0,23.74108,0.0,0.0,0.0,0.0,0.0,101.61602,34.272022,0.0,0.0,0.0,0.0,0.0,39.154976,0.0,51.01795,0.0,0.0,0.0,0.0,0.0,0.0,100.64545,0.0,0.0,0.0,0.0,0.0,0.0,0.0,0.0,0.0,0.0,0.0,0.0,42.76045,0.0,28.05498,106.54797,0.0,0.0,0.0,0.0,0.0,0.0,0.0,0.0,0.0,0.0,35.08718,0.0,56.682846,0.0,118.895645,0.0,48.71012,0.0,0.0,0.0,0.0,0.0,0.0,33.039154,0.0,0.0,0.0,0.0,12.488542,0.0,39.48603,0.0,0.0,0.0,0.0,0.0,0.0,0.0,38.13941,65.81753,0.0,0.0,0.0,40.75929,15.06052,34.232933,35.050735,90.92067,0.0,0.0,0.0,7.9260406,9.632496,0.0,0.0,79.37217,26.872963,21.343218,0.0,0.0,23.497211,20.853159,0.0,0.0,0.0,0.0,0.0,0.0,0.0,0.0,0.0,0.0,0.0,0.0,0.0,0.0,0.0,32.408543,0.0,45.28049,0.0,34.37407,0.0,0.0,0.0,143.38303,0.0,0.0,0.0,0.0,0.0,0.0,0.0,0.0,0.0,0.0,0.0,73.64044,0.0,0.0,0.0,0.0,21.297945,0.0,0.0,0.0,0.0,0.0,0.0,0.0,0.0,0.0,0.0,0.0,0.0,62.479378,107.60253,0.0,0.0,0.0,0.0,7.2389994,0.0,0.0,13.176412,0.0,0.0,0.0,0.0,0.0,0.0,0.0,48.177444,0.0,31.60905,0.0,0.0,0.0,47.99023,0.0,0.0,0.0,0.0,0.0,0.0,0.0,0.0,0.0,0.0,0.0,38.139023,0.0,58.090153,72.29689,78.62616,136.01451,93.85702,119.99987,90.94689,241.28758,141.11125,177.46098,59.04181,188.38539,165.01558,92.88345,101.73206,112.06535,170.66539,86.6551,142.64113,85.794235,0.0,0.0,61.02016,0.0,0.0,0.0,57.12143,108.66109,47.941277,60.73573,59.920288,0.0,102.37123,79.92697,0.0,66.73357,48.77374,17.757433,26.634312,76.81327,0.0,50.77167,0.0,12.704675,50.880276,28.280777,30.113266,99.8397,38.19443,92.411446,63.870003,54.04461,29.628588,43.95354,21.29879,61.071075,0.0,0.0,0.0,0.0,0.0,0.0,70.39113,0.0,0.0,0.0,0.0,0.0,0.0,0.0,0.0,0.0,89.6045,59.575523,0.0,0.0,0.0,0.0,0.0,0.0,0.0,0.0,0.0,0.0,0.0,0.0,0.0,0.0,0.0,0.0,0.0,0.0,0.0,0.0,60.698864,39.55837,58.54007,21.933708,94.727135,40.75929,59.873867,70.8604,294.08112,0.0,0.0,0.0,0.0,0.0,80.666336,0.0,0.0,0.0,0.0,49.933926,0.0,33.662437,22.32142,47.49351,0.0,0.0,0.0,48.617645,47.49425,0.0,0.0,0.0,0.0,0.0,0.0,0.0,0.0,0.0,0.0,0.0,0.0,0.0,0.0,0.0,0.0,32.10221,58.806305,114.35327,0.0,13.85519,57.82022,59.039097,82.43617,80.790085,51.667328,48.89201,37.884705,73.06495,89.56264,0.0,0.0,24.260733,0.0,0.0,0.0,0.0,0.0,0.0,0.0,0.0,0.0,0.0,0.0,0.0,0.0,0.0,0.0,0.0,0.0,0.0,0.0,0.0,0.0,67.82795,0.0,80.27164,21.451645,48.33608,52.645485,0.0,0.0,0.0,0.0,0.0,53.903152,42.48341,0.0,0.0,0.0,0.0,84.12611,38.84647,60.17259,0.0,34.636738,75.81032,0.0,0.0,35.820576,16.186895,112.23072,0.0,0.0,0.0,0.0,0.0,0.0,0.0,0.0,0.0,0.0,0.0,0.0,32.606995,22.597883,0.0,0.0,0.0,46.896976,0.0,0.0,0.0,0.0,0.0,0.0,0.0,0.0,0.0,27.375986,0.0
C19x17_C20x17,46.097137,0.0,0.0,0.0,38.99824,0.0,0.0,0.0,0.0,0.0,60.933273,0.0,41.392815,0.0,0.0,0.0,76.63996,0.0,0.0,38.404907,0.0,34.042618,0.0,34.042618,18.009428,0.0,0.0,0.0,16.696535,0.0,0.0,0.0,0.0,0.0,0.0,0.0,0.0,0.0,0.0,39.096497,16.800568,0.0,0.0,0.0,0.0,0.0,0.0,0.0,0.0,0.0,0.0,0.0,0.0,0.0,0.0,29.810421,56.44506,0.0,0.0,55.012222,0.0,73.29258,18.637186,0.0,29.431374,21.379484,19.820913,0.0,0.0,32.416695,0.0,0.0,0.0,0.0,0.0,178.70256,53.41582,0.0,0.0,0.0,0.0,0.0,0.0,0.0,37.73592,0.0,0.0,0.0,0.0,0.0,0.0,104.67516,0.0,0.0,0.0,0.0,0.0,0.0,0.0,0.0,0.0,0.0,0.0,0.0,0.0,0.0,0.0,56.78919,0.0,0.0,0.0,0.0,0.0,0.0,0.0,0.0,0.0,0.0,54.68875,0.0,0.0,0.0,94.02574,0.0,0.0,0.0,0.0,0.0,0.0,0.0,0.0,34.44318,0.0,0.0,0.0,0.0,0.0,0.0,47.537743,0.0,0.0,0.0,0.0,0.0,0.0,0.0,42.427177,80.252945,20.690035,0.0,0.0,36.54163,54.01504,10.418953,31.5007,80.22555,0.0,0.0,100.88984,0.0,7.486559,0.0,0.0,0.0,72.18376,22.250216,0.0,0.0,21.19534,0.0,0.0,0.0,0.0,0.0,0.0,0.0,0.0,0.0,0.0,0.0,0.0,0.0,0.0,0.0,0.0,0.0,0.0,130.65674,0.0,41.403976,0.0,0.0,0.0,141.32118,0.0,0.0,0.0,0.0,0.0,0.0,0.0,0.0,0.0,0.0,0.0,87.22647,0.0,0.0,0.0,0.0,0.0,0.0,0.0,0.0,0.0,0.0,0.0,0.0,0.0,0.0,0.0,0.0,0.0,75.75742,46.461235,0.0,0.0,0.0,0.0,8.788841,0.0,0.0,52.6963,0.0,0.0,0.0,0.0,0.0,0.0,0.0,0.0,0.0,0.0,0.0,0.0,0.0,50.029613,0.0,0.0,0.0,0.0,0.0,0.0,0.0,0.0,0.0,0.0,0.0,102.28094,23.016224,66.90421,75.55748,55.031685,168.498,85.40316,149.15672,90.80524,80.6244,207.0543,120.66554,104.24018,139.34106,158.85686,128.67957,114.92409,0.0,63.34619,113.892494,181.257,190.14204,0.0,0.0,58.2395,0.0,0.0,0.0,36.67777,67.457184,56.388367,75.376076,69.60877,62.167793,89.56767,61.609753,0.0,133.98401,0.0,48.951954,29.166246,0.0,0.0,85.41057,74.79266,18.42262,41.764496,24.762882,21.07675,60.770138,69.25262,30.878578,75.65347,79.30034,27.986088,23.765842,76.3888,80.33476,0.0,0.0,0.0,0.0,0.0,73.93537,66.619255,17.010805,0.0,0.0,0.0,0.0,0.0,0.0,0.0,0.0,121.0298,92.89283,0.0,0.0,0.0,0.0,0.0,0.0,0.0,0.0,0.0,0.0,0.0,0.0,0.0,0.0,0.0,0.0,0.0,0.0,0.0,0.0,94.96248,63.022476,67.763466,56.562344,86.50286,34.37717,70.733284,75.2619,122.754,0.0,0.0,0.0,0.0,0.0,106.03132,39.226025,0.0,0.0,0.0,36.458824,0.0,38.540764,30.001102,55.247513,0.0,0.0,0.0,101.25055,25.572357,0.0,0.0,0.0,0.0,0.0,0.0,0.0,0.0,0.0,0.0,0.0,0.0,0.0,0.0,0.0,0.0,21.114086,61.305325,48.0146,0.0,0.0,54.48343,55.631966,33.02212,75.60617,49.043922,29.066025,28.936872,66.1918,84.394,0.0,0.0,29.214588,0.0,36.69252,37.46602,34.300957,0.0,19.85079,19.487885,21.620277,49.541172,11.979116,0.0,0.0,0.0,0.0,0.0,0.0,0.0,0.0,0.0,0.0,0.0,54.600544,0.0,104.365974,26.045586,81.71409,82.36308,0.0,0.0,0.0,0.0,0.0,58.2395,54.73067,0.0,8.788841,0.0,0.0,162.00746,0.0,0.0,0.0,30.328213,129.38596,0.0,0.0,38.203182,0.0,94.9789,0.0,0.0,0.0,0.0,0.0,0.0,0.0,0.0,0.0,0.0,0.0,0.0,29.062868,0.0,0.0,0.0,0.0,0.0,0.0,0.0,0.0,0.0,0.0,0.0,0.0,0.0,0.0,29.1969,0.0
C19x18_C19x19,0.0,0.0,0.0,0.0,76.243324,0.0,0.0,21.195936,0.0,0.0,95.25282,0.0,60.444656,0.0,0.0,0.0,58.300873,0.0,37.339615,48.00718,43.361553,0.0,0.0,0.0,34.5575,0.0,0.0,0.0,0.0,0.0,0.0,0.0,0.0,0.0,0.0,0.0,0.0,27.675701,0.0,20.574667,0.0,49.317703,0.0,0.0,0.0,0.0,0.0,0.0,0.0,0.0,0.0,0.0,0.0,0.0,0.0,78.06141,39.552204,0.0,0.0,64.22042,108.03588,51.240547,0.0,0.0,0.0,0.0,0.0,0.0,0.0,0.0,0.0,0.0,0.0,0.0,27.898712,79.05563,0.0,11.610257,13.820216,9.855015,0.0,0.0,75.72317,0.0,0.0,0.0,0.0,0.0,0.0,0.0,0.0,37.06952,0.0,0.0,0.0,0.0,0.0,0.0,0.0,0.0,0.0,45.41931,26.819668,0.0,132.80617,0.0,93.90815,51.277515,0.0,0.0,0.0,0.0,0.0,0.0,0.0,0.0,0.0,0.0,0.0,0.0,93.33155,0.0,69.38453,0.0,88.62909,0.0,0.0,0.0,0.0,0.0,0.0,35.28267,0.0,0.0,0.0,0.0,47.475624,0.0,0.0,0.0,0.0,0.0,0.0,0.0,0.0,0.0,0.0,70.761406,0.0,0.0,0.0,0.0,0.0,0.0,48.635544,63.538338,0.0,0.0,0.0,0.0,43.115204,0.0,14.512806,43.226353,19.086044,89.320076,0.0,0.0,0.0,9.606649,0.0,0.0,0.0,0.0,0.0,0.0,0.0,0.0,60.20474,0.0,0.0,0.0,30.376871,0.0,0.0,99.56521,66.855995,26.291231,0.0,39.9885,0.0,0.0,59.771374,145.62524,0.0,0.0,0.0,0.0,0.0,0.0,0.0,0.0,0.0,0.0,0.0,39.44868,0.0,13.382158,0.0,0.0,24.325535,0.0,0.0,0.0,0.0,0.0,0.0,0.0,0.0,0.0,0.0,0.0,0.0,18.913023,35.123775,0.0,0.0,0.0,35.73592,35.424755,0.0,0.0,30.730738,74.69446,0.0,0.0,0.0,0.0,28.91145,0.0,21.250875,0.0,0.0,0.0,0.0,0.0,37.654003,0.0,0.0,33.34047,0.0,0.0,0.0,0.0,0.0,0.0,0.0,0.0,100.46424,86.04155,93.34289,43.05474,80.46992,98.13001,76.66212,66.95365,65.25075,113.11488,111.84299,86.59974,98.838036,164.61295,157.36684,82.030174,70.59741,56.238003,104.43348,74.70995,140.68463,32.538975,0.0,0.0,70.897095,40.278404,42.29399,27.684048,101.73705,74.54745,112.92014,188.06647,93.71756,80.65589,119.31281,85.35438,101.34264,96.7068,36.229607,14.36037,21.53907,58.027176,26.053473,39.685986,0.0,10.274222,38.022755,22.870558,32.008934,76.83292,30.887695,69.81318,57.890297,35.184673,20.559261,39.327206,17.224255,48.431816,0.0,0.0,0.0,0.0,0.0,0.0,153.40324,0.0,0.0,0.0,0.0,0.0,0.0,0.0,0.0,0.0,55.921494,52.615356,0.0,0.0,0.0,0.0,0.0,0.0,0.0,0.0,0.0,0.0,0.0,0.0,0.0,0.0,0.0,0.0,0.0,0.0,0.0,0.0,49.284748,26.651125,107.32864,64.39169,77.7156,0.0,17.654299,56.109547,225.26099,0.0,0.0,0.0,0.0,0.0,51.6184,42.09728,0.0,0.0,0.0,47.916477,23.96489,90.62718,62.817562,95.640816,0.0,0.0,0.0,28.91145,21.487658,0.0,0.0,0.0,0.0,0.0,0.0,0.0,0.0,0.0,0.0,0.0,0.0,0.0,0.0,0.0,0.0,55.39307,66.439995,71.40557,0.0,54.036823,57.87879,0.0,42.131107,64.292274,44.45873,84.36424,0.0,57.168125,101.18882,59.325497,56.9619,0.0,0.0,0.0,0.0,0.0,0.0,0.0,0.0,0.0,0.0,0.0,0.0,0.0,0.0,0.0,0.0,0.0,0.0,0.0,0.0,0.0,0.0,0.0,0.0,0.0,0.0,0.0,0.0,34.27257,0.0,0.0,0.0,0.0,74.30241,50.872643,0.0,0.0,0.0,0.0,105.92189,43.056335,51.040382,0.0,0.0,0.0,0.0,0.0,112.18233,67.74943,0.0,0.0,0.0,0.0,0.0,0.0,0.0,0.0,0.0,0.0,0.0,0.0,0.0,0.0,0.0,45.091587,0.0,0.0,43.506847,0.0,0.0,0.0,0.0,0.0,0.0,0.0,0.0,0.0,58.65779,0.0
C19x18_C20x18,0.0,0.0,0.0,0.0,0.0,0.0,0.0,0.0,0.0,0.0,76.85675,0.0,26.316416,0.0,0.0,0.0,76.72045,0.0,72.15786,63.057053,0.0,0.0,0.0,20.881344,23.324486,0.0,0.0,0.0,0.0,0.0,0.0,0.0,0.0,0.0,0.0,0.0,0.0,0.0,0.0,24.035288,0.0,9.670621,0.0,0.0,0.0,0.0,0.0,0.0,0.0,0.0,0.0,0.0,0.0,0.0,0.0,57.76382,47.72889,0.0,0.0,78.53229,44.925407,92.76476,0.0,0.0,20.937746,23.387484,0.0,0.0,0.0,0.0,0.0,0.0,0.0,0.0,0.0,83.19591,0.0,27.328585,3.1949658,0.0,0.0,0.0,64.19254,0.0,0.0,0.0,0.0,0.0,0.0,0.0,0.0,109.28004,0.0,0.0,0.0,0.0,0.0,0.0,0.0,0.0,0.0,48.86265,36.66631,0.0,48.906437,0.0,32.08734,33.200603,0.0,0.0,0.0,0.0,0.0,0.0,0.0,0.0,0.0,0.0,26.85233,0.0,44.926464,0.0,98.43856,0.0,38.607327,0.0,0.0,0.0,0.0,0.0,0.0,48.165825,0.0,0.0,0.0,0.0,62.803783,0.0,40.942066,0.0,0.0,0.0,0.0,0.0,0.0,0.0,0.0,55.376587,28.13431,0.0,0.0,32.81508,0.0,0.0,38.061295,197.5464,0.0,0.0,0.0,54.07818,75.42561,0.0,0.0,69.39266,35.900112,83.56106,0.0,0.0,0.0,15.496844,0.0,0.0,0.0,0.0,0.0,0.0,0.0,0.0,0.0,0.0,0.0,0.0,0.0,0.0,0.0,50.956066,0.0,83.49637,0.0,62.526344,0.0,0.0,0.0,153.00325,0.0,0.0,0.0,0.0,0.0,0.0,0.0,0.0,0.0,0.0,0.0,80.20509,0.0,0.0,0.0,0.0,52.368847,0.0,0.0,0.0,0.0,0.0,0.0,0.0,0.0,0.0,0.0,0.0,0.0,44.693462,83.001175,0.0,0.0,0.0,0.0,18.074568,0.0,0.0,57.92682,0.0,0.0,0.0,0.0,0.0,0.0,0.0,57.6629,0.0,37.832424,0.0,0.0,0.0,0.0,0.0,0.0,0.0,0.0,0.0,0.0,0.0,0.0,0.0,0.0,0.0,206.80994,88.83551,97.421295,87.53676,0.0,160.21307,86.62104,158.77548,90.63741,69.71061,152.84438,43.82566,107.52782,91.49923,121.14378,51.10763,122.36929,33.36239,108.90765,0.0,143.21597,95.05021,0.0,0.0,128.50763,47.053158,8.612864,32.340454,0.0,89.81372,106.55063,134.51663,64.89002,121.257225,136.65315,70.74485,56.807144,89.41515,36.310303,7.861413,0.0,72.818275,30.43562,48.007626,0.0,12.002328,46.06376,21.921892,37.39278,90.828,31.772915,87.80476,63.544117,44.77847,21.733246,48.764572,20.121342,58.411255,0.0,0.0,0.0,0.0,0.0,0.0,66.567894,0.0,0.0,0.0,0.0,0.0,0.0,0.0,0.0,0.0,72.79416,55.004875,0.0,0.0,0.0,0.0,0.0,0.0,0.0,0.0,0.0,0.0,0.0,0.0,0.0,0.0,0.0,0.0,0.0,0.0,0.0,0.0,89.33322,35.62162,65.514725,27.39624,120.89664,32.81508,89.25693,95.55382,123.362625,0.0,0.0,0.0,0.0,0.0,69.8841,34.814922,0.0,0.0,0.0,39.293243,30.551949,58.584633,57.914715,57.504936,0.0,0.0,0.0,62.510284,46.459087,0.0,0.0,0.0,0.0,0.0,0.0,0.0,0.0,0.0,0.0,0.0,0.0,0.0,0.0,0.0,0.0,56.284203,69.24292,65.79749,0.0,94.53187,36.09033,19.93182,86.568565,82.01956,37.919624,96.59159,39.13517,86.817116,98.1193,15.328016,0.0,0.0,0.0,0.0,0.0,0.0,0.0,0.0,0.0,0.0,0.0,0.0,0.0,0.0,0.0,0.0,0.0,0.0,0.0,0.0,0.0,0.0,0.0,51.908943,0.0,0.0,0.0,0.0,0.0,0.0,0.0,0.0,0.0,0.0,99.31028,61.971733,0.0,0.0,0.0,0.0,132.16705,0.0,65.92138,0.0,0.0,0.0,0.0,0.0,68.97925,34.567398,96.454956,0.0,0.0,0.0,0.0,0.0,0.0,0.0,0.0,0.0,0.0,0.0,0.0,31.232513,0.0,0.0,0.0,0.0,46.007324,0.0,0.0,0.0,0.0,0.0,0.0,0.0,0.0,0.0,36.067806,0.0
C19x19_C19x20,0.0,0.0,0.0,0.0,55.943066,0.0,0.0,56.336388,0.0,0.0,77.60375,0.0,65.400246,0.0,0.0,0.0,91.363655,0.0,43.619637,58.17152,28.175348,0.0,0.0,0.0,0.0,0.0,0.0,0.0,0.0,0.0,0.0,0.0,0.0,0.0,0.0,0.0,0.0,0.0,0.0,35.25886,0.0,0.0,0.0,0.0,0.0,0.0,0.0,0.0,0.0,39.34632,0.0,0.0,0.0,0.0,0.0,100.548874,71.561,0.0,0.0,58.898888,72.54759,0.0,0.0,0.0,0.0,0.0,0.0,0.0,0.0,0.0,0.0,0.0,0.0,0.0,33.812218,92.82219,0.0,0.0,0.0,0.0,0.0,0.0,182.70175,0.0,0.0,0.0,0.0,0.0,0.0,0.0,0.0,0.0,0.0,0.0,0.0,0.0,0.0,0.0,0.0,0.0,0.0,35.422363,0.0,0.0,86.65412,0.0,33.118313,0.0,0.0,0.0,0.0,0.0,0.0,0.0,49.119843,0.0,0.0,0.0,0.0,0.0,105.616974,0.0,78.51776,0.0,100.295525,0.0,0.0,0.0,0.0,0.0,0.0,0.0,0.0,0.0,0.0,0.0,56.026234,0.0,133.94402,34.25576,0.0,0.0,0.0,0.0,0.0,0.0,0.0,55.118683,0.0,0.0,0.0,0.0,0.0,0.0,71.033485,57.92262,0.0,0.0,0.0,65.19251,0.0,0.0,26.12165,77.80326,0.0,118.952614,0.0,0.0,0.0,0.0,0.0,0.0,0.0,0.0,0.0,0.0,0.0,0.0,33.332085,0.0,55.745304,0.0,28.485512,0.0,0.0,88.287575,59.2833,27.00862,0.0,69.82469,0.0,0.0,49.815666,195.17076,0.0,0.0,0.0,0.0,0.0,0.0,0.0,0.0,0.0,0.0,0.0,0.0,0.0,49.185387,0.0,0.0,70.52323,0.0,0.0,0.0,0.0,0.0,0.0,0.0,0.0,0.0,0.0,0.0,0.0,0.0,0.0,0.0,0.0,0.0,41.959778,61.050213,0.0,0.0,0.0,9.530756,0.0,0.0,0.0,0.0,63.81716,0.0,104.81008,0.0,74.111916,0.0,59.353046,0.0,50.145973,0.0,0.0,0.0,0.0,0.0,0.0,0.0,0.0,0.0,0.0,0.0,164.47188,101.7168,51.16342,45.914135,114.47777,107.35406,99.39285,71.06571,0.0,39.891895,73.96234,80.66604,120.62415,155.61238,98.788994,79.0725,77.57901,0.0,71.60905,66.74019,78.08258,64.65534,0.0,0.0,0.0,34.01861,39.256145,43.84104,211.26367,76.79718,134.42372,173.41467,96.54581,86.454155,128.50464,87.930244,187.57979,33.276775,56.806168,49.882282,54.098125,71.90518,0.0,60.08585,55.09627,0.0,70.17942,27.2776,70.65434,86.63839,37.434757,79.720375,42.174374,64.179436,35.660667,52.167015,33.1831,75.30471,0.0,0.0,0.0,0.0,0.0,0.0,19.573725,22.242943,0.0,0.0,0.0,0.0,0.0,0.0,0.0,0.0,41.231293,6.196653,0.0,0.0,0.0,0.0,0.0,0.0,0.0,0.0,0.0,0.0,0.0,0.0,0.0,0.0,0.0,0.0,0.0,0.0,0.0,0.0,0.0,19.764877,55.08996,79.311485,58.20149,0.0,0.0,134.1402,210.21278,23.67387,0.0,0.0,0.0,0.0,0.0,0.0,0.0,0.0,0.0,66.56178,107.09154,55.45745,94.400795,68.05401,0.0,0.0,0.0,63.81716,0.8625122,0.0,0.0,0.0,0.0,0.0,0.0,0.0,0.0,0.0,0.0,0.0,0.0,0.0,0.0,0.0,0.0,0.0,0.0,0.0,53.21405,52.927555,0.0,0.0,0.0,0.0,0.0,0.0,0.0,0.0,0.0,68.66705,47.475353,0.0,87.1144,0.0,0.0,0.0,0.0,0.0,0.0,0.0,0.0,0.0,0.0,0.0,0.0,0.0,0.0,0.0,0.0,0.0,0.0,0.0,0.0,0.0,0.0,0.0,0.0,0.0,0.0,43.528175,0.0,0.0,0.0,0.0,71.63198,0.0,0.0,67.59094,0.0,0.0,82.589134,95.03963,64.82428,0.0,0.0,0.0,0.0,0.0,124.551384,105.742065,0.0,0.0,0.0,0.0,0.0,0.0,0.0,0.0,0.0,0.0,0.0,0.0,0.0,0.0,0.0,0.0,0.0,0.0,51.890396,0.0,0.0,0.0,0.0,54.73929,71.41626,0.0,0.0,0.0,71.909775,0.0
C19x19_C20x19,0.0,0.0,0.0,0.0,80.93394,52.12076,0.0,14.288433,0.0,0.0,118.71566,0.0,62.08332,0.0,0.0,0.0,96.82093,0.0,60.498108,78.83752,21.612755,0.0,0.0,0.0,24.883158,0.0,0.0,0.0,0.0,0.0,0.0,0.0,0.0,0.0,0.0,0.0,0.0,39.429283,0.0,47.784912,0.0,0.0,0.0,0.0,0.0,0.0,0.0,0.0,0.0,0.0,0.0,0.0,0.0,0.0,0.0,95.73717,100.7353,0.0,0.0,50.152294,61.774143,0.0,0.0,0.0,0.0,0.0,0.0,0.0,0.0,0.0,0.0,0.0,0.0,0.0,25.806671,70.643364,0.0,0.0,0.0,0.0,0.0,0.0,84.34656,0.0,0.0,0.0,0.0,0.0,0.0,0.0,0.0,57.70836,0.0,0.0,0.0,0.0,0.0,0.0,0.0,0.0,0.0,84.01581,0.0,0.0,77.72613,0.0,54.960674,0.0,0.0,0.0,0.0,0.0,0.0,0.0,45.30827,0.0,0.0,0.0,0.0,0.0,93.19109,0.0,130.15625,0.0,88.495705,0.0,0.0,0.0,0.0,0.0,0.0,40.73596,0.0,0.0,0.0,0.0,75.3503,0.0,0.0,0.0,0.0,0.0,0.0,0.0,0.0,0.0,0.0,44.35314,0.0,0.0,0.0,0.0,0.0,0.0,41.103447,53.601196,0.0,0.0,0.0,0.0,0.0,0.0,0.0,0.0,0.0,103.1254,0.0,0.0,0.0,0.0,0.0,0.0,0.0,0.0,0.0,0.0,0.0,0.0,54.50535,0.0,0.0,0.0,0.0,0.0,0.0,81.727974,54.878666,35.449665,0.0,121.048,0.0,0.0,56.648556,165.68658,0.0,0.0,0.0,0.0,0.0,0.0,0.0,0.0,0.0,0.0,0.0,0.0,0.0,23.489311,0.0,0.0,110.20843,0.0,0.0,0.0,0.0,0.0,0.0,0.0,0.0,0.0,0.0,0.0,0.0,0.0,0.0,0.0,0.0,0.0,45.07502,48.15494,0.0,0.0,0.0,53.249275,0.0,0.0,0.0,0.0,29.030264,0.0,75.70806,0.0,53.533688,0.0,0.0,0.0,43.47381,0.0,0.0,34.459213,0.0,0.0,0.0,0.0,0.0,0.0,0.0,0.0,136.89874,94.52758,133.51575,62.427242,52.075645,110.80572,56.355988,95.577065,66.550224,66.20161,95.394966,35.050148,91.41363,71.84042,85.04586,9.695951,84.06554,0.0,111.89507,59.063896,90.56499,15.423511,0.0,0.0,0.0,53.424473,64.92714,55.22362,153.1071,85.33343,126.998085,234.83472,117.83417,90.78278,134.31758,107.31886,124.29006,123.96304,76.940346,70.34355,38.911045,90.42708,0.0,71.08091,0.0,0.0,75.87013,0.0,62.581116,112.73249,3.240888,105.29326,48.584766,80.232025,40.2741,70.69986,0.0,95.26474,0.0,0.0,0.0,0.0,0.0,0.0,109.360344,32.47416,86.17583,72.82299,0.0,0.0,0.0,0.0,0.0,0.0,53.179203,51.19681,0.0,0.0,0.0,0.0,0.0,0.0,0.0,0.0,0.0,0.0,0.0,0.0,0.0,0.0,0.0,0.0,0.0,0.0,0.0,0.0,0.0,15.528763,68.13132,0.0,55.726173,0.0,35.072445,109.130936,197.45784,0.0,0.0,0.0,0.0,0.0,0.0,0.0,0.0,0.0,0.0,20.393158,99.8952,65.21576,58.937027,94.441246,0.0,0.0,0.0,29.030264,52.86163,0.0,0.0,0.0,0.0,0.0,0.0,0.0,0.0,0.0,0.0,0.0,0.0,0.0,0.0,0.0,0.0,40.731987,74.25272,49.742046,43.83064,0.0,0.0,0.0,0.0,0.0,0.0,0.0,0.0,0.0,0.0,44.63967,0.0,0.0,0.0,0.0,0.0,0.0,0.0,0.0,0.0,0.0,0.0,0.0,0.0,0.0,0.0,0.0,0.0,0.0,0.0,0.0,0.0,0.0,0.0,0.0,86.17583,0.0,0.0,0.0,0.0,50.486656,0.0,0.0,0.0,0.0,138.11366,0.0,0.0,46.233234,0.0,0.0,182.13268,43.23328,75.18719,0.0,0.0,0.0,0.0,0.0,94.59461,83.406815,0.0,0.0,0.0,0.0,0.0,0.0,0.0,0.0,0.0,0.0,0.0,0.0,0.0,0.0,0.0,49.89923,0.0,0.0,42.190018,0.0,0.0,0.0,0.0,48.442467,39.106964,0.0,0.0,0.0,57.984745,0.0
C19x20_C19x21,0.0,0.0,0.0,0.0,135.50166,0.0,0.0,0.0,0.0,0.0,25.87815,0.0,64.47904,0.0,0.0,0.0,58.158077,32.009865,40.467,65.04287,0.0,0.0,0.0,0.0,0.0,0.0,0.0,0.0,0.0,0.0,0.0,0.0,0.0,0.0,49.572315,0.0,0.0,38.89243,0.0,41.061203,0.0,0.0,0.0,0.0,0.0,0.0,0.0,0.0,0.0,0.0,0.0,0.0,0.0,0.0,0.0,146.89459,83.38298,0.0,0.0,0.0,63.842117,0.0,0.0,0.0,0.0,0.0,0.0,0.0,0.0,0.0,0.0,0.0,0.0,0.0,0.0,88.399574,0.0,0.0,0.0,0.0,0.0,0.0,161.5521,0.0,117.09551,0.0,0.0,0.0,0.0,0.0,0.0,0.0,0.0,50.848278,0.0,0.0,0.0,0.0,0.0,0.0,0.0,0.0,0.0,0.0,58.473152,0.0,37.17998,50.318043,0.0,0.0,0.0,0.0,0.0,0.0,0.0,0.0,0.0,71.96251,0.0,0.0,57.534706,0.0,0.0,0.0,0.0,0.0,33.185547,0.0,0.0,0.0,0.0,0.0,0.0,0.0,0.0,0.0,0.0,0.0,101.92229,0.0,0.0,0.0,0.0,0.0,0.0,0.0,0.0,90.08092,0.0,0.0,0.0,0.0,0.0,0.0,48.92347,98.09904,0.0,0.0,0.0,64.87177,0.0,0.0,0.0,0.0,0.0,0.0,0.0,0.0,0.0,0.0,0.0,0.0,0.0,0.0,0.0,0.0,0.0,0.0,0.0,0.0,116.534996,0.0,0.0,0.0,0.0,69.31447,0.0,44.727173,0.0,0.0,0.0,0.0,130.74527,225.15457,0.0,0.0,0.0,0.0,0.0,0.0,0.0,0.0,0.0,0.0,0.0,0.0,0.0,0.0,0.0,0.0,61.996563,0.0,0.0,0.0,0.0,0.0,0.0,0.0,0.0,0.0,0.0,0.0,0.0,61.599953,0.0,0.0,0.0,0.0,0.0,50.010307,0.0,0.0,14.959239,0.0,0.0,0.0,0.0,0.0,0.0,0.0,113.54474,0.0,80.28825,0.0,90.05157,0.0,0.0,0.0,0.0,0.0,0.0,0.0,0.0,0.0,0.0,0.0,0.0,0.0,191.91512,92.12646,0.0,0.0,88.895584,84.10574,77.11746,51.544487,62.9083,43.992798,72.19506,67.66384,89.081505,117.09551,101.766785,60.579746,60.24254,18.591711,59.05958,57.593933,71.28541,100.3029,0.0,0.0,9.646645,0.0,0.0,0.0,126.85634,127.578415,144.23178,231.66843,105.79585,97.53864,95.62332,93.25028,255.46162,70.131165,45.089176,36.027813,68.06495,89.29176,40.878685,73.92556,84.765396,0.0,91.380356,43.03231,88.895584,101.09458,47.099506,43.992798,88.70326,76.220894,71.23989,55.00296,63.42484,114.12301,0.0,35.665894,80.28344,65.98415,0.0,0.0,0.0,38.240566,0.0,0.0,0.0,0.0,0.0,0.0,0.0,0.0,0.0,0.0,0.0,0.0,0.0,0.0,0.0,0.0,0.0,0.0,0.0,0.0,0.0,0.0,0.0,0.0,0.0,0.0,0.0,0.0,0.0,0.0,8.757578,27.030207,86.53309,108.46543,77.13304,0.0,0.0,127.748955,186.49403,89.58146,0.0,0.0,0.0,0.0,0.0,0.0,0.0,0.0,0.0,46.117134,0.0,51.82658,158.17831,153.54428,0.0,0.0,0.0,74.61549,1.0084555,0.0,0.0,0.0,0.0,0.0,0.0,0.0,0.0,0.0,74.69349,73.190384,96.343475,63.44134,73.40622,29.936562,67.38679,0.0,0.0,0.0,64.53153,0.0,0.0,0.0,0.0,0.0,0.0,0.0,0.0,0.0,0.0,29.292694,51.431858,0.0,115.41814,0.0,0.0,0.0,0.0,0.0,0.0,0.0,0.0,0.0,0.0,0.0,0.0,0.0,0.0,0.0,0.0,0.0,0.0,0.0,0.0,0.0,0.0,0.0,0.0,0.0,0.0,0.0,0.0,0.0,0.0,0.0,95.51205,0.0,0.0,0.0,0.0,0.0,40.270325,74.61549,59.834194,0.0,0.0,80.62065,0.0,0.0,84.07743,68.48958,0.0,0.0,0.0,0.0,0.0,0.0,0.0,0.0,0.0,0.0,0.0,0.0,0.0,0.0,0.0,0.0,0.0,0.0,57.64254,0.0,0.0,0.0,0.0,0.0,0.0,0.0,0.0,0.0,0.0,0.0
C19x20_C20x20,0.0,0.0,0.0,0.0,172.48767,0.0,0.0,0.0,0.0,0.0,110.19292,0.0,116.2348,0.0,0.0,0.0,64.12239,0.0,61.020573,55.152927,0.0,0.0,0.0,0.0,0.0,0.0,0.0,0.0,0.0,0.0,0.0,0.0,0.0,0.0,0.0,0.0,0.0,47.560024,0.0,50.212135,0.0,0.0,0.0,0.0,0.0,0.0,0.0,0.0,0.0,0.0,0.0,0.0,0.0,0.0,0.0,95.1949,107.685425,0.0,0.0,0.0,85.74012,0.0,0.0,0.0,0.0,0.0,0.0,60.140583,0.0,0.0,0.0,0.0,0.0,0.0,0.0,39.06629,0.0,0.0,0.0,0.0,0.0,0.0,104.15385,0.0,131.21332,0.0,0.0,0.0,0.0,0.0,0.0,0.0,0.0,0.0,0.0,0.0,0.0,0.0,0.0,0.0,0.0,54.82344,0.0,0.0,62.03611,0.0,38.65069,46.182858,0.0,0.0,55.918148,0.0,0.0,0.0,0.0,0.0,0.0,74.24083,0.0,0.0,92.35686,0.0,81.690674,0.0,0.0,0.0,0.0,0.0,0.0,0.0,0.0,44.878757,0.0,0.0,0.0,0.0,0.0,0.0,120.23118,0.0,0.0,0.0,0.0,0.0,0.0,0.0,0.0,85.666115,0.0,0.0,0.0,0.0,0.0,0.0,58.672066,65.419754,0.0,0.0,4.1504836,62.02398,0.0,0.0,0.0,74.27754,32.28683,0.0,0.0,0.0,0.0,0.0,0.0,0.0,0.0,0.0,0.0,0.0,0.0,0.0,0.0,0.0,100.76513,0.0,0.0,0.0,0.0,64.78677,0.0,16.793585,0.0,124.98138,0.0,0.0,90.91786,238.18172,0.0,0.0,0.0,0.0,0.0,0.0,0.0,0.0,0.0,0.0,0.0,0.0,0.0,0.0,0.0,0.0,99.022545,0.0,0.0,0.0,0.0,0.0,0.0,0.0,0.0,0.0,0.0,0.0,0.0,76.98755,0.0,0.0,0.0,0.0,0.0,96.83071,0.0,0.0,13.359534,0.0,0.0,0.0,0.0,0.0,0.0,0.0,49.40233,0.0,30.779394,0.0,81.23373,0.0,78.75475,0.0,0.0,53.454636,0.0,0.0,0.0,0.0,0.0,0.0,0.0,0.0,140.18373,155.19557,0.0,0.0,88.33785,78.78055,75.00287,50.9456,62.35837,46.182858,67.666855,70.10707,95.367874,131.21332,103.95132,68.30723,61.53571,0.0,60.32736,58.285255,73.31345,44.298,0.0,0.0,0.0,37.644753,43.86257,48.514187,156.23811,109.87523,204.58241,281.47778,146.53212,132.0059,129.41377,110.82782,155.7334,71.636604,76.04149,42.35107,80.01106,102.0363,5.489979,88.78399,81.48732,0.0,106.24516,40.343536,101.659836,76.02012,52.213417,53.14756,62.181942,77.8715,75.87776,59.671688,49.077766,117.26673,0.0,36.4315,83.261734,70.89834,0.0,0.0,30.093422,89.77189,0.0,0.0,0.0,0.0,0.0,0.0,0.0,41.19906,0.0,0.0,0.0,0.0,0.0,0.0,0.0,0.0,0.0,0.0,0.0,0.0,0.0,0.0,0.0,0.0,0.0,0.0,0.0,0.0,0.0,0.0,0.0,0.0,0.0,0.0,0.0,0.0,0.0,59.8646,96.46603,27.974577,103.484406,52.390846,0.0,27.399427,0.0,0.0,0.0,0.0,0.0,0.0,110.143654,0.0,98.662445,83.755684,0.0,0.0,0.0,0.0,0.0,0.0,0.0,0.0,0.0,0.0,0.0,0.0,0.0,0.0,0.0,0.0,0.0,0.0,0.0,0.0,0.0,0.0,0.0,0.0,80.35484,0.0,0.0,0.0,0.0,0.0,0.0,0.0,0.0,0.0,0.0,52.921112,0.0,0.0,51.179043,0.0,0.0,0.0,0.0,0.0,0.0,0.0,0.0,0.0,0.0,0.0,0.0,0.0,0.0,0.0,0.0,0.0,0.0,0.0,0.0,0.0,0.0,0.0,0.0,0.0,0.0,0.0,0.0,0.0,0.0,0.0,81.903275,0.0,0.0,66.76331,0.0,0.0,72.855576,76.737045,63.685688,0.0,0.0,0.0,0.0,0.0,116.24786,96.83071,0.0,0.0,0.0,0.0,0.0,0.0,0.0,0.0,0.0,0.0,0.0,0.0,0.0,35.05673,0.0,0.0,0.0,0.0,0.0,0.0,0.0,0.0,0.0,0.0,0.0,0.0,0.0,0.0,116.24786,0.0
C19x21_C19x22,27.017427,0.0,0.0,0.0,97.038864,0.0,0.0,0.0,0.0,0.0,55.872635,0.0,0.0,0.0,0.0,0.0,50.001316,53.65278,0.0,85.29205,0.0,0.0,0.0,0.0,0.0,0.0,0.0,0.0,0.0,0.0,0.0,0.0,0.0,0.0,75.89965,0.0,0.0,18.810371,0.0,82.69642,0.0,0.0,0.0,0.0,0.0,0.0,0.0,0.0,0.0,0.0,0.0,0.0,0.0,0.0,0.0,14.760811,90.72745,0.0,0.0,70.46467,0.0,70.46467,0.0,0.0,0.0,0.0,0.0,0.0,0.0,0.0,0.0,0.0,0.0,0.0,0.0,89.99556,0.0,45.623215,0.0,45.623215,0.0,0.0,114.558945,0.0,140.18068,0.0,0.0,0.0,0.0,0.0,0.0,87.535965,0.0,78.07736,0.0,0.0,0.0,0.0,0.0,0.0,0.0,9.404583,0.0,0.0,35.983402,0.0,0.0,96.17761,0.0,0.0,0.0,0.0,0.0,0.0,0.0,0.0,0.0,34.83008,0.0,0.0,0.0,0.0,73.72139,0.0,0.0,0.0,0.0,0.0,0.0,0.0,0.0,0.0,0.0,0.0,0.0,0.0,0.0,0.0,123.14537,0.0,0.0,0.0,0.0,0.0,0.0,0.0,0.0,57.386276,100.81941,0.0,0.0,114.74527,0.0,0.0,42.645462,131.37029,0.0,0.0,71.688644,0.0,75.59559,0.0,0.0,0.0,0.0,38.07643,0.0,0.0,0.0,0.0,0.0,0.0,0.0,0.0,0.0,0.0,0.0,0.0,0.0,0.0,0.0,0.0,0.0,0.0,0.0,91.360916,0.0,0.0,0.0,31.099625,0.0,0.0,105.82403,124.8839,0.0,0.0,0.0,0.0,0.0,0.0,0.0,0.0,0.0,0.0,0.0,96.05374,0.0,0.0,0.0,0.0,73.29634,0.0,0.0,0.0,0.0,0.0,0.0,0.0,0.0,0.0,0.0,0.0,0.0,218.81003,0.0,0.0,0.0,0.0,0.0,0.0,0.0,0.0,151.90027,0.0,0.0,0.0,0.0,0.0,0.0,0.0,0.0,0.0,0.0,0.0,0.0,0.0,17.891228,0.0,0.0,0.0,0.0,0.0,0.0,0.0,0.0,0.0,0.0,0.0,60.822445,50.513176,32.060833,90.72795,30.399761,90.078316,86.67184,49.478603,60.405766,27.072433,92.00344,35.70394,60.197163,86.18945,0.0,25.513735,21.50221,32.837254,0.0,74.648766,30.417639,238.33679,0.0,0.0,135.77,0.0,0.0,0.0,66.73343,103.21983,102.86337,147.27834,61.906433,44.15978,60.179756,127.55791,33.006176,26.93689,0.0,57.161118,38.927513,77.98274,0.0,64.65907,0.0,55.240158,88.12854,35.971325,30.399761,73.64324,37.53727,27.072433,101.11719,92.00344,63.942463,107.459816,72.76865,106.85881,61.058533,27.014862,118.95679,25.028603,0.0,0.0,0.0,0.0,0.0,0.0,0.0,0.0,0.0,0.0,0.0,0.0,0.0,0.0,0.0,0.0,0.0,0.0,0.0,0.0,0.0,0.0,0.0,0.0,0.0,0.0,0.0,0.0,0.0,0.0,0.0,0.0,0.0,0.0,85.61762,60.3823,34.379963,90.227,141.30624,0.0,0.0,154.91826,311.43314,0.0,0.0,0.0,0.0,0.0,0.0,0.0,0.0,0.0,0.0,23.096708,32.65019,41.763775,72.78594,83.51335,0.0,0.0,0.0,73.6704,78.11696,0.0,0.0,0.0,0.0,0.0,0.0,0.0,0.0,0.0,89.94901,139.73697,169.41924,66.61108,125.22526,20.878725,130.35373,0.0,0.0,0.0,0.0,75.59559,0.0,0.0,0.0,0.0,0.0,0.0,0.0,0.0,0.0,0.0,0.0,0.0,49.249172,0.0,0.0,0.0,0.0,0.0,0.0,0.0,0.0,99.02056,0.0,0.0,0.0,0.0,0.0,0.0,0.0,0.0,0.0,0.0,0.0,0.0,0.0,0.0,0.0,0.0,0.0,0.0,0.0,0.0,0.0,0.0,66.59468,0.0,0.0,0.0,0.0,0.0,0.0,94.01763,90.79774,0.0,33.258106,103.46491,0.0,0.0,122.722885,122.46243,0.0,0.0,0.0,0.0,0.0,0.0,0.0,0.0,0.0,0.0,0.0,0.0,103.04391,106.79491,0.0,0.0,0.0,0.0,47.811386,0.0,0.0,0.0,0.0,0.0,0.0,0.0,0.0,0.0,0.0,0.0
C19x21_C20x21,0.0,0.0,0.0,0.0,69.50697,0.0,0.0,0.0,0.0,0.0,45.003082,0.0,58.713444,24.763586,0.0,0.0,0.0,40.44362,35.304493,80.07804,0.0,0.0,0.0,0.0,0.0,0.0,0.0,0.0,46.38888,0.0,0.0,0.0,0.0,0.0,40.10617,0.0,0.0,41.962616,0.0,54.80217,32.83797,0.0,0.0,0.0,0.0,0.0,0.0,0.0,0.0,0.0,0.0,0.0,0.0,0.0,0.0,65.06581,114.07696,0.0,0.0,0.0,52.299816,0.0,0.0,0.0,0.0,0.0,20.43756,0.0,0.0,0.0,0.0,0.0,0.0,0.0,0.0,40.29875,0.0,0.0,0.0,0.0,0.0,0.0,134.88998,0.0,159.17914,0.0,0.0,0.0,0.0,0.0,0.0,52.808994,0.0,5.358762,0.0,0.0,0.0,0.0,0.0,0.0,0.0,9.922457,0.0,0.0,44.395134,0.0,0.0,77.44889,0.0,0.0,0.0,0.0,0.0,0.0,0.0,0.0,0.0,50.659286,30.355515,0.0,0.0,0.0,0.0,0.0,0.0,0.0,40.24357,0.0,0.0,0.0,0.0,0.0,0.0,0.0,0.0,0.0,0.0,0.0,102.25125,0.0,0.0,0.0,0.0,0.0,0.0,0.0,0.0,42.277832,50.722893,0.0,0.0,50.722893,0.0,0.0,32.233154,73.573875,0.0,0.0,6.631258,45.359047,0.0,0.0,0.0,32.8702,0.0,0.0,0.0,0.0,0.0,0.0,0.0,0.0,0.0,0.0,0.0,0.0,0.0,0.0,0.0,0.0,0.0,0.0,0.0,0.0,0.0,30.556728,0.0,3.8764052,0.0,41.44655,0.0,0.0,80.35771,140.18845,0.0,0.0,0.0,0.0,0.0,0.0,0.0,0.0,0.0,0.0,0.0,0.0,0.0,0.0,0.0,0.0,52.85627,0.0,0.0,0.0,0.0,0.0,0.0,0.0,0.0,0.0,0.0,0.0,0.0,168.55809,0.0,0.0,0.0,0.0,0.0,51.737278,0.0,0.0,72.02919,0.0,0.0,0.0,0.0,0.0,0.0,0.0,95.869,0.0,67.78963,0.0,0.0,0.0,34.241398,0.0,0.0,0.0,0.0,0.0,0.0,0.0,0.0,0.0,46.06071,0.0,74.21482,50.317448,25.335564,72.618385,80.857056,87.81827,87.744865,65.848366,45.87023,61.07449,103.33289,93.843094,110.1359,185.56847,77.84047,85.69393,62.51654,30.54007,75.18699,37.279385,72.57053,113.41983,0.0,0.0,0.0,0.0,0.0,0.0,69.52355,164.2965,88.986176,170.39783,69.23786,50.511295,81.6483,120.57694,99.89416,73.78143,0.0,31.35868,65.22657,85.47646,54.558575,59.155872,113.1318,0.0,126.66996,57.432903,69.35854,114.97849,37.89161,52.38921,115.52083,88.63814,67.26003,71.924965,84.649704,155.09354,36.684685,26.175869,135.16852,84.4607,0.0,0.0,6.924181,44.69629,0.0,0.0,0.0,0.0,0.0,0.0,0.0,0.0,53.112797,28.328009,0.0,0.0,0.0,0.0,0.0,0.0,0.0,0.0,0.0,0.0,0.0,0.0,0.0,0.0,0.0,0.0,0.0,0.0,0.0,0.0,0.0,0.0,22.502806,34.62648,54.178932,0.0,0.0,39.084366,161.66273,37.193584,0.0,0.0,0.0,0.0,0.0,0.0,0.0,0.0,0.0,26.384718,47.529316,26.634163,75.90182,69.22115,0.0,0.0,0.0,39.571224,40.246956,0.0,0.0,0.0,0.0,0.0,0.0,0.0,0.0,0.0,36.083965,99.73613,88.90748,26.332657,74.32968,21.748867,70.10199,0.0,0.0,0.0,57.87671,0.0,71.98452,0.0,126.71078,71.36279,41.31972,90.33206,27.188873,0.0,64.607285,0.0,0.0,0.0,74.66212,41.56028,0.0,30.258038,21.981802,40.009766,15.697502,23.351892,35.132893,78.825485,0.0,0.0,0.0,0.0,0.0,0.0,0.0,0.0,0.0,0.0,0.0,38.450657,0.0,0.0,0.0,0.0,0.0,0.0,0.0,0.0,0.0,0.0,48.30017,0.0,0.0,0.0,0.0,0.0,33.786057,39.571224,38.705765,0.0,0.0,109.86132,0.0,0.0,78.69873,77.07111,0.0,0.0,0.0,0.0,0.0,0.0,0.0,0.0,0.0,0.0,0.0,0.0,0.0,84.90516,0.0,0.0,0.0,0.0,48.669212,0.0,0.0,0.0,0.0,0.0,0.0,0.0,0.0,0.0,52.82988,0.0
C19x22_C19x23,142.0939,0.0,0.0,0.0,118.61689,0.0,0.0,0.0,87.50532,0.0,64.35981,0.0,0.0,0.0,0.0,0.0,90.610695,44.675144,96.96015,0.0,0.0,0.0,0.0,0.0,0.0,0.0,0.0,0.0,0.0,0.0,0.0,0.0,0.0,0.0,73.10114,0.0,0.0,149.88039,0.0,0.0,0.0,0.0,0.0,97.56251,0.0,0.0,0.0,0.0,0.0,0.0,0.0,0.0,0.0,0.0,0.0,51.7363,0.0,0.0,0.0,105.730255,98.10951,105.730255,0.0,0.0,0.0,0.0,0.0,0.0,0.0,0.0,0.0,0.0,0.0,0.0,0.0,0.0,0.0,0.0,0.0,0.0,0.0,0.0,115.27305,0.0,100.9594,0.0,0.0,0.0,0.0,0.0,0.0,0.0,0.0,82.793526,0.0,0.0,0.0,0.0,0.0,0.0,0.0,82.68161,0.0,0.0,47.481327,0.0,0.0,96.68858,0.0,0.0,0.0,0.0,0.0,0.0,38.053436,0.0,0.0,0.0,0.0,0.0,0.0,0.0,128.161,0.0,0.0,0.0,142.35057,0.0,0.0,0.0,0.0,71.00237,0.0,0.0,0.0,0.0,0.0,0.0,147.17986,0.0,0.0,0.0,0.0,0.0,0.0,0.0,0.0,89.02642,165.4653,0.0,0.0,188.32047,0.0,0.0,69.90233,173.14407,0.0,0.0,62.661797,115.102905,89.01861,0.0,0.0,0.0,0.0,0.0,0.0,0.0,57.036182,0.0,0.0,0.0,0.0,0.0,0.0,0.0,0.0,0.0,0.0,0.0,0.0,0.0,0.0,0.0,0.0,0.0,0.0,0.0,0.0,43.76767,0.0,0.0,0.0,204.57121,0.0,0.0,0.0,0.0,0.0,0.0,0.0,0.0,0.0,0.0,0.0,99.796524,0.0,0.0,0.0,0.0,134.16254,0.0,0.0,0.0,0.0,0.0,0.0,0.0,0.0,0.0,0.0,0.0,0.0,195.71187,0.0,0.0,0.0,0.0,0.0,0.0,100.30159,0.0,191.4097,0.0,0.0,0.0,0.0,0.0,0.0,0.0,84.668724,0.0,83.41942,0.0,0.0,0.0,0.0,0.0,0.0,23.843964,0.0,0.0,50.101383,0.0,0.0,0.0,0.0,0.0,0.0,0.0,0.0,94.26321,0.0,0.0,0.0,0.0,0.0,0.0,0.0,0.0,0.0,0.0,0.0,0.0,0.0,0.0,0.0,0.0,0.0,242.0177,0.0,0.0,273.74368,0.0,0.0,0.0,78.85784,0.0,113.079155,126.58481,82.30797,20.114027,72.67243,166.34683,0.0,0.0,0.0,0.0,0.0,0.0,0.0,0.0,0.0,0.0,0.0,0.0,0.0,0.0,0.0,0.0,0.0,0.0,0.0,0.0,0.0,0.0,0.0,0.0,0.0,0.0,0.0,54.221363,0.0,50.101383,0.0,0.0,0.0,0.0,0.0,0.0,0.0,0.0,0.0,0.0,0.0,0.0,0.0,0.0,0.0,0.0,0.0,0.0,0.0,0.0,0.0,0.0,0.0,0.0,0.0,0.0,0.0,0.0,0.0,0.0,172.6249,121.965065,94.306526,112.468796,203.81166,0.0,0.0,200.78798,351.68445,0.0,49.530045,48.302162,26.960875,22.612236,0.0,0.0,0.0,0.0,0.0,32.918518,43.191097,55.246944,101.0087,114.5476,0.0,0.0,0.0,97.86413,148.0786,0.0,0.0,0.0,0.0,0.0,0.0,0.0,0.0,0.0,47.572536,163.29614,189.55344,0.0,43.725838,96.26993,114.61249,0.0,0.0,0.0,0.0,89.01861,0.0,0.0,0.0,0.0,0.0,0.0,0.0,0.0,0.0,0.0,0.0,0.0,61.596058,0.0,0.0,0.0,0.0,0.0,0.0,0.0,0.0,54.184624,0.0,0.0,0.0,0.0,0.0,0.0,0.0,0.0,0.0,0.0,0.0,0.0,100.2434,0.0,0.0,0.0,0.0,0.0,0.0,0.0,0.0,0.0,81.92953,0.0,0.0,41.902462,0.0,0.0,155.9471,124.89349,93.07743,0.0,0.0,0.0,0.0,0.0,86.47935,114.832634,51.196587,0.0,0.0,0.0,0.0,0.0,0.0,0.0,0.0,0.0,0.0,0.0,127.68173,126.77841,0.0,0.0,0.0,0.0,62.25769,0.0,0.0,0.0,0.0,0.0,0.0,0.0,0.0,0.0,0.0,0.0
C19x22_C20x22,118.09944,0.0,0.0,0.0,101.73249,0.0,0.0,0.0,62.365646,0.0,0.0,0.0,0.0,0.0,0.0,0.0,54.738342,33.793087,0.0,69.628426,0.0,0.0,0.0,0.0,0.0,0.0,0.0,0.0,0.0,0.0,0.0,0.0,0.0,0.0,47.874935,0.0,0.0,104.24534,0.0,79.640335,0.0,0.0,0.0,0.0,0.0,0.0,0.0,0.0,0.0,0.0,0.0,0.0,0.0,0.0,0.0,0.0,87.69048,0.0,0.0,69.24483,0.0,69.24483,0.0,0.0,0.0,0.0,0.0,0.0,0.0,0.0,0.0,0.0,0.0,0.0,0.0,0.0,0.0,0.0,0.0,0.0,0.0,0.0,115.60665,0.0,100.02792,0.0,0.0,0.0,0.0,0.0,0.0,64.3574,0.0,51.334328,0.0,0.0,0.0,0.0,0.0,0.0,0.0,35.68468,0.0,0.0,44.99991,0.0,0.0,88.5113,0.0,0.0,0.0,0.0,0.0,0.0,0.0,0.0,0.0,33.542915,0.0,0.0,0.0,0.0,65.25994,0.0,0.0,0.0,81.11028,0.0,0.0,0.0,0.0,0.0,0.0,0.0,0.0,0.0,0.0,0.0,121.43611,0.0,0.0,0.0,0.0,0.0,0.0,0.0,53.184834,40.728416,22.141506,0.0,0.0,64.84857,0.0,37.00195,22.803474,113.16082,0.0,0.0,49.93021,0.0,110.33567,0.0,0.0,0.0,0.0,0.0,0.0,0.0,41.33159,0.0,0.0,0.0,0.0,0.0,0.0,0.0,0.0,0.0,0.0,0.0,128.01558,0.0,0.0,0.0,0.0,64.492065,0.0,0.0,0.0,64.88048,0.0,0.0,0.0,106.0917,0.0,0.0,0.0,0.0,0.0,0.0,0.0,39.91745,0.0,0.0,0.0,90.87779,0.0,0.0,0.0,0.0,61.37836,0.0,0.0,0.0,0.0,0.0,0.0,68.57336,0.0,0.0,0.0,0.0,0.0,215.99605,0.0,0.0,0.0,0.0,84.16978,0.0,70.865746,0.0,156.2669,0.0,0.0,0.0,76.78585,0.0,0.0,0.0,84.98369,0.0,0.0,0.0,81.59361,0.0,0.0,0.0,0.0,0.0,0.0,0.0,39.218876,0.0,0.0,0.0,0.0,0.0,0.0,0.0,35.179466,114.60225,38.985287,115.5183,111.238655,48.793903,63.853943,51.84827,113.709,36.64598,84.68288,133.20038,0.0,65.06065,27.574883,42.11118,0.0,74.404655,34.997906,62.073147,0.0,0.0,160.19061,0.0,0.0,0.0,67.96057,100.40176,36.18195,124.76813,51.03327,15.745064,47.594166,118.53632,0.0,0.0,0.0,52.28257,37.488926,46.5333,0.0,64.428375,73.5316,53.19873,89.520325,44.555016,29.276323,87.772934,36.15006,38.935886,97.23119,85.39072,66.58205,99.98343,75.95514,126.63075,58.802086,26.016514,125.94947,57.164658,0.0,0.0,0.0,39.218876,0.0,0.0,0.0,0.0,0.0,0.0,0.0,0.0,0.0,0.0,0.0,0.0,0.0,0.0,0.0,0.0,0.0,0.0,0.0,0.0,0.0,0.0,0.0,0.0,0.0,0.0,0.0,0.0,0.0,0.0,0.0,0.0,66.60347,92.37854,167.77965,0.0,0.0,107.6434,208.9334,24.831758,39.237667,64.84857,26.999544,17.700638,0.0,0.0,0.0,0.0,0.0,0.0,0.0,0.0,0.0,0.0,0.0,0.0,0.0,57.088974,90.43153,0.0,0.0,0.0,0.0,0.0,0.0,0.0,0.0,0.0,51.958374,162.11916,153.62003,14.506504,111.623856,60.19993,69.79971,0.0,0.0,0.0,0.0,110.33567,0.0,0.0,0.0,0.0,0.0,0.0,0.0,0.0,0.0,0.0,0.0,0.0,65.5539,0.0,0.0,0.0,0.0,0.0,0.0,0.0,0.0,116.832115,0.0,0.0,0.0,0.0,0.0,0.0,0.0,0.0,0.0,0.0,0.0,0.0,0.0,47.57555,59.248795,0.0,68.57336,0.0,0.0,0.0,0.0,0.0,0.0,0.0,0.0,38.437405,0.0,0.0,108.12428,72.85654,99.05809,0.0,0.0,0.0,0.0,0.0,75.82797,75.04356,36.037933,0.0,0.0,0.0,0.0,0.0,0.0,0.0,0.0,0.0,0.0,0.0,0.0,101.28502,0.0,22.347513,0.0,1.4611801,51.494183,0.0,0.0,0.0,0.0,0.0,0.0,0.0,0.0,0.0,0.0,82.36646
C19x23_C19x24,128.6773,0.0,0.0,0.0,51.593155,0.0,50.050034,0.0,113.12727,0.0,83.20466,0.0,0.0,0.0,0.0,0.0,214.66983,27.795681,37.966225,0.0,0.0,0.0,74.39993,0.0,0.0,0.0,0.0,0.0,0.0,0.0,0.0,0.0,0.0,0.0,74.33755,0.0,85.218285,0.0,0.0,0.0,0.0,0.0,64.17525,10.45474,65.60402,0.0,0.0,0.0,0.0,0.0,0.0,0.0,0.0,0.0,0.0,82.32278,0.0,0.0,26.924149,0.0,92.87498,0.0,0.0,0.0,0.0,0.0,0.0,0.0,0.0,0.0,67.91985,0.0,0.0,0.0,0.0,56.168625,0.0,70.35428,0.0,0.0,0.0,59.30217,122.93925,0.0,0.0,0.0,0.0,0.0,0.0,0.0,0.0,20.77525,0.0,80.52983,0.0,0.0,0.0,0.0,0.0,0.0,49.363647,70.07289,70.07289,0.0,30.897348,0.0,0.0,90.90145,0.0,0.0,0.0,0.0,55.48447,0.0,26.115267,0.0,0.0,54.276093,0.0,0.0,0.0,0.0,165.39584,0.0,0.0,0.0,57.609543,13.152981,0.0,0.0,0.0,133.58481,0.0,0.0,0.0,0.0,0.0,0.0,48.636757,0.0,124.657616,0.0,40.69546,0.0,0.0,0.0,0.0,57.89059,0.0,0.0,0.0,96.248505,0.0,0.0,32.936024,104.351974,0.0,0.0,0.0,88.72878,0.0,0.0,0.0,0.0,0.0,0.0,0.0,0.0,55.723972,0.0,0.0,45.929924,0.0,0.0,104.91781,0.0,0.0,0.0,0.0,0.0,0.0,0.0,0.0,0.0,0.0,64.18456,0.0,0.0,0.0,127.057976,0.0,0.0,0.0,121.63457,37.59853,81.00297,0.0,0.0,57.99198,0.0,0.0,75.629845,0.0,0.0,0.0,0.0,0.0,0.0,0.0,0.0,101.91749,0.0,0.0,49.04284,0.0,0.0,0.0,110.33055,0.0,0.0,0.0,0.0,0.0,115.32716,0.0,0.0,0.0,0.0,0.0,0.0,119.11704,0.0,109.327034,0.0,0.0,0.0,80.97467,0.0,0.0,0.0,0.0,0.0,70.9121,0.0,0.0,0.0,45.160305,0.0,0.0,24.746439,0.0,0.0,98.08779,0.0,0.0,0.0,0.0,0.0,84.964935,34.16962,0.0,0.0,65.61976,87.25064,77.36028,59.380722,34.574383,21.76599,50.88435,13.152981,76.48645,86.60595,68.95831,45.495205,17.43291,36.59518,10.842178,94.10534,49.04284,241.78284,0.0,0.0,220.45947,0.0,0.0,0.0,108.20573,34.574383,76.48645,86.60595,45.495205,17.43291,10.842178,94.10534,0.0,58.182243,0.0,0.0,0.0,0.0,0.0,0.0,0.0,0.0,0.0,0.0,0.0,0.0,0.0,0.0,0.0,0.0,0.0,0.0,0.0,0.0,40.947495,44.92963,100.99827,14.74277,73.40138,88.0271,0.0,98.08779,0.0,0.0,0.0,0.0,0.0,0.0,0.0,0.0,0.0,0.0,0.0,0.0,0.0,0.0,0.0,0.0,0.0,0.0,0.0,0.0,0.0,0.0,0.0,0.0,0.0,0.0,0.0,0.0,77.47899,117.13672,61.21838,61.923798,95.42906,100.94784,103.478745,0.0,0.0,59.065964,114.24239,0.0,56.742203,58.175507,81.74448,0.0,0.0,0.0,0.0,0.0,0.0,0.0,0.0,18.133131,99.594185,28.795952,0.0,0.0,0.0,63.438065,80.23693,0.0,0.0,0.0,0.0,0.0,0.0,0.0,0.0,0.0,62.168144,38.569565,123.01876,30.664022,55.83716,83.14172,33.90414,0.0,0.0,0.0,0.0,0.0,0.0,0.0,0.0,0.0,0.0,0.0,0.0,0.0,0.0,0.0,0.0,0.0,0.0,0.0,0.0,0.0,0.0,0.0,0.0,0.0,0.0,0.0,0.0,0.0,0.0,0.0,0.0,0.0,0.0,0.0,0.0,0.0,0.0,0.0,107.756935,0.0,0.0,0.0,0.0,47.974747,0.0,0.0,64.19064,0.0,107.9277,0.0,0.0,64.78058,0.0,0.0,48.793324,63.438065,50.546196,0.0,0.0,0.0,0.0,0.0,0.0,63.686947,0.0,0.0,0.0,0.0,0.0,0.0,0.0,0.0,0.0,0.0,0.0,0.0,62.94947,71.14154,0.0,0.0,0.0,40.906086,71.14154,0.0,0.0,0.0,0.0,0.0,0.0,0.0,0.0,90.61189,0.0,0.0
C19x23_C20x23,176.88347,0.0,0.0,0.0,122.5199,0.0,68.80019,0.0,216.71967,0.0,96.03169,0.0,0.0,0.0,0.0,0.0,151.5316,52.748783,55.80873,0.0,0.0,0.0,75.34986,0.0,0.0,0.0,0.0,0.0,0.0,0.0,0.0,0.0,0.0,0.0,12.516535,0.0,0.0,78.21083,0.0,0.0,0.0,86.77411,0.0,14.371381,0.0,0.0,0.0,0.0,0.0,0.0,0.0,0.0,0.0,0.0,0.0,72.932625,0.0,0.0,0.0,0.0,134.64229,0.0,0.0,0.0,0.0,0.0,0.0,0.0,0.0,0.0,79.37068,0.0,0.0,0.0,0.0,0.0,0.0,0.0,0.0,0.0,0.0,0.0,100.48942,0.0,0.0,0.0,0.0,0.0,0.0,0.0,0.0,60.06884,0.0,94.18285,0.0,0.0,0.0,0.0,0.0,0.0,0.0,61.145363,61.145363,52.63927,0.0,0.0,0.0,93.80603,0.0,0.0,0.0,0.0,0.0,0.0,105.332054,0.0,0.0,0.0,0.0,0.0,0.0,0.0,0.0,0.0,0.0,0.0,81.2751,0.0,0.0,0.0,0.0,141.07144,0.0,0.0,0.0,0.0,0.0,0.0,181.73267,0.0,0.0,0.0,0.0,0.0,0.0,0.0,0.0,110.69949,0.0,0.0,0.0,224.0803,0.0,0.0,62.980885,164.99727,0.0,0.0,0.0,108.83415,0.0,0.0,0.0,117.04446,0.0,0.0,0.0,0.0,89.05821,0.0,0.0,0.0,0.0,0.0,0.0,0.0,0.0,0.0,0.0,0.0,0.0,0.0,0.0,0.0,0.0,33.93737,0.0,0.0,0.0,206.39896,0.0,0.0,0.0,159.33969,0.0,0.0,0.0,0.0,0.0,0.0,0.0,132.37152,0.0,0.0,0.0,0.0,0.0,0.0,0.0,0.0,48.530693,0.0,0.0,0.0,0.0,0.0,0.0,0.0,0.0,0.0,0.0,0.0,0.0,242.62799,0.0,0.0,0.0,0.0,0.0,0.0,185.40108,0.0,238.65616,0.0,0.0,0.0,0.0,0.0,0.0,0.0,52.607143,0.0,51.830906,0.0,0.0,0.0,0.0,0.0,0.0,49.779503,0.0,0.0,0.0,0.0,0.0,0.0,0.0,0.0,0.0,0.0,0.0,105.699486,0.0,0.0,0.0,0.0,0.0,0.0,0.0,0.0,0.0,0.0,0.0,0.0,0.0,0.0,0.0,0.0,0.0,222.09009,0.0,0.0,536.8598,0.0,0.0,0.0,120.84274,0.0,0.0,0.0,0.0,0.0,0.0,0.0,0.0,61.14886,0.0,0.0,0.0,0.0,0.0,0.0,0.0,0.0,0.0,0.0,0.0,0.0,0.0,0.0,0.0,0.0,0.0,0.0,0.0,0.0,0.0,0.0,0.0,0.0,0.0,0.0,0.0,0.0,0.0,0.0,0.0,0.0,0.0,0.0,0.0,0.0,0.0,0.0,0.0,0.0,0.0,0.0,0.0,0.0,0.0,0.0,0.0,0.0,0.0,0.0,0.0,0.0,0.0,0.0,0.0,0.0,0.0,0.0,18.263046,85.12221,156.54958,77.02316,190.12444,0.0,0.0,133.35582,61.499187,0.0,26.679438,182.22653,124.930145,0.0,0.0,0.0,0.0,0.0,0.0,0.0,127.77122,102.028015,53.16007,138.06448,0.0,0.0,0.0,91.84043,125.385475,0.0,0.0,0.0,0.0,0.0,0.0,0.0,0.0,0.0,63.034325,125.90324,176.87964,86.25716,78.39007,0.0,45.12529,0.0,0.0,0.0,0.0,0.0,85.67916,0.0,38.669838,23.918884,0.0,131.64626,89.40259,0.0,0.0,0.0,0.0,0.0,0.0,0.0,0.0,0.0,0.0,0.0,0.0,0.0,0.0,78.3897,0.0,0.0,0.0,0.0,0.0,0.0,0.0,0.0,0.0,0.0,0.0,0.0,142.19878,0.0,0.0,0.0,0.0,0.0,0.0,0.0,0.0,0.0,217.13292,0.0,0.0,97.980644,0.0,0.0,137.23825,91.84043,108.853806,0.0,0.0,0.0,0.0,0.0,120.76562,102.02306,0.0,0.0,0.0,0.0,0.0,43.66427,39.72002,135.65277,0.0,0.0,0.0,0.0,73.562325,118.13024,0.0,0.0,0.0,0.0,0.0,0.0,0.0,0.0,0.0,0.0,0.0,0.0,0.0,0.0,0.0,0.0
C19x24_C19x25,19.851734,0.0,0.0,0.0,60.452293,0.0,40.08091,0.0,0.0,0.0,83.712585,0.0,79.44675,84.10598,0.0,0.0,53.041332,0.0,50.55027,0.0,0.0,0.0,54.92199,0.0,0.0,0.0,0.0,0.0,9.68544,0.0,0.0,0.0,0.0,0.0,0.0,0.0,94.71238,0.0,0.0,0.0,36.561485,0.0,9.568215,0.0,13.895678,0.0,0.0,0.0,0.0,0.0,0.0,0.0,0.0,103.41816,0.0,77.210846,0.0,0.0,37.635727,0.0,93.03191,0.0,0.0,0.0,0.0,0.0,25.688454,0.0,0.0,0.0,80.07366,0.0,0.0,0.0,0.0,45.226334,0.0,67.13368,0.0,0.0,0.0,0.0,76.10444,0.0,0.0,0.0,0.0,0.0,0.0,0.0,0.0,57.861866,0.0,0.0,0.0,0.0,0.0,0.0,0.0,0.0,96.27184,86.94293,71.87548,0.0,58.193455,0.0,0.0,46.269455,0.0,0.0,0.0,0.0,0.0,0.0,0.0,0.0,0.0,65.17417,0.0,0.0,0.0,0.0,183.4269,0.0,0.0,0.0,0.0,58.305058,0.0,0.0,0.0,115.6265,0.0,0.0,0.0,0.0,0.0,0.0,53.526875,0.0,151.76494,0.0,0.0,0.0,0.0,0.0,0.0,52.678196,80.5856,0.0,0.0,131.0523,0.0,0.0,88.90374,110.35265,0.0,0.0,44.277348,40.665234,0.0,0.0,0.0,103.77029,0.0,94.6042,0.0,0.0,0.0,61.00574,0.0,110.50593,0.0,0.0,88.21356,0.0,0.0,0.0,0.0,0.0,0.0,0.0,0.0,0.0,0.0,0.0,0.0,33.21784,0.0,69.71569,0.0,0.0,0.0,187.89606,61.813057,103.53204,0.0,0.0,54.341343,0.0,0.0,0.0,0.0,0.0,0.0,0.0,0.0,0.0,0.0,0.0,151.9743,0.0,0.0,63.13019,0.0,0.0,0.0,126.46175,0.0,0.0,0.0,0.0,0.0,151.59702,60.340546,0.0,0.0,0.0,0.0,60.999737,0.0,0.0,130.18214,0.0,0.0,0.0,37.453335,0.0,0.0,0.0,82.53078,0.0,56.87354,0.0,0.0,0.0,37.2401,0.0,0.0,28.307228,0.0,0.0,0.0,0.0,0.0,58.000294,0.0,0.0,95.97441,64.77412,0.0,37.79881,87.81334,82.232765,48.854153,62.15273,0.0,64.43757,150.53232,58.305058,65.410614,84.270386,43.159225,107.96391,37.915417,107.93512,85.22926,154.87306,63.13019,128.73238,0.0,0.0,210.27774,0.0,0.0,0.0,126.7859,0.0,91.300446,117.625,150.69655,52.92252,118.96341,216.17256,0.0,57.478737,0.0,0.0,0.0,0.0,0.0,0.0,0.0,0.0,0.0,0.0,0.0,0.0,0.0,0.0,0.0,0.0,0.0,0.0,0.0,0.0,85.96002,76.091606,52.526955,61.80426,115.756004,0.0,0.0,140.39217,0.0,0.0,0.0,0.0,0.0,0.0,0.0,0.0,0.0,0.0,0.0,0.0,0.0,0.0,0.0,0.0,0.0,0.0,0.0,0.0,0.0,0.0,0.0,0.0,0.0,0.0,0.0,0.0,37.102924,136.81288,0.0,50.15952,82.78567,87.573265,64.29717,84.17481,17.764616,32.701588,63.669777,0.0,47.91057,99.63202,99.629,0.0,0.0,0.0,0.0,0.0,0.0,15.469327,0.0,17.007133,94.68729,40.983437,0.0,0.0,0.0,0.0,0.0,0.0,0.0,0.0,0.0,0.0,0.0,0.0,0.0,0.0,0.0,0.0,0.0,0.0,0.0,0.0,0.0,0.0,0.0,0.0,0.0,0.0,0.0,0.0,0.0,0.0,0.0,0.0,0.0,0.0,0.0,0.0,0.0,0.0,0.0,60.466064,0.0,35.668633,35.16858,29.718359,74.32141,47.02574,63.421547,0.0,0.0,0.0,0.0,0.0,0.0,0.0,0.0,0.0,0.0,0.0,0.0,0.0,0.0,0.0,0.0,0.0,0.0,37.046444,0.0,0.0,27.012913,17.529825,25.062529,0.0,0.0,0.0,0.0,0.0,0.0,0.0,0.0,0.0,0.0,0.0,0.0,0.0,0.0,66.13909,0.0,0.0,0.0,0.0,0.0,0.0,0.0,0.0,0.0,0.0,0.0,0.0,39.25906,20.003792,0.0,0.0,0.0,28.085093,35.45479,0.0,0.0,0.0,0.0,0.0,0.0,0.0,0.0,76.43463,0.0,0.0
C19x24_C20x24,113.353035,0.0,0.0,0.0,52.24847,0.0,55.012054,0.0,110.90404,0.0,0.0,0.0,88.7892,93.16208,0.0,0.0,107.90043,0.0,44.932835,0.0,0.0,0.0,58.73381,0.0,0.0,0.0,0.0,0.0,10.467389,0.0,0.0,0.0,0.0,0.0,0.0,0.0,62.8176,0.0,0.0,0.0,39.51326,0.0,14.690475,0.0,15.017539,0.0,0.0,0.0,0.0,0.0,0.0,0.0,0.0,49.66608,0.0,0.0,0.0,0.0,53.861084,81.19999,91.09521,0.0,0.0,0.0,0.0,0.0,0.0,0.0,0.0,0.0,87.18291,0.0,0.0,0.0,0.0,42.185265,0.0,69.367516,0.0,0.0,0.0,0.0,98.866165,0.0,0.0,0.0,0.0,0.0,0.0,0.0,0.0,0.0,0.0,0.0,0.0,0.0,0.0,0.0,0.0,0.0,40.340076,71.642296,57.263714,0.0,55.5589,0.0,0.0,68.60209,0.0,0.0,0.0,0.0,57.79733,0.0,0.0,0.0,0.0,56.538578,0.0,0.0,0.0,0.0,169.14531,0.0,119.49264,0.0,0.0,67.44607,0.0,0.0,0.0,94.465034,0.0,0.0,0.0,0.0,60.159122,0.0,70.43549,0.0,120.30202,0.0,55.648632,0.0,0.0,0.0,0.0,73.27922,0.0,0.0,0.0,99.72772,0.0,0.0,69.0512,123.60958,0.0,0.0,0.0,37.609222,0.0,0.0,0.0,175.78024,0.0,97.75209,0.0,0.0,56.8681,77.222626,0.0,32.16728,0.0,0.0,78.94497,0.0,0.0,0.0,0.0,0.0,0.0,0.0,0.0,0.0,0.0,0.0,0.0,60.4585,0.0,94.087746,0.0,0.0,0.0,102.352325,41.87597,61.676327,0.0,0.0,40.74632,0.0,0.0,81.9473,0.0,0.0,0.0,0.0,0.0,0.0,0.0,0.0,127.63027,0.0,0.0,49.66576,0.0,0.0,0.0,0.0,0.0,0.0,0.0,0.0,0.0,176.37561,0.0,0.0,0.0,0.0,0.0,59.903194,115.78477,0.0,181.53455,0.0,0.0,0.0,0.0,0.0,0.0,0.0,103.40779,0.0,71.26029,0.0,0.0,0.0,71.56425,0.0,0.0,90.211334,0.0,0.0,76.77545,0.0,0.0,0.0,0.0,0.0,114.74706,52.460327,0.0,36.765556,101.08281,42.91513,53.946564,85.974655,48.04287,39.1391,109.2094,67.44607,32.832623,69.6474,88.90508,84.8103,63.550407,36.726376,25.18319,66.54697,49.66576,232.59431,0.0,0.0,307.40817,0.0,0.0,0.0,101.45102,48.04287,68.83883,88.68705,93.783745,63.550407,103.98243,162.30463,0.0,99.24154,0.0,0.0,0.0,0.0,0.0,0.0,0.0,0.0,0.0,0.0,0.0,0.0,0.0,0.0,0.0,0.0,0.0,0.0,0.0,0.0,66.332565,101.122665,69.8062,42.43504,36.867252,0.0,0.0,137.81592,0.0,0.0,0.0,0.0,0.0,0.0,0.0,0.0,0.0,0.0,0.0,0.0,0.0,0.0,0.0,0.0,0.0,0.0,0.0,0.0,0.0,0.0,0.0,0.0,0.0,0.0,0.0,0.0,80.510254,111.90314,0.0,62.71033,41.050934,109.485664,80.385475,0.0,0.0,43.459087,80.64315,0.0,51.90665,84.18415,82.859184,0.0,0.0,0.0,0.0,0.0,0.0,0.0,0.0,0.0,0.0,0.0,0.0,0.0,0.0,0.0,0.0,0.0,0.0,0.0,0.0,0.0,0.0,0.0,0.0,0.0,0.0,0.0,0.0,0.0,0.0,0.0,0.0,0.0,0.0,0.0,0.0,88.786736,0.0,0.0,0.0,0.0,0.0,0.0,0.0,0.0,0.0,0.0,0.0,0.0,0.0,29.28833,0.0,38.54832,53.94287,12.777426,79.56123,37.786285,66.76022,95.42311,0.0,0.0,0.0,0.0,0.0,0.0,0.0,0.0,0.0,0.0,0.0,0.0,0.0,0.0,0.0,0.0,0.0,48.5841,0.0,0.0,98.88135,0.0,0.0,0.0,0.0,62.386288,0.0,0.0,18.774986,0.0,0.0,0.0,0.0,0.0,0.0,0.0,0.0,0.0,0.0,0.0,0.0,0.0,0.0,0.0,0.0,0.0,0.0,0.0,0.0,0.0,45.305252,21.618788,0.0,0.0,0.0,67.30374,29.215284,0.0,0.0,0.0,0.0,0.0,0.0,0.0,0.0,47.02105,0.0,0.0
C19x25_C19x26,0.0,0.0,0.0,0.0,81.18174,0.0,0.0,0.0,0.0,0.0,66.65668,0.0,71.036255,70.75092,0.0,0.0,97.89521,0.0,0.0,0.0,0.0,0.0,91.36175,0.0,0.0,0.0,0.0,0.0,62.909412,0.0,0.0,0.0,0.0,0.0,0.0,0.0,41.82938,0.0,0.0,0.0,70.79654,0.0,0.0,0.0,0.0,0.0,0.0,0.0,0.0,0.0,0.0,0.0,0.0,67.974686,0.0,62.884212,0.0,0.0,21.236012,89.3528,0.0,0.0,0.0,0.0,0.0,0.0,25.036058,0.0,0.0,0.0,45.231216,0.0,0.0,0.0,0.0,67.44811,0.0,33.359085,0.0,0.0,0.0,0.0,108.69015,0.0,0.0,0.0,0.0,0.0,0.0,0.0,0.0,76.10261,0.0,0.0,0.0,0.0,0.0,0.0,0.0,0.0,0.0,76.89679,77.68408,0.0,64.389656,0.0,0.0,47.20719,0.0,0.0,0.0,0.0,67.89185,0.0,0.0,0.0,0.0,0.0,0.0,0.0,0.0,0.0,169.83113,0.0,0.0,0.0,0.0,51.602684,0.0,0.0,0.0,113.77892,0.0,0.0,0.0,0.0,0.0,0.0,185.70224,0.0,108.01563,0.0,54.918625,0.0,0.0,0.0,42.625664,0.0,49.599728,0.0,0.0,82.172905,0.0,51.700226,0.0,130.5606,0.0,0.0,14.45887,0.0,0.0,0.0,0.0,110.25077,0.0,125.31511,0.0,0.0,0.0,30.088015,0.0,84.40587,0.0,0.0,35.569294,0.0,0.0,0.0,0.0,0.0,0.0,0.0,0.0,0.0,0.0,0.0,0.0,40.12085,0.0,0.0,0.0,0.0,0.0,296.56152,103.76439,137.09389,0.0,0.0,81.841286,0.0,0.0,0.0,0.0,0.0,0.0,0.0,0.0,0.0,0.0,0.0,163.94603,0.0,0.0,35.421406,0.0,0.0,0.0,59.17997,0.0,0.0,0.0,0.0,0.0,101.92105,104.985306,0.0,0.0,0.0,0.0,0.0,0.0,0.0,70.17161,0.0,0.0,0.0,74.32688,0.0,0.0,0.0,106.143364,0.0,0.0,0.0,0.0,0.0,0.0,0.0,0.0,46.193806,0.0,0.0,0.0,48.242496,0.0,0.0,0.0,0.0,135.04037,92.99534,21.255737,46.463882,0.0,65.27606,91.48012,134.12666,106.77386,62.354332,89.856026,51.602684,72.02638,105.25449,25.225176,127.317856,61.015785,100.74064,78.85621,141.49892,35.421406,93.87599,0.0,0.0,93.08645,0.0,0.0,0.0,25.872387,149.03545,100.53477,146.91473,177.71088,85.16612,110.06786,197.50485,46.702816,0.0,0.0,0.0,0.0,0.0,0.0,0.0,0.0,0.0,0.0,0.0,0.0,0.0,0.0,0.0,0.0,0.0,0.0,0.0,0.0,0.0,0.0,58.11976,55.011497,42.164597,48.687046,0.0,10.013533,95.366844,0.0,0.0,0.0,0.0,0.0,0.0,0.0,0.0,0.0,0.0,0.0,0.0,0.0,0.0,0.0,0.0,0.0,0.0,0.0,0.0,0.0,0.0,0.0,0.0,0.0,0.0,0.0,0.0,113.05723,138.37407,83.58725,63.823208,44.080036,80.995895,81.63918,52.7796,32.388405,23.232214,76.76205,59.033726,91.95466,52.7796,87.70127,33.36704,0.0,0.0,0.0,0.0,0.0,68.41782,65.06629,0.0,99.33202,70.62206,0.0,0.0,0.0,0.0,0.0,0.0,0.0,0.0,0.0,0.0,0.0,0.0,0.0,0.0,0.0,0.0,0.0,0.0,0.0,0.0,0.0,0.0,0.0,0.0,0.0,53.913532,0.0,0.0,0.0,0.0,0.0,0.0,0.0,0.0,0.0,0.0,0.0,0.0,0.0,0.0,33.218575,10.738839,0.0,17.369425,69.367485,49.654915,78.35759,0.0,0.0,0.0,0.0,0.0,0.0,0.0,0.0,0.0,0.0,0.0,0.0,0.0,0.0,24.630293,43.9486,48.307507,42.658443,0.0,0.0,0.0,0.0,0.0,0.0,0.0,0.0,0.0,0.0,0.0,95.32564,0.0,0.0,0.0,0.0,0.0,0.0,0.0,65.06629,83.501595,0.0,0.0,0.0,0.0,0.0,0.0,0.0,0.0,0.0,0.0,0.0,0.0,0.0,11.218733,0.0,0.0,0.0,66.26446,15.865684,0.0,0.0,0.0,0.0,0.0,0.0,0.0,0.0,39.337196,55.53174,0.0
C19x25_C20x25,20.839735,0.0,0.0,0.0,134.9739,0.0,25.246702,0.0,0.0,0.0,87.6784,0.0,130.15025,100.44888,0.0,0.0,43.952747,0.0,0.0,0.0,0.0,0.0,96.36888,0.0,0.0,0.0,0.0,0.0,43.89175,0.0,0.0,0.0,0.0,0.0,0.0,0.0,96.28235,0.0,0.0,0.0,63.30498,0.0,0.0,0.0,14.587251,0.0,0.0,0.0,0.0,0.0,0.0,0.0,0.0,40.420048,0.0,30.177156,0.0,0.0,117.32341,0.0,0.0,96.766235,0.0,0.0,0.0,0.0,21.568398,0.0,0.0,0.0,56.89313,0.0,0.0,0.0,0.0,76.02886,0.0,40.191685,0.0,0.0,0.0,0.0,97.46648,0.0,0.0,0.0,0.0,0.0,0.0,0.0,0.0,60.741592,0.0,0.0,0.0,0.0,0.0,0.0,0.0,0.0,62.74173,69.309265,56.712063,0.0,57.178406,0.0,0.0,33.03034,0.0,0.0,0.0,0.0,5.823333,0.0,0.0,0.0,0.0,0.0,0.0,0.0,0.0,0.0,154.23082,0.0,0.0,0.0,0.0,39.95678,0.0,0.0,0.0,91.92532,0.0,0.0,0.0,0.0,0.0,0.0,242.83803,0.0,147.25844,0.0,81.906136,0.0,0.0,0.0,0.0,0.0,12.52076,0.0,0.0,63.197933,0.0,0.0,0.0,133.795,0.0,0.0,84.63214,0.0,64.94829,0.0,0.0,85.41478,0.0,0.0,0.0,0.0,0.0,98.26164,0.0,0.0,0.0,0.0,69.06865,0.0,0.0,0.0,0.0,0.0,0.0,0.0,0.0,0.0,0.0,0.0,0.0,95.21347,0.0,0.0,0.0,0.0,0.0,201.5128,76.95416,92.71314,0.0,0.0,66.87361,0.0,0.0,0.0,0.0,0.0,0.0,0.0,0.0,0.0,0.0,0.0,160.5982,0.0,0.0,22.207539,0.0,0.0,0.0,0.0,0.0,0.0,0.0,0.0,0.0,130.36328,134.28265,0.0,0.0,0.0,0.0,73.33183,0.0,0.0,106.49771,0.0,0.0,0.0,31.441597,0.0,0.0,0.0,88.98211,0.0,0.0,0.0,0.0,0.0,50.164104,0.0,0.0,35.977295,0.0,0.0,0.0,0.0,0.0,0.0,0.0,0.0,113.3348,0.0,0.0,0.0,98.69689,114.00977,120.21285,136.045,59.709385,43.62862,129.07501,39.95678,23.931393,105.167244,48.554478,76.49448,39.802425,108.019356,45.089184,101.6989,22.207539,132.08304,0.0,0.0,94.877686,0.0,0.0,0.0,162.85022,99.884155,107.12731,105.167244,129.91895,39.802425,129.49535,173.2345,48.867798,0.0,0.0,0.0,0.0,0.0,0.0,0.0,0.0,0.0,0.0,0.0,0.0,0.0,0.0,0.0,0.0,0.0,0.0,0.0,0.0,0.0,112.60546,89.20991,0.0,85.63031,61.04527,0.0,0.0,140.12823,0.0,0.0,0.0,0.0,0.0,0.0,0.0,0.0,0.0,0.0,0.0,0.0,0.0,0.0,0.0,0.0,0.0,0.0,0.0,0.0,0.0,0.0,0.0,0.0,0.0,0.0,0.0,0.0,83.45085,149.41493,0.0,61.727367,80.0323,89.89494,144.19508,13.078422,18.64874,32.819828,104.39437,0.0,67.314095,15.480042,99.70675,88.39789,0.0,0.0,0.0,0.0,0.0,38.08026,104.98817,17.853561,92.75955,106.53719,0.0,0.0,0.0,0.0,0.0,0.0,0.0,0.0,0.0,0.0,0.0,0.0,0.0,0.0,0.0,0.0,0.0,0.0,0.0,0.0,0.0,0.0,0.0,0.0,0.0,0.0,0.0,0.0,0.0,0.0,0.0,0.0,0.0,0.0,0.0,0.0,0.0,0.0,0.0,36.844276,0.0,0.0,112.60546,72.74362,84.63603,41.782608,70.07757,0.0,0.0,0.0,0.0,0.0,0.0,0.0,0.0,0.0,0.0,0.0,0.0,0.0,0.0,0.0,0.0,0.0,0.0,0.0,0.0,0.0,0.0,0.0,0.0,0.0,0.0,0.0,0.0,0.0,83.93269,0.0,0.0,0.0,0.0,0.0,0.0,0.0,104.98817,72.129814,0.0,0.0,0.0,0.0,0.0,0.0,0.0,0.0,0.0,0.0,0.0,0.0,22.463676,17.00679,0.0,0.0,0.0,141.6611,20.818798,0.0,0.0,0.0,0.0,0.0,0.0,0.0,0.0,54.80702,0.0,0.0
C19x26_C19x27,0.0,0.0,0.0,0.0,51.417183,0.0,0.0,0.0,0.0,0.0,72.57815,0.0,0.0,0.0,0.0,0.0,150.46754,0.0,0.0,0.0,0.0,0.0,81.16345,0.0,0.0,0.0,0.0,0.0,0.0,0.0,0.0,0.0,0.0,0.0,0.0,0.0,70.78694,0.0,0.0,0.0,0.0,0.0,0.0,0.0,0.0,0.0,0.0,0.0,0.0,0.0,0.0,0.0,0.0,80.19991,0.0,112.268166,0.0,0.0,48.150845,91.0568,0.0,0.0,0.0,0.0,0.0,0.0,0.0,0.0,0.0,0.0,0.0,0.0,0.0,0.0,0.0,88.26879,0.0,0.0,54.45369,0.0,0.0,0.0,161.53044,0.0,0.0,0.0,0.0,0.0,0.0,0.0,0.0,130.63785,0.0,0.0,0.0,0.0,0.0,0.0,0.0,0.0,28.09667,0.0,39.331238,0.0,66.56531,0.0,39.829185,47.068783,0.0,0.0,0.0,0.0,114.34966,0.0,0.0,0.0,0.0,0.0,0.0,0.0,120.665474,0.0,110.34856,0.0,0.0,0.0,0.0,83.257706,0.0,0.0,0.0,192.15416,0.0,0.0,0.0,0.0,0.0,0.0,254.40382,0.0,159.62985,0.0,57.780037,0.0,0.0,0.0,64.06938,0.0,35.51505,0.0,0.0,25.370539,0.0,171.19298,0.0,166.27924,0.0,0.0,0.0,0.0,0.0,0.0,0.0,149.14178,0.0,157.0057,0.0,0.0,0.0,0.0,0.0,115.33909,0.0,0.0,45.406197,0.0,0.0,0.0,0.0,0.0,0.0,0.0,0.0,0.0,0.0,0.0,0.0,0.0,92.07172,0.0,0.0,0.0,0.0,327.88345,112.25348,86.3351,0.0,0.0,85.61661,0.0,0.0,0.0,0.0,0.0,0.0,0.0,0.0,0.0,0.0,0.0,234.81749,0.0,0.0,0.0,0.0,0.0,0.0,49.769825,0.0,0.0,0.0,0.0,0.0,168.38606,0.0,0.0,0.0,0.0,0.0,0.0,0.0,0.0,122.6835,0.0,0.0,0.0,0.0,0.0,0.0,0.0,165.37804,0.0,0.0,0.0,0.0,0.0,106.19983,0.0,0.0,82.85886,0.0,0.0,0.0,0.0,0.0,62.68908,0.0,0.0,142.02081,172.18506,0.0,0.0,45.61691,90.34112,94.44934,112.91065,50.61797,77.019394,0.0,83.257706,76.644196,131.96893,13.067557,55.18829,0.0,0.0,100.664375,37.80808,0.0,34.442413,0.0,0.0,99.03559,0.0,0.0,0.0,105.41406,50.61797,76.644196,131.96893,55.18829,0.0,100.664375,37.80808,83.379265,0.0,0.0,0.0,0.0,0.0,0.0,0.0,0.0,0.0,0.0,0.0,0.0,0.0,0.0,0.0,0.0,0.0,0.0,0.0,0.0,0.0,0.0,0.0,0.0,0.0,81.89391,0.0,74.141945,94.194016,0.0,0.0,0.0,0.0,0.0,0.0,0.0,0.0,0.0,0.0,0.0,0.0,0.0,0.0,0.0,0.0,0.0,0.0,0.0,0.0,0.0,0.0,0.0,0.0,0.0,0.0,0.0,0.0,61.07236,130.36821,95.55315,119.85076,89.48615,121.91338,0.0,0.0,0.0,45.60911,104.82097,48.520767,86.83503,35.51505,0.0,87.02421,0.0,0.0,0.0,0.0,0.0,89.655075,0.0,103.488144,172.70299,145.09038,0.0,0.0,0.0,0.0,0.0,0.0,0.0,0.0,0.0,0.0,0.0,0.0,0.0,0.0,0.0,0.0,0.0,0.0,0.0,0.0,0.0,0.0,0.0,0.0,0.0,47.78434,0.0,0.0,0.0,0.0,0.0,0.0,0.0,0.0,0.0,0.0,84.3991,0.0,0.0,0.0,0.0,0.0,0.0,0.0,0.0,0.0,0.0,0.0,0.0,0.0,0.0,0.0,0.0,0.0,0.0,0.0,0.0,0.0,0.0,0.0,0.0,0.0,49.581158,90.97847,74.021614,0.0,0.0,0.0,0.0,0.0,0.0,0.0,0.0,0.0,0.0,0.0,176.26042,0.0,0.0,0.0,0.0,0.0,0.0,0.0,0.0,89.071465,37.82803,0.0,0.0,0.0,0.0,0.0,0.0,0.0,0.0,0.0,0.0,117.28699,50.157394,0.0,0.0,0.0,0.0,86.14952,0.0,0.0,0.0,0.0,0.0,0.0,0.0,0.0,0.0,61.078987,0.0,56.020157
C19x26_C20x26,90.30116,0.0,0.0,0.0,46.44023,0.0,0.0,0.0,0.0,0.0,68.53924,0.0,86.11284,77.4527,0.0,0.0,109.84013,0.0,0.0,0.0,0.0,0.0,57.388363,0.0,0.0,0.0,0.0,0.0,65.210976,0.0,0.0,0.0,0.0,0.0,0.0,0.0,61.154755,0.0,0.0,0.0,65.24655,0.0,0.0,0.0,0.0,0.0,0.0,0.0,0.0,0.0,0.0,0.0,0.0,0.0,0.0,0.0,0.0,0.0,54.547955,108.37948,0.0,0.0,0.0,0.0,0.0,0.0,26.473658,0.0,0.0,0.0,53.761864,0.0,0.0,0.0,0.0,138.88837,0.0,76.15629,0.0,0.0,0.0,0.0,134.96606,0.0,0.0,0.0,0.0,0.0,0.0,0.0,0.0,82.78655,0.0,0.0,0.0,0.0,0.0,0.0,0.0,0.0,33.8161,46.857853,47.3376,0.0,72.72129,0.0,51.116707,51.42172,0.0,0.0,0.0,0.0,51.578346,0.0,0.0,0.0,0.0,0.0,0.0,0.0,96.06309,0.0,48.562595,0.0,0.0,0.0,0.0,43.16516,0.0,0.0,0.0,108.1673,0.0,0.0,0.0,0.0,0.0,0.0,230.09308,0.0,107.617874,0.0,41.00714,0.0,0.0,73.622215,45.073277,0.0,17.211674,0.0,0.0,63.594822,0.0,87.15456,0.0,140.45052,0.0,0.0,0.0,0.0,0.0,0.0,0.0,148.48392,0.0,0.0,0.0,0.0,0.0,45.97121,0.0,42.590096,0.0,0.0,0.0,0.0,0.0,0.0,0.0,0.0,0.0,0.0,0.0,0.0,0.0,0.0,0.0,51.011364,31.437075,0.0,0.0,0.0,0.0,248.0762,57.1948,98.4682,0.0,0.0,61.713226,0.0,0.0,0.0,0.0,0.0,0.0,0.0,0.0,0.0,0.0,0.0,117.88359,0.0,0.0,22.44237,0.0,0.0,0.0,5.734961,0.0,0.0,0.0,0.0,0.0,112.001396,0.0,0.0,0.0,0.0,0.0,15.67419,0.0,0.0,80.01293,0.0,0.0,0.0,0.0,0.0,0.0,0.0,123.1768,0.0,0.0,0.0,0.0,0.0,49.087902,0.0,0.0,85.89615,0.0,0.0,0.0,0.0,0.0,47.03733,0.0,0.0,115.5383,97.60625,22.476265,49.13189,38.44481,49.480663,84.52572,90.15162,0.0,52.481075,45.36981,43.16516,66.65381,97.40151,26.673634,0.0,61.360794,111.85987,24.301853,72.64646,22.44237,103.55608,0.0,0.0,43.08975,0.0,0.0,0.0,81.54823,121.764656,82.138725,107.4791,146.19942,69.58227,97.55842,155.32784,74.72732,0.0,0.0,0.0,0.0,0.0,0.0,0.0,0.0,0.0,0.0,0.0,0.0,0.0,0.0,0.0,0.0,0.0,0.0,0.0,0.0,0.0,46.663662,61.45706,58.17032,47.536377,38.208195,0.0,54.161694,101.665085,0.0,0.0,0.0,0.0,0.0,0.0,0.0,0.0,0.0,0.0,0.0,0.0,0.0,0.0,0.0,0.0,0.0,0.0,0.0,0.0,0.0,0.0,0.0,0.0,0.0,0.0,0.0,0.0,90.14064,89.33808,11.010559,86.3895,51.362274,133.84665,153.55804,0.0,0.0,37.30709,109.22231,54.572,89.278145,17.211674,156.5875,68.95914,0.0,0.0,0.0,0.0,0.0,110.490395,73.64564,54.115025,179.85117,88.5696,0.0,0.0,0.0,0.0,0.0,0.0,0.0,0.0,0.0,0.0,0.0,0.0,0.0,0.0,0.0,0.0,0.0,0.0,0.0,0.0,0.0,0.0,0.0,0.0,0.0,76.76829,0.0,0.0,0.0,0.0,0.0,0.0,0.0,0.0,0.0,55.903336,56.631466,0.0,0.0,0.0,35.126022,11.355475,46.663662,12.542565,18.666527,52.506157,75.75337,0.0,0.0,0.0,0.0,0.0,0.0,0.0,0.0,0.0,0.0,0.0,0.0,0.0,0.0,64.5675,0.0,35.458546,5.6191983,0.0,0.0,0.0,0.0,0.0,0.0,0.0,0.0,0.0,0.0,0.0,193.75769,0.0,0.0,0.0,0.0,0.0,0.0,0.0,73.64564,61.56319,45.483124,0.0,0.0,0.0,0.0,0.0,0.0,0.0,0.0,0.0,78.55505,0.0,51.804447,50.758755,0.0,0.0,0.0,79.09426,71.783714,0.0,0.0,0.0,0.0,0.0,0.0,0.0,0.0,22.322203,58.720432,42.77349
C19x27_C19x28,110.42425,0.0,0.0,0.0,0.0,0.0,0.0,0.0,0.0,0.0,102.86543,0.0,0.0,0.0,0.0,0.0,214.78561,0.0,0.0,0.0,0.0,0.0,0.0,0.0,0.0,0.0,0.0,0.0,0.0,0.0,0.0,0.0,0.0,0.0,0.0,0.0,0.0,0.0,0.0,58.032227,0.0,0.0,0.0,0.0,0.0,0.0,0.0,0.0,0.0,0.0,0.0,0.0,0.0,0.0,0.0,44.898922,73.268036,0.0,0.0,0.0,0.0,0.0,0.0,0.0,0.0,0.0,0.0,0.0,0.0,0.0,0.0,0.0,0.0,0.0,0.0,75.87769,0.0,39.877144,40.11415,0.0,0.0,0.0,150.06131,0.0,0.0,0.0,0.0,0.0,0.0,0.0,0.0,149.51625,0.0,0.0,0.0,0.0,0.0,0.0,0.0,0.0,0.0,79.26504,58.705822,0.0,48.173927,0.0,28.82475,75.381454,65.2182,0.0,0.0,0.0,0.0,0.0,0.0,0.0,0.0,82.5057,0.0,0.0,59.450554,0.0,91.557335,0.0,0.0,0.0,0.0,0.0,0.0,0.0,0.0,132.65907,0.0,0.0,0.0,0.0,0.0,0.0,166.63573,0.0,0.0,0.0,0.0,0.0,0.0,0.0,144.14307,0.0,75.08258,0.0,0.0,59.19713,0.0,0.0,117.488464,112.04053,0.0,0.0,13.544879,0.0,0.0,0.0,0.0,133.68752,0.0,51.70574,0.0,0.0,0.0,0.0,0.0,0.0,0.0,119.15517,0.0,0.0,0.0,0.0,0.0,0.0,131.17729,0.0,0.0,0.0,0.0,0.0,0.0,0.0,0.0,120.45158,0.0,0.0,0.0,260.3195,0.0,0.0,0.0,0.0,0.0,0.0,0.0,76.362785,0.0,0.0,0.0,0.0,0.0,0.0,0.0,0.0,106.8735,0.0,0.0,0.0,0.0,0.0,0.0,0.0,0.0,0.0,0.0,0.0,0.0,85.58365,0.0,0.0,0.0,0.0,0.0,0.0,41.873753,0.0,120.149055,0.0,0.0,0.0,0.0,0.0,0.0,0.0,136.2042,0.0,0.0,0.0,83.4747,0.0,135.87425,0.0,0.0,103.414894,0.0,0.0,41.8399,0.0,0.0,0.0,60.931644,0.0,124.303055,145.11644,0.0,0.0,0.0,0.0,0.0,0.0,0.0,0.0,0.0,0.0,0.0,0.0,0.0,0.0,0.0,0.0,0.0,0.0,0.0,121.528336,0.0,0.0,75.404205,0.0,0.0,0.0,0.0,78.552986,74.72866,110.921684,87.86726,0.0,88.45901,79.107544,0.0,100.63166,41.70155,63.344223,32.900204,49.746437,117.84129,32.12758,92.162,0.0,102.02883,0.0,40.08595,79.62901,58.876507,65.2182,61.85418,47.322475,86.564445,0.0,45.933395,120.84638,46.650284,93.192856,64.10011,115.35956,0.0,0.0,0.0,118.08266,0.0,0.0,0.0,0.0,0.0,0.0,0.0,0.0,0.0,0.0,0.0,0.0,0.0,0.0,0.0,0.0,0.0,0.0,0.0,0.0,0.0,0.0,0.0,0.0,0.0,0.0,0.0,60.189365,0.0,0.0,60.78814,0.0,69.943115,79.05461,59.43511,0.0,0.0,42.400475,102.05804,53.495953,87.31811,31.093645,36.5658,22.294323,0.0,0.0,0.0,0.0,0.0,100.59854,0.0,99.38877,98.43197,136.43399,0.0,0.0,0.0,44.33808,80.937164,0.0,0.0,0.0,0.0,0.0,0.0,0.0,0.0,0.0,0.0,0.0,0.0,0.0,0.0,0.0,0.0,0.0,0.0,0.0,0.0,0.0,40.08595,0.0,0.0,45.938305,62.022118,53.117683,0.0,45.10123,18.730646,95.87078,163.59393,0.0,0.0,0.0,0.0,0.0,0.0,0.0,0.0,0.0,0.0,0.0,0.0,0.0,0.0,0.0,0.0,0.0,0.0,0.0,0.0,0.0,0.0,0.0,0.0,179.0632,73.82878,90.0893,89.63975,0.0,0.0,0.0,0.0,0.0,33.033672,0.0,0.0,0.0,0.0,0.0,111.43953,0.0,0.0,0.0,0.0,0.0,0.0,0.0,0.0,106.83473,38.301506,0.0,0.0,0.0,0.0,0.0,0.0,0.0,0.0,0.0,0.0,163.04663,0.0,116.463,0.0,0.0,0.0,0.0,164.70354,0.0,0.0,0.0,0.0,0.0,0.0,0.0,0.0,0.0,0.0,103.467224
C19x27_C20x27,0.0,0.0,0.0,0.0,0.0,0.0,0.0,0.0,76.59274,0.0,106.91657,0.0,0.0,0.0,0.0,0.0,279.7856,0.0,0.0,0.0,0.0,0.0,0.0,0.0,0.0,0.0,0.0,0.0,0.0,0.0,0.0,0.0,0.0,0.0,0.0,0.0,0.0,0.0,0.0,0.0,0.0,0.0,0.0,0.0,0.0,0.0,0.0,0.0,0.0,0.0,0.0,0.0,0.0,0.0,0.0,130.21487,0.0,0.0,0.0,0.0,0.0,0.0,0.0,0.0,0.0,0.0,0.0,0.0,0.0,0.0,0.0,0.0,0.0,0.0,0.0,129.01509,0.0,91.02923,0.0,0.0,0.0,0.0,336.86368,0.0,0.0,0.0,0.0,0.0,0.0,0.0,0.0,102.38791,0.0,0.0,0.0,0.0,0.0,0.0,0.0,0.0,0.0,67.29767,59.79025,0.0,106.172295,0.0,163.89874,75.07515,0.0,0.0,0.0,0.0,0.0,0.0,0.0,0.0,0.0,0.0,0.0,0.0,221.71872,0.0,0.0,0.0,0.0,0.0,0.0,0.0,0.0,0.0,0.0,198.44095,0.0,0.0,0.0,0.0,0.0,0.0,305.0112,0.0,0.0,0.0,0.0,0.0,0.0,0.0,0.0,77.18031,34.665024,0.0,0.0,78.954254,0.0,241.44928,134.48016,0.0,0.0,0.0,20.586788,0.0,0.0,0.0,0.0,396.13113,0.0,101.65239,0.0,0.0,0.0,0.0,0.0,0.0,0.0,0.0,0.0,0.0,0.0,0.0,0.0,0.0,0.0,0.0,0.0,0.0,0.0,0.0,0.0,0.0,0.0,157.12257,0.0,0.0,0.0,325.5838,0.0,0.0,0.0,0.0,0.0,0.0,0.0,135.50282,0.0,0.0,0.0,0.0,0.0,0.0,0.0,0.0,278.79263,0.0,0.0,0.0,0.0,0.0,0.0,0.0,0.0,0.0,0.0,0.0,0.0,192.78847,0.0,0.0,0.0,0.0,0.0,0.0,73.45181,0.0,242.15569,0.0,0.0,0.0,0.0,0.0,0.0,0.0,197.97496,0.0,0.0,0.0,0.0,0.0,131.13116,0.0,0.0,130.17332,0.0,0.0,74.32373,0.0,0.0,0.0,0.0,0.0,162.29565,237.4228,0.0,0.0,0.0,0.0,0.0,0.0,0.0,0.0,0.0,0.0,0.0,0.0,0.0,0.0,0.0,0.0,0.0,0.0,0.0,0.0,0.0,0.0,0.0,0.0,0.0,0.0,0.0,0.0,0.0,0.0,0.0,0.0,0.0,0.0,126.00194,0.0,0.0,0.0,0.0,0.0,0.0,0.0,0.0,0.0,0.0,0.0,0.0,0.0,0.0,0.0,0.0,0.0,0.0,0.0,0.0,0.0,0.0,168.07864,66.776794,113.82557,0.0,0.0,0.0,133.08014,0.0,0.0,0.0,0.0,0.0,0.0,0.0,0.0,0.0,0.0,0.0,0.0,0.0,0.0,0.0,0.0,0.0,0.0,0.0,0.0,0.0,0.0,0.0,0.0,0.0,0.0,0.0,0.0,0.0,0.0,0.0,92.79575,131.9541,199.27017,155.2575,0.0,0.0,62.46943,117.50276,0.0,146.47662,34.665024,164.34193,133.5279,0.0,0.0,0.0,0.0,0.0,160.20825,39.524216,177.10992,248.72046,136.33353,0.0,0.0,0.0,0.0,73.96736,0.0,0.0,0.0,0.0,0.0,0.0,0.0,0.0,0.0,0.0,0.0,0.0,0.0,0.0,0.0,0.0,0.0,0.0,0.0,0.0,0.0,0.0,0.0,0.0,0.0,0.0,0.0,0.0,0.0,0.0,216.12288,275.91107,0.0,0.0,0.0,0.0,0.0,0.0,0.0,0.0,0.0,0.0,0.0,0.0,0.0,0.0,0.0,0.0,0.0,0.0,0.0,0.0,0.0,0.0,0.0,0.0,177.36043,0.0,64.68923,0.0,0.0,0.0,0.0,0.0,0.0,80.035194,0.0,0.0,0.0,0.0,0.0,227.4714,0.0,0.0,0.0,0.0,0.0,0.0,0.0,39.524216,0.0,58.214252,0.0,0.0,0.0,0.0,0.0,0.0,0.0,0.0,0.0,0.0,125.46197,0.0,57.29506,0.0,0.0,0.0,0.0,81.02745,0.0,0.0,0.0,0.0,0.0,0.0,0.0,0.0,0.0,0.0,40.96995
C19x28_C19x29,33.99386,0.0,0.0,0.0,48.435226,0.0,0.0,0.0,35.876415,0.0,0.0,0.0,76.466896,123.6025,9.612446,0.0,190.6293,0.0,0.0,31.534016,0.0,0.0,0.0,0.0,0.0,0.0,0.0,0.0,84.19455,0.0,0.0,0.0,0.0,0.0,0.0,0.0,0.0,59.333675,0.0,34.74066,132.67413,19.300968,21.348326,0.0,0.0,0.0,0.0,27.295692,0.0,34.7965,0.0,0.0,0.0,0.0,35.206608,0.0,50.123272,0.0,0.0,0.0,0.0,0.0,0.0,0.0,0.0,0.0,67.82701,0.0,95.46306,0.0,0.0,0.0,0.0,0.0,0.0,49.791122,0.0,0.0,19.499907,36.194305,19.499907,0.0,142.56682,0.0,0.0,0.0,0.0,0.0,0.0,0.0,0.0,82.43196,0.0,0.0,0.0,0.0,0.0,0.0,0.0,0.0,0.0,56.69742,32.250763,0.0,80.84974,0.0,33.006767,77.25232,43.080006,0.0,0.0,0.0,0.0,0.0,0.0,0.0,0.0,126.36922,0.0,0.0,36.793568,0.0,59.985207,36.793568,59.985207,0.0,0.0,0.0,0.0,0.0,0.0,139.26956,0.0,0.0,39.122673,0.0,99.26716,0.0,116.46888,0.0,0.0,0.0,0.0,0.0,0.0,0.0,61.867405,71.920166,44.40277,0.0,0.0,34.13365,0.0,60.088352,69.852036,55.91583,0.0,0.0,0.0,0.0,0.0,0.0,0.0,115.508194,37.30262,0.0,0.0,0.0,0.0,0.0,0.0,0.0,0.0,120.6627,0.0,0.0,0.0,0.0,0.0,0.0,71.26285,0.0,0.0,0.0,0.0,0.0,0.0,107.34148,0.0,70.19439,0.0,0.0,0.0,137.14172,0.0,0.0,0.0,0.0,0.0,0.0,0.0,28.501703,57.2675,0.0,0.0,0.0,0.0,0.0,0.0,0.0,102.77497,0.0,0.0,0.0,0.0,0.0,0.0,37.018738,0.0,0.0,0.0,0.0,0.0,45.093346,0.0,0.0,0.0,0.0,0.0,105.26194,38.821636,0.0,92.61933,0.0,0.0,0.0,0.0,0.0,0.0,0.0,137.46149,0.0,0.0,0.0,127.500145,0.0,0.0,0.0,0.0,107.27594,0.0,0.0,6.115397,0.0,0.0,0.0,44.366623,0.0,0.0,0.0,0.0,0.0,75.333084,88.79097,65.6389,113.01629,62.03249,61.26475,50.237835,49.191544,38.020348,108.03153,16.573591,45.946926,58.194725,33.320293,75.171646,59.21523,0.0,25.061605,0.0,0.0,46.671112,0.0,0.0,0.0,54.27614,83.19248,35.478806,100.80997,56.729847,63.971016,70.14666,83.049515,0.0,77.37831,27.802324,51.13629,28.140495,42.769142,0.0,0.0,47.2103,10.730544,66.990486,36.077682,33.960835,78.85694,12.7239275,43.080006,55.589027,38.71387,0.0,31.956175,0.0,82.65123,45.542015,94.37191,87.3357,43.11712,0.0,87.51687,82.91568,115.59649,0.0,0.0,0.0,0.0,0.0,0.0,0.0,0.0,0.0,0.0,0.0,0.0,0.0,0.0,0.0,0.0,0.0,0.0,0.0,0.0,0.0,0.0,0.0,0.0,0.0,0.0,0.0,43.12064,0.0,0.0,37.018738,42.24073,44.847336,45.673946,3.4832423,0.0,0.0,36.266346,24.732277,70.878975,0.0,0.0,0.0,0.0,0.0,0.0,0.0,0.0,0.0,0.0,0.0,0.0,0.0,0.0,0.0,0.0,0.0,77.624016,54.37531,0.0,0.0,0.0,0.0,0.0,0.0,0.0,0.0,0.0,0.0,0.0,0.0,0.0,0.0,0.0,0.0,0.0,0.0,0.0,0.0,0.0,33.960835,36.85434,30.950293,23.75744,24.281214,71.784355,30.196918,41.437584,0.0,53.413048,80.785706,0.0,0.0,90.75344,12.438985,72.34858,40.951153,19.966133,40.140816,90.280846,127.90033,79.204796,0.0,0.0,0.0,0.0,0.0,0.0,0.0,0.0,0.0,0.0,0.0,0.0,0.0,79.85895,56.350655,58.008083,0.0,0.0,0.0,0.0,0.0,0.0,0.0,0.0,0.0,47.07457,0.0,0.0,50.3552,40.58617,0.0,38.44844,0.0,0.0,0.0,23.114101,0.0,84.61028,44.743835,0.0,0.0,0.0,0.0,0.0,0.0,0.0,0.0,0.0,0.0,147.62828,51.02155,110.419754,0.0,0.0,0.0,41.715347,115.5617,0.0,0.0,0.0,0.0,0.0,0.0,0.0,0.0,0.0,0.0,0.0
C19x28_C20x28,64.222725,0.0,0.0,0.0,69.91844,49.439804,0.0,0.0,70.97331,0.0,49.78161,0.0,26.004553,135.54369,8.813401,0.0,176.39755,0.0,0.0,32.34591,0.0,0.0,0.0,0.0,58.901093,0.0,0.0,0.0,77.195786,0.0,0.0,0.0,0.0,0.0,0.0,0.0,0.0,99.54753,0.0,12.685728,121.64546,17.696556,17.626808,0.0,0.0,0.0,0.0,25.02671,0.0,35.427868,0.0,0.0,0.0,0.0,30.040031,36.240997,35.089996,0.0,0.0,0.0,0.0,0.0,0.0,0.0,0.0,47.255554,61.933144,0.0,118.072586,0.0,0.0,0.0,0.0,0.0,0.0,90.82794,0.0,2.9059854,3.5594351,8.629101,27.802467,0.0,130.7158,0.0,0.0,0.0,0.0,0.0,0.0,0.0,0.0,0.0,0.0,0.0,0.0,0.0,0.0,0.0,0.0,0.0,0.0,43.117603,41.97697,0.0,74.12902,0.0,44.719822,28.121826,30.263046,0.0,0.0,0.0,0.0,0.0,0.0,0.0,0.0,72.88083,0.0,0.0,49.850437,0.0,47.708584,33.735065,47.708584,0.0,0.0,0.0,0.0,0.0,0.0,98.08307,0.0,0.0,0.0,0.0,83.26644,0.0,139.85017,0.0,0.0,0.0,0.0,0.0,0.0,0.0,0.0,93.87506,56.877876,0.0,0.0,39.483833,0.0,40.037373,36.11455,67.75426,0.0,0.0,0.0,0.0,0.0,0.0,0.0,105.09938,62.58476,53.256195,0.0,0.0,0.0,0.0,0.0,0.0,0.0,104.53104,0.0,0.0,0.0,0.0,0.0,0.0,33.05255,0.0,0.0,0.0,0.0,0.0,0.0,72.48618,0.0,56.83167,0.0,0.0,0.0,123.56856,0.0,0.0,0.0,0.0,0.0,0.0,0.0,90.31164,52.50708,0.0,0.0,0.0,0.0,0.0,0.0,0.0,74.81165,0.0,0.0,0.0,0.0,0.0,0.0,33.941517,0.0,0.0,0.0,0.0,0.0,35.86368,0.0,0.0,0.0,0.0,0.0,114.172905,39.59636,0.0,83.994675,0.0,0.0,0.0,34.33612,0.0,0.0,0.0,126.03487,0.0,0.0,0.0,111.207054,0.0,71.22102,0.0,0.0,91.369385,0.0,0.0,45.897186,0.0,0.0,0.0,0.0,0.0,70.516945,74.93507,27.791054,66.28235,36.501884,46.17675,38.015545,58.87826,47.454605,30.263046,26.893524,24.299225,10.332602,53.364506,15.98131,33.42889,32.188755,0.0,37.132656,39.687214,0.0,92.06228,0.0,0.0,0.0,0.0,0.0,0.0,79.33653,126.752045,48.227905,142.53748,89.289116,85.9767,99.18194,106.0052,0.0,125.44207,40.64712,43.94694,9.065282,26.828192,61.144016,19.851572,24.036644,27.802467,60.19316,27.134129,29.176823,30.060444,30.254654,20.544626,64.83725,0.0,55.55561,33.838802,34.79627,53.504322,28.88129,112.43588,82.29917,56.79983,0.0,0.0,0.0,58.242836,70.516945,84.550186,0.0,0.0,0.0,0.0,0.0,0.0,0.0,0.0,0.0,0.0,0.0,0.0,0.0,0.0,0.0,0.0,0.0,0.0,0.0,0.0,0.0,0.0,0.0,0.0,0.0,46.772133,0.0,0.0,46.698368,0.0,0.0,0.0,0.0,0.0,0.0,38.09654,41.662968,104.493225,0.0,0.0,0.0,0.0,0.0,0.0,0.0,0.0,0.0,53.879894,0.0,34.860252,60.969997,66.28235,0.0,0.0,0.0,89.100235,60.343693,0.0,0.0,0.0,0.0,0.0,0.0,0.0,0.0,0.0,0.0,0.0,0.0,0.0,0.0,0.0,0.0,97.5341,0.0,0.0,0.0,0.0,29.176823,31.635727,27.967707,20.380392,20.821957,46.89308,37.704796,23.055887,0.0,65.71667,111.78371,0.0,0.0,81.62069,0.0,66.33453,37.547047,35.7353,0.0,90.53394,123.20158,73.73922,0.0,0.0,0.0,0.0,0.0,0.0,0.0,0.0,0.0,0.0,0.0,0.0,0.0,57.76527,0.0,39.98465,0.0,0.0,0.0,0.0,0.0,0.0,58.379066,0.0,0.0,48.08927,0.0,0.0,69.18126,66.7936,0.0,0.0,0.0,0.0,0.0,23.021275,25.366117,23.525864,39.62152,0.0,0.0,0.0,0.0,0.0,0.0,0.0,0.0,0.0,0.0,113.87898,38.37345,37.141647,0.0,0.0,0.0,44.44723,108.01752,0.0,0.0,0.0,0.0,0.0,0.0,0.0,0.0,0.0,0.0,61.492825
C19x29_C19x30,0.0,0.0,0.0,0.0,47.804,0.0,0.0,0.0,0.0,0.0,0.0,0.0,0.0,91.82195,44.41124,0.0,260.24484,0.0,0.0,0.0,0.0,48.161247,0.0,0.0,26.591787,0.0,0.0,0.0,48.161247,0.0,0.0,0.0,0.0,0.0,0.0,0.0,42.31598,43.94548,0.0,0.0,98.26508,18.876215,13.3475,0.0,0.0,0.0,0.0,0.0,0.0,13.3475,0.0,0.0,0.0,0.0,44.57506,0.0,0.0,0.0,16.740704,50.475853,0.0,0.0,0.0,0.0,0.0,0.0,32.990646,0.0,30.04575,0.0,0.0,0.0,0.0,0.0,0.0,32.015755,0.0,16.129364,28.081842,28.081842,28.081842,0.0,99.60105,0.0,0.0,0.0,0.0,0.0,60.777645,0.0,0.0,123.6969,0.0,0.0,0.0,0.0,0.0,0.0,0.0,0.0,0.0,22.113668,44.35196,0.0,103.73661,0.0,42.350292,92.97796,42.350292,0.0,0.0,62.843243,0.0,0.0,54.37706,0.0,0.0,67.452354,0.0,0.0,34.71989,0.0,49.10134,34.71989,49.10134,0.0,0.0,0.0,0.0,0.0,0.0,184.00035,0.0,0.0,101.56864,0.0,100.23393,0.0,97.44163,0.0,0.0,0.0,0.0,0.0,0.0,0.0,0.0,40.899418,0.0,0.0,10.118155,18.466457,0.0,0.0,35.42757,0.0,0.0,0.0,0.0,0.0,0.0,0.0,0.0,75.33811,19.971418,43.959076,0.0,0.0,31.392576,0.0,0.0,0.0,0.0,0.0,0.0,0.0,0.0,0.0,0.0,0.0,47.772034,0.0,0.0,0.0,0.0,10.872325,0.0,90.29309,0.0,37.66614,0.0,0.0,0.0,117.659164,0.0,0.0,0.0,0.0,0.0,0.0,45.740555,0.0,33.160557,0.0,0.0,0.0,0.0,0.0,0.0,0.0,59.911213,0.0,0.0,0.0,0.0,0.0,0.0,22.54157,0.0,0.0,0.0,0.0,0.0,44.05563,0.0,0.0,9.782158,0.0,0.0,51.50914,0.0,0.0,153.13821,0.0,0.0,0.0,46.542145,0.0,0.0,0.0,78.71714,0.0,0.0,0.0,86.06189,0.0,127.075676,0.0,0.0,143.72452,0.0,0.0,0.0,0.0,0.0,0.0,30.935013,0.0,115.52597,129.49138,0.0,0.0,75.007706,113.52544,127.77941,154.23549,183.28983,52.342594,68.60356,20.435848,16.227695,91.2018,53.952003,108.27468,139.3146,66.69453,42.091103,178.35466,12.626734,18.158823,33.497276,16.256361,46.89276,0.0,0.0,0.0,54.927963,188.19006,28.107193,93.640076,111.169395,143.03917,72.90393,183.12296,24.54628,50.44203,26.847427,0.0,0.0,0.0,0.0,0.0,0.0,0.0,0.0,0.0,0.0,0.0,0.0,0.0,0.0,0.0,0.0,0.0,0.0,0.0,23.580988,58.253334,53.413277,18.22378,29.157032,54.564972,32.45668,52.578197,0.0,0.0,0.0,0.0,0.0,0.0,0.0,0.0,21.48028,52.850925,0.0,0.0,0.0,0.0,0.0,0.0,0.0,0.0,0.0,0.0,0.0,0.0,0.0,0.0,0.0,0.0,0.0,38.041294,31.74585,23.470665,17.137718,0.0,19.909008,74.70284,93.092865,18.457138,74.78898,25.913296,14.285874,29.902666,48.939667,11.212274,26.743526,4.737407,0.0,0.0,0.0,0.0,0.0,0.0,0.0,0.0,0.0,0.0,0.0,0.0,0.0,57.38305,80.04724,0.0,0.0,0.0,0.0,0.0,0.0,0.0,0.0,0.0,0.0,0.0,0.0,0.0,0.0,0.0,0.0,49.438484,0.0,0.0,0.0,17.919744,33.213463,36.043293,50.723,23.234613,0.0,69.91658,29.532381,40.525677,0.0,28.99873,48.06294,0.0,0.0,52.756405,47.86316,70.09843,79.61096,30.595041,44.877285,80.46491,81.73405,91.418686,0.0,0.0,0.0,0.0,0.0,0.0,0.0,0.0,0.0,0.0,0.0,0.0,0.0,0.0,0.0,0.0,0.0,0.0,0.0,0.0,23.485464,15.7362585,19.504791,0.0,0.0,84.03946,0.0,0.0,55.71911,23.593382,12.626734,79.33629,0.0,0.0,27.14201,42.464222,26.191439,41.359432,35.82651,0.0,0.0,0.0,0.0,0.0,0.0,0.0,0.0,0.0,47.08127,21.633503,68.913605,74.571655,69.211136,0.0,32.41013,52.74826,77.534546,0.0,0.0,0.0,0.0,0.0,0.0,0.0,0.0,0.0,32.58424,16.711998
C19x29_C20x29,0.0,0.0,0.0,0.0,56.658386,42.54549,0.0,0.0,30.329672,0.0,0.0,0.0,0.0,150.89117,46.558533,0.0,232.36615,0.0,0.0,0.0,0.0,0.0,0.0,0.0,22.241028,0.0,0.0,0.0,73.75968,0.0,0.0,0.0,0.0,0.0,0.0,0.0,46.172714,46.809998,0.0,0.0,104.67034,0.0,0.0,0.0,0.0,0.0,0.0,0.0,0.0,55.787766,0.0,0.0,0.0,0.0,37.400936,0.0,0.0,0.0,15.154311,45.692627,0.0,0.0,0.0,0.0,0.0,0.0,0.0,0.0,152.10506,0.0,0.0,0.0,0.0,0.0,0.0,46.44977,0.0,6.008031,9.962864,26.989563,9.962864,0.0,157.03864,0.0,0.0,0.0,0.0,0.0,0.0,0.0,0.0,30.84195,0.0,0.0,0.0,0.0,0.0,0.0,0.0,0.0,0.0,60.724384,30.592224,0.0,128.46841,0.0,38.233738,54.3026,38.233738,0.0,0.0,0.0,0.0,0.0,49.224144,0.0,0.0,52.731083,0.0,0.0,13.362425,0.0,20.045185,13.362425,20.935183,0.0,0.0,0.0,0.0,0.0,0.0,123.86083,0.0,0.0,53.35922,0.0,96.45497,0.0,87.19668,0.0,0.0,0.0,0.0,0.0,0.0,0.0,0.0,56.008705,18.071434,0.0,0.0,28.409391,0.0,0.0,51.329395,0.0,0.0,0.0,0.0,0.0,0.0,0.0,0.0,123.23733,34.237724,14.173705,0.0,0.0,0.0,0.0,0.0,0.0,0.0,48.49169,0.0,0.0,0.0,0.0,0.0,0.0,55.401245,0.0,0.0,0.0,0.0,22.057795,0.0,129.65675,0.0,51.258892,0.0,0.0,0.0,135.09966,0.0,0.0,0.0,0.0,0.0,0.0,0.0,33.324745,36.328064,0.0,0.0,0.0,0.0,0.0,0.0,0.0,204.50368,0.0,0.0,0.0,0.0,0.0,0.0,26.186832,0.0,0.0,0.0,0.0,0.0,25.799673,10.954392,0.0,0.0,0.0,0.0,205.63293,31.784311,0.0,105.82298,0.0,0.0,0.0,62.97616,0.0,0.0,0.0,153.3615,0.0,0.0,0.0,93.3953,0.0,46.484573,0.0,0.0,95.63214,0.0,0.0,20.007572,0.0,0.0,0.0,34.53109,0.0,45.385693,47.599728,0.0,0.0,61.292683,89.97992,108.42134,119.674324,149.21835,74.32151,69.87099,45.45271,25.47902,90.84995,44.086975,102.386314,110.06884,57.612743,52.121124,142.55896,9.574812,22.062397,0.0,0.0,17.656466,0.0,0.0,0.0,62.706287,211.18764,11.032437,128.57927,144.90659,155.77962,73.76665,201.76265,41.184708,32.628433,0.0,0.0,0.0,0.0,0.0,0.0,0.0,0.0,0.0,0.0,0.0,0.0,0.0,0.0,0.0,0.0,0.0,0.0,0.0,0.0,34.377853,82.01931,74.33782,37.817116,0.0,28.524658,71.47208,54.03008,64.18506,69.5153,0.0,0.0,0.0,0.0,0.0,0.0,24.23538,49.273827,0.0,0.0,0.0,0.0,0.0,0.0,0.0,0.0,0.0,0.0,0.0,0.0,0.0,0.0,0.0,0.0,0.0,37.194107,27.128601,37.89785,30.5799,0.0,34.263977,47.86509,35.254078,7.925395,36.66296,38.74848,0.0,48.55872,31.741194,7.088397,0.0,8.0700655,0.0,0.0,0.0,0.0,0.0,0.0,0.0,0.0,0.0,0.0,0.0,0.0,0.0,64.615814,77.23214,0.0,0.0,0.0,0.0,0.0,0.0,0.0,0.0,0.0,0.0,0.0,0.0,0.0,0.0,0.0,0.0,47.942997,0.0,0.0,19.130613,16.221622,30.066069,20.845575,48.05098,21.03284,21.496546,67.80163,0.0,32.511562,0.0,30.91391,71.62119,0.0,0.0,70.50596,48.883587,55.709896,75.36453,50.71395,0.0,117.669426,135.48132,117.33458,0.0,0.0,0.0,0.0,0.0,0.0,0.0,0.0,0.0,0.0,0.0,0.0,0.0,0.0,0.0,0.0,0.0,0.0,0.0,0.0,21.25992,23.275692,26.710356,0.0,0.0,81.76969,0.0,0.0,97.885315,31.531221,0.0,43.98083,0.0,0.0,0.0,34.6488,42.518845,57.82047,34.453674,0.0,0.0,0.0,0.0,0.0,0.0,0.0,0.0,0.0,0.0,76.230194,58.23088,86.70289,0.0,0.0,0.0,52.47274,112.11059,0.0,0.0,0.0,0.0,0.0,0.0,0.0,0.0,0.0,27.630316,0.0
C19x30_C19x31,0.0,0.0,0.0,0.0,48.30873,0.0,0.0,0.0,0.0,0.0,16.05383,0.0,29.840015,30.877487,17.347692,0.0,106.76472,0.0,0.0,0.0,0.0,65.137596,0.0,0.0,35.96512,0.0,0.0,0.0,65.137596,0.0,0.0,0.0,0.0,0.0,0.0,0.0,58.13732,67.697914,0.0,36.38725,49.622528,14.973492,10.587857,0.0,0.0,0.0,0.0,0.0,0.0,26.996712,0.0,0.0,0.0,0.0,0.0,34.433624,32.869995,0.0,23.553438,34.387974,0.0,73.854866,0.0,0.0,14.167771,14.167771,14.167771,28.499884,30.63706,0.0,0.0,0.0,0.0,0.0,0.0,23.60681,0.0,48.672108,0.0,112.058334,0.0,0.0,71.2994,0.0,0.0,0.0,0.0,0.0,50.920845,0.0,0.0,80.292915,0.0,0.0,0.0,0.0,0.0,0.0,0.0,0.0,0.0,15.830066,46.518494,0.0,72.747665,0.0,0.0,69.389366,0.0,0.0,0.0,53.18818,0.0,0.0,6.57251,0.0,0.0,42.039654,0.0,0.0,0.0,0.0,64.797134,15.528336,73.94538,0.0,0.0,0.0,0.0,0.0,0.0,144.04167,0.0,0.0,0.0,0.0,34.24653,0.0,121.45669,0.0,0.0,0.0,0.0,0.0,0.0,19.422188,0.0,1.9017651,0.0,0.0,0.0,0.0,0.0,0.0,8.420733,0.0,45.91456,0.0,0.0,0.0,55.48022,0.0,0.0,57.839035,22.51761,97.54175,0.0,0.0,55.8816,0.0,0.0,0.0,0.0,51.7569,0.0,0.0,0.0,0.0,0.0,0.0,19.05456,0.0,0.0,0.0,0.0,19.424248,0.0,36.648823,0.0,7.6057014,0.0,0.0,0.0,138.73859,0.0,0.0,0.0,63.64468,0.0,0.0,52.941475,0.0,10.135411,0.0,0.0,109.4396,0.0,0.0,0.0,51.8319,39.903046,0.0,0.0,0.0,0.0,0.0,0.0,9.448326,0.0,0.0,0.0,0.0,0.0,33.56211,0.0,0.0,0.0,0.0,27.854218,29.804737,0.0,0.0,64.79055,0.0,0.0,0.0,60.83642,0.0,0.0,0.0,54.28925,0.0,0.0,0.0,52.89727,0.0,114.84274,0.0,0.0,131.12129,0.0,0.0,0.0,0.0,0.0,0.0,51.433586,0.0,168.52881,117.758415,0.0,0.0,38.22173,46.23439,60.383907,51.16535,77.653694,67.21119,49.297916,61.000313,65.07779,65.873146,61.516678,96.84618,134.76303,88.156586,90.74881,78.5958,82.58773,0.0,35.22268,0.0,18.896652,0.0,0.0,0.0,45.396107,148.30887,62.958927,125.80949,143.71811,130.3753,121.94852,150.10818,57.284824,46.922264,32.94914,43.614857,15.258984,24.090916,5.1658297,0.0,29.731169,2.14595,45.87424,27.00909,22.656141,54.781937,11.031129,39.8398,44.835968,29.221611,18.439024,35.029976,0.0,48.716034,18.480642,28.34131,28.447762,14.8814125,23.712523,44.01596,24.903887,63.878906,0.0,0.0,0.0,0.0,0.0,0.0,0.0,35.450058,29.221611,50.151592,0.0,0.0,0.0,0.0,0.0,0.0,0.0,0.0,0.0,0.0,0.0,0.0,0.0,0.0,0.0,0.0,0.0,0.0,30.235796,57.972767,7.4679055,100.3561,84.46267,85.97997,83.47909,0.0,106.3253,32.654495,15.018126,37.080193,53.75622,0.0,36.407707,33.724037,0.0,0.0,0.0,0.0,0.0,58.30128,13.017103,41.541546,42.674156,41.70831,0.0,0.0,0.0,39.105957,77.05499,0.0,0.0,0.0,0.0,0.0,0.0,0.0,0.0,0.0,0.0,0.0,0.0,0.0,0.0,0.0,0.0,57.007404,26.632923,0.0,0.0,16.069023,17.028557,29.021118,34.087822,20.42246,32.83522,11.463284,40.204353,15.898072,37.664642,0.0,0.0,0.0,5.452595,22.656141,37.166306,71.142456,33.836357,35.929108,51.48827,72.01557,31.307417,54.437176,0.0,0.0,0.0,0.0,0.0,0.0,0.0,0.0,0.0,0.0,0.0,0.0,0.0,0.0,0.0,0.0,0.0,0.0,0.0,0.0,12.041008,23.887375,17.263721,0.0,0.0,42.960205,0.0,0.0,48.003902,42.151394,10.896116,79.04166,25.14592,0.0,28.66434,36.579323,13.99324,42.37405,9.022086,0.0,0.0,0.0,0.0,0.0,0.0,0.0,0.0,23.50331,58.382175,0.0,85.01123,97.60882,76.02278,36.95807,49.454155,41.496788,49.31872,0.0,0.0,0.0,0.0,0.0,0.0,0.0,0.0,0.0,13.027943,0.0
C19x30_C20x30,0.0,0.0,0.0,0.0,39.41275,0.0,0.0,0.0,0.0,0.0,0.0,0.0,0.0,64.12197,37.768745,0.0,137.24861,0.0,41.407726,0.0,0.0,45.010498,15.199278,0.0,17.872223,0.0,0.0,0.0,45.010498,0.0,0.0,0.0,0.0,0.0,0.0,42.075867,78.72317,78.36474,0.0,0.0,85.97244,0.0,0.0,0.0,0.0,0.0,0.0,0.0,0.0,27.594122,0.0,0.0,0.0,0.0,31.672009,0.0,0.0,21.041441,34.086117,47.8235,23.69872,74.443695,0.0,0.0,0.0,13.908457,29.158615,0.0,22.307045,3.8621464,0.0,0.0,0.0,0.0,0.0,22.007772,0.0,46.705627,24.250063,54.638878,24.250063,0.0,88.967834,0.0,0.0,0.0,46.12139,0.0,15.408576,0.0,0.0,38.19246,0.0,0.0,0.0,0.0,0.0,48.187237,0.0,0.0,0.0,19.752857,43.680164,0.0,92.661896,0.0,36.52102,83.534744,36.52102,0.0,0.0,20.943995,0.0,0.0,41.27019,0.0,0.0,25.76507,28.669287,0.0,28.460068,0.0,38.955322,31.064724,46.681633,0.0,0.0,0.0,0.0,0.0,0.0,80.65965,0.0,53.926235,44.28494,0.0,41.01551,0.0,114.10518,0.0,0.0,0.0,0.0,0.0,0.0,47.54481,18.30368,18.631294,0.0,0.0,0.0,0.0,0.0,25.85968,26.322536,0.0,0.0,0.0,0.0,11.207164,35.20454,0.0,0.0,56.16001,0.0,73.0062,0.0,58.810055,29.36432,0.0,26.593431,0.0,0.0,54.32029,0.0,0.0,0.0,0.0,0.0,0.0,22.86579,0.0,0.0,0.0,0.0,0.0,0.0,83.38444,0.0,22.149418,0.0,0.0,4.0994616,159.04973,0.0,0.0,0.0,14.757286,0.0,0.0,20.219688,0.0,32.912937,0.0,0.0,94.31829,0.0,0.0,0.0,0.0,49.78924,0.0,0.0,0.0,0.0,0.0,0.0,19.259253,0.0,0.0,0.0,0.0,0.0,39.58116,0.0,0.0,21.796215,0.0,0.0,47.377575,0.0,0.0,76.288,0.0,0.0,0.0,36.408577,0.0,0.0,0.0,70.31345,0.0,21.044914,0.0,34.210606,0.0,63.63098,0.0,0.0,65.904045,0.0,0.0,0.0,0.0,0.0,0.0,30.022839,0.0,95.19985,70.05178,0.0,0.0,53.49559,46.524506,85.04041,63.59069,101.86751,93.80294,67.40133,75.81869,35.94321,90.063385,55.326954,111.865616,86.04025,77.773415,89.40593,105.30427,54.791485,0.0,28.85098,33.11718,38.518505,0.0,0.0,0.0,42.285213,171.45398,60.49629,151.58636,158.37611,144.815,138.29001,177.23839,40.040337,19.347052,20.019522,0.0,0.0,0.0,0.0,0.0,0.0,0.0,0.0,0.0,0.0,0.0,0.0,0.0,0.0,0.0,0.0,0.0,0.0,0.0,33.56302,56.195488,47.894695,38.714016,19.134314,0.0,0.0,63.197083,0.0,0.0,0.0,0.0,0.0,0.0,0.0,0.0,34.92925,59.947327,0.0,0.0,0.0,0.0,0.0,0.0,0.0,0.0,0.0,0.0,0.0,0.0,0.0,0.0,0.0,0.0,0.0,32.805126,32.892815,85.71147,4.409795,47.73579,44.360462,51.994465,41.15185,0.0,57.54906,32.04962,26.478668,21.827778,44.709534,0.0,35.32149,25.586508,0.0,0.0,0.0,0.0,0.0,0.0,0.0,0.0,0.0,0.0,0.0,0.0,0.0,44.621937,84.88349,0.0,0.0,0.0,0.0,0.0,0.0,0.0,0.0,0.0,0.0,0.0,0.0,0.0,0.0,0.0,0.0,55.963985,11.2793865,17.106924,0.0,22.61581,26.977594,21.95879,35.04299,0.0,37.83792,79.14503,21.832117,21.627792,15.951462,24.922363,41.31112,0.0,12.76896,39.992283,48.087925,54.695526,70.363754,35.535267,49.95213,78.33819,55.763596,97.85346,52.166275,40.500145,45.025562,33.292393,36.450863,44.061146,67.614914,57.627323,13.571458,28.9154,17.405659,8.934359,0.0,46.891632,36.73329,19.471214,3.8922384,0.0,0.0,0.0,19.07604,43.218666,3.9619048,0.0,0.0,47.50793,0.0,0.0,52.58135,36.45337,21.554348,36.355442,21.05743,0.0,21.92469,52.963776,19.129255,45.286694,22.124933,34.201294,0.0,0.0,0.0,0.0,0.0,0.0,0.0,21.076244,34.367493,0.0,67.572876,92.69437,0.6598401,0.0,25.268475,26.393187,57.46887,0.0,0.0,0.0,0.0,0.0,0.0,0.0,0.0,0.0,19.768185,10.74818
C19x31_C19x32,0.0,0.0,0.0,8.207542,22.845781,0.0,17.214378,25.387325,0.0,0.0,15.745785,0.0,50.566372,22.986591,7.8192163,19.793858,81.46554,17.455154,33.17114,18.701706,11.800564,25.410671,46.383175,27.270456,27.270456,37.132298,17.968058,0.0,60.93177,7.6270375,0.0,34.311543,16.603113,21.744633,0.0,18.767696,24.785755,85.93661,37.569016,35.592716,61.648396,0.0,0.0,0.0,0.0,0.0,0.0,22.712137,0.0,22.712137,0.0,0.0,0.0,22.766832,0.0,79.95439,18.166004,0.0,44.6145,21.471918,36.098248,62.689205,0.0,0.0,8.714001,8.714001,8.714001,24.769012,15.898516,0.0,0.0,0.0,14.237202,0.0,10.067222,50.392452,0.0,82.0782,18.273905,64.97812,0.0,0.0,61.05567,19.08095,0.0,14.569258,16.468683,0.0,16.98614,10.170525,10.170525,28.395676,22.556623,0.0,0.0,35.592804,17.223106,19.46852,0.0,0.0,8.51666,35.69093,37.94604,23.12229,60.6154,14.464199,14.464199,63.57286,0.0,18.943357,0.0,0.0,3.630564,0.0,0.0,3.630564,6.342969,4.754848,10.621501,0.0,18.986614,21.461939,23.293947,15.552747,17.739582,0.0,0.0,8.930965,8.930965,2.075765,12.199726,41.5035,9.3151,10.529529,0.0,3.6549332,26.785797,26.860985,112.43508,18.993584,14.019385,14.019385,9.574347,16.727371,15.234826,0.0,0.0,0.0,0.0,0.0,6.5461082,9.257595,0.0,0.0,0.0,18.255772,18.729528,0.0,0.0,16.868208,29.293793,10.803517,13.34654,62.35751,23.962273,99.806206,21.233622,24.001892,21.04141,0.0,0.0,20.450426,20.450426,40.03911,5.642976,21.42929,0.0,12.954948,16.004395,4.1279926,10.709213,13.802725,17.051727,10.682127,6.114194,28.90269,7.553405,55.271534,8.490431,0.0,0.0,0.0,44.469494,120.66898,6.8167777,20.091736,13.519042,29.260359,16.320097,0.0,0.0,0.0,10.692895,7.834269,13.592712,62.107983,14.251333,17.605932,0.0,29.010157,58.421413,0.0,17.521915,13.378857,13.378857,11.495077,3.4914484,19.072483,9.088837,6.9397807,11.884253,15.564475,6.2148166,27.31528,0.0,20.97437,13.283691,27.469547,19.873644,45.097042,0.0,5.051588,22.202675,0.0,0.0,0.0,22.093943,4.809407,5.9414864,14.236427,49.068172,11.708771,22.250921,12.0121,22.440035,14.682028,73.821495,11.875628,0.0,98.70247,21.877308,28.652102,0.0,11.335534,11.335534,17.61956,42.77753,24.586533,88.74746,88.55183,0.0,0.0,29.625597,49.547382,36.945415,51.910206,24.057442,50.14159,30.315126,45.447727,40.309666,50.505787,37.98768,59.70562,75.839874,64.44594,64.35053,32.29172,46.379143,9.817956,0.0,0.0,31.218706,0.0,0.0,0.0,38.67748,30.731428,51.49233,64.5554,76.26908,102.38928,98.8946,41.250053,62.47799,39.558113,20.522259,23.25084,11.720945,30.000113,17.379316,0.0,22.924154,35.777782,29.24243,36.755024,14.395444,35.199844,24.585823,28.318903,36.845646,16.210085,13.605995,19.72087,5.174009,19.909653,12.524229,23.116592,16.596155,13.447857,10.924162,22.492983,0.0,72.889885,0.0,0.0,16.320097,3.630564,0.0,11.555907,0.0,32.965275,14.730495,23.454615,9.938991,23.425707,7.5531855,31.665878,17.110155,29.451418,12.635427,47.41908,28.524336,27.938086,12.699956,22.645908,28.050379,7.215332,42.262295,30.34148,27.648382,0.0,27.595236,32.4502,16.517254,48.914455,55.528934,72.98505,30.593874,12.319049,32.85481,16.951439,23.490082,30.589691,46.932762,4.8170896,29.154867,26.574804,0.0,0.0,6.767091,24.454008,2.2170913,75.358765,12.01726,48.983776,52.453094,66.09123,16.320097,25.572956,11.555907,25.613747,33.158268,0.0,0.0,0.0,0.0,0.0,0.0,0.0,0.0,0.0,0.0,0.0,0.0,0.0,0.0,0.0,0.0,10.803776,20.526371,0.0,0.0,10.033529,10.521208,24.797962,31.176657,13.375599,30.195267,29.574673,25.146984,7.6380005,29.268,8.950622,23.16126,0.0,30.246174,16.30926,38.440113,68.16052,37.57269,37.160515,38.981144,61.909622,32.380424,16.565111,7.8445344,13.433629,24.223072,22.711138,13.235268,24.7295,23.116592,16.596155,15.123087,15.364823,4.6661677,24.4202,0.0,0.0,0.0,0.0,0.0,0.0,0.0,0.0,9.210618,33.743668,0.0,0.0,0.0,41.072887,5.97839,0.0,30.786095,22.734772,63.243816,34.378414,21.873318,22.602316,18.212982,29.782478,13.3099985,38.027275,0.0,0.0,0.0,0.0,0.0,28.16641,33.529366,23.470507,0.0,26.818766,11.92698,0.0,33.72214,82.51103,33.90073,25.203188,0.0,28.182217,78.672554,11.628012,18.773043,10.958196,13.57338,5.8724937,19.897385,0.0,14.351642,9.444811,12.391832,11.715949
C19x31_C20x31,0.0,0.0,0.0,0.0,29.619946,9.14584,11.761644,0.0,0.0,0.0,19.852371,0.0,75.90573,33.69897,0.0,0.0,56.092045,0.0,24.057653,22.469051,0.0,23.21001,42.593636,33.402756,33.402756,36.55657,0.0,0.0,63.317837,0.0,0.0,36.39478,0.0,21.012535,0.0,21.012535,46.151615,43.26085,39.339108,39.339108,68.13733,14.283079,9.374384,0.0,0.0,12.655995,0.0,18.006351,7.3069425,15.1186905,10.289542,17.822008,0.0,0.0,0.0,35.312893,23.66297,0.0,33.632595,30.14112,23.49375,100.87564,0.0,0.0,9.631211,9.631211,9.631211,17.274162,12.214111,0.0,0.0,0.0,24.70058,0.0,0.0,44.446163,0.0,114.456024,27.852495,61.79453,0.0,0.0,60.969395,18.604578,0.0,0.0,18.604578,0.0,19.753036,0.0,0.0,31.590424,21.51126,0.0,0.0,37.25859,0.0,21.51126,0.0,0.0,0.0,30.995207,77.67462,26.561697,61.550682,0.0,20.65434,39.588493,0.0,18.781956,0.0,9.7331505,0.0,0.0,3.2731524,0.0,0.0,7.6930294,2.977512,0.0,26.956753,24.513035,42.969013,42.969013,32.316437,0.0,0.0,0.0,0.0,0.0,11.637837,37.15186,0.0,11.637837,25.596043,0.0,15.3692,36.586372,117.22666,0.0,0.0,0.0,0.0,0.0,0.0,7.4709797,0.0,0.0,5.3196926,0.0,7.235133,11.532277,0.0,0.0,12.798629,26.299215,15.647968,0.0,29.370104,11.08963,47.615788,0.0,0.0,59.91557,24.363943,128.08029,0.0,27.238184,26.452156,0.0,0.0,0.0,0.0,60.427692,0.0,0.0,0.0,0.0,0.0,0.0,10.670928,0.0,0.0,16.362034,0.0,39.38018,0.0,85.753685,0.0,5.7700496,0.0,0.0,31.841566,106.449745,0.0,0.0,0.0,28.652878,0.0,0.0,22.466505,0.0,0.0,0.0,0.0,92.17379,0.0,0.0,0.0,14.291809,60.780865,0.0,14.454239,0.0,0.0,0.0,0.0,28.536562,4.115757,0.0,0.0,13.815852,0.0,22.346617,0.0,0.0,34.345226,23.052708,16.663494,59.111782,0.0,0.0,25.634617,0.0,0.0,0.0,19.037394,0.0,0.0,0.0,45.832703,0.0,13.985675,0.0,31.051474,0.0,92.11002,0.0,0.0,68.50542,0.0,30.288597,0.0,0.0,0.0,0.0,21.926012,19.587492,112.54607,102.25154,0.0,0.0,36.027573,34.88451,40.30231,35.28687,44.553715,56.84983,33.885906,51.20143,43.972237,56.31293,57.926018,68.8206,91.67849,67.518036,68.68291,35.22578,56.177734,10.851367,0.0,0.0,57.073124,0.0,0.0,0.0,79.45721,51.542915,85.745056,109.809166,126.965164,178.77136,124.02158,68.68961,35.30347,39.450497,17.755644,27.501047,12.9546585,36.704365,20.858028,9.309684,24.223898,43.868645,35.736588,37.14691,17.50755,43.136597,23.803823,32.5313,39.856354,19.390606,20.363588,24.093437,5.7186103,22.005287,20.248377,31.45959,20.033325,17.649754,0.0,2.597704,18.02778,50.615623,27.387714,13.971304,0.0,0.0,0.0,0.0,0.0,22.507727,12.306751,19.555758,12.640095,19.835272,20.192284,36.704365,19.390606,18.867094,14.878759,48.427574,23.899431,28.543804,13.298324,0.0,32.11159,13.437474,42.47238,27.04622,25.035475,0.0,43.84657,57.850964,22.555145,45.82367,54.92727,59.680084,35.92999,12.531619,49.929726,25.634428,35.522343,21.241852,76.94997,0.0,44.107227,47.635513,0.0,0.0,7.479376,29.006483,11.156797,34.288895,21.462158,22.471136,26.477407,37.07606,0.0,0.0,0.0,32.961113,30.086966,0.0,0.0,0.0,0.0,0.0,0.0,0.0,0.0,0.0,0.0,0.0,0.0,0.0,0.0,0.0,0.0,18.116066,27.29949,0.0,0.0,14.227353,14.265135,22.385342,21.292692,16.791607,26.971998,32.213463,33.555702,15.165029,28.254095,12.297264,30.578114,0.0,38.440327,21.893288,34.3557,75.78763,47.3483,28.149067,51.49931,82.32373,27.289515,41.431828,4.115757,13.815852,27.58615,25.101648,13.985675,30.288597,24.521442,15.615144,14.454239,15.962074,5.1573153,9.897976,0.0,0.0,0.0,0.0,0.0,0.0,0.0,0.0,8.022365,24.103065,3.3518155,0.0,0.0,59.652767,0.0,0.0,59.37876,32.57252,50.79027,66.61617,39.52926,27.491583,22.15039,0.0,23.07158,36.99004,0.0,0.0,0.0,0.0,0.0,31.008062,32.601448,22.083147,0.0,24.316778,18.60778,0.0,54.311222,69.7622,32.93437,10.714144,16.12608,0.0,64.19051,0.0,0.0,0.0,0.0,0.0,0.0,0.0,0.0,0.0,14.196905,9.553201
C19x32_C19x33,0.0,0.0,13.883583,15.665549,27.444275,0.0,20.160719,44.997204,0.0,16.777414,60.58602,18.173244,29.730785,37.73052,19.18659,14.764289,75.691284,6.475028,39.32032,0.0,0.0,24.54983,63.757175,0.0,0.0,27.875868,13.488935,0.0,71.21786,21.32444,0.0,26.635674,12.888815,27.191517,20.62222,14.569158,18.16097,64.57896,28.663555,27.155724,47.03509,36.417435,20.285532,11.80274,17.945889,37.086487,17.945889,35.135574,20.285532,38.1216,19.995638,31.551748,15.267668,14.005478,0.0,43.131992,4.8946424,0.0,10.975059,8.694971,29.766338,32.823944,7.13157,1.7831718,0.0,0.0,20.688337,0.0,4.006113,0.0,0.0,0.0,47.320934,15.853654,26.127802,38.801197,0.0,91.98623,7.339102,33.136513,0.0,0.0,50.07992,17.224976,13.06353,9.068112,10.250342,0.0,13.261899,5.1034036,5.1034036,35.16695,21.039886,15.956784,0.0,30.725904,14.868048,16.806427,0.0,11.885569,12.511263,50.761314,57.637314,1.7367159,57.678833,1.0864065,1.0864065,57.333256,0.0,19.838617,0.0,0.0,0.0,0.0,0.0,0.0,0.0,0.0,0.0,0.0,8.724473,9.861901,24.35532,0.0,0.0,9.41894,10.0567875,12.833244,12.703248,8.402412,6.65437,23.407064,5.0809436,5.743357,0.0,12.455472,0.0,29.419176,63.950554,16.243519,14.725479,10.313759,10.903415,15.342498,11.259158,16.882477,17.378874,0.0,21.900835,3.3363514,12.926866,27.889774,0.0,4.306707,0.0,31.393206,0.0,0.0,0.0,17.829224,26.30473,9.815367,8.5354595,48.44283,21.770546,84.772255,6.0529943,6.8421364,19.36242,0.0,0.0,9.134475,4.505193,25.49039,10.947967,15.018699,0.0,11.169818,14.525144,0.0,23.957027,8.006155,9.535452,35.94273,7.2273746,33.650555,19.845438,33.666817,16.516321,0.0,0.0,0.0,32.773945,99.41549,17.543953,12.475219,0.0,34.111282,23.753143,0.0,3.6931872,0.0,15.621199,12.616968,10.731411,49.130104,19.228273,4.7158256,0.0,54.04124,52.01028,0.0,18.346138,13.913829,8.933895,12.284832,0.0,9.501506,4.7246485,0.0,10.877707,14.246227,0.0,26.453848,0.0,9.447815,21.893353,18.84464,0.0,56.314247,0.0,10.883366,47.834427,10.436004,4.5132704,0.0,13.535403,10.006293,15.298301,10.152709,51.81702,12.771466,30.398296,5.7659073,24.765291,3.9386268,67.13001,8.333568,0.0,88.37225,8.505563,31.443727,0.0,10.226237,10.226237,12.269751,28.673628,22.54324,92.03134,70.04137,0.0,0.0,37.290634,45.40547,26.948412,57.85272,14.394665,60.442646,38.158566,51.5545,30.817268,52.479618,25.43666,64.10258,95.800125,81.120056,82.84484,14.595928,55.895485,29.522001,13.193169,4.9760404,12.325406,0.0,0.0,0.0,42.57804,17.784767,47.11371,64.83915,79.19944,118.36212,102.35573,22.90007,34.903404,36.99321,23.00748,18.437586,9.488908,33.572315,17.272833,6.578597,25.004766,37.51633,31.139565,33.70046,19.590939,37.534725,28.45557,27.005442,34.35552,17.04904,11.315375,33.314133,17.623749,18.261583,17.597208,9.134475,14.283211,4.459232,1.2494667,29.484192,19.253036,77.39694,0.0,0.0,23.753143,0.0,9.001529,2.571724,0.0,28.42282,22.138617,22.948353,20.678734,21.133265,25.740139,27.64404,10.710477,39.73663,14.935895,23.53548,16.545303,0.0,19.674427,3.9673567,28.692516,0.0,9.31031,8.139459,18.462545,0.0,20.260532,16.105988,10.207838,53.221268,58.055218,86.09735,5.7622023,26.794449,9.107366,13.922638,15.20227,20.120247,37.56161,17.623749,42.853745,31.198746,0.0,0.0,5.4784236,4.1749425,15.768785,60.74095,30.993456,19.711012,62.650135,51.094673,23.753143,17.750698,2.571724,26.202091,25.9108,12.646486,0.0,12.268021,12.253659,3.3363514,8.640143,3.4663117,9.596793,4.786208,7.0495515,15.605352,17.044043,19.989307,7.6675243,9.134475,14.283211,0.0,0.0,0.0,31.317116,10.619939,25.427195,20.752014,39.019768,32.984955,16.24682,19.083101,55.31296,26.165373,38.1132,11.511073,18.658278,0.0,20.197254,34.17693,34.67836,82.53571,52.791622,23.312744,74.34667,79.31644,49.68414,14.879399,0.0,12.295855,16.976719,13.900921,14.436509,9.614451,5.092545,4.4521136,10.098627,12.130487,0.0,34.631214,0.0,38.12164,20.296951,6.2737193,14.552825,0.0,0.0,0.0,18.306795,21.251831,0.0,0.0,0.0,29.601871,20.003736,20.120247,29.228802,46.589165,41.596096,0.0,23.802666,23.905401,14.3697815,18.444693,23.791393,45.717083,0.0,0.0,24.40096,14.700987,11.290386,19.614271,15.103161,6.29624,0.0,0.0,30.461723,0.0,54.459503,75.65386,22.463451,0.0,6.110068,39.64488,69.83698,10.453335,17.212889,1.919776,13.884106,29.109995,17.65264,0.0,8.348876,10.888577,29.306208,12.59475
C19x32_C20x32,0.0,0.0,0.0,12.295928,15.317852,0.0,7.867321,19.737778,0.0,0.0,44.513874,0.0,35.30181,50.42283,0.0,14.041099,70.59678,0.0,24.874409,0.0,10.82686,22.347385,39.043186,0.0,0.0,47.47247,15.801989,36.28891,95.1751,5.789218,0.0,40.4282,21.034208,31.00576,0.0,23.341234,22.790154,57.73652,25.901026,28.311365,51.92763,42.22362,20.884592,0.0,12.086285,36.173176,12.086285,46.1618,20.884592,22.57862,29.221165,38.10128,4.773601,9.592138,0.0,32.91416,0.0,0.0,13.689413,16.95086,16.95086,38.817215,10.715363,7.5769053,0.0,0.0,0.0,5.210268,2.351671,0.0,0.0,0.0,26.24317,0.0,18.556723,48.83042,0.0,97.67287,8.932148,32.017334,0.0,0.0,46.01564,22.578506,0.0,10.874611,16.997171,0.0,14.042905,9.778674,9.778674,25.487122,31.652678,0.0,0.0,41.271713,11.790792,23.828236,0.0,0.0,14.561718,61.617542,66.54131,26.411695,48.661777,11.499957,11.499957,49.80777,0.0,24.808464,0.0,4.30912,3.0006244,0.0,0.0,3.0006244,5.2424,3.0006244,8.487047,0.0,12.781358,22.2404,24.449287,20.792162,24.043056,15.336105,0.0,9.189137,9.189137,2.6103451,4.4517565,20.342773,4.4517565,0.0,0.0,1.5702065,24.914839,17.927351,52.87105,0.0,11.111466,11.111466,8.632784,15.082364,18.191805,9.625357,10.022804,8.762232,10.175376,0.0,6.005967,12.650328,0.0,2.9489748,2.578081,33.03769,0.0,0.0,0.0,19.57256,36.97196,12.646248,15.623028,71.90037,28.049458,86.835464,10.805734,28.004017,11.716256,0.0,0.0,8.299424,8.299424,29.249565,5.2026987,13.229893,0.0,12.64682,15.623734,10.230824,19.1124,11.407754,14.093009,20.19965,9.767015,46.170116,12.066058,47.126797,0.0,6.2450604,0.0,23.75397,42.53922,78.66,11.207722,0.0,8.847169,20.556072,14.314071,0.0,9.946508,0.0,9.171347,4.213686,9.104745,54.060547,15.829538,19.55563,36.49355,14.324669,44.995636,19.863802,26.137493,11.634411,11.634411,16.143515,0.0,19.517492,6.7444367,6.2918224,13.915759,13.915759,10.25414,44.411976,0.0,13.557232,19.469196,25.643677,16.864956,67.251366,0.0,6.6523695,36.710262,12.358694,5.572479,12.283195,0.0,4.412567,5.451235,10.539889,79.51311,18.790874,32.829594,9.640823,18.010206,12.272518,70.978745,7.541966,6.503733,76.215675,7.686147,44.88593,0.0,7.367978,7.367978,11.512232,28.752182,30.704016,97.72076,91.23341,0.0,0.0,23.560064,39.403072,16.521896,41.282135,21.614542,39.506245,32.553978,36.14278,39.41515,37.35797,44.00468,42.681828,60.526115,55.458443,72.25963,15.293291,39.96814,10.719822,0.0,0.0,25.3182,0.0,0.0,0.0,37.31048,23.790327,43.3828,72.98052,102.31097,145.08481,100.21993,16.832762,25.327461,32.833057,23.319447,25.190086,11.754558,47.81461,25.792023,0.0,29.524698,56.07155,43.940742,43.76038,24.901747,56.09904,37.807407,35.35784,44.69431,19.075642,4.3416834,35.1352,0.0,14.976908,21.365032,13.233134,20.66649,5.334272,8.444152,0.0,30.614676,47.621387,0.0,0.0,14.314071,3.0006244,4.1822114,6.926179,0.0,25.037994,16.555908,11.735327,22.78169,18.514582,39.918262,43.743824,17.451601,23.093616,28.293251,25.94417,15.046685,11.412691,20.995161,12.809416,37.18728,23.443068,22.92046,35.79541,34.0805,0.0,23.610935,16.652668,15.26815,42.97167,39.257263,65.84539,18.052383,10.764163,17.07498,15.181682,21.03768,0.0,54.661697,0.0,61.338905,48.804447,0.0,0.0,6.208716,29.853191,21.972986,39.86945,24.314425,10.27391,37.913345,51.1222,14.314071,18.08804,6.926179,20.10886,30.123964,0.0,0.0,0.0,0.0,0.0,0.0,0.0,0.0,0.0,0.0,0.0,0.0,0.0,0.0,0.0,0.0,0.0,0.0,0.0,0.0,9.205629,26.59223,21.611393,30.315552,33.025673,21.847282,16.94344,54.555668,27.364235,39.780914,15.412294,18.536158,16.153103,44.564533,45.67384,37.11893,124.54647,74.190056,0.0,93.702805,111.32872,10.037365,5.6011057,5.077234,0.0,24.066591,19.202957,15.594843,33.79027,13.233134,20.66649,19.676386,12.315215,0.0,10.424898,0.0,26.103418,13.534169,7.2960715,9.964903,0.0,0.0,0.0,14.2191105,22.047369,8.711613,0.0,0.0,44.49729,12.379843,0.0,38.849102,20.858852,54.99756,0.0,31.641863,29.25257,6.3367753,0.0,27.24829,52.661118,8.163059,0.0,0.0,0.0,0.0,20.189854,27.300884,29.226831,26.09473,20.87301,28.117062,0.0,55.88355,66.85529,15.455027,18.250433,0.0,25.778442,65.31706,11.473439,15.436006,12.809416,9.461348,6.490044,12.536823,0.0,12.809416,5.1703515,34.797676,0.0
C19x33_C19x34,27.509249,0.0,27.509249,16.361828,44.828327,0.0,26.739647,23.585775,16.548208,17.124762,64.1818,20.78385,29.592997,20.816889,0.0,0.0,117.30035,42.515335,30.030277,0.0,0.0,37.23402,42.32083,0.0,0.0,0.0,0.0,0.0,46.3694,0.0,0.0,0.0,0.0,10.876607,19.940126,0.0,26.392185,65.87262,0.0,48.14059,68.77424,91.24235,18.586248,26.17107,26.17107,0.0,0.0,82.456245,0.0,60.031616,0.0,0.0,0.0,18.02252,18.02252,66.41041,10.420932,0.0,7.369922,13.142325,12.073856,24.50311,2.950559,0.0,0.0,0.0,10.655777,12.381821,18.552671,0.0,0.0,0.0,36.844025,12.3436365,20.343079,53.243973,0.0,41.684498,0.0,34.683693,0.0,0.0,48.562714,17.31902,13.134854,0.0,0.0,0.0,0.0,0.0,0.0,43.63335,13.5848,22.813501,0.0,0.0,0.0,0.0,0.0,24.621632,17.09464,43.678726,46.82844,0.0,31.094118,0.0,0.0,37.30753,0.0,10.251694,0.0,0.0,8.204531,0.0,0.0,0.0,19.122395,0.0,0.0,29.091866,0.0,0.0,18.855719,23.257696,0.0,0.0,21.295502,20.053907,0.0,0.0,16.956528,47.995274,0.0,0.0,0.0,0.0,0.0,35.19089,75.99264,19.430317,16.83444,0.0,15.846484,24.071161,0.0,26.976551,27.122654,0.0,30.166954,16.910728,0.0,59.252987,0.0,24.14901,0.0,21.991276,0.0,5.320369,8.366177,36.24741,47.683067,0.0,21.633993,80.66952,20.427658,28.593565,0.0,0.0,0.0,0.0,0.0,9.635825,0.0,25.054317,14.278716,0.0,0.0,0.0,18.819021,0.0,0.0,0.0,10.182684,30.215168,0.0,35.015553,16.683018,60.065926,14.146649,0.0,22.306276,0.0,22.306276,61.027767,24.40911,17.549536,0.0,57.145367,32.17296,20.863543,6.518653,8.041772,0.0,0.0,0.0,58.611378,0.0,11.867141,0.0,56.719112,33.31022,0.0,13.776358,15.628855,0.0,0.0,0.0,7.3319545,8.730864,0.0,0.0,0.0,0.0,0.0,0.0,0.0,23.653263,11.427631,0.0,58.473885,12.789606,0.0,53.73312,10.666972,0.0,0.0,12.48896,0.0,0.0,0.0,78.94741,0.0,49.767834,0.0,32.838913,0.0,80.07488,0.0,0.0,58.421154,0.0,19.161898,15.575454,13.638872,0.0,17.50972,15.81992,10.883032,43.542477,50.37489,0.0,0.0,41.77375,65.74429,0.0,59.642548,26.891233,34.962273,34.827374,60.776398,53.24763,53.34292,43.843204,62.4481,59.01902,61.127014,54.58272,52.22644,42.78135,62.08043,34.57344,26.467312,8.411723,0.0,0.0,0.0,89.39752,31.711927,71.45114,72.35551,109.27046,102.14833,95.507774,61.588886,50.669388,23.847542,23.877369,39.319187,20.202347,60.35323,23.116661,9.017314,47.391613,53.774864,54.01119,73.472145,44.575916,56.171738,45.536255,37.30753,76.69641,21.08897,20.042097,70.97636,23.915382,38.37493,16.330132,9.635825,0.0,14.398118,0.0,61.858955,21.447594,58.90364,0.0,0.0,0.0,0.0,0.0,0.0,0.0,21.513454,19.987465,30.36842,0.0,0.0,0.0,0.0,0.0,0.0,0.0,0.0,0.0,0.0,0.0,0.0,0.0,0.0,0.0,0.0,0.0,0.0,25.95084,19.525478,10.626251,139.42459,57.709785,128.47626,15.904363,0.0,5.7096076,23.621908,15.574673,19.562113,16.774366,31.53373,45.518093,43.832367,0.0,0.0,0.0,0.0,0.0,64.19927,38.074306,16.873594,39.124714,47.68025,45.49943,35.332405,5.1901846,31.645998,28.038282,8.446641,0.0,11.382462,0.0,16.910728,0.0,13.172829,6.776491,9.81666,15.523183,16.004705,21.931767,16.937561,10.167179,9.635825,15.553451,0.0,0.0,17.426334,34.32197,12.550374,53.204838,47.55032,94.71883,42.5061,39.83295,0.0,77.85399,28.002869,54.48816,0.0,0.0,0.0,10.448077,26.480028,32.866184,59.592384,58.97535,38.988056,54.08237,92.76684,60.399582,20.604519,0.0,0.0,0.0,0.0,0.0,0.0,0.0,0.0,0.0,0.0,0.0,15.012023,0.0,31.394964,28.407036,19.383337,10.626251,0.0,0.0,0.0,28.75056,32.9875,0.0,5.629659,0.0,42.562252,23.677355,19.562113,61.973442,19.166868,36.14068,0.0,51.27159,32.62315,0.0,0.0,27.203733,28.068043,0.0,0.0,35.776413,30.411072,16.30129,0.0,0.0,0.0,0.0,0.0,27.80471,0.0,28.928267,73.472145,10.122797,0.0,0.0,27.336802,61.235672,0.0,0.0,0.0,0.0,16.971983,21.014952,25.745344,14.234716,15.538697,35.184353,14.27758
C19x33_C20x33,0.0,0.0,6.750816,21.829826,53.892597,0.0,20.215445,29.628307,0.0,13.369875,48.733295,14.482208,23.331928,29.986238,0.0,0.0,67.55892,18.282806,23.562254,0.0,0.0,22.497665,58.4276,0.0,0.0,27.194412,0.0,0.0,70.81587,0.0,0.0,24.837404,0.0,27.538235,20.210724,14.339882,9.903182,69.44893,23.21894,35.28758,63.74616,48.350555,20.516579,12.6183605,12.6183605,35.535755,0.0,51.41288,20.516579,40.75597,36.505684,32.92536,0.0,13.561497,0.0,49.431755,6.6779137,0.0,6.026745,11.86282,18.875557,25.499527,7.272433,0.0,0.0,0.0,18.579193,9.714982,11.366547,0.0,0.0,0.0,43.727417,18.761402,30.919952,46.327744,0.0,57.267246,0.0,23.347641,0.0,0.0,42.705128,23.343395,8.311052,0.0,12.155519,0.0,14.134861,0.0,0.0,37.48181,31.374811,19.384766,0.0,28.297705,0.0,16.337688,0.0,0.0,21.400095,77.676674,82.07242,14.590154,36.245274,0.0,0.0,47.824097,0.0,19.812323,0.0,0.0,6.4374104,6.972984,0.0,0.0,15.003747,6.972984,6.972984,18.007627,0.0,6.141849,14.788693,0.0,0.0,0.0,12.248048,15.06569,0.0,0.0,11.247368,49.4755,0.0,5.8568,0.0,0.0,0.0,26.622887,76.18147,18.825222,14.336051,0.0,13.017386,30.339773,0.0,16.75891,24.17349,0.0,20.85666,8.307299,0.0,41.898586,0.0,24.927162,0.0,24.789927,0.0,2.9649131,4.8371615,30.427458,41.105316,0.0,32.406925,121.65848,30.599882,42.451466,0.0,13.681174,0.0,0.0,0.0,7.6675844,0.0,20.325102,4.4659777,0.0,0.0,0.0,13.02506,0.0,28.615147,0.0,11.010099,30.097717,0.0,45.61699,21.282299,61.48377,3.5804324,0.0,0.0,0.0,25.9923,75.296814,10.905098,7.85188,0.0,35.745407,23.334461,8.808869,17.533386,0.0,0.0,0.0,0.0,37.025867,0.0,38.166855,0.0,62.37759,67.04602,0.0,22.458817,15.407693,0.0,0.0,0.0,3.1716404,5.6434765,0.0,0.0,7.8541684,0.0,23.082033,0.0,0.0,22.743162,5.572546,0.0,59.85415,0.0,0.0,62.575565,17.04665,0.0,0.0,9.799045,0.0,0.0,0.0,66.46589,0.0,42.67882,0.0,36.547913,0.0,78.577835,0.0,0.0,52.135452,0.0,34.2393,0.0,9.391369,0.0,18.40888,42.90579,34.734943,35.691765,76.30174,0.0,0.0,35.909386,55.376976,10.0673485,51.269688,39.053204,35.751175,25.884876,60.723934,77.124245,35.41056,45.20998,78.13244,51.93901,88.39036,81.46156,51.997143,62.102413,31.608044,21.449389,14.903467,4.471208,0.0,0.0,0.0,46.99031,39.51579,78.03778,71.83626,96.551895,105.36698,84.74533,52.613056,39.87844,36.356483,33.306355,25.196417,12.946013,42.426853,14.813557,8.975386,32.867134,33.15992,33.773098,41.914272,28.565022,35.995823,33.674664,23.90731,49.383278,16.478983,15.437921,41.310257,24.044632,23.683384,17.403025,7.6675844,12.563171,11.581014,0.0,40.195244,29.250036,52.055927,0.0,0.0,0.0,0.0,0.0,0.0,0.0,18.208622,14.9679985,17.183462,21.35056,17.706976,30.4833,31.711409,12.317005,26.97621,14.681911,10.022286,15.984558,0.0,19.00763,3.8328972,30.084988,11.237267,8.547302,21.760048,20.256153,0.0,10.7092495,16.912838,7.2687078,94.7871,60.308685,72.556595,46.49377,22.234108,5.0191994,17.523512,13.510944,14.520368,13.655483,30.029373,50.656464,50.269344,0.0,0.0,5.586633,14.340847,18.379332,51.727245,38.5112,25.46482,45.156895,50.861996,0.0,0.0,0.0,24.829973,40.720825,7.5036426,0.0,9.637012,1.8334436,8.307299,13.414146,13.005401,5.272902,15.778053,21.500095,7.545361,16.843204,8.455823,11.315515,7.6675844,0.0,0.0,0.0,0.0,32.431454,12.401125,29.049938,24.386402,60.1356,33.532337,21.748863,25.28481,56.944637,15.289617,40.008884,0.0,0.0,0.0,23.389791,55.598133,46.110027,124.616005,74.97301,36.369183,78.94641,107.93244,73.50529,17.647219,2.9387064,4.089872,17.330084,14.175492,12.670234,17.829304,4.9347878,12.563171,11.694896,12.370089,0.0,13.644951,0.0,28.82619,26.580835,16.099264,9.079432,0.0,0.0,0.0,14.335591,36.305298,0.0,0.0,0.0,26.763447,24.625053,14.520368,57.370102,0.0,54.427605,0.0,24.97795,12.92767,0.0,0.0,27.154545,36.520493,0.0,0.0,8.550232,6.3973885,7.12753,4.1083727,4.103724,17.767006,0.0,0.0,23.04366,0.0,72.02402,83.845146,11.313775,0.0,0.0,22.304552,63.545174,0.0,0.0,0.0,0.0,10.078645,22.173407,20.200224,4.249688,12.707346,32.144176,0.0
C19x34_C20x34,0.0,0.0,0.0,26.133406,74.54921,0.0,44.735268,24.869247,23.496208,23.496208,55.612114,29.510244,34.822666,26.076248,0.0,0.0,80.162094,42.537647,33.84197,0.0,0.0,34.206146,61.285294,0.0,0.0,0.0,0.0,0.0,58.08456,0.0,0.0,0.0,0.0,19.875134,22.822922,0.0,12.392936,42.432705,0.0,65.1869,86.149956,51.467007,0.0,14.365005,14.365005,0.0,0.0,62.08901,0.0,22.85693,28.143965,0.0,0.0,24.72996,24.72996,58.532223,0.0,0.0,8.00537,0.0,13.606371,18.435183,5.8312135,0.0,0.0,0.0,13.347943,20.52037,16.325533,0.0,0.0,0.0,37.64385,0.0,26.61822,71.98886,0.0,43.003735,0.0,21.807516,0.0,0.0,46.55738,27.13689,0.0,0.0,0.0,0.0,29.199432,23.248737,0.0,70.72637,26.746729,22.099928,0.0,0.0,0.0,0.0,0.0,0.0,25.724493,72.8936,74.29429,0.0,36.36745,0.0,0.0,29.139273,0.0,0.0,13.543359,0.0,13.543359,17.009888,0.0,19.153202,21.549566,17.009888,17.009888,30.27534,0.0,0.0,19.21231,33.2767,0.0,0.0,21.633741,26.858257,0.0,0.0,17.106075,46.392353,0.0,0.0,0.0,0.0,0.0,29.810085,82.81226,14.479939,22.994898,0.0,21.526323,34.25169,0.0,25.94283,28.831001,0.0,42.248287,0.0,0.0,67.76529,0.0,26.94481,0.0,0.0,0.0,0.0,6.3800316,33.312523,45.13492,0.0,34.435326,129.87029,0.0,27.72366,0.0,0.0,0.0,0.0,0.0,15.647181,0.0,47.34367,4.8454576,0.0,0.0,0.0,0.0,0.0,0.0,0.0,0.0,35.180706,0.0,37.28249,24.876514,53.6735,0.0,0.0,5.0486765,0.0,6.7816834,74.39451,10.842975,16.519194,0.0,71.23021,40.102753,26.006645,0.0,29.96236,0.0,0.0,0.0,53.185406,0.0,35.100887,0.0,48.99311,31.45018,0.0,15.905648,20.587442,0.0,0.0,0.0,12.607866,0.0,0.0,0.0,0.0,0.0,0.0,0.0,0.0,36.215553,17.634094,0.0,17.10534,0.0,0.0,80.97246,13.967968,0.0,0.0,0.0,0.0,0.0,0.0,72.66306,0.0,40.80217,0.0,0.0,0.0,60.199917,0.0,0.0,41.221355,0.0,29.56892,11.506739,14.42924,0.0,29.019176,46.173973,25.653835,47.77302,56.6136,0.0,0.0,0.0,55.081364,0.0,48.32164,31.40697,36.877754,34.149437,77.17418,70.45271,53.110394,48.938725,63.501656,57.870186,68.982056,65.579094,46.156403,59.155697,42.248287,37.617523,36.07014,12.980214,0.0,0.0,0.0,69.80422,40.79803,100.60474,106.807236,105.27161,116.379364,85.18804,67.32726,58.97268,18.732841,20.049541,24.647894,0.0,78.6901,0.0,18.728498,71.019165,30.840487,38.130936,58.93119,0.0,34.260822,53.714348,29.139273,65.13855,29.35516,37.40857,63.620144,50.985023,46.028713,0.0,0.0,0.0,0.0,0.0,76.4645,22.866653,65.45189,0.0,0.0,0.0,0.0,0.0,0.0,0.0,0.0,0.0,24.680246,0.0,0.0,0.0,0.0,0.0,0.0,0.0,0.0,0.0,0.0,0.0,0.0,0.0,0.0,0.0,0.0,0.0,0.0,17.658728,30.129965,12.607866,172.5326,87.7207,100.18304,0.0,29.436216,8.897642,0.0,27.487617,14.451978,28.58396,42.858532,48.935066,27.853197,0.0,0.0,0.0,0.0,0.0,51.326534,38.421547,15.9469,39.750324,53.976486,56.713856,53.156525,0.0,0.0,24.43479,0.0,0.0,0.0,0.0,0.0,0.0,0.0,0.0,0.0,23.389845,14.577442,26.933176,16.58815,0.0,15.647181,0.0,0.0,0.0,31.102152,0.0,26.29575,0.0,51.697147,111.77485,79.21648,13.907907,0.0,86.01321,0.0,73.76079,0.0,0.0,0.0,0.0,0.0,51.33469,99.2736,73.795746,21.391119,63.41112,116.12413,56.173534,24.855556,0.0,0.0,0.0,0.0,0.0,0.0,0.0,0.0,0.0,0.0,0.0,24.87954,0.0,10.215144,28.186533,24.186445,18.09542,0.0,0.0,0.0,0.0,53.365128,0.0,23.026646,0.0,6.8808794,25.829462,14.451978,85.86095,0.0,34.714817,0.0,52.907223,29.713892,0.0,0.0,34.996166,7.0840926,0.0,0.0,18.115793,0.0,19.704395,0.0,0.0,0.0,0.0,0.0,29.607744,0.0,57.363724,76.23271,17.612429,0.0,0.0,44.056587,73.54944,0.0,0.0,0.0,0.0,0.0,24.631313,19.13021,6.463333,21.23346,49.90994,0.0
C20x13_C20x14,0.0,0.0,0.0,0.0,39.172775,0.0,0.0,0.0,24.887941,0.0,0.0,0.0,0.0,0.0,0.0,0.0,78.27695,27.3519,0.0,55.466404,0.0,70.85024,50.098686,57.97976,50.098686,66.13786,0.0,0.0,0.0,0.0,50.923904,42.25586,0.0,0.0,0.0,0.0,0.0,27.919657,61.47986,48.78606,0.0,0.0,52.51627,0.0,28.535454,69.930275,0.0,0.0,0.0,68.81044,0.0,58.931923,0.0,33.07421,0.0,0.0,33.401573,0.0,48.500706,26.698917,0.0,34.499344,45.18731,0.0,33.368134,28.832472,0.0,0.0,0.0,64.130165,45.346874,0.0,0.0,0.0,0.0,89.89187,0.0,14.238944,0.0,0.0,36.84791,0.0,53.48023,0.0,31.44302,0.0,0.0,0.0,0.0,0.0,0.0,70.538895,0.0,0.0,0.0,0.0,0.0,0.0,41.440456,0.0,0.0,24.237875,21.539375,0.0,40.000664,0.0,0.0,60.431423,67.67885,0.0,0.0,27.023132,43.62028,0.0,0.0,0.0,0.0,27.023132,43.62028,14.901968,0.0,47.530773,121.11715,0.0,79.14847,0.0,0.0,36.278175,0.0,0.0,0.0,52.454353,0.0,0.0,0.0,0.0,62.108524,0.0,108.638855,0.0,26.981953,0.0,30.854286,0.0,0.0,0.0,100.8274,51.07432,37.041306,34.190414,24.176271,54.009865,0.0,67.44773,30.218056,0.0,53.233173,0.0,38.426655,0.0,76.27377,0.0,0.0,0.0,0.0,40.708435,0.0,0.0,79.101204,0.0,0.0,0.0,0.0,0.0,21.358902,0.0,0.0,0.0,0.0,0.0,99.68543,0.0,0.0,0.0,0.0,18.851091,0.0,0.0,53.66751,32.17716,0.0,27.419542,27.48153,118.17877,21.744343,29.97429,0.0,0.0,28.588797,18.351213,0.0,4.9228616,0.0,0.0,0.0,59.605137,0.0,0.0,0.0,0.0,71.29458,0.0,0.0,31.423029,0.0,0.0,0.0,49.663715,0.0,0.0,0.0,0.0,0.0,95.73536,41.43119,0.0,0.0,0.0,76.97402,0.0,23.793692,0.0,67.29237,0.0,0.0,0.0,78.60426,0.0,0.0,0.0,34.108524,0.0,0.0,0.0,0.0,0.0,0.0,0.0,0.0,0.0,0.0,0.0,22.260307,28.172031,0.0,9.126345,9.126345,0.0,20.156141,2.2149296,67.56798,56.832615,60.303684,66.95404,39.898647,40.955902,64.71043,56.569477,85.65699,78.4711,64.35997,58.76768,66.830246,14.703972,0.0,20.839748,44.20074,39.435562,67.96923,127.486664,0.0,0.0,93.104225,48.75647,53.603573,32.615273,43.666016,32.395184,21.536303,47.780014,0.0,0.0,29.40093,52.734642,0.0,64.552765,0.0,58.79919,0.0,62.942715,52.649628,30.045328,31.5376,20.136908,40.56407,14.93055,39.42707,16.979342,33.93208,36.985615,36.559364,56.003284,0.0,26.040174,34.8821,55.90755,24.703728,42.878075,65.41857,75.19297,0.0,0.0,109.22433,0.0,0.0,0.0,0.0,0.0,0.0,0.0,0.0,0.0,0.0,0.0,33.49638,50.419163,63.119286,42.16244,46.04806,26.439848,41.510624,42.458862,22.909313,20.080843,26.797716,6.04667,30.34806,17.374477,57.096127,87.11088,27.514576,49.087276,19.147099,19.281712,0.0,48.806885,70.22242,58.927574,56.150993,42.72167,39.38029,0.0,166.34259,0.0,40.337757,28.5455,11.150086,46.365364,0.0,0.0,0.0,33.00229,15.866467,0.0,0.0,0.0,0.0,0.0,0.0,0.0,0.0,53.4723,100.03124,0.0,0.0,0.0,0.0,0.0,0.0,0.0,0.0,0.0,0.0,0.0,0.0,0.0,0.0,0.0,0.0,31.972307,31.423029,0.0,0.0,59.027996,0.0,0.0,0.0,0.0,0.0,0.0,0.0,0.0,0.0,0.0,0.0,0.0,12.49511,0.0,0.0,0.0,0.0,0.0,0.0,0.0,0.0,0.0,0.0,0.0,0.0,0.0,0.0,0.0,0.0,0.0,0.0,0.0,0.0,37.768898,0.0,96.04856,75.4073,114.213234,110.851105,0.0,0.0,0.0,0.0,0.0,70.448235,0.0,0.0,20.327114,0.0,0.0,42.48668,15.211607,12.49511,0.0,0.0,38.709213,19.711895,0.0,53.843517,35.341877,30.852646,0.0,0.0,0.0,0.0,0.0,0.0,0.0,74.34576,0.0,22.260307,33.94015,0.0,24.395275,49.292027,41.982323,0.0,16.869375,16.14768,0.0,0.0,0.0,0.0,0.0,0.0,40.063015,0.0,17.262497,0.0,0.0
C20x14_C20x15,48.20863,0.0,0.0,0.0,48.49957,0.0,0.0,0.0,12.736804,0.0,27.311901,0.0,0.0,33.74585,0.0,0.0,55.323467,0.0,19.388205,26.092644,0.0,94.78272,0.0,37.701504,0.0,106.506065,0.0,0.0,44.01451,0.0,54.560207,34.539806,0.0,0.0,0.0,0.0,24.385403,23.893875,87.924515,23.893875,36.335533,23.757462,29.723335,0.0,0.0,59.046047,0.0,0.0,0.0,38.945568,0.0,64.17287,0.0,0.0,0.0,26.469046,19.856333,0.0,33.596695,33.624054,0.0,27.964,54.268955,0.0,21.586435,0.0,25.201023,0.0,0.0,83.90634,0.0,0.0,0.0,0.0,0.0,54.82498,0.0,10.660482,0.0,0.0,17.387291,0.0,38.691345,0.0,38.691345,0.0,0.0,0.0,0.0,0.0,0.0,76.746414,0.0,0.0,55.648113,20.969732,0.0,0.0,33.967953,0.0,0.0,0.0,0.0,0.0,45.163437,0.0,0.0,34.91762,36.980267,0.0,0.0,25.712364,0.0,0.0,44.015865,0.0,0.0,25.712364,84.30571,0.0,0.0,37.72583,89.53452,0.0,75.8487,0.0,0.0,0.0,0.0,0.0,0.0,40.494156,0.0,0.0,0.0,0.0,39.590202,0.0,80.22615,0.0,0.0,0.0,0.0,0.0,0.0,44.34181,101.78899,72.99885,38.258305,39.546192,24.970592,52.06495,0.0,106.55372,58.36551,0.0,28.96624,0.0,43.84695,31.249432,108.26758,0.0,0.0,22.3444,0.0,30.809525,0.0,0.0,74.76523,0.0,0.0,0.0,0.0,0.0,0.0,0.0,0.0,0.0,0.0,0.0,66.287506,0.0,0.0,0.0,0.0,34.818527,0.0,0.0,0.0,33.285667,0.0,0.0,41.761074,104.419266,0.0,0.0,0.0,0.0,0.0,0.0,0.0,18.249105,0.0,0.0,0.0,63.713783,0.0,0.0,0.0,0.0,81.556366,0.0,0.0,0.0,0.0,0.0,0.0,42.27052,0.0,0.0,0.0,0.0,0.0,50.77631,0.0,0.0,0.0,0.0,0.0,0.0,35.25088,0.0,41.83706,0.0,0.0,0.0,41.319115,0.0,0.0,0.0,33.536022,0.0,11.608751,0.0,41.06949,0.0,26.695532,0.0,0.0,18.716993,0.0,0.0,16.57791,0.0,0.0,0.0,0.0,0.0,51.892483,1.6582843,51.217926,71.58288,51.324528,32.125565,46.896317,31.2184,32.65117,27.69057,52.761147,38.61507,29.116165,54.717827,56.130936,31.960272,19.288298,19.03138,31.335455,35.111736,68.00394,99.05671,0.0,0.0,95.531654,66.69147,99.203384,51.525513,88.602776,38.11851,32.628242,55.005764,32.128452,19.389797,31.500347,40.991093,21.209892,85.95274,0.0,0.0,19.24635,29.628525,23.465984,31.713612,31.117805,0.0,15.459306,4.1578956,33.674984,33.869404,14.200731,14.79825,30.955397,34.617577,6.709702,0.0,24.970592,22.341454,26.64063,19.80429,34.096546,53.126583,0.0,35.811638,56.71429,17.866207,0.0,0.0,0.0,0.0,0.0,0.0,0.0,0.0,28.828197,7.5143533,33.674984,49.89095,62.36075,84.61541,69.75831,8.132635,51.204197,83.53975,60.129547,59.603653,61.34259,49.026802,78.217094,68.9362,11.975891,76.20841,44.618656,65.751396,34.045418,42.729446,47.765827,61.087887,68.63683,36.00322,56.091583,0.0,27.763386,61.853683,92.71612,0.0,31.951113,26.911097,13.457217,38.690033,0.0,0.0,20.742014,36.814228,18.63683,26.470268,40.664894,19.872595,27.723392,21.469122,0.0,0.0,0.0,79.29984,102.08126,0.0,0.0,0.0,0.0,0.0,0.0,0.0,0.0,0.0,0.0,0.0,0.0,0.0,0.0,0.0,0.0,0.0,0.0,0.0,0.0,31.249432,12.054565,20.073866,0.0,20.602255,24.193415,23.98182,15.296081,27.736816,9.901854,0.0,0.0,0.0,44.618656,12.381231,20.617847,0.0,25.402512,20.26073,15.710588,42.85208,27.95074,0.0,0.0,0.0,0.0,0.0,0.0,0.0,0.0,0.0,0.0,0.0,0.0,63.2293,0.0,116.818306,87.73015,67.10601,94.34925,9.901854,0.0,0.0,0.0,0.0,108.585594,36.690426,0.0,0.0,0.0,0.0,120.87469,33.674984,44.618656,0.0,4.1578956,36.356594,43.637585,0.0,34.83232,15.865742,21.339693,0.0,0.0,0.0,0.0,0.0,0.0,0.0,0.0,0.0,16.57791,26.562397,6.3704553,14.095729,65.19515,0.0,0.0,49.986225,18.231815,0.0,0.0,0.0,0.0,0.0,0.0,0.0,0.0,0.0,0.0,0.0
C20x14_C21x14,30.246412,0.0,0.0,0.0,0.0,0.0,0.0,0.0,14.55427,0.0,36.715332,0.0,0.0,33.850143,0.0,0.0,53.9172,0.0,0.0,24.839216,0.0,17.275429,0.0,10.12914,0.0,20.696304,0.0,0.0,58.77344,0.0,44.057266,36.55803,0.0,0.0,0.0,0.0,37.97539,32.044167,70.56215,32.044167,48.84577,25.54836,49.621517,0.0,0.0,77.264114,0.0,0.0,0.0,76.02684,0.0,47.925194,0.0,0.0,0.0,38.861645,28.52604,0.0,66.778946,26.175764,0.0,51.97943,18.745857,0.0,10.9913,0.0,33.877678,0.0,0.0,47.32515,0.0,0.0,30.44656,0.0,0.0,35.927517,0.0,49.526722,0.0,0.0,84.83865,0.0,56.33114,0.0,32.688786,0.0,0.0,0.0,0.0,0.0,0.0,66.84791,0.0,0.0,50.9008,42.23669,0.0,0.0,45.322227,0.0,0.0,0.0,0.0,0.0,65.5721,0.0,0.0,44.646343,92.66547,0.0,0.0,21.039902,0.0,0.0,0.0,0.0,0.0,21.039902,69.82223,0.0,0.0,35.724777,79.88303,0.0,71.82555,0.0,0.0,0.0,0.0,0.0,0.0,42.831158,0.0,0.0,0.0,0.0,0.0,21.276728,70.06776,0.0,0.0,0.0,0.0,0.0,0.0,40.03817,153.54114,84.10318,0.0,0.0,0.0,28.9814,0.0,102.49386,56.141693,0.0,44.610912,0.0,27.01369,0.0,99.608795,0.0,0.0,22.259676,0.0,21.938578,0.0,0.0,60.616596,0.0,0.0,0.0,0.0,0.0,0.0,0.0,0.0,0.0,0.0,0.0,46.474995,0.0,0.0,41.782574,0.0,0.0,0.0,0.0,0.0,42.52978,0.0,0.0,14.929546,151.59029,0.0,0.0,0.0,0.0,0.0,0.0,0.0,33.6501,0.0,0.0,0.0,38.640335,0.0,0.0,0.0,0.0,81.194725,0.0,0.0,0.0,0.0,0.0,0.0,67.20512,0.0,0.0,0.0,0.0,0.0,68.5306,0.0,0.0,0.0,0.0,0.0,0.0,31.111694,0.0,53.599445,0.0,0.0,0.0,25.835482,0.0,0.0,0.0,45.568546,0.0,0.0,0.0,40.09419,0.0,34.589092,0.0,0.0,40.28605,0.0,0.0,0.0,0.0,0.0,0.0,0.0,0.0,63.596493,43.85558,62.619576,35.347755,30.887032,33.171005,0.0,0.0,42.827255,53.812645,22.860691,35.544395,23.209433,46.228924,57.132206,29.233755,43.650734,28.663786,25.303322,35.37704,39.725704,61.850178,0.0,0.0,82.15687,70.03789,137.18452,42.385284,127.34906,43.052624,36.410946,46.47219,29.38759,43.880436,25.436474,36.297005,25.565443,119.0382,0.0,24.548313,22.576046,27.500708,47.73536,24.062883,24.536514,32.325306,19.900858,18.185816,20.26556,41.508423,10.663585,35.307484,15.28583,14.999328,17.747656,18.15238,0.0,38.15836,40.29592,33.577465,50.54345,58.488674,0.0,0.0,79.99376,0.0,0.0,0.0,0.0,0.0,0.0,0.0,0.0,0.0,0.0,0.0,44.625324,0.0,0.0,60.55732,33.028934,58.69092,0.0,119.404335,0.0,50.473404,81.353546,82.544136,64.93611,100.76542,52.282425,78.69962,57.395363,74.81188,44.122337,54.22472,0.0,51.654278,48.857986,63.39046,62.582806,0.0,26.641823,72.23314,133.29526,0.0,38.952854,0.0,20.268358,31.780888,0.0,0.0,24.330465,0.0,6.662649,39.101162,47.917435,26.714684,36.78969,27.49853,0.0,0.0,0.0,59.603287,91.87563,0.0,0.0,0.0,0.0,0.0,0.0,0.0,0.0,0.0,0.0,0.0,0.0,0.0,0.0,0.0,0.0,0.0,0.0,0.0,0.0,40.326443,29.358929,28.121704,0.0,35.496616,33.305088,31.91519,16.776867,9.560077,32.294014,0.0,0.0,0.0,26.064777,34.557987,33.101665,0.0,34.14854,31.60735,19.74782,52.555584,38.539448,0.0,0.0,0.0,0.0,0.0,0.0,0.0,0.0,0.0,0.0,0.0,0.0,52.366684,0.0,61.67833,99.20023,133.66243,150.00412,32.294014,0.0,0.0,0.0,0.0,134.61081,0.0,0.0,0.0,0.0,0.0,0.0,20.26556,26.064777,0.0,18.185816,46.86066,40.779083,0.0,68.296684,40.736298,29.183668,0.0,0.0,0.0,0.0,0.0,0.0,0.0,0.0,0.0,0.0,40.404667,27.863117,22.99598,66.434784,0.0,0.0,29.727388,33.774204,0.0,0.0,0.0,0.0,0.0,0.0,0.0,0.0,0.0,0.0,0.0
C20x15_C20x16,70.39611,28.939447,0.0,0.0,49.559483,0.0,0.0,0.0,0.0,0.0,31.946419,0.0,17.740112,50.201912,0.0,0.0,42.786274,0.0,40.91176,0.0,0.0,68.48791,0.0,41.843105,0.0,76.95894,0.0,0.0,47.86091,0.0,27.033937,40.1183,0.0,0.0,0.0,0.0,29.02236,40.0967,25.616352,0.0,46.456383,28.101803,0.0,0.0,0.0,0.0,0.0,0.0,0.0,0.0,0.0,65.88312,0.0,0.0,0.0,42.52988,0.0,0.0,0.0,31.630611,31.630611,103.17931,50.111725,0.0,23.870125,0.0,27.303085,0.0,0.0,67.334206,0.0,0.0,0.0,0.0,0.0,91.60184,0.0,22.57902,0.0,0.0,28.709112,0.0,48.20637,0.0,63.54504,0.0,0.0,0.0,0.0,0.0,0.0,34.632156,0.0,0.0,53.907475,79.99857,0.0,0.0,0.0,0.0,0.0,0.0,0.0,0.0,89.4163,0.0,0.0,62.314125,63.226868,0.0,0.0,0.0,0.0,0.0,45.139954,0.0,0.0,0.0,81.9777,0.0,0.0,0.0,55.865498,0.0,60.18822,0.0,0.0,0.0,0.0,0.0,0.0,20.945057,0.0,0.0,0.0,0.0,38.906803,0.0,66.7093,0.0,0.0,0.0,0.0,0.0,0.0,0.0,52.64133,80.83273,33.852543,0.0,0.0,63.912647,0.0,44.47913,76.83518,96.81815,0.0,0.0,32.68067,10.166549,33.16337,0.0,0.0,73.43845,0.0,27.168419,0.0,0.0,34.271614,0.0,0.0,0.0,0.0,0.0,0.0,0.0,0.0,0.0,0.0,0.0,28.276707,0.0,0.0,0.0,0.0,47.45726,0.0,18.161814,0.0,30.63226,8.13492,0.0,43.068905,159.5375,0.0,0.0,0.0,0.0,0.0,0.0,0.0,0.0,0.0,0.0,0.0,157.05333,0.0,0.0,0.0,0.0,39.0838,0.0,0.0,0.0,0.0,0.0,0.0,35.952736,0.0,0.0,0.0,0.0,0.0,71.297554,0.0,0.0,0.0,0.0,0.0,0.0,0.0,0.0,47.37571,0.0,0.0,0.0,13.821425,0.0,0.0,0.0,92.68061,0.0,40.180824,0.0,45.128624,0.0,40.216972,0.0,0.0,31.618359,0.0,0.0,0.0,0.0,0.0,0.0,0.0,0.0,30.672205,24.324268,61.085556,102.45612,22.541983,32.98173,0.0,35.40004,9.3832445,54.82285,53.658222,41.51471,20.2897,29.556255,41.189716,40.04807,27.415695,0.0,20.083614,18.161072,70.52441,156.93143,0.0,0.0,65.42445,70.33949,67.93902,59.43314,45.332024,7.292222,57.477203,89.866264,46.53857,21.306204,48.161728,27.122782,0.0,142.43121,0.0,0.0,0.0,0.0,0.0,0.0,0.0,0.0,0.0,0.0,0.0,0.0,0.0,0.0,0.0,0.0,0.0,0.0,0.0,0.0,0.0,0.0,0.0,0.0,0.0,64.27081,59.699806,21.423944,0.0,0.0,0.0,0.0,0.0,0.0,0.0,0.0,79.07726,36.778774,45.029053,71.98917,70.71384,59.701607,107.18572,103.3918,90.75778,160.14278,71.73096,61.444035,56.810898,82.27909,123.541176,43.265514,34.961285,90.46869,140.877,53.18223,24.02123,64.43422,32.712227,33.21296,28.787062,26.70807,44.8491,50.2371,28.297426,30.090988,89.00143,15.149015,32.4619,30.80133,0.0,43.73167,0.0,0.0,0.0,0.0,0.0,54.623173,38.86568,32.367115,31.590988,29.151257,0.0,0.0,0.0,106.9753,140.76022,0.0,0.0,0.0,0.0,0.0,0.0,0.0,0.0,0.0,0.0,0.0,0.0,0.0,0.0,0.0,0.0,0.0,0.0,0.0,0.0,10.166549,51.538235,54.119762,41.600193,48.07091,44.952286,37.454517,15.221357,38.725517,59.576702,0.0,0.0,0.0,49.868282,58.95038,61.90318,0.0,32.163483,65.86124,17.41047,43.6926,32.669533,0.0,0.0,0.0,0.0,0.0,0.0,0.0,0.0,0.0,0.0,0.0,0.0,55.951134,0.0,70.32394,43.045,62.06838,50.84484,56.68254,0.0,0.0,0.0,0.0,85.062416,55.22689,0.0,0.0,0.0,0.0,164.66783,50.880318,58.816174,0.0,0.0,0.0,15.93959,0.0,33.54513,0.0,23.28397,0.0,0.0,0.0,0.0,0.0,0.0,0.0,0.0,0.0,0.0,0.0,0.0,7.4356456,81.61021,0.0,0.0,28.613276,0.0,0.0,0.0,0.0,0.0,0.0,0.0,0.0,0.0,0.0,47.439983,0.0
C20x15_C21x15,54.781128,25.465467,0.0,0.0,37.197933,0.0,0.0,0.0,0.0,40.27347,12.302868,0.0,26.081514,41.12009,0.0,0.0,38.75349,0.0,21.510496,0.0,0.0,23.650745,0.0,9.407501,0.0,26.576021,0.0,0.0,10.982759,0.0,22.801025,33.83667,0.0,0.0,0.0,0.0,38.417465,25.8777,86.55482,0.0,35.76949,25.40218,20.774197,0.0,0.0,69.088615,0.0,0.0,0.0,38.012604,0.0,23.205889,0.0,0.0,0.0,27.600393,0.0,0.0,36.76105,33.56684,33.56684,116.29653,0.0,0.0,0.0,0.0,0.0,0.0,0.0,116.82904,0.0,0.0,0.0,0.0,0.0,78.290565,0.0,21.3603,0.0,0.0,27.159513,0.0,104.20953,0.0,60.621384,0.0,0.0,0.0,0.0,0.0,0.0,58.84233,0.0,0.0,44.74097,66.3955,0.0,0.0,0.0,0.0,0.0,0.0,0.0,0.0,76.44748,0.0,0.0,38.692814,54.05653,0.0,0.0,37.878708,0.0,0.0,36.279488,0.0,0.0,0.0,69.48786,0.0,0.0,0.0,42.845726,0.0,69.06998,0.0,0.0,0.0,0.0,0.0,0.0,50.28827,0.0,0.0,0.0,0.0,0.0,0.0,134.28719,0.0,0.0,0.0,0.0,0.0,0.0,0.0,51.45053,111.83974,17.267763,0.0,33.174385,35.09332,0.0,50.05281,111.12943,78.84822,0.0,0.0,35.89006,29.175064,101.08067,0.0,0.0,46.792118,0.0,35.835487,0.0,0.0,56.948547,0.0,0.0,0.0,0.0,0.0,0.0,0.0,0.0,0.0,0.0,0.0,34.563282,0.0,0.0,0.0,0.0,45.678196,0.0,11.679264,0.0,19.62307,22.220781,0.0,8.325726,175.39124,0.0,0.0,0.0,0.0,0.0,0.0,0.0,0.0,0.0,0.0,0.0,65.61795,0.0,0.0,0.0,0.0,69.4996,0.0,0.0,0.0,0.0,0.0,0.0,45.930817,0.0,0.0,0.0,0.0,0.0,69.751076,0.0,0.0,0.0,0.0,0.0,0.0,0.0,0.0,61.033733,0.0,0.0,0.0,38.442078,0.0,0.0,0.0,69.67004,0.0,30.204802,0.0,22.868963,0.0,40.711872,0.0,0.0,16.90869,0.0,0.0,0.0,0.0,0.0,0.0,0.0,0.0,57.95596,20.725092,37.56544,42.874878,42.353443,11.617095,0.0,0.0,28.67013,46.871418,44.04521,23.794718,30.79674,63.89287,60.64839,33.238235,0.0,22.410908,16.938967,43.60403,63.450115,99.792854,0.0,0.0,83.581924,93.14215,97.9338,92.5506,71.54129,36.571762,39.28448,81.502075,42.398865,0.0,21.607433,55.621525,48.47764,107.32932,0.0,0.0,0.0,0.0,0.0,0.0,0.0,0.0,0.0,0.0,0.0,0.0,0.0,0.0,0.0,0.0,0.0,0.0,0.0,0.0,16.624914,16.00079,27.189163,37.2529,0.0,44.774384,44.602722,61.705795,0.0,0.0,0.0,0.0,0.0,0.0,39.67527,0.0,36.35975,27.084063,84.60371,60.372585,0.0,108.59946,87.98312,75.782814,38.526207,164.60713,71.302536,19.146698,114.81326,121.14904,68.29555,135.4282,24.955168,98.26348,126.74566,72.79121,48.789474,58.707634,41.790962,38.659977,46.82698,30.564995,40.034443,25.625322,43.75829,78.625275,95.10121,43.632587,46.982265,15.711378,15.846906,24.17557,17.848787,22.024387,0.0,0.0,0.0,35.421993,22.581684,31.321497,35.844925,22.110754,0.0,0.0,0.0,104.19842,94.277084,0.0,0.0,0.0,0.0,0.0,0.0,0.0,0.0,0.0,0.0,0.0,0.0,0.0,0.0,0.0,0.0,0.0,0.0,0.0,0.0,29.175064,48.914562,59.10652,0.0,56.88407,46.972534,39.743454,0.0,0.0,69.42036,0.0,0.0,0.0,44.866005,34.96318,24.949467,15.269388,26.894611,50.065838,18.500423,22.675325,24.291006,0.0,0.0,0.0,0.0,0.0,0.0,0.0,0.0,0.0,0.0,0.0,0.0,31.148102,0.0,0.0,55.62568,51.71468,64.955986,69.42036,0.0,0.0,0.0,0.0,117.59327,40.809486,0.0,0.0,0.0,0.0,84.19216,39.278637,55.744896,0.0,0.0,0.0,40.0029,0.0,28.511475,15.691161,0.0,0.0,0.0,0.0,0.0,0.0,0.0,0.0,0.0,0.0,0.0,27.119074,8.956987,9.606581,118.11484,0.0,0.0,35.696182,18.797937,0.0,0.0,0.0,0.0,0.0,0.0,0.0,0.0,0.0,40.321316,0.0
C20x16_C20x17,51.781048,54.332558,0.0,0.0,45.195026,0.0,0.0,0.0,0.0,0.0,80.81117,0.0,35.817715,43.64227,0.0,0.0,78.37804,0.0,0.0,0.0,0.0,49.200478,0.0,41.75265,30.329884,60.258034,0.0,0.0,42.294163,0.0,0.0,61.219574,0.0,0.0,0.0,0.0,0.0,33.18064,54.77168,0.0,38.443375,15.990197,0.0,0.0,0.0,0.0,0.0,0.0,0.0,0.0,0.0,87.59371,0.0,0.0,0.0,75.9848,0.0,0.0,0.0,0.0,0.0,145.18484,22.933054,0.0,39.299805,28.548088,19.713919,0.0,0.0,57.1099,0.0,0.0,0.0,0.0,0.0,90.568855,0.0,43.665,0.0,0.0,15.2171545,0.0,63.647663,0.0,54.713383,0.0,0.0,0.0,0.0,0.0,0.0,56.284935,0.0,0.0,0.0,59.003353,0.0,0.0,0.0,0.0,0.0,0.0,0.0,0.0,29.991327,0.0,0.0,57.90975,21.207071,0.0,0.0,0.0,0.0,0.0,53.77,0.0,0.0,0.0,72.28235,0.0,0.0,0.0,79.91959,0.0,0.0,0.0,0.0,0.0,0.0,0.0,0.0,39.959713,0.0,0.0,0.0,0.0,0.0,0.0,69.58269,0.0,0.0,0.0,0.0,0.0,0.0,0.0,0.0,74.310745,38.409126,0.0,0.0,99.32436,0.0,0.0,59.45512,82.71162,0.0,0.0,21.435307,0.0,15.415898,0.0,0.0,44.08322,32.347073,52.540325,0.0,0.0,22.912134,0.0,0.0,0.0,0.0,0.0,0.0,0.0,0.0,0.0,0.0,0.0,0.0,0.0,0.0,0.0,0.0,44.072094,0.0,104.930305,0.0,35.965504,75.7569,0.0,0.0,178.52376,0.0,0.0,0.0,0.0,0.0,0.0,0.0,0.0,0.0,0.0,0.0,138.56865,0.0,0.0,0.0,0.0,19.197655,0.0,0.0,0.0,0.0,0.0,0.0,0.0,0.0,0.0,0.0,0.0,0.0,74.91151,0.0,0.0,0.0,0.0,0.0,0.0,0.0,0.0,45.895367,0.0,0.0,0.0,0.0,0.0,0.0,0.0,80.560646,0.0,0.0,0.0,0.0,0.0,77.774605,0.0,0.0,33.550964,0.0,0.0,0.0,0.0,0.0,0.0,0.0,0.0,61.91108,47.0401,63.934967,71.97523,90.73655,75.186264,48.992847,75.91261,0.0,115.8195,113.6244,78.54778,52.25235,85.41203,97.05839,70.62394,58.790817,0.0,64.988914,38.945,165.96776,212.94449,0.0,0.0,0.0,0.0,0.0,0.0,49.369545,69.82197,56.695564,77.37641,58.567566,57.682766,60.767414,68.701065,0.0,155.87431,0.0,0.0,0.0,0.0,0.0,0.0,0.0,0.0,0.0,0.0,0.0,0.0,0.0,0.0,0.0,0.0,0.0,0.0,0.0,0.0,0.0,0.0,0.0,0.0,0.0,56.71891,55.366737,0.0,0.0,0.0,0.0,0.0,0.0,0.0,0.0,0.0,93.19011,66.08695,51.014656,32.603096,75.488914,14.430829,109.24296,119.00525,72.75033,132.79364,72.98894,84.31672,31.343063,88.93744,86.12767,95.83712,78.364296,69.45219,86.82053,58.210342,0.0,0.0,35.113453,54.271435,49.7954,33.44888,63.409267,63.818016,42.283398,24.09143,91.521065,0.0,0.0,0.0,0.0,0.0,50.187466,0.0,0.0,0.0,0.0,75.51011,19.210012,51.403885,41.93874,71.97523,0.0,0.0,0.0,102.17372,124.13443,0.0,0.0,0.0,0.0,0.0,0.0,0.0,0.0,0.0,0.0,0.0,0.0,0.0,0.0,0.0,0.0,32.192917,78.38025,51.485626,0.0,0.0,58.990025,64.52171,17.76643,77.223145,60.90735,44.31734,0.0,21.664259,107.89964,0.0,0.0,0.0,0.0,35.80638,22.883598,34.60231,23.663708,62.423782,0.0,68.223145,50.19465,0.0,0.0,0.0,0.0,0.0,0.0,0.0,0.0,0.0,0.0,0.0,0.0,15.899441,0.0,0.0,0.0,0.0,0.0,0.0,0.0,0.0,0.0,0.0,98.31508,86.893364,0.0,0.0,0.0,0.0,120.60755,30.90464,52.59581,0.0,0.0,0.0,0.0,0.0,16.580242,0.0,51.876812,0.0,0.0,0.0,0.0,0.0,0.0,0.0,0.0,0.0,0.0,0.0,0.0,24.866194,10.898855,0.0,0.0,0.0,28.926655,0.0,0.0,0.0,0.0,0.0,0.0,0.0,0.0,0.0,23.448004,0.0
C20x16_C21x16,68.988495,62.720703,0.0,0.0,36.80349,0.0,0.0,0.0,0.0,0.0,51.58795,0.0,72.86672,66.55245,0.0,0.0,99.86243,0.0,0.0,0.0,0.0,45.23117,0.0,31.73484,0.0,51.716354,0.0,0.0,36.298893,0.0,0.0,35.007603,0.0,0.0,0.0,0.0,31.680044,20.722982,84.080956,0.0,59.015095,27.366728,0.0,0.0,0.0,44.597904,0.0,0.0,0.0,0.0,0.0,79.213585,0.0,0.0,0.0,39.86727,0.0,0.0,0.0,0.0,0.0,159.2387,34.239353,0.0,15.318123,0.0,17.521149,0.0,0.0,116.28584,0.0,0.0,0.0,0.0,0.0,117.80394,0.0,0.0,0.0,0.0,45.64277,0.0,99.51201,0.0,85.54341,0.0,0.0,0.0,0.0,0.0,0.0,0.0,0.0,0.0,0.0,59.821667,0.0,0.0,0.0,0.0,0.0,0.0,0.0,0.0,104.78985,0.0,0.0,90.0804,74.09761,0.0,0.0,0.0,0.0,0.0,78.54005,0.0,0.0,0.0,68.664795,0.0,0.0,0.0,94.49693,0.0,0.0,0.0,0.0,0.0,0.0,0.0,0.0,61.117664,0.0,0.0,0.0,0.0,0.0,0.0,92.46353,0.0,0.0,0.0,0.0,0.0,0.0,0.0,0.0,162.40967,55.398277,0.0,0.0,104.65759,0.0,0.0,72.68925,103.67094,0.0,0.0,41.419235,0.0,104.95913,0.0,0.0,46.462334,0.0,0.0,0.0,0.0,21.823385,0.0,0.0,0.0,0.0,0.0,0.0,0.0,0.0,0.0,0.0,0.0,0.0,0.0,0.0,0.0,0.0,89.66123,0.0,137.37517,0.0,25.934872,89.55558,0.0,0.0,167.25072,0.0,0.0,0.0,0.0,0.0,0.0,0.0,0.0,0.0,0.0,0.0,172.1862,0.0,0.0,0.0,0.0,78.138016,0.0,0.0,0.0,0.0,0.0,0.0,0.0,0.0,0.0,0.0,0.0,0.0,97.18529,0.0,0.0,0.0,0.0,0.0,0.0,0.0,0.0,59.553562,0.0,0.0,0.0,0.0,0.0,0.0,0.0,89.29312,0.0,0.0,0.0,0.0,0.0,0.0,0.0,0.0,33.29975,0.0,0.0,0.0,0.0,0.0,0.0,0.0,0.0,0.0,0.0,77.48875,89.436844,0.0,0.0,0.0,0.0,0.0,0.0,0.0,0.0,0.0,0.0,0.0,0.0,0.0,0.0,0.0,0.0,0.0,209.49864,0.0,0.0,0.0,96.29407,84.27738,37.280037,73.28536,11.397111,59.01967,120.97665,59.379833,33.29975,36.810417,105.07705,0.0,218.23227,0.0,0.0,0.0,0.0,0.0,0.0,0.0,0.0,0.0,0.0,0.0,0.0,0.0,0.0,0.0,0.0,0.0,0.0,0.0,0.0,0.0,0.0,0.0,0.0,0.0,129.81606,41.921654,0.0,0.0,0.0,0.0,0.0,0.0,0.0,0.0,0.0,94.45201,49.113796,58.78208,78.39293,83.17986,104.55405,101.31056,45.14657,95.46584,203.15736,135.99948,67.223465,102.534195,137.18523,0.0,107.01686,27.102978,66.316124,138.12035,89.53962,30.073853,69.552956,0.0,0.0,0.0,0.0,0.0,76.208,66.54844,54.469147,62.705616,0.0,0.0,0.0,0.0,0.0,0.0,0.0,0.0,0.0,0.0,57.422676,38.611652,62.64024,90.12093,89.436844,0.0,0.0,0.0,86.406425,42.249805,0.0,0.0,0.0,0.0,0.0,0.0,0.0,0.0,0.0,0.0,0.0,0.0,0.0,0.0,0.0,0.0,0.0,0.0,0.0,0.0,0.0,45.413837,48.97203,54.638065,59.550472,83.45371,41.250507,20.32636,65.66904,84.75514,0.0,0.0,0.0,0.0,41.258217,55.022762,40.745686,38.275776,96.28815,23.249664,40.276318,41.031258,11.355168,0.0,0.0,0.0,0.0,0.0,0.0,0.0,0.0,0.0,0.0,0.0,18.667692,0.0,0.0,0.0,0.0,0.0,77.954025,0.0,0.0,0.0,0.0,142.14232,55.197414,0.0,0.0,0.0,0.0,129.67656,68.37663,117.370255,0.0,0.0,0.0,0.0,0.0,0.0,0.0,67.745674,0.0,0.0,0.0,0.0,0.0,0.0,0.0,0.0,0.0,0.0,0.0,0.0,0.0,122.78901,0.0,0.0,0.0,0.0,0.0,0.0,0.0,0.0,0.0,0.0,0.0,0.0,0.0,0.0,0.0
C20x17_C20x18,0.0,0.0,0.0,0.0,0.0,0.0,0.0,0.0,0.0,0.0,75.92884,0.0,30.317299,75.31868,0.0,0.0,77.91387,0.0,0.0,38.53402,0.0,0.0,0.0,49.974297,63.9908,0.0,0.0,0.0,33.655792,0.0,0.0,0.0,0.0,0.0,0.0,0.0,0.0,0.0,0.0,39.227936,0.0,0.0,0.0,0.0,0.0,0.0,0.0,0.0,0.0,0.0,0.0,0.0,0.0,0.0,0.0,47.7314,57.283676,0.0,0.0,82.42486,0.0,81.969925,0.0,0.0,29.147749,38.755352,0.0,0.0,0.0,0.0,0.0,0.0,0.0,0.0,0.0,76.54279,0.0,42.08823,0.0,0.0,0.0,0.0,0.0,0.0,46.0651,0.0,0.0,0.0,0.0,0.0,0.0,85.18316,0.0,0.0,0.0,0.0,0.0,0.0,0.0,0.0,0.0,0.0,0.0,0.0,0.0,0.0,0.0,82.40129,0.0,0.0,0.0,0.0,0.0,0.0,39.330418,0.0,0.0,0.0,45.360497,0.0,0.0,0.0,88.63082,0.0,0.0,0.0,0.0,0.0,0.0,0.0,0.0,63.81003,0.0,0.0,0.0,0.0,0.0,0.0,62.683044,0.0,0.0,0.0,0.0,0.0,0.0,0.0,0.0,52.685646,107.16838,0.0,0.0,100.75772,0.0,0.0,38.39817,140.77106,0.0,0.0,47.71982,0.0,71.594826,0.0,0.0,0.0,0.0,100.11039,0.0,0.0,0.0,0.0,0.0,0.0,0.0,0.0,0.0,0.0,0.0,0.0,0.0,0.0,0.0,0.0,0.0,0.0,0.0,0.0,0.0,82.413315,0.0,80.972595,0.0,0.0,0.0,155.5501,0.0,0.0,0.0,0.0,0.0,0.0,0.0,0.0,0.0,0.0,0.0,83.06409,0.0,0.0,0.0,0.0,0.0,0.0,0.0,0.0,0.0,0.0,0.0,0.0,0.0,0.0,0.0,0.0,0.0,47.81567,0.0,0.0,0.0,0.0,0.0,20.822443,0.0,0.0,74.118576,0.0,0.0,0.0,0.0,0.0,0.0,0.0,0.0,0.0,0.0,0.0,0.0,0.0,52.141838,0.0,0.0,33.811108,0.0,0.0,0.0,0.0,0.0,0.0,0.0,0.0,120.67768,0.0,87.22403,84.41448,0.0,168.9682,91.3546,167.45204,94.456314,142.60889,145.72612,95.28196,108.86987,105.211365,122.52703,0.0,129.05638,35.185535,131.8374,0.0,151.04225,97.85799,0.0,0.0,0.0,53.28782,67.78001,10.4539795,0.0,99.851234,72.20519,124.78658,110.44289,79.9105,99.85055,108.412094,75.06553,167.75995,0.0,47.707394,13.543352,10.120599,33.698616,85.72704,75.04411,18.484558,39.04865,0.0,38.414692,52.999935,66.85577,32.67538,77.29778,72.372986,13.63626,48.731136,76.645615,82.03776,0.0,0.0,0.0,0.0,0.0,78.635826,86.603775,0.0,0.0,0.0,0.0,0.0,0.0,0.0,0.0,0.0,126.750694,94.27475,0.0,0.0,0.0,0.0,0.0,0.0,0.0,0.0,0.0,0.0,0.0,0.0,0.0,0.0,0.0,0.0,0.0,0.0,0.0,0.0,95.31696,43.784443,48.893482,40.630695,77.37071,100.75772,96.7124,106.61777,170.3344,0.0,0.0,0.0,0.0,0.0,64.121826,34.71312,0.0,0.0,0.0,18.068058,30.649294,65.132126,60.991043,62.94124,0.0,0.0,0.0,0.0,85.11727,0.0,0.0,0.0,0.0,0.0,0.0,0.0,0.0,0.0,0.0,0.0,0.0,0.0,0.0,0.0,0.0,74.83004,92.83848,63.363644,0.0,0.0,0.0,0.0,56.09901,97.49078,8.847556,92.92535,22.874966,84.84208,98.19622,0.0,0.0,0.0,0.0,0.0,0.0,24.406723,28.817064,53.646492,15.40542,0.0,0.0,58.371155,0.0,0.0,0.0,0.0,0.0,0.0,0.0,0.0,0.0,0.0,0.0,51.092804,0.0,0.0,0.0,0.0,0.0,0.0,0.0,0.0,0.0,0.0,123.93572,78.83357,0.0,16.965372,0.0,0.0,186.98018,0.0,0.0,0.0,0.0,0.0,0.0,0.0,60.623596,30.38015,129.51588,0.0,0.0,0.0,0.0,0.0,0.0,0.0,0.0,0.0,0.0,0.0,0.0,39.962654,0.0,0.0,0.0,0.0,0.0,0.0,0.0,0.0,0.0,0.0,0.0,0.0,0.0,0.0,41.55119,0.0
C20x17_C21x17,0.0,58.402,0.0,0.0,0.0,0.0,0.0,0.0,0.0,0.0,37.403255,0.0,58.521072,53.69141,0.0,0.0,90.82229,0.0,87.61475,0.0,0.0,44.60419,0.0,47.418102,14.81487,0.0,0.0,0.0,13.734862,0.0,0.0,0.0,0.0,0.0,0.0,0.0,0.0,11.294381,0.0,0.0,46.125576,0.0,0.0,0.0,0.0,0.0,0.0,0.0,0.0,0.0,0.0,0.0,0.0,0.0,0.0,46.853615,0.0,46.877705,0.0,0.0,69.16039,73.52346,27.014061,0.0,28.718273,0.0,0.0,0.0,0.0,23.609114,0.0,0.0,0.0,0.0,0.0,182.01396,0.0,63.142353,0.0,0.0,0.0,0.0,0.0,0.0,73.98374,0.0,0.0,0.0,0.0,0.0,74.69094,74.69094,0.0,0.0,0.0,0.0,0.0,0.0,0.0,0.0,0.0,0.0,0.0,0.0,0.0,0.0,0.0,67.997635,0.0,0.0,0.0,0.0,0.0,0.0,64.51494,0.0,0.0,0.0,82.815834,0.0,0.0,0.0,107.782,0.0,0.0,0.0,0.0,0.0,0.0,0.0,0.0,68.24642,0.0,0.0,0.0,0.0,0.0,0.0,125.69911,0.0,0.0,0.0,0.0,0.0,0.0,0.0,0.0,77.92614,119.16584,0.0,0.0,116.77889,0.0,0.0,71.03485,92.527016,0.0,0.0,63.29425,0.0,72.48423,0.0,0.0,49.067966,35.155876,139.30148,0.0,0.0,0.0,0.0,46.088818,0.0,0.0,0.0,0.0,0.0,0.0,0.0,0.0,0.0,0.0,0.0,0.0,0.0,0.0,49.423977,0.0,161.20032,0.0,65.9275,84.73023,0.0,0.0,130.85837,0.0,0.0,0.0,0.0,0.0,0.0,0.0,0.0,0.0,0.0,0.0,106.53797,0.0,0.0,0.0,0.0,0.0,0.0,0.0,0.0,0.0,0.0,0.0,0.0,0.0,0.0,0.0,0.0,0.0,48.722225,0.0,0.0,0.0,0.0,0.0,0.0,0.0,0.0,105.142845,0.0,0.0,0.0,0.0,0.0,0.0,0.0,0.0,0.0,61.24665,0.0,0.0,0.0,70.565254,0.0,0.0,48.98432,0.0,0.0,0.0,0.0,0.0,0.0,0.0,0.0,130.72336,86.82639,70.4361,80.7284,0.0,153.38567,105.23724,132.61414,0.0,117.681,128.32887,0.0,57.834404,168.97673,148.34077,103.46894,103.722786,34.667095,61.612297,144.50969,174.88951,194.43968,0.0,0.0,0.0,0.0,0.0,0.0,0.0,0.0,40.10945,117.18915,71.75802,71.93407,42.729504,100.2207,73.46441,184.75623,0.0,0.0,0.0,0.0,0.0,0.0,0.0,0.0,0.0,0.0,0.0,0.0,0.0,0.0,0.0,0.0,0.0,0.0,0.0,0.0,0.0,0.0,0.0,0.0,0.0,72.338585,38.299694,22.11804,0.0,0.0,37.98582,44.57014,57.0993,66.63493,0.0,0.0,122.21093,104.80331,0.0,0.0,0.0,0.0,0.0,0.0,0.0,0.0,0.0,0.0,0.0,0.0,0.0,0.0,0.0,0.0,0.0,0.0,0.0,0.0,66.49896,37.98582,41.025154,42.23739,66.63493,109.861755,104.66409,86.17322,111.75573,0.0,0.0,0.0,0.0,0.0,54.545414,88.186516,0.0,0.0,0.0,50.050602,24.168575,57.028793,75.06025,80.7284,0.0,0.0,0.0,0.0,29.374308,0.0,0.0,0.0,0.0,0.0,0.0,0.0,0.0,0.0,0.0,0.0,0.0,0.0,0.0,0.0,0.0,48.13797,82.59366,84.23699,0.0,0.0,0.0,31.689669,61.75581,66.81774,106.2576,66.267586,22.537914,105.37048,113.6999,0.0,0.0,0.0,0.0,0.0,21.341787,28.178335,0.0,64.948616,15.178431,52.06875,30.02566,41.800198,0.0,0.0,0.0,0.0,0.0,0.0,0.0,0.0,0.0,0.0,0.0,37.271694,0.0,0.0,0.0,0.0,0.0,0.0,0.0,0.0,0.0,0.0,116.57877,30.158209,0.0,0.0,0.0,0.0,149.5429,36.064014,63.82677,0.0,0.0,0.0,0.0,0.0,47.804882,0.0,104.58808,60.508224,0.0,0.0,0.0,0.0,0.0,0.0,0.0,0.0,0.0,0.0,0.0,0.0,8.578091,0.0,0.0,0.0,0.0,0.0,0.0,0.0,0.0,0.0,0.0,0.0,0.0,0.0,27.600163,0.0
C20x18_C20x19,0.0,0.0,0.0,0.0,0.0,72.0524,0.0,0.0,0.0,0.0,82.94571,0.0,16.333046,0.0,0.0,0.0,97.62483,0.0,80.60161,61.291958,0.0,0.0,0.0,80.59378,90.02333,0.0,0.0,0.0,0.0,0.0,0.0,0.0,0.0,0.0,0.0,0.0,0.0,0.0,0.0,0.0,0.0,0.0,0.0,0.0,0.0,0.0,0.0,0.0,0.0,0.0,0.0,0.0,0.0,0.0,0.0,63.70194,80.65147,0.0,0.0,57.68123,75.284584,52.221447,0.0,0.0,46.307346,51.725353,0.0,0.0,0.0,0.0,0.0,0.0,0.0,0.0,0.0,110.88586,0.0,0.0,3.6316993,0.0,0.0,3.8697393,65.40381,0.0,0.0,0.0,0.0,0.0,0.0,0.0,0.0,60.83959,0.0,0.0,0.0,0.0,0.0,0.0,0.0,0.0,0.0,0.0,66.77515,0.0,97.00728,0.0,68.5945,0.0,0.0,0.0,0.0,0.0,0.0,0.0,0.0,0.0,0.0,0.0,59.23035,0.0,69.81001,0.0,122.4838,0.0,0.0,0.0,0.0,0.0,0.0,0.0,0.0,63.230217,0.0,0.0,0.0,0.0,0.0,0.0,65.12006,0.0,0.0,0.0,0.0,0.0,0.0,0.0,0.0,34.17286,12.788762,0.0,0.0,14.916456,0.0,0.0,31.669058,131.54195,0.0,0.0,62.188503,61.470356,0.0,0.0,0.0,78.87824,0.0,110.1942,0.0,0.0,0.0,0.0,0.0,0.0,0.0,0.0,0.0,0.0,0.0,0.0,0.0,0.0,0.0,0.0,0.0,0.0,0.0,71.59677,0.0,84.079346,0.0,93.16347,0.0,0.0,0.0,165.43826,0.0,0.0,0.0,0.0,0.0,0.0,0.0,0.0,0.0,0.0,0.0,51.760162,0.0,0.0,0.0,0.0,32.20352,0.0,0.0,0.0,0.0,0.0,0.0,0.0,0.0,0.0,0.0,0.0,0.0,0.0,0.0,0.0,0.0,0.0,0.0,0.0,0.0,0.0,0.0,0.0,0.0,0.0,0.0,0.0,0.0,0.0,52.489628,0.0,37.11577,0.0,0.0,0.0,93.74177,0.0,0.0,55.93252,0.0,0.0,0.0,0.0,0.0,0.0,0.0,0.0,181.95499,162.09305,146.84491,100.738754,0.0,83.82557,45.32126,81.98983,44.911674,68.5945,77.159325,49.643246,40.574738,46.24748,59.191643,26.74018,56.28079,17.455637,48.541275,0.0,71.42362,86.055145,0.0,0.0,0.0,0.0,124.13279,37.440346,0.0,111.92941,123.125,162.53632,78.02546,140.26367,165.48204,97.55131,69.20125,47.539906,35.882286,47.927605,71.56842,76.34964,0.0,89.14485,51.736122,5.0622706,96.395256,47.827076,0.0,135.86949,66.82966,95.614716,93.18484,107.55333,74.182625,43.228333,63.97281,105.74342,0.0,0.0,0.0,0.0,0.0,0.0,95.80401,19.168373,103.862404,80.83319,0.0,0.0,0.0,0.0,0.0,0.0,67.93432,67.84132,0.0,0.0,0.0,0.0,0.0,0.0,0.0,0.0,0.0,0.0,0.0,0.0,0.0,0.0,0.0,0.0,0.0,0.0,0.0,0.0,0.0,0.0,86.54693,0.0,58.488117,14.916456,0.0,118.74857,200.99649,0.0,0.0,0.0,0.0,0.0,0.0,0.0,0.0,0.0,0.0,46.672028,0.0,73.97196,69.15447,66.851295,0.0,0.0,0.0,61.795914,112.52508,0.0,0.0,0.0,0.0,0.0,0.0,0.0,0.0,0.0,0.0,0.0,0.0,0.0,0.0,0.0,0.0,130.67873,96.26895,80.08247,74.67188,0.0,35.677887,23.317575,32.607735,65.1275,0.0,95.94381,0.0,65.79984,70.6803,42.01461,40.3407,0.0,0.0,0.0,0.0,0.0,0.0,0.0,0.0,0.0,0.0,0.0,0.0,0.0,0.0,0.0,0.0,0.0,0.0,0.0,0.0,0.0,0.0,37.857403,103.862404,0.0,0.0,0.0,0.0,0.0,0.0,0.0,0.0,0.0,89.05353,0.0,0.0,105.00522,0.0,0.0,180.86803,0.0,71.42362,0.0,0.0,0.0,0.0,0.0,0.0,0.0,61.93153,0.0,0.0,0.0,0.0,0.0,0.0,0.0,0.0,0.0,0.0,0.0,0.0,0.0,0.0,0.0,0.0,0.0,48.523643,0.0,0.0,0.0,0.0,0.0,0.0,0.0,0.0,0.0,0.0,0.0
C20x18_C21x18,0.0,0.0,0.0,0.0,0.0,79.33329,0.0,0.0,0.0,0.0,0.0,0.0,30.88341,0.0,0.0,0.0,145.19543,0.0,0.0,47.565495,0.0,0.0,0.0,114.86902,91.83726,0.0,0.0,0.0,0.0,0.0,0.0,0.0,0.0,0.0,0.0,0.0,0.0,0.0,0.0,60.067455,0.0,0.0,0.0,0.0,0.0,0.0,0.0,0.0,0.0,0.0,0.0,0.0,0.0,0.0,0.0,0.0,71.26758,0.0,0.0,102.48288,0.0,127.11918,0.0,0.0,0.0,0.0,0.0,0.0,0.0,0.0,0.0,0.0,0.0,0.0,0.0,117.32103,0.0,59.294113,0.0,0.0,0.0,0.0,0.0,0.0,0.0,0.0,0.0,0.0,0.0,0.0,0.0,62.891823,0.0,0.0,0.0,0.0,0.0,0.0,0.0,0.0,0.0,0.0,0.0,0.0,0.0,0.0,0.0,0.0,0.0,0.0,0.0,0.0,0.0,0.0,33.89039,0.0,0.0,0.0,78.50466,0.0,0.0,0.0,117.20276,0.0,0.0,0.0,0.0,0.0,0.0,0.0,0.0,102.18575,0.0,0.0,0.0,0.0,0.0,0.0,41.26549,0.0,0.0,0.0,0.0,0.0,0.0,0.0,0.0,38.332123,133.3219,0.0,0.0,99.92936,0.0,0.0,57.007523,121.93357,0.0,0.0,85.25207,0.0,0.0,0.0,0.0,0.0,0.0,270.50446,0.0,0.0,0.0,0.0,0.0,0.0,0.0,0.0,0.0,0.0,0.0,0.0,0.0,0.0,0.0,0.0,0.0,0.0,0.0,0.0,0.0,92.15315,0.0,105.71773,0.0,0.0,0.0,292.90216,0.0,0.0,0.0,0.0,0.0,0.0,0.0,0.0,0.0,0.0,0.0,130.31873,0.0,0.0,0.0,0.0,0.0,0.0,0.0,0.0,0.0,0.0,0.0,0.0,0.0,0.0,0.0,0.0,0.0,0.0,0.0,0.0,0.0,0.0,0.0,23.093344,0.0,0.0,0.0,0.0,0.0,0.0,0.0,0.0,0.0,0.0,0.0,0.0,0.0,0.0,0.0,0.0,124.29189,0.0,0.0,0.0,0.0,0.0,0.0,0.0,0.0,0.0,0.0,0.0,275.70013,234.4805,199.06456,142.4931,0.0,0.0,0.0,0.0,0.0,0.0,0.0,0.0,0.0,0.0,0.0,0.0,0.0,0.0,0.0,0.0,0.0,136.3399,0.0,0.0,0.0,39.715477,87.13305,59.064842,0.0,102.16552,189.75783,250.06517,83.80104,0.0,111.62828,173.61176,123.123695,0.0,0.0,83.98995,78.74277,26.271338,0.0,112.46938,79.76359,26.041136,139.66974,0.0,41.795605,121.08361,75.95039,89.2457,82.19154,97.21291,94.900154,70.24467,61.274048,94.20649,0.0,0.0,0.0,0.0,0.0,0.0,134.5591,0.0,134.14313,102.07588,0.0,0.0,0.0,0.0,0.0,0.0,93.826836,67.94226,0.0,0.0,0.0,0.0,0.0,0.0,0.0,0.0,0.0,0.0,0.0,0.0,0.0,0.0,0.0,0.0,0.0,0.0,0.0,0.0,0.0,0.0,75.32248,50.857918,111.46006,99.92936,125.81293,119.5154,214.00104,0.0,0.0,0.0,0.0,0.0,0.0,0.0,0.0,0.0,0.0,0.0,0.0,0.0,0.0,0.0,0.0,0.0,0.0,69.87058,114.93225,0.0,0.0,0.0,0.0,0.0,0.0,0.0,0.0,0.0,0.0,0.0,0.0,0.0,0.0,0.0,0.0,87.99681,154.47098,100.042435,0.0,124.068275,40.339798,14.633244,92.50779,53.050587,68.50454,64.60692,31.137508,60.86994,113.411995,0.0,0.0,0.0,0.0,0.0,0.0,0.0,0.0,0.0,0.0,0.0,0.0,79.67574,0.0,0.0,0.0,0.0,0.0,0.0,0.0,0.0,0.0,0.0,0.0,0.0,134.14313,0.0,0.0,0.0,0.0,0.0,0.0,0.0,0.0,0.0,173.14561,0.0,0.0,59.72609,0.0,0.0,282.3259,0.0,0.0,0.0,0.0,0.0,0.0,0.0,0.0,0.0,63.878193,0.0,0.0,0.0,0.0,0.0,0.0,0.0,0.0,0.0,0.0,0.0,0.0,0.0,0.0,0.0,0.0,0.0,0.0,0.0,0.0,0.0,0.0,0.0,0.0,0.0,0.0,0.0,46.082767,0.0
C20x19_C20x20,0.0,0.0,0.0,0.0,48.683002,94.98865,0.0,0.0,0.0,0.0,73.07281,0.0,64.726654,0.0,0.0,0.0,68.84148,0.0,62.43016,57.946655,0.0,0.0,0.0,0.0,48.649803,0.0,0.0,0.0,0.0,0.0,0.0,0.0,0.0,0.0,0.0,0.0,0.0,49.458443,0.0,68.94073,0.0,0.0,0.0,0.0,0.0,0.0,0.0,0.0,0.0,0.0,0.0,0.0,0.0,0.0,0.0,64.60208,72.54916,0.0,0.0,0.0,89.16255,0.0,0.0,0.0,0.0,50.418785,0.0,63.65419,0.0,0.0,0.0,0.0,0.0,0.0,0.0,67.39579,0.0,0.0,0.0,0.0,0.0,0.0,104.12961,0.0,90.72298,0.0,0.0,0.0,0.0,0.0,0.0,0.0,0.0,0.0,0.0,0.0,0.0,0.0,0.0,0.0,0.0,0.0,49.951477,0.0,38.693413,0.0,27.360374,64.89706,0.0,0.0,51.127617,0.0,0.0,0.0,0.0,0.0,0.0,67.880585,0.0,0.0,103.93432,0.0,182.35594,0.0,0.0,0.0,0.0,0.0,0.0,0.0,0.0,59.235527,0.0,0.0,0.0,0.0,0.0,0.0,139.70561,0.0,0.0,0.0,0.0,0.0,0.0,0.0,0.0,53.356422,0.0,0.0,0.0,0.0,0.0,0.0,44.060535,100.30302,0.0,0.0,5.242592,69.718094,0.0,0.0,0.0,79.47089,0.0,48.751175,0.0,0.0,0.0,0.0,0.0,0.0,0.0,0.0,0.0,0.0,0.0,0.0,0.0,0.0,65.92679,0.0,0.0,0.0,0.0,67.44058,0.0,63.81479,0.0,66.70814,0.0,0.0,66.64905,207.77025,0.0,0.0,0.0,0.0,0.0,0.0,0.0,0.0,0.0,0.0,0.0,0.0,0.0,0.0,0.0,0.0,79.49275,0.0,0.0,0.0,0.0,0.0,0.0,0.0,0.0,0.0,0.0,0.0,0.0,8.023467,0.0,0.0,0.0,0.0,0.0,69.89552,0.0,0.0,63.71078,0.0,0.0,0.0,0.0,0.0,0.0,0.0,0.0,0.0,0.0,0.0,64.58335,0.0,69.16926,0.0,0.0,58.681858,0.0,0.0,0.0,0.0,0.0,0.0,0.0,0.0,114.71911,138.62463,47.494755,60.99991,63.230267,86.22075,67.064995,71.484726,63.878555,64.89706,85.704765,76.33757,73.0189,90.72298,92.8114,43.245518,67.553154,0.0,92.367195,60.611786,86.6652,10.625155,0.0,0.0,0.0,74.37417,25.54008,61.41652,188.2185,140.54858,142.36243,176.87947,84.31431,131.70607,180.08514,133.36089,174.3814,131.5742,79.07678,48.322327,57.46717,102.64345,7.5376835,87.65209,51.816883,0.0,86.12293,28.87612,88.13745,96.47345,40.618683,64.89706,74.427635,85.704765,102.27852,81.928604,10.354174,65.98715,27.479721,50.693123,40.691586,84.97111,0.0,0.0,8.711231,47.993202,72.21406,35.500072,0.0,0.0,0.0,0.0,0.0,68.250946,0.0,0.0,0.0,0.0,0.0,0.0,0.0,0.0,0.0,0.0,0.0,0.0,0.0,0.0,0.0,0.0,0.0,0.0,0.0,0.0,0.0,0.0,0.0,0.0,0.0,0.0,0.0,0.0,21.681591,72.378975,186.58952,0.0,0.0,12.720044,0.0,47.327156,0.0,0.0,0.0,0.0,0.0,19.578735,79.73636,42.44788,61.78505,61.470276,0.0,0.0,0.0,0.0,0.0,0.0,0.0,0.0,0.0,0.0,0.0,0.0,0.0,0.0,0.0,0.0,0.0,0.0,0.0,0.0,0.0,77.499275,39.02426,64.08271,116.62087,0.0,0.0,0.0,0.0,0.0,0.0,0.0,0.0,0.0,0.0,59.110664,0.0,0.0,0.0,0.0,0.0,0.0,0.0,0.0,0.0,0.0,0.0,0.0,0.0,0.0,0.0,0.0,0.0,0.0,0.0,0.0,0.0,0.0,0.0,0.0,72.21406,0.0,0.0,0.0,0.0,0.0,0.0,0.0,0.0,0.0,84.7548,0.0,0.0,104.87884,0.0,0.0,78.07275,63.230267,75.28405,0.0,0.0,0.0,0.0,0.0,91.29376,69.89552,0.0,0.0,0.0,0.0,0.0,0.0,0.0,0.0,0.0,0.0,0.0,0.0,0.0,28.87612,0.0,0.0,0.0,0.0,0.0,0.0,0.0,0.0,0.0,0.0,0.0,0.0,0.0,0.0,91.29376,0.0
C20x19_C21x19,0.0,0.0,0.0,0.0,0.0,90.554016,0.0,0.0,0.0,0.0,54.25385,0.0,75.989296,0.0,0.0,0.0,124.42478,0.0,60.306957,70.803696,0.0,0.0,0.0,74.19127,36.21422,0.0,0.0,0.0,0.0,0.0,0.0,0.0,0.0,0.0,0.0,0.0,0.0,87.392296,0.0,121.817184,0.0,0.0,0.0,0.0,0.0,0.0,0.0,0.0,0.0,0.0,0.0,0.0,0.0,0.0,0.0,47.818867,35.591686,0.0,0.0,0.0,76.1047,58.886208,0.0,0.0,43.86736,0.0,0.0,91.17781,0.0,0.0,0.0,0.0,0.0,0.0,0.0,91.98986,0.0,71.4614,42.216843,0.0,0.0,0.0,65.87348,0.0,0.0,0.0,0.0,0.0,0.0,0.0,0.0,0.0,0.0,0.0,0.0,0.0,0.0,0.0,0.0,0.0,0.0,0.0,57.786198,0.0,43.05099,0.0,30.441647,0.0,0.0,0.0,65.652245,0.0,0.0,0.0,0.0,0.0,0.0,65.652245,0.0,0.0,60.88782,0.0,161.81021,0.0,0.0,0.0,0.0,0.0,0.0,0.0,0.0,51.92251,0.0,0.0,0.0,0.0,0.0,0.0,98.058945,0.0,0.0,0.0,0.0,0.0,0.0,0.0,0.0,73.3399,0.0,0.0,0.0,13.558289,0.0,0.0,41.76677,107.20782,0.0,0.0,60.97146,77.07956,0.0,0.0,0.0,95.793846,0.0,129.33992,0.0,0.0,0.0,0.0,0.0,0.0,0.0,0.0,0.0,0.0,0.0,0.0,0.0,0.0,83.656395,0.0,0.0,0.0,0.0,94.32198,0.0,80.5497,0.0,91.02564,0.0,0.0,0.0,251.8986,0.0,0.0,0.0,0.0,0.0,0.0,0.0,0.0,0.0,0.0,0.0,73.29882,0.0,0.0,0.0,0.0,73.97004,0.0,0.0,0.0,0.0,0.0,0.0,0.0,0.0,0.0,0.0,0.0,0.0,0.0,0.0,0.0,0.0,0.0,0.0,90.92316,0.0,0.0,0.0,0.0,0.0,0.0,0.0,0.0,0.0,0.0,18.15932,0.0,12.840578,0.0,79.50645,0.0,132.5767,0.0,0.0,67.88591,0.0,0.0,0.0,0.0,0.0,0.0,0.0,0.0,134.98619,150.92346,164.3458,150.27449,59.61525,109.73406,51.936398,88.55727,52.32936,30.441647,92.30025,65.028755,36.93162,46.57959,53.363148,0.0,50.103092,19.683413,0.0,34.807163,60.622993,23.799849,0.0,0.0,0.0,102.229385,63.787014,58.21921,0.0,134.73138,95.08713,119.92756,0.0,128.99945,0.0,89.617325,76.18531,84.690186,95.35134,69.64561,53.4418,68.84041,8.719944,99.75368,17.89864,58.846573,139.22783,0.0,83.09843,111.157555,0.0,42.432983,57.18466,128.65843,155.3414,102.349625,19.338158,118.75892,0.0,0.0,0.0,0.0,0.0,0.0,0.0,41.404163,133.88765,83.048996,0.0,0.0,0.0,0.0,0.0,78.95587,0.0,0.0,0.0,0.0,0.0,0.0,0.0,0.0,0.0,0.0,0.0,0.0,0.0,0.0,0.0,0.0,0.0,0.0,0.0,0.0,0.0,0.0,0.0,0.0,0.0,0.0,0.0,13.558289,32.69974,142.10733,179.12495,0.0,89.301346,0.0,0.0,49.68438,0.0,0.0,0.0,0.0,0.0,21.533827,68.61962,33.459476,99.882774,41.024582,0.0,0.0,0.0,0.0,0.0,0.0,0.0,0.0,0.0,0.0,0.0,0.0,0.0,0.0,0.0,0.0,0.0,0.0,0.0,0.0,0.0,53.044582,59.246483,57.01596,85.881714,0.0,0.0,0.0,0.0,0.0,0.0,0.0,0.0,0.0,0.0,48.309914,37.98162,0.0,0.0,0.0,0.0,0.0,0.0,0.0,0.0,0.0,0.0,0.0,0.0,0.0,0.0,0.0,0.0,0.0,0.0,0.0,0.0,0.0,0.0,0.0,133.88765,0.0,0.0,0.0,0.0,0.0,0.0,0.0,0.0,0.0,101.06391,0.0,0.0,117.544014,0.0,0.0,97.750626,59.61525,103.65603,0.0,0.0,0.0,32.058796,0.0,73.98739,90.92316,0.0,0.0,0.0,0.0,0.0,0.0,0.0,0.0,0.0,0.0,0.0,0.0,0.0,0.0,0.0,0.0,0.0,0.0,0.0,0.0,0.0,0.0,0.0,0.0,0.0,0.0,0.0,0.0,73.98739,0.0
C20x20_C20x21,0.0,0.0,0.0,0.0,52.367836,0.0,0.0,0.0,0.0,0.0,59.712925,0.0,97.22778,48.409462,0.0,0.0,40.812256,0.0,55.920094,65.297874,0.0,0.0,0.0,0.0,0.0,0.0,0.0,0.0,53.91813,0.0,0.0,0.0,0.0,0.0,0.0,0.0,0.0,47.41724,0.0,71.63334,42.92336,0.0,0.0,0.0,0.0,0.0,0.0,0.0,0.0,0.0,0.0,0.0,0.0,0.0,0.0,56.166256,75.3827,0.0,0.0,0.0,76.057816,0.0,0.0,0.0,0.0,0.0,44.773438,34.308422,0.0,0.0,0.0,0.0,0.0,0.0,0.0,25.2897,0.0,0.0,0.0,0.0,0.0,0.0,86.59688,0.0,89.415276,0.0,0.0,0.0,0.0,0.0,0.0,0.0,0.0,0.0,0.0,0.0,0.0,0.0,0.0,0.0,0.0,49.82446,7.0805473,0.0,56.37946,0.0,0.0,86.06046,0.0,0.0,60.307735,0.0,0.0,0.0,0.0,0.0,0.0,99.612015,59.688446,0.0,0.0,0.0,47.63124,0.0,0.0,0.0,0.0,0.0,0.0,0.0,0.0,62.94428,0.0,0.0,0.0,0.0,0.0,0.0,131.95764,0.0,0.0,0.0,0.0,0.0,0.0,0.0,0.0,46.161198,0.0,0.0,0.0,0.0,0.0,0.0,37.7498,125.92138,0.0,0.0,4.690379,44.605854,0.0,0.0,0.0,59.729923,31.736,0.0,0.0,0.0,0.0,0.0,0.0,0.0,0.0,0.0,0.0,0.0,0.0,0.0,0.0,0.0,114.72589,0.0,0.0,0.0,0.0,20.159359,0.0,89.380135,0.0,67.55791,0.0,0.0,96.90022,206.2791,0.0,0.0,0.0,0.0,0.0,0.0,0.0,0.0,0.0,0.0,0.0,0.0,0.0,0.0,0.0,0.0,89.99335,0.0,0.0,0.0,0.0,0.0,0.0,0.0,0.0,0.0,0.0,0.0,0.0,60.188137,0.0,0.0,0.0,0.0,0.0,53.186497,0.0,0.0,109.61172,0.0,0.0,0.0,0.0,0.0,0.0,0.0,44.897663,0.0,27.778687,0.0,85.81802,0.0,37.386585,0.0,0.0,0.0,0.0,0.0,0.0,0.0,0.0,0.0,28.645311,0.0,89.89929,50.36676,34.17331,39.58558,106.76225,111.79835,107.36895,93.16148,28.509033,67.86539,52.29252,106.32186,108.803734,104.23888,95.49544,15.236993,74.55699,0.0,102.252205,86.5216,73.89324,52.300934,0.0,0.0,0.0,48.12478,40.416233,26.94463,75.90953,232.39043,78.37877,272.69525,91.380745,45.336086,115.48806,160.4015,151.61044,98.55307,0.0,50.20964,53.327194,111.47322,7.8320813,71.46129,56.724464,0.0,89.486626,28.083698,91.57982,93.72339,42.205116,58.21439,68.04535,76.50963,95.225296,83.604126,38.37112,71.67517,0.0,18.23828,123.25859,84.129105,0.0,0.0,27.616106,45.09605,0.0,0.0,0.0,0.0,0.0,0.0,0.0,17.968828,26.878195,47.58367,0.0,0.0,0.0,0.0,0.0,0.0,0.0,0.0,0.0,0.0,0.0,0.0,0.0,0.0,0.0,0.0,0.0,0.0,0.0,0.0,0.0,0.0,0.0,0.0,0.0,0.0,0.0,31.954153,102.23238,39.30655,56.693195,54.746334,0.0,34.238956,0.0,0.0,0.0,0.0,0.0,17.10127,71.87708,19.253923,53.621212,65.26897,0.0,0.0,0.0,0.0,0.0,0.0,0.0,0.0,0.0,0.0,0.0,0.0,0.0,0.0,0.0,0.0,0.0,0.0,0.0,0.0,0.0,0.0,0.0,0.0,52.662292,0.0,95.04711,45.221985,67.654396,108.83312,0.0,129.47562,0.0,119.759705,65.78485,0.0,0.0,0.0,44.93248,54.875477,26.108925,37.573444,0.0,49.084366,0.0,33.079727,51.661167,59.489468,0.0,0.0,0.0,0.0,0.0,0.0,0.0,0.0,0.0,0.0,0.0,48.699562,0.0,0.0,0.0,0.0,0.0,0.0,0.0,0.0,0.0,0.0,44.27231,0.0,0.0,36.671288,0.0,0.0,65.33646,41.36281,44.276928,0.0,0.0,0.0,0.0,0.0,106.63829,96.83328,0.0,0.0,0.0,0.0,0.0,0.0,0.0,0.0,0.0,0.0,0.0,0.0,0.0,0.0,0.0,0.0,0.0,0.0,0.0,0.0,0.0,0.0,0.0,0.0,0.0,0.0,0.0,0.0,42.596382,0.0
C20x20_C21x20,0.0,0.0,0.0,0.0,113.48677,89.969666,0.0,0.0,0.0,0.0,66.25577,0.0,87.279785,58.058563,0.0,0.0,69.54909,0.0,41.01163,71.40959,0.0,0.0,0.0,0.0,0.0,0.0,0.0,0.0,59.210217,0.0,0.0,0.0,0.0,0.0,0.0,0.0,0.0,0.0,0.0,122.22741,0.0,0.0,0.0,0.0,0.0,0.0,0.0,0.0,0.0,0.0,0.0,0.0,0.0,0.0,0.0,51.62576,19.335085,0.0,0.0,0.0,70.113815,0.0,0.0,0.0,0.0,0.0,49.16797,142.93817,0.0,0.0,0.0,0.0,0.0,0.0,0.0,64.68675,0.0,0.0,0.0,0.0,0.0,0.0,104.20822,0.0,64.35028,0.0,0.0,0.0,0.0,0.0,0.0,0.0,0.0,0.0,0.0,0.0,0.0,0.0,0.0,0.0,0.0,47.87485,60.024334,0.0,54.17335,0.0,0.0,19.125788,0.0,0.0,100.43092,0.0,0.0,0.0,0.0,0.0,0.0,100.43092,69.2768,0.0,0.0,0.0,180.16583,0.0,0.0,0.0,0.0,0.0,0.0,0.0,0.0,102.42526,0.0,0.0,0.0,0.0,0.0,0.0,93.725746,0.0,0.0,0.0,0.0,0.0,0.0,0.0,0.0,67.497055,0.0,0.0,0.0,0.0,0.0,0.0,41.044395,70.300476,0.0,0.0,0.0,60.36124,0.0,0.0,0.0,39.412006,40.34622,61.966362,0.0,0.0,0.0,0.0,0.0,0.0,0.0,0.0,0.0,0.0,0.0,0.0,0.0,0.0,134.31792,0.0,0.0,0.0,0.0,100.032684,0.0,55.013817,0.0,74.18874,0.0,0.0,30.893211,264.5472,0.0,0.0,0.0,0.0,0.0,0.0,0.0,0.0,0.0,0.0,0.0,0.0,0.0,0.0,0.0,0.0,86.47194,0.0,0.0,0.0,0.0,0.0,0.0,0.0,0.0,0.0,0.0,0.0,0.0,78.202225,0.0,0.0,0.0,0.0,0.0,85.52368,0.0,0.0,97.24128,0.0,0.0,0.0,0.0,0.0,0.0,0.0,43.140835,0.0,30.505177,0.0,111.99147,0.0,72.05994,0.0,0.0,74.618355,0.0,0.0,0.0,0.0,0.0,0.0,31.45686,0.0,70.770454,82.08801,54.16642,61.42341,60.261524,75.752075,64.41472,52.58462,61.802807,38.306347,72.46445,84.970695,59.764122,73.68634,59.97086,8.600459,42.083393,0.0,61.803947,57.76598,45.335808,35.02716,0.0,0.0,0.0,70.3682,42.93247,42.79032,76.26691,125.17196,78.969315,142.44945,0.0,0.0,29.016356,83.365036,67.99425,53.314407,0.0,88.62195,0.0,25.360926,23.680199,38.690018,0.0,0.0,117.97826,0.0,65.82733,56.596016,38.69637,22.010094,103.44871,83.3926,146.34709,59.676983,39.530228,71.43178,0.0,31.068048,46.076756,46.07539,0.0,0.0,30.32664,71.416374,76.14539,34.878113,0.0,0.0,0.0,0.0,0.0,67.05518,47.71204,47.928173,0.0,0.0,0.0,0.0,0.0,0.0,0.0,0.0,0.0,0.0,0.0,0.0,0.0,0.0,0.0,0.0,0.0,0.0,0.0,0.0,0.0,0.0,0.0,0.0,0.0,0.0,0.0,81.7333,182.64296,0.0,167.60704,0.0,0.0,0.0,0.0,0.0,0.0,0.0,0.0,18.659487,77.97493,21.143703,84.67016,74.242645,0.0,0.0,0.0,0.0,0.0,0.0,0.0,0.0,0.0,0.0,0.0,0.0,0.0,0.0,0.0,0.0,0.0,0.0,0.0,0.0,0.0,0.0,0.0,0.0,75.18548,0.0,104.37602,49.66054,80.957146,119.51514,0.0,148.71744,0.0,131.51416,78.523926,0.0,0.0,0.0,0.0,60.261524,28.671526,41.261295,0.0,59.97086,0.0,27.99937,72.943115,0.0,0.0,0.0,0.0,0.0,0.0,0.0,0.0,0.0,0.0,0.0,0.0,53.479443,76.14539,0.0,0.0,0.0,0.0,0.0,0.0,0.0,0.0,0.0,47.22572,0.0,0.0,58.96728,0.0,0.0,156.38516,87.361435,65.72355,0.0,0.0,0.0,0.0,0.0,70.81634,85.52368,0.0,0.0,0.0,0.0,0.0,0.0,0.0,0.0,0.0,0.0,0.0,0.0,0.0,0.0,0.0,0.0,0.0,0.0,0.0,0.0,0.0,0.0,0.0,0.0,0.0,0.0,0.0,0.0,70.81634,0.0
C20x21_C20x22,66.68523,0.0,0.0,0.0,69.29436,0.0,0.0,0.0,50.487324,0.0,54.179996,0.0,72.19065,75.91841,0.0,0.0,71.06477,41.212254,25.435976,96.783264,0.0,0.0,0.0,0.0,0.0,0.0,0.0,0.0,61.61589,0.0,0.0,0.0,0.0,0.0,39.332916,0.0,0.0,41.153564,0.0,85.7996,51.411915,0.0,0.0,0.0,0.0,0.0,0.0,0.0,0.0,0.0,0.0,0.0,0.0,0.0,0.0,0.0,132.18358,0.0,0.0,0.0,52.253685,0.0,0.0,0.0,0.0,0.0,14.912233,0.0,0.0,0.0,0.0,0.0,0.0,0.0,0.0,37.94707,0.0,0.0,0.0,0.0,0.0,0.0,123.71501,0.0,97.490974,0.0,0.0,0.0,0.0,0.0,0.0,51.79082,0.0,31.315975,0.0,0.0,0.0,0.0,0.0,0.0,0.0,39.233135,0.0,0.0,51.10647,0.0,0.0,58.36765,0.0,0.0,0.0,0.0,0.0,0.0,0.0,0.0,0.0,64.82589,38.844276,0.0,0.0,0.0,0.0,0.0,0.0,0.0,28.114908,0.0,0.0,0.0,0.0,0.0,0.0,0.0,0.0,0.0,0.0,0.0,119.17385,0.0,0.0,0.0,0.0,0.0,0.0,0.0,41.02733,27.451796,11.343982,0.0,0.0,40.764828,0.0,22.970835,21.554777,63.397594,0.0,0.0,40.11517,74.74982,0.0,0.0,0.0,32.526264,0.0,0.0,0.0,0.0,37.725464,0.0,0.0,0.0,0.0,0.0,0.0,0.0,0.0,0.0,0.0,0.0,94.36358,0.0,0.0,0.0,0.0,27.642857,0.0,34.310844,0.0,47.920544,0.0,0.0,0.0,111.82379,0.0,0.0,0.0,0.0,0.0,0.0,0.0,97.3866,0.0,0.0,0.0,0.0,0.0,0.0,0.0,0.0,58.03803,0.0,0.0,0.0,0.0,0.0,0.0,34.455643,0.0,0.0,0.0,0.0,0.0,166.17355,0.0,0.0,0.0,0.0,60.370796,30.39126,103.87383,0.0,172.45877,0.0,0.0,0.0,45.73363,0.0,0.0,0.0,68.38958,0.0,18.378115,0.0,71.01893,0.0,0.0,0.0,0.0,0.0,0.0,0.0,39.163315,0.0,0.0,0.0,49.95977,0.0,0.0,0.0,12.078909,75.50428,63.80809,64.28935,81.897224,115.5341,107.08071,61.518154,112.81112,90.65567,40.67897,123.71501,97.42817,57.37615,22.682522,61.604733,54.15878,129.252,82.018486,32.712143,0.0,0.0,80.49002,0.0,0.0,0.0,56.68414,66.20156,36.714375,102.576675,51.784237,20.47187,8.088896,116.65502,0.0,77.135345,0.0,60.4906,46.15385,127.30646,0.0,39.97431,30.67061,8.293094,80.075485,12.458389,54.73407,77.021194,0.0,52.769783,111.35253,96.76848,97.42424,80.3683,18.931585,88.81538,38.552418,59.354774,86.97747,34.007214,0.0,0.0,45.333973,39.163315,0.0,0.0,0.0,0.0,0.0,0.0,0.0,0.0,57.98457,49.116703,0.0,0.0,0.0,0.0,0.0,0.0,0.0,0.0,0.0,0.0,0.0,0.0,0.0,0.0,0.0,0.0,0.0,0.0,0.0,0.0,35.388535,0.0,22.068945,9.454397,49.64341,0.0,0.0,27.655815,171.69255,19.983051,51.195194,34.174774,0.0,21.37328,0.0,0.0,0.0,0.0,0.0,17.878729,43.56257,39.018883,47.98197,66.72347,0.0,0.0,0.0,46.159634,44.591465,0.0,0.0,0.0,0.0,0.0,0.0,0.0,0.0,0.0,33.01414,90.74226,92.309746,25.824957,72.94178,21.329544,74.91703,0.0,0.0,0.0,43.110146,0.0,56.806355,0.0,0.0,52.158455,0.0,82.13653,54.844772,0.0,73.0185,0.0,0.0,0.0,49.87322,32.797165,0.0,64.87803,23.100965,50.077778,31.664644,53.509197,45.67237,85.75096,0.0,0.0,0.0,0.0,0.0,0.0,0.0,0.0,0.0,0.0,0.0,18.24572,0.0,40.551506,38.501095,36.38178,34.455643,0.0,0.0,0.0,0.0,0.0,0.0,0.0,0.0,45.80556,0.0,0.0,65.92987,38.80828,36.93997,0.0,0.0,0.0,0.0,0.0,66.24196,100.127014,12.373666,0.0,0.0,0.0,0.0,0.0,0.0,0.0,0.0,0.0,0.0,0.0,42.59138,64.666,0.0,18.45751,0.0,46.911346,33.85898,0.0,0.0,0.0,0.0,0.0,0.0,0.0,0.0,0.0,48.420757,64.678474
C20x21_C21x21,65.47404,0.0,0.0,0.0,52.78678,0.0,0.0,0.0,0.0,0.0,61.96623,0.0,52.034206,100.532906,0.0,0.0,30.50215,0.0,31.314571,76.50756,0.0,0.0,0.0,0.0,0.0,0.0,0.0,0.0,60.74781,0.0,0.0,0.0,0.0,0.0,0.0,0.0,0.0,0.0,0.0,128.02159,0.0,0.0,51.62644,0.0,0.0,0.0,0.0,0.0,0.0,0.0,0.0,0.0,0.0,0.0,0.0,70.01557,68.10847,0.0,0.0,0.0,80.01509,0.0,0.0,0.0,0.0,0.0,43.838566,60.69767,0.0,0.0,0.0,0.0,0.0,0.0,0.0,23.444624,0.0,0.0,0.0,0.0,0.0,0.0,216.15276,0.0,103.75508,0.0,0.0,0.0,0.0,0.0,0.0,0.0,0.0,0.0,0.0,0.0,0.0,0.0,0.0,0.0,0.0,24.742624,0.0,0.0,53.828117,0.0,0.0,112.25581,0.0,0.0,58.170116,0.0,0.0,0.0,0.0,0.0,0.0,78.969025,75.235275,0.0,0.0,0.0,63.344612,0.0,58.908207,0.0,0.0,0.0,0.0,0.0,0.0,62.044266,0.0,0.0,0.0,0.0,37.662155,0.0,101.926735,0.0,0.0,0.0,0.0,0.0,0.0,0.0,42.34404,58.21374,41.325863,0.0,0.0,41.325863,0.0,23.708048,32.593353,69.787575,0.0,0.0,11.153371,109.19164,0.0,0.0,0.0,0.0,0.0,0.0,0.0,0.0,0.0,0.0,0.0,0.0,0.0,0.0,0.0,0.0,0.0,0.0,0.0,0.0,123.41788,0.0,0.0,0.0,0.0,32.009598,0.0,37.77582,0.0,53.670006,0.0,0.0,0.0,188.46631,0.0,0.0,0.0,0.0,0.0,0.0,0.0,0.0,0.0,0.0,0.0,0.0,0.0,0.0,0.0,0.0,79.085625,0.0,0.0,0.0,0.0,0.0,0.0,35.561443,0.0,0.0,0.0,0.0,0.0,136.16507,0.0,0.0,0.0,0.0,58.00911,33.416546,0.0,0.0,121.53703,0.0,0.0,0.0,51.813168,0.0,0.0,0.0,119.99396,0.0,68.61628,0.0,95.3835,0.0,0.0,0.0,0.0,0.0,0.0,0.0,0.0,0.0,0.0,0.0,55.30838,0.0,0.0,0.0,16.425495,55.561653,99.311874,80.33193,94.46739,82.99391,160.26239,75.933876,146.20932,149.60562,59.61983,195.84573,116.5312,68.549065,0.0,54.539997,83.81399,127.147804,86.97605,99.77676,0.0,0.0,0.0,0.0,0.0,0.0,48.03287,94.479065,31.686184,109.16755,47.28026,0.0,21.830101,24.233303,50.34301,5.179789,0.0,118.6344,40.543407,67.048775,7.2606716,54.153427,34.61243,8.559247,87.698364,0.0,99.311874,55.079556,11.834246,75.933876,88.3871,42.298916,122.34165,31.61787,55.916,88.34456,25.624079,84.67766,72.932465,45.60604,0.0,0.0,0.0,41.108078,0.0,0.0,0.0,0.0,0.0,0.0,0.0,0.0,92.27615,70.510735,0.0,0.0,0.0,0.0,0.0,0.0,0.0,0.0,0.0,0.0,0.0,0.0,0.0,0.0,0.0,0.0,0.0,0.0,0.0,0.0,0.0,0.0,0.0,0.0,0.0,0.0,0.0,0.0,106.864204,43.752632,76.02881,45.187187,0.0,21.153986,0.0,0.0,0.0,0.0,0.0,21.566357,47.393875,0.0,58.774773,77.33636,0.0,0.0,0.0,22.39798,18.759413,0.0,0.0,0.0,0.0,0.0,0.0,0.0,0.0,0.0,0.0,0.0,0.0,0.0,0.0,0.0,0.0,0.0,0.0,0.0,31.182064,0.0,53.33382,41.922695,162.97888,71.707146,0.0,158.92714,0.0,105.15637,95.076836,0.0,0.0,0.0,39.46923,30.792295,24.20408,62.907738,0.0,73.545586,0.0,55.22649,94.5433,25.483234,0.0,0.0,0.0,0.0,0.0,0.0,0.0,0.0,0.0,0.0,0.0,36.13127,0.0,25.793634,39.189987,20.873983,35.561443,0.0,0.0,0.0,0.0,0.0,48.889164,0.0,0.0,0.0,0.0,0.0,66.44656,23.807865,42.44167,0.0,0.0,0.0,0.0,0.0,25.894794,49.7794,0.0,0.0,0.0,0.0,0.0,0.0,0.0,0.0,0.0,0.0,0.0,0.0,0.0,42.307396,0.0,41.47707,0.0,57.770916,59.407776,0.0,0.0,0.0,0.0,0.0,0.0,0.0,0.0,0.0,17.382986,68.221306
C20x22_C20x23,129.31688,0.0,0.0,0.0,101.507416,0.0,57.000782,0.0,149.25737,0.0,0.0,0.0,0.0,0.0,0.0,0.0,121.535904,36.803978,0.0,74.085754,0.0,0.0,89.370224,0.0,0.0,0.0,0.0,0.0,0.0,0.0,0.0,0.0,0.0,0.0,8.73306,0.0,0.0,66.67752,0.0,79.43843,0.0,0.0,11.946261,10.027226,0.0,0.0,0.0,0.0,0.0,9.762895,0.0,0.0,0.0,0.0,0.0,0.0,134.82686,0.0,0.0,0.0,0.0,0.0,0.0,0.0,0.0,0.0,0.0,0.0,0.0,0.0,43.896732,0.0,0.0,0.0,0.0,0.0,0.0,0.0,0.0,0.0,0.0,0.0,89.56942,0.0,77.499374,0.0,0.0,0.0,0.0,0.0,0.0,41.911343,0.0,67.371956,0.0,0.0,0.0,0.0,0.0,0.0,0.0,55.371563,0.0,43.63389,0.0,0.0,0.0,46.625454,0.0,0.0,0.0,0.0,0.0,0.0,0.0,0.0,0.0,82.75693,0.0,0.0,0.0,0.0,0.0,0.0,0.0,0.0,71.43738,0.0,0.0,0.0,0.0,0.0,0.0,0.0,0.0,0.0,0.0,0.0,133.71057,0.0,0.0,0.0,0.0,0.0,0.0,0.0,32.47108,76.65801,0.0,0.0,0.0,68.004974,0.0,6.411552,52.935047,98.33307,0.0,0.0,12.886194,0.0,0.0,0.0,0.0,41.290092,0.0,0.0,0.0,0.0,75.73885,0.0,0.0,0.0,0.0,0.0,0.0,0.0,0.0,0.0,0.0,0.0,116.22985,0.0,0.0,0.0,0.0,0.0,0.0,0.0,0.0,0.0,0.0,0.0,0.0,186.99123,0.0,0.0,0.0,0.0,0.0,0.0,0.0,95.19705,0.0,0.0,0.0,0.0,0.0,0.0,0.0,0.0,72.75475,0.0,0.0,0.0,0.0,0.0,0.0,68.509796,0.0,0.0,0.0,0.0,0.0,255.23262,0.0,0.0,0.0,0.0,61.761116,0.0,189.74268,0.0,241.16469,0.0,0.0,0.0,26.31415,0.0,0.0,0.0,47.06458,0.0,0.0,0.0,37.436146,0.0,0.0,0.0,0.0,0.0,0.0,0.0,46.063717,0.0,0.0,0.0,0.0,0.0,0.0,0.0,0.0,116.42769,105.468155,82.85758,120.96752,131.44417,27.351353,0.0,109.84023,63.68447,97.78577,103.200645,157.18904,106.884445,51.312435,46.939556,13.85485,140.40938,117.17038,66.212265,0.0,0.0,0.0,0.0,0.0,0.0,94.98933,0.0,0.0,0.0,0.0,0.0,0.0,0.0,0.0,103.88484,0.0,65.86651,64.2236,31.89778,43.40161,49.338207,40.72233,57.93862,44.484917,33.751427,79.20218,111.17066,0.0,0.0,98.77993,82.48543,126.46639,86.04208,81.019936,70.64967,36.919376,0.0,66.21037,22.764496,0.0,0.0,0.0,46.063717,0.0,0.0,0.0,0.0,0.0,0.0,0.0,0.0,0.0,0.0,0.0,0.0,0.0,0.0,0.0,0.0,0.0,0.0,0.0,0.0,0.0,0.0,0.0,0.0,0.0,0.0,0.0,0.0,0.0,0.0,70.364716,55.455738,109.22806,56.489056,132.2093,0.0,0.0,120.539246,116.82521,0.0,26.420807,0.0,61.05931,47.283863,0.0,0.0,0.0,0.0,0.0,0.0,0.0,0.0,0.0,0.0,0.0,0.0,0.0,79.07221,111.100784,0.0,0.0,0.0,0.0,0.0,0.0,0.0,0.0,0.0,39.189095,82.16175,120.51942,60.183502,38.449738,0.0,55.57441,0.0,0.0,0.0,0.0,0.0,43.97353,0.0,50.937317,41.55508,0.0,74.36789,43.695297,0.0,47.488026,0.0,0.0,0.0,0.0,0.0,0.0,0.0,0.0,0.0,0.0,0.0,0.0,49.907524,0.0,0.0,0.0,0.0,0.0,0.0,0.0,0.0,0.0,0.0,0.0,0.0,0.0,64.66281,69.024536,50.40367,68.509796,0.0,0.0,0.0,0.0,0.0,0.0,0.0,0.0,55.46425,0.0,0.0,80.94974,66.479225,73.85543,0.0,0.0,0.0,0.0,0.0,180.22246,148.13156,0.0,0.0,0.0,0.0,0.0,68.94147,15.372922,77.16918,0.0,0.0,0.0,0.0,49.068367,78.98072,0.0,39.278706,0.0,55.379124,39.008003,0.0,0.0,0.0,0.0,0.0,0.0,0.0,0.0,0.0,0.0,44.50776
C20x22_C21x22,0.0,0.0,0.0,0.0,67.19083,0.0,0.0,0.0,70.54932,0.0,60.711784,0.0,0.0,94.18548,0.0,0.0,72.44613,45.44162,30.855959,46.20641,0.0,0.0,0.0,0.0,0.0,0.0,0.0,0.0,72.92056,0.0,0.0,0.0,0.0,0.0,10.916683,0.0,0.0,82.76985,0.0,98.610535,44.909657,0.0,0.0,0.0,0.0,0.0,0.0,0.0,0.0,0.0,0.0,0.0,0.0,0.0,0.0,34.706036,75.04611,0.0,0.0,0.0,65.262085,0.0,0.0,0.0,0.0,0.0,18.08978,0.0,0.0,0.0,0.0,0.0,0.0,0.0,0.0,0.0,0.0,0.0,0.0,0.0,0.0,0.0,195.3767,0.0,76.32855,0.0,0.0,0.0,0.0,0.0,0.0,35.661453,0.0,40.156773,0.0,0.0,0.0,0.0,0.0,0.0,0.0,57.142586,0.0,15.5505085,34.280643,0.0,0.0,130.9136,0.0,0.0,0.0,0.0,0.0,0.0,0.0,0.0,0.0,52.77674,51.35997,0.0,0.0,0.0,0.0,0.0,0.0,0.0,0.0,0.0,0.0,0.0,0.0,0.0,0.0,0.0,0.0,0.0,0.0,0.0,104.14974,0.0,0.0,0.0,0.0,0.0,0.0,0.0,52.658463,68.96451,13.761196,0.0,0.0,34.037926,0.0,36.36252,47.62241,68.22616,0.0,0.0,41.340702,99.69743,0.0,0.0,0.0,0.0,0.0,0.0,0.0,0.0,19.189413,0.0,0.0,0.0,0.0,0.0,0.0,0.0,0.0,0.0,0.0,0.0,148.02956,0.0,0.0,0.0,0.0,26.408884,0.0,0.0,0.0,94.0547,0.0,0.0,0.0,94.51506,0.0,0.0,0.0,0.0,0.0,0.0,0.0,94.47786,0.0,0.0,0.0,0.0,0.0,0.0,0.0,0.0,0.0,0.0,0.0,0.0,0.0,0.0,0.0,0.0,0.0,0.0,0.0,0.0,0.0,247.17166,0.0,0.0,0.0,0.0,64.236404,0.0,29.93481,0.0,177.18315,0.0,0.0,0.0,84.13378,0.0,0.0,0.0,0.0,0.0,0.0,0.0,103.57103,0.0,0.0,0.0,0.0,0.0,0.0,0.0,54.905018,0.0,0.0,0.0,57.170288,0.0,0.0,0.0,14.652724,52.532673,78.14521,80.695656,110.51118,137.11102,146.52704,55.944298,160.15944,131.83878,51.060024,174.97693,128.2647,50.769997,28.470982,58.067005,67.16497,166.41173,108.89509,36.63182,0.0,0.0,25.978434,0.0,0.0,0.0,73.73559,0.0,0.0,0.0,0.0,0.0,0.0,0.0,0.0,60.85747,0.0,77.97469,43.165276,71.3847,38.903072,41.559727,44.51095,9.112759,60.82133,0.0,78.14521,62.17742,0.0,55.944298,44.56993,53.664333,87.05325,32.587982,33.422573,63.618553,39.691414,70.51613,45.718426,35.311935,0.0,0.0,31.739914,54.905018,0.0,0.0,0.0,0.0,0.0,0.0,0.0,0.0,79.5596,62.98751,0.0,0.0,0.0,0.0,0.0,0.0,0.0,0.0,0.0,0.0,0.0,0.0,0.0,0.0,0.0,0.0,0.0,0.0,0.0,0.0,11.421774,0.0,0.0,43.013184,64.77207,0.0,0.0,81.01554,118.55354,0.0,41.422634,28.535345,49.57613,54.445858,0.0,0.0,0.0,0.0,0.0,0.0,52.845028,45.804825,42.061733,83.01942,0.0,0.0,0.0,65.59205,91.62288,0.0,0.0,0.0,0.0,0.0,0.0,0.0,0.0,0.0,33.975677,77.81212,91.04221,56.62396,21.086493,59.18849,38.374264,0.0,0.0,0.0,0.0,0.0,26.84693,0.0,84.48523,60.32743,0.0,116.95898,0.0,0.0,102.06163,0.0,0.0,0.0,0.0,14.229201,0.0,77.650314,25.353973,63.715813,0.0,64.91111,66.04792,31.30204,0.0,0.0,0.0,0.0,0.0,0.0,0.0,0.0,0.0,0.0,0.0,22.13358,0.0,76.297325,50.119133,24.635489,0.0,0.0,0.0,0.0,0.0,0.0,0.0,0.0,0.0,66.7843,0.0,0.0,110.263084,65.59205,35.724457,0.0,0.0,0.0,0.0,0.0,126.17592,145.98476,15.010288,0.0,0.0,0.0,0.0,58.29319,33.466015,69.86853,0.0,0.0,0.0,0.0,0.0,0.0,0.0,77.40588,0.0,96.2363,20.355555,0.0,0.0,0.0,0.0,0.0,0.0,0.0,0.0,0.0,0.0,59.34018
C20x23_C20x24,128.58145,0.0,0.0,0.0,95.37772,0.0,0.0,0.0,207.70364,0.0,0.0,0.0,63.572304,121.060425,0.0,0.0,250.12186,0.0,0.0,0.0,0.0,0.0,158.6179,0.0,0.0,0.0,0.0,0.0,102.28543,0.0,0.0,0.0,0.0,0.0,0.0,0.0,0.0,0.0,0.0,0.0,83.251465,17.495102,0.0,0.0,0.0,0.0,0.0,0.0,0.0,0.0,0.0,0.0,0.0,0.0,0.0,0.0,0.0,0.0,0.0,115.38245,0.0,0.0,0.0,0.0,0.0,0.0,47.76773,0.0,0.0,0.0,56.11634,0.0,0.0,0.0,0.0,0.0,0.0,62.94429,0.0,0.0,0.0,0.0,116.21241,0.0,0.0,0.0,0.0,0.0,0.0,0.0,0.0,54.469933,0.0,0.0,0.0,0.0,0.0,0.0,0.0,0.0,0.0,64.42443,55.204796,53.62844,0.0,0.0,0.0,102.81097,0.0,0.0,0.0,0.0,0.0,0.0,0.0,0.0,0.0,0.0,0.0,0.0,0.0,0.0,0.0,0.0,146.23317,0.0,0.0,0.0,0.0,0.0,0.0,133.36513,0.0,0.0,0.0,0.0,156.21404,0.0,231.8024,0.0,0.0,0.0,0.0,0.0,0.0,0.0,0.0,111.09936,0.0,0.0,0.0,84.37344,0.0,0.0,104.6892,112.034706,0.0,0.0,93.75165,0.0,0.0,0.0,0.0,218.1267,0.0,0.0,0.0,0.0,89.44001,121.911705,0.0,0.0,0.0,0.0,0.0,0.0,0.0,0.0,0.0,0.0,0.0,0.0,0.0,0.0,0.0,0.0,0.0,55.779476,0.0,132.656,0.0,0.0,0.0,119.20349,0.0,0.0,0.0,0.0,0.0,0.0,0.0,104.48906,0.0,0.0,0.0,0.0,0.0,0.0,0.0,0.0,77.77607,0.0,0.0,0.0,0.0,0.0,0.0,0.0,0.0,0.0,0.0,0.0,0.0,215.05878,0.0,0.0,0.0,0.0,0.0,75.134834,183.05482,0.0,220.29407,0.0,0.0,0.0,0.0,0.0,0.0,0.0,43.61925,0.0,0.0,0.0,0.0,0.0,63.0785,0.0,0.0,23.679283,0.0,0.0,183.18448,0.0,0.0,0.0,0.0,0.0,101.83772,39.638405,0.0,115.43578,0.0,0.0,0.0,0.0,0.0,0.0,0.0,0.0,0.0,0.0,0.0,0.0,0.0,0.0,0.0,0.0,0.0,257.82248,0.0,0.0,211.7579,0.0,0.0,0.0,224.32564,56.8491,108.83477,128.08652,80.10124,30.45743,15.420336,171.5406,0.0,113.51329,0.0,0.0,0.0,0.0,0.0,0.0,0.0,0.0,0.0,0.0,0.0,0.0,0.0,0.0,0.0,0.0,0.0,0.0,0.0,0.0,47.57823,0.0,88.122215,29.33675,0.0,57.562534,0.0,183.18448,0.0,0.0,0.0,0.0,0.0,0.0,0.0,0.0,0.0,0.0,0.0,0.0,0.0,0.0,0.0,0.0,0.0,0.0,0.0,0.0,0.0,0.0,0.0,0.0,0.0,0.0,0.0,0.0,0.0,0.0,0.0,75.924576,95.55751,72.71718,192.68805,0.0,0.0,82.765366,82.548485,0.0,87.88781,53.02958,111.13807,41.799862,0.0,0.0,0.0,0.0,0.0,0.0,0.0,0.0,0.0,0.0,0.0,0.0,0.0,0.0,0.0,0.0,0.0,0.0,0.0,0.0,0.0,0.0,0.0,0.0,0.0,0.0,0.0,0.0,0.0,0.0,0.0,0.0,0.0,0.0,0.0,96.15811,117.107376,0.0,98.86437,0.0,65.2916,51.5689,79.53269,27.824207,0.0,0.0,0.0,0.0,0.0,43.444557,0.0,71.59869,38.691498,121.00513,30.89583,83.90378,54.94777,86.86129,0.0,0.0,0.0,0.0,0.0,0.0,0.0,0.0,0.0,0.0,0.0,0.0,0.0,0.0,0.0,0.0,0.0,0.0,0.0,0.0,0.0,0.0,86.38025,0.0,0.0,131.2763,0.0,0.0,0.0,0.0,0.0,0.0,0.0,0.0,0.0,0.0,100.35684,136.69241,0.0,0.0,0.0,0.0,0.0,38.94625,120.6447,59.13264,0.0,0.0,0.0,0.0,54.851925,38.89052,0.0,0.0,0.0,0.0,45.38554,0.0,0.0,0.0,0.0,0.0,0.0,0.0,0.0,0.0,105.20541,0.0
C20x23_C21x23,154.95038,0.0,0.0,0.0,107.19864,0.0,60.196648,0.0,159.37529,0.0,0.0,0.0,0.0,0.0,0.0,0.0,132.25679,0.0,0.0,0.0,0.0,0.0,102.48989,0.0,0.0,0.0,0.0,0.0,0.0,0.0,0.0,0.0,0.0,0.0,0.0,0.0,0.0,0.0,0.0,0.0,0.0,16.48683,12.230406,0.0,0.0,0.0,0.0,0.0,0.0,11.761331,0.0,0.0,0.0,0.0,0.0,0.0,0.0,0.0,0.0,99.85043,0.0,0.0,0.0,0.0,0.0,0.0,0.0,0.0,0.0,0.0,82.96683,0.0,0.0,0.0,0.0,0.0,0.0,70.69053,0.0,0.0,0.0,0.0,116.330315,0.0,0.0,0.0,0.0,0.0,0.0,0.0,0.0,80.10583,0.0,0.0,0.0,0.0,0.0,0.0,0.0,0.0,0.0,66.70596,48.073414,0.0,0.0,0.0,0.0,111.45234,0.0,0.0,0.0,0.0,0.0,0.0,0.0,0.0,0.0,0.0,0.0,0.0,0.0,0.0,0.0,0.0,163.68338,0.0,0.0,0.0,0.0,0.0,0.0,113.03624,0.0,0.0,0.0,0.0,152.06242,0.0,78.366425,0.0,0.0,0.0,0.0,0.0,0.0,0.0,39.11782,77.54796,0.0,0.0,0.0,111.81422,0.0,7.723978,21.64183,106.99786,0.0,0.0,123.91398,0.0,0.0,0.0,0.0,161.85251,0.0,0.0,0.0,0.0,24.359173,0.0,0.0,0.0,0.0,0.0,0.0,0.0,0.0,0.0,0.0,0.0,140.82066,0.0,0.0,0.0,0.0,0.0,0.0,0.0,0.0,221.39468,0.0,0.0,0.0,112.85689,0.0,0.0,0.0,0.0,0.0,0.0,0.0,179.6605,0.0,0.0,0.0,0.0,0.0,0.0,0.0,0.0,87.647446,0.0,0.0,0.0,0.0,0.0,0.0,81.93934,0.0,0.0,0.0,0.0,0.0,248.90173,0.0,0.0,0.0,0.0,74.40344,0.0,48.777897,0.0,204.85735,0.0,0.0,0.0,39.73849,0.0,0.0,0.0,48.19046,0.0,0.0,0.0,64.1533,0.0,71.75491,0.0,0.0,38.665016,0.0,0.0,55.492825,0.0,0.0,0.0,0.0,0.0,130.218,44.516506,0.0,22.15854,110.27488,80.659195,96.063,146.23035,49.943497,0.0,116.788605,60.222065,102.24236,116.330315,153.9515,111.755714,53.65101,49.07883,14.486285,156.84741,112.29953,158.29636,0.0,0.0,73.259186,0.0,0.0,0.0,140.96579,0.0,0.0,0.0,0.0,0.0,0.0,0.0,0.0,144.29631,0.0,0.0,0.0,0.0,0.0,0.0,0.0,0.0,0.0,0.0,0.0,0.0,0.0,0.0,0.0,0.0,0.0,0.0,0.0,0.0,20.049171,0.0,70.00681,23.305954,0.0,0.0,0.0,55.492825,0.0,0.0,0.0,0.0,0.0,0.0,0.0,0.0,0.0,0.0,0.0,0.0,0.0,0.0,0.0,0.0,0.0,0.0,0.0,0.0,0.0,0.0,0.0,0.0,0.0,0.0,0.0,0.0,0.0,0.0,0.0,51.24925,86.51676,67.072914,54.893684,0.0,0.0,78.35879,78.15345,0.0,104.38517,68.80859,73.557976,107.39527,0.0,0.0,0.0,0.0,0.0,0.0,0.0,0.0,0.0,0.0,0.0,0.0,0.0,77.97611,97.46923,0.0,0.0,0.0,0.0,0.0,0.0,0.0,0.0,0.0,0.0,0.0,0.0,0.0,0.0,0.0,0.0,0.0,0.0,0.0,0.0,89.241776,109.305565,0.0,70.16152,38.93291,51.643204,98.545296,48.647434,0.0,111.31243,0.0,0.0,0.0,0.0,0.0,0.0,0.0,0.0,0.0,0.0,0.0,0.0,57.288128,0.0,0.0,0.0,0.0,0.0,0.0,0.0,0.0,0.0,0.0,0.0,0.0,0.0,85.33311,83.44426,23.846277,81.93934,0.0,0.0,0.0,0.0,0.0,162.4382,0.0,0.0,197.74101,0.0,0.0,78.34719,0.0,0.0,0.0,0.0,0.0,0.0,0.0,172.78548,205.89926,0.0,0.0,0.0,0.0,0.0,78.346146,126.99175,94.37057,0.0,0.0,0.0,0.0,0.0,0.0,0.0,61.966,0.0,89.97982,46.992832,0.0,0.0,0.0,0.0,0.0,0.0,0.0,0.0,0.0,0.0,40.779243
C20x24_C20x25,48.726414,0.0,0.0,0.0,112.215706,0.0,118.151146,0.0,113.77697,0.0,0.0,0.0,80.87642,101.78779,0.0,0.0,70.56385,0.0,0.0,0.0,0.0,0.0,106.97653,0.0,0.0,0.0,0.0,0.0,58.987762,0.0,0.0,0.0,0.0,0.0,0.0,0.0,60.014065,0.0,0.0,0.0,57.603683,0.0,19.578884,0.0,15.164758,0.0,0.0,0.0,0.0,0.0,0.0,0.0,0.0,53.122124,0.0,0.0,0.0,0.0,91.82942,87.706116,0.0,89.17125,0.0,0.0,0.0,0.0,52.564796,0.0,0.0,0.0,88.037575,0.0,0.0,0.0,0.0,66.803535,0.0,39.947983,0.0,0.0,0.0,0.0,90.351875,0.0,0.0,0.0,0.0,0.0,0.0,0.0,0.0,0.0,0.0,0.0,0.0,0.0,0.0,0.0,0.0,0.0,59.69793,77.07468,49.38102,0.0,60.01594,0.0,0.0,36.76998,0.0,0.0,0.0,0.0,58.363926,0.0,0.0,0.0,0.0,0.0,0.0,0.0,0.0,0.0,157.76932,0.0,60.14373,0.0,0.0,69.635254,0.0,0.0,0.0,79.17923,0.0,0.0,0.0,0.0,139.2316,0.0,167.71272,0.0,118.299934,0.0,56.194164,0.0,0.0,0.0,0.0,0.0,0.0,0.0,0.0,56.892128,0.0,0.0,0.0,138.29085,0.0,0.0,0.0,0.0,66.654434,0.0,0.0,126.7621,0.0,0.0,0.0,0.0,74.31187,101.28948,0.0,62.84332,0.0,0.0,79.71888,0.0,0.0,0.0,0.0,0.0,0.0,0.0,0.0,0.0,0.0,0.0,0.0,51.495777,0.0,0.0,0.0,0.0,0.0,137.38988,38.449356,70.64939,0.0,0.0,41.14576,0.0,0.0,120.29638,0.0,0.0,0.0,70.22022,0.0,0.0,0.0,0.0,121.225586,0.0,0.0,50.15264,0.0,0.0,0.0,47.35903,0.0,0.0,0.0,0.0,0.0,132.73363,0.0,0.0,0.0,0.0,0.0,99.0207,74.76748,0.0,106.96604,0.0,0.0,0.0,0.0,0.0,0.0,0.0,100.74424,0.0,0.0,0.0,0.0,0.0,49.13406,0.0,0.0,0.0,0.0,0.0,72.375145,0.0,0.0,33.75862,0.0,0.0,104.88332,51.58201,0.0,91.38549,101.93628,14.175798,47.356792,79.96562,48.513844,46.48514,119.25947,69.635254,31.971775,69.981735,89.77663,91.71308,64.1734,68.93895,49.825348,92.163086,50.15264,77.90464,0.0,0.0,90.68832,0.0,0.0,0.0,128.49039,100.994644,66.55786,145.68585,190.9255,133.59422,103.72489,191.8623,55.228035,0.0,0.0,0.0,0.0,0.0,0.0,0.0,0.0,0.0,0.0,0.0,0.0,0.0,0.0,0.0,0.0,0.0,0.0,0.0,0.0,0.0,84.82708,81.13563,68.017685,39.582035,54.546017,0.0,0.0,149.73387,0.0,0.0,0.0,0.0,0.0,0.0,0.0,0.0,0.0,0.0,0.0,0.0,0.0,0.0,0.0,0.0,0.0,0.0,0.0,0.0,0.0,0.0,0.0,0.0,0.0,0.0,0.0,0.0,79.23547,108.53658,0.0,74.23461,11.595383,108.10953,173.41199,0.0,0.0,55.6353,71.01837,0.0,61.111706,19.073784,79.689995,71.39558,0.0,0.0,0.0,0.0,0.0,0.0,0.0,0.0,0.0,0.0,0.0,0.0,0.0,0.0,0.0,0.0,0.0,0.0,0.0,0.0,0.0,0.0,0.0,0.0,0.0,0.0,0.0,0.0,0.0,0.0,0.0,0.0,0.0,0.0,0.0,51.55151,0.0,0.0,0.0,0.0,0.0,0.0,0.0,0.0,0.0,0.0,0.0,0.0,0.0,131.60768,0.0,0.0,36.20851,115.90862,89.005554,85.77394,73.22583,110.9248,0.0,0.0,0.0,0.0,0.0,0.0,0.0,0.0,0.0,0.0,0.0,0.0,0.0,0.0,0.0,0.0,0.0,0.0,0.0,0.0,0.0,0.0,0.0,0.0,0.0,57.20434,0.0,0.0,18.959042,0.0,0.0,0.0,0.0,0.0,0.0,0.0,0.0,0.0,0.0,0.0,0.0,0.0,0.0,0.0,0.0,0.0,0.0,0.0,0.0,0.0,24.936329,17.680086,0.0,0.0,0.0,51.85136,17.680086,0.0,0.0,0.0,0.0,0.0,0.0,0.0,0.0,47.616318,71.36768,0.0
C20x24_C21x24,101.24313,0.0,0.0,0.0,113.30189,0.0,119.294785,0.0,154.77411,0.0,0.0,0.0,74.78893,74.03077,0.0,0.0,134.74959,0.0,0.0,0.0,0.0,0.0,93.68717,0.0,0.0,0.0,0.0,0.0,60.41457,0.0,0.0,0.0,0.0,0.0,0.0,0.0,0.0,0.0,0.0,0.0,22.899244,16.420898,22.840302,0.0,0.0,0.0,0.0,0.0,0.0,0.0,0.0,0.0,0.0,0.0,0.0,0.0,0.0,0.0,102.988945,141.63205,0.0,104.98315,0.0,0.0,0.0,0.0,51.102997,0.0,0.0,0.0,189.20045,0.0,0.0,0.0,0.0,73.0457,0.0,39.042664,0.0,0.0,0.0,0.0,151.58345,0.0,0.0,0.0,0.0,0.0,0.0,0.0,0.0,122.431595,0.0,0.0,0.0,0.0,0.0,0.0,0.0,0.0,0.0,0.0,187.10233,40.060814,86.38524,0.0,0.0,74.02284,0.0,0.0,0.0,0.0,0.0,0.0,0.0,0.0,0.0,0.0,0.0,0.0,0.0,0.0,0.0,0.0,239.93565,0.0,0.0,0.0,0.0,0.0,0.0,252.67384,0.0,0.0,0.0,0.0,184.92198,0.0,152.0853,0.0,0.0,0.0,0.0,0.0,0.0,0.0,72.722336,93.27738,0.0,0.0,0.0,37.723476,0.0,68.52644,87.895515,124.60694,0.0,0.0,94.07998,0.0,70.17565,0.0,0.0,189.17038,0.0,111.083565,0.0,0.0,0.0,0.0,0.0,0.0,0.0,0.0,0.0,0.0,0.0,0.0,0.0,0.0,0.0,0.0,0.0,0.0,0.0,0.0,0.0,70.39352,0.0,131.34547,0.0,0.0,0.0,124.363365,0.0,0.0,0.0,0.0,0.0,0.0,0.0,92.554756,0.0,0.0,0.0,88.807144,0.0,0.0,0.0,0.0,14.206463,0.0,0.0,0.0,0.0,0.0,0.0,0.0,0.0,0.0,0.0,0.0,0.0,99.95845,0.0,0.0,0.0,0.0,0.0,97.01101,69.444176,0.0,117.60137,0.0,0.0,0.0,0.0,0.0,0.0,0.0,117.36011,0.0,0.0,0.0,0.0,0.0,60.82581,0.0,0.0,127.66556,0.0,0.0,81.96471,0.0,0.0,0.0,0.0,0.0,181.95186,0.0,59.40775,94.97108,0.0,0.0,0.0,0.0,0.0,0.0,0.0,0.0,0.0,0.0,0.0,0.0,0.0,0.0,0.0,0.0,0.0,84.38624,0.0,0.0,48.779167,0.0,0.0,0.0,153.76219,152.43127,39.583134,167.07161,109.49624,103.81865,62.676834,150.432,0.0,108.224205,0.0,0.0,0.0,0.0,0.0,0.0,0.0,0.0,0.0,0.0,0.0,0.0,0.0,0.0,0.0,0.0,0.0,0.0,0.0,0.0,72.02497,88.94753,95.55146,23.212751,0.0,0.0,0.0,81.96471,0.0,0.0,0.0,0.0,0.0,0.0,0.0,0.0,0.0,0.0,0.0,0.0,0.0,0.0,0.0,0.0,0.0,0.0,0.0,0.0,0.0,0.0,0.0,0.0,0.0,0.0,0.0,0.0,0.0,0.0,0.0,106.037315,140.84555,149.73643,136.78273,0.0,0.0,50.550915,68.50516,0.0,63.84101,29.513048,0.0,88.80192,0.0,0.0,0.0,0.0,0.0,0.0,0.0,0.0,0.0,0.0,0.0,0.0,0.0,0.0,0.0,0.0,0.0,0.0,0.0,0.0,0.0,0.0,0.0,0.0,0.0,0.0,0.0,0.0,0.0,0.0,0.0,0.0,0.0,0.0,0.0,94.67349,100.77816,0.0,82.15972,0.0,61.28268,50.752357,74.64936,26.115793,54.306927,0.0,0.0,0.0,0.0,86.98605,0.0,25.316832,66.61776,81.986046,0.0,74.91876,59.67182,110.45871,0.0,0.0,0.0,0.0,0.0,0.0,0.0,0.0,0.0,0.0,0.0,0.0,0.0,73.73649,53.506527,19.577906,56.541943,0.0,0.0,0.0,0.0,0.0,72.52358,18.400436,0.0,101.03228,0.0,0.0,0.0,0.0,0.0,0.0,0.0,0.0,0.0,0.0,0.0,0.0,87.497826,0.0,0.0,0.0,0.0,36.554943,107.44267,19.935385,0.0,0.0,0.0,0.0,0.0,0.0,0.0,0.0,0.0,0.0,0.0,0.0,0.0,0.0,0.0,0.0,0.0,0.0,0.0,0.0,125.67516,39.185295
C20x25_C20x26,83.68827,0.0,0.0,0.0,42.97574,0.0,45.889465,0.0,0.0,0.0,93.49469,0.0,78.66578,79.227875,0.0,0.0,43.509514,0.0,0.0,0.0,0.0,0.0,61.676716,0.0,0.0,0.0,0.0,0.0,63.396034,0.0,0.0,0.0,0.0,0.0,0.0,0.0,58.595676,0.0,0.0,0.0,106.34585,0.0,0.0,0.0,0.0,0.0,0.0,0.0,0.0,0.0,0.0,0.0,0.0,0.0,0.0,33.378284,0.0,0.0,101.37695,0.0,0.0,122.728455,0.0,0.0,0.0,0.0,23.856327,0.0,0.0,0.0,73.91002,0.0,0.0,0.0,0.0,98.77558,0.0,0.0,0.0,0.0,0.0,0.0,137.01599,0.0,0.0,0.0,0.0,0.0,0.0,0.0,0.0,69.11689,0.0,0.0,0.0,0.0,0.0,0.0,0.0,0.0,0.0,0.0,62.37652,0.0,74.160484,0.0,38.808834,0.0,0.0,0.0,0.0,0.0,56.452713,0.0,0.0,0.0,0.0,0.0,0.0,0.0,91.46827,0.0,86.16946,0.0,0.0,0.0,0.0,47.24445,0.0,0.0,0.0,92.90686,0.0,0.0,0.0,0.0,0.0,0.0,211.60117,0.0,110.77235,0.0,50.053253,0.0,0.0,105.35981,0.0,0.0,23.027985,0.0,0.0,69.75367,0.0,0.0,0.0,158.02507,0.0,0.0,0.0,0.0,94.12162,0.0,0.0,122.23387,0.0,0.0,0.0,0.0,0.0,0.0,0.0,51.606716,0.0,0.0,0.0,0.0,0.0,0.0,0.0,0.0,0.0,0.0,0.0,0.0,0.0,0.0,0.0,78.89457,34.40801,0.0,0.0,0.0,0.0,246.45241,63.242874,118.733055,0.0,0.0,67.54538,0.0,0.0,0.0,0.0,0.0,0.0,55.846146,0.0,0.0,0.0,0.0,123.025024,0.0,0.0,30.16237,0.0,0.0,0.0,24.31161,0.0,0.0,0.0,0.0,0.0,0.0,0.0,0.0,0.0,0.0,0.0,41.156464,0.0,0.0,0.0,0.0,0.0,0.0,0.0,0.0,0.0,0.0,128.16553,0.0,0.0,0.0,0.0,0.0,55.485405,0.0,0.0,39.570744,0.0,0.0,0.0,0.0,0.0,51.48255,0.0,0.0,128.76259,57.401775,66.953186,72.67889,41.348614,42.351574,95.56753,100.38445,60.50828,57.440754,46.30068,47.24445,77.322334,106.125275,29.194403,68.4758,67.159645,122.43109,0.0,102.37937,30.16237,115.255516,0.0,0.0,53.38751,0.0,0.0,0.0,81.26716,125.9643,160.96727,220.92836,142.55084,139.8109,53.620808,213.13026,46.48006,0.0,0.0,0.0,0.0,0.0,0.0,0.0,0.0,0.0,0.0,0.0,0.0,0.0,0.0,0.0,0.0,0.0,0.0,0.0,0.0,0.0,52.78231,66.628296,50.915627,110.00667,32.14366,0.0,0.0,125.16529,0.0,0.0,0.0,0.0,0.0,0.0,0.0,0.0,0.0,0.0,0.0,0.0,0.0,0.0,0.0,0.0,0.0,0.0,0.0,0.0,0.0,0.0,0.0,0.0,0.0,0.0,0.0,0.0,100.4623,91.90186,0.0,72.124916,71.59943,110.12079,123.11891,0.0,0.0,46.395145,119.76535,0.0,65.4093,23.027985,32.901745,79.08354,0.0,0.0,0.0,0.0,0.0,0.0,116.125084,19.747429,73.54663,117.83843,0.0,0.0,0.0,0.0,0.0,0.0,0.0,0.0,0.0,0.0,0.0,0.0,0.0,0.0,0.0,0.0,0.0,0.0,0.0,0.0,0.0,0.0,0.0,0.0,0.0,0.0,0.0,0.0,0.0,0.0,0.0,0.0,0.0,0.0,0.0,91.24489,77.281075,0.0,0.0,53.38428,0.0,56.757458,52.78231,37.69225,158.06808,53.075615,118.76964,0.0,0.0,0.0,0.0,0.0,0.0,0.0,0.0,0.0,0.0,0.0,0.0,0.0,0.0,0.0,0.0,0.0,0.0,0.0,0.0,0.0,0.0,0.0,0.0,0.0,0.0,0.0,0.0,0.0,93.34346,0.0,0.0,0.0,0.0,0.0,0.0,0.0,116.125084,80.72428,0.0,0.0,0.0,0.0,0.0,0.0,0.0,0.0,0.0,0.0,96.713295,0.0,70.36293,0.0,0.0,0.0,0.0,67.30968,72.324394,0.0,0.0,0.0,0.0,0.0,0.0,0.0,0.0,0.0,40.085823,67.33952
C20x25_C21x25,49.766773,0.0,0.0,0.0,128.60922,0.0,137.32886,0.0,0.0,0.0,0.0,0.0,64.358444,80.22592,0.0,0.0,24.440811,0.0,0.0,0.0,0.0,0.0,0.0,0.0,0.0,0.0,0.0,0.0,0.0,0.0,0.0,0.0,0.0,0.0,0.0,0.0,88.126114,0.0,0.0,0.0,40.881924,0.0,11.428027,0.0,0.0,0.0,0.0,0.0,0.0,0.0,0.0,0.0,0.0,74.269745,0.0,0.0,0.0,0.0,176.01048,99.48302,0.0,138.26373,0.0,0.0,0.0,0.0,69.62047,0.0,0.0,0.0,112.18269,0.0,0.0,0.0,0.0,138.96086,0.0,42.17475,0.0,0.0,0.0,0.0,142.16357,0.0,0.0,0.0,0.0,0.0,0.0,0.0,0.0,78.03744,0.0,0.0,0.0,0.0,0.0,0.0,0.0,0.0,0.0,0.0,0.0,0.0,102.50284,0.0,0.0,23.532545,0.0,0.0,0.0,0.0,58.26533,0.0,0.0,0.0,0.0,0.0,0.0,0.0,0.0,0.0,78.5769,0.0,119.22576,0.0,0.0,62.465397,0.0,0.0,0.0,0.0,0.0,0.0,0.0,0.0,137.21638,0.0,149.88751,0.0,77.57092,0.0,107.37863,0.0,0.0,140.1613,0.0,0.0,0.0,0.0,0.0,29.999245,0.0,0.0,0.0,146.80098,0.0,0.0,0.0,0.0,75.64119,0.0,0.0,112.00714,0.0,0.0,0.0,0.0,0.0,0.0,0.0,43.27604,0.0,0.0,80.44786,0.0,0.0,0.0,0.0,0.0,0.0,0.0,0.0,0.0,0.0,0.0,0.0,52.753372,34.14236,0.0,0.0,0.0,0.0,197.59601,97.55054,70.96532,0.0,0.0,62.707897,0.0,0.0,0.0,0.0,0.0,0.0,115.42942,0.0,0.0,0.0,0.0,51.202644,0.0,0.0,0.0,0.0,0.0,0.0,6.228477,0.0,0.0,0.0,0.0,0.0,154.38356,0.0,0.0,0.0,0.0,0.0,60.99145,0.0,0.0,122.26342,0.0,0.0,0.0,44.787598,0.0,0.0,0.0,90.677505,0.0,0.0,0.0,0.0,0.0,13.53019,0.0,0.0,0.0,0.0,0.0,0.0,0.0,0.0,0.0,0.0,0.0,120.08439,54.45728,66.43627,158.58818,84.648964,102.493416,127.27223,94.64326,83.17399,79.39322,117.81403,62.465397,58.05595,110.112305,48.10383,0.0,80.42338,43.390415,0.0,128.2166,0.0,49.568417,0.0,0.0,13.677533,0.0,0.0,0.0,103.23898,173.14906,120.8591,229.22845,60.059357,167.42296,53.206825,266.9174,77.214005,0.0,0.0,0.0,0.0,0.0,0.0,0.0,0.0,0.0,0.0,0.0,0.0,0.0,0.0,0.0,0.0,0.0,0.0,0.0,0.0,0.0,114.26408,55.872738,148.13646,41.788406,31.895494,0.0,0.0,81.98166,0.0,0.0,0.0,0.0,0.0,0.0,0.0,0.0,0.0,0.0,0.0,0.0,0.0,0.0,0.0,0.0,0.0,0.0,0.0,0.0,0.0,0.0,0.0,0.0,0.0,0.0,0.0,0.0,124.409904,102.85535,0.0,66.95946,80.51591,93.93996,137.69041,0.0,0.0,49.679672,95.73358,0.0,0.0,0.0,0.0,0.0,0.0,0.0,0.0,0.0,0.0,0.0,0.0,0.0,0.0,0.0,0.0,0.0,0.0,0.0,0.0,0.0,0.0,0.0,0.0,0.0,0.0,0.0,0.0,0.0,0.0,0.0,0.0,0.0,0.0,0.0,0.0,0.0,0.0,0.0,0.0,54.42508,0.0,0.0,0.0,0.0,0.0,0.0,0.0,0.0,0.0,0.0,0.0,0.0,0.0,109.28841,0.0,44.532932,114.26408,62.105793,56.020405,64.286,143.25288,119.83813,0.0,0.0,0.0,0.0,0.0,0.0,0.0,0.0,0.0,0.0,0.0,0.0,0.0,0.0,0.0,0.0,0.0,0.0,0.0,0.0,0.0,0.0,0.0,0.0,0.0,0.0,0.0,0.0,47.43355,0.0,0.0,0.0,0.0,0.0,0.0,0.0,0.0,0.0,0.0,0.0,0.0,0.0,0.0,0.0,0.0,0.0,0.0,0.0,99.42871,0.0,69.819695,20.92683,0.0,0.0,0.0,102.97605,71.766014,0.0,0.0,0.0,0.0,0.0,0.0,0.0,0.0,75.69583,167.40202,0.0
C20x26_C20x27,188.77158,0.0,0.0,0.0,0.0,0.0,0.0,0.0,64.62885,0.0,64.24913,0.0,63.69239,85.33667,0.0,0.0,51.60241,0.0,0.0,0.0,0.0,0.0,0.0,0.0,0.0,0.0,0.0,0.0,72.344666,0.0,0.0,0.0,0.0,0.0,0.0,0.0,0.0,0.0,0.0,0.0,82.23745,0.0,83.63264,0.0,0.0,0.0,0.0,0.0,0.0,0.0,0.0,0.0,0.0,0.0,0.0,97.89602,0.0,0.0,0.0,0.0,0.0,0.0,0.0,0.0,0.0,0.0,59.266014,0.0,0.0,0.0,0.0,0.0,0.0,0.0,0.0,142.66801,0.0,40.474,103.44368,143.62265,0.0,0.0,155.50587,0.0,0.0,0.0,0.0,0.0,0.0,0.0,0.0,68.64436,0.0,0.0,0.0,0.0,0.0,0.0,0.0,0.0,0.0,63.271336,64.299034,0.0,98.194275,0.0,99.78922,69.43384,0.0,0.0,0.0,0.0,0.0,0.0,0.0,0.0,0.0,0.0,0.0,0.0,109.71037,0.0,0.0,0.0,0.0,0.0,0.0,0.0,0.0,0.0,0.0,174.24377,0.0,0.0,0.0,0.0,0.0,0.0,251.56923,0.0,0.0,0.0,0.0,0.0,0.0,140.42741,60.86165,60.721867,23.24062,0.0,0.0,50.382137,0.0,130.26224,129.96306,0.0,0.0,0.0,65.16463,0.0,0.0,0.0,0.0,199.32321,0.0,103.941864,0.0,0.0,0.0,42.960182,0.0,0.0,0.0,0.0,0.0,0.0,0.0,0.0,0.0,0.0,0.0,0.0,0.0,0.0,0.0,0.0,0.0,76.37688,0.0,80.3609,0.0,0.0,0.0,247.28764,0.0,0.0,0.0,0.0,0.0,0.0,0.0,55.241764,0.0,0.0,0.0,0.0,0.0,0.0,0.0,0.0,172.20493,0.0,0.0,0.0,0.0,0.0,0.0,0.0,0.0,0.0,0.0,0.0,0.0,158.64516,0.0,0.0,0.0,0.0,0.0,0.0,87.67516,0.0,105.9102,0.0,0.0,0.0,0.0,0.0,0.0,0.0,169.70117,0.0,0.0,0.0,0.0,0.0,87.91483,0.0,0.0,116.673416,0.0,0.0,74.9142,0.0,0.0,0.0,0.0,0.0,111.247665,164.95422,30.349304,91.60927,0.0,0.0,0.0,0.0,0.0,0.0,0.0,0.0,0.0,0.0,0.0,0.0,0.0,0.0,0.0,0.0,0.0,42.36372,0.0,0.0,0.0,0.0,0.0,0.0,0.0,100.2033,167.11893,197.34454,66.57145,97.86457,121.427444,137.00797,136.32256,0.0,0.0,0.0,0.0,0.0,0.0,0.0,0.0,0.0,0.0,0.0,0.0,0.0,0.0,0.0,0.0,0.0,0.0,0.0,0.0,0.0,64.78029,110.80212,71.81641,139.7735,0.0,0.0,0.0,158.9412,0.0,0.0,0.0,0.0,0.0,0.0,0.0,0.0,0.0,0.0,0.0,0.0,0.0,0.0,0.0,0.0,0.0,0.0,0.0,0.0,0.0,0.0,0.0,0.0,0.0,0.0,0.0,0.0,0.0,0.0,0.0,71.49443,92.24147,127.0139,79.53865,0.0,0.0,65.20932,193.8777,0.0,92.918655,23.24062,37.260162,89.52168,0.0,0.0,0.0,0.0,0.0,96.02807,26.498388,122.29824,142.54468,99.32754,0.0,0.0,0.0,33.267944,140.1992,0.0,0.0,0.0,0.0,0.0,0.0,0.0,0.0,0.0,0.0,0.0,0.0,0.0,0.0,0.0,0.0,0.0,0.0,0.0,0.0,0.0,0.0,0.0,0.0,0.0,0.0,0.0,0.0,0.0,0.0,46.622593,162.97081,0.0,0.0,107.22509,10.649107,70.0213,64.78029,0.0,34.364853,90.007744,62.222366,0.0,0.0,0.0,0.0,0.0,0.0,0.0,0.0,0.0,0.0,0.0,0.0,0.0,0.0,81.31742,0.0,65.62319,29.387646,0.0,0.0,0.0,0.0,0.0,29.32015,0.0,0.0,0.0,0.0,0.0,172.7096,0.0,0.0,0.0,0.0,0.0,0.0,0.0,26.498388,0.0,62.54193,0.0,0.0,0.0,0.0,0.0,0.0,0.0,0.0,0.0,151.50398,0.0,0.0,68.53865,0.0,0.0,0.0,0.0,96.92828,0.0,0.0,0.0,0.0,0.0,0.0,0.0,0.0,0.0,24.439323,60.665585
C20x26_C21x26,195.25688,0.0,0.0,0.0,0.0,0.0,0.0,0.0,0.0,0.0,112.04743,0.0,37.20537,74.90967,0.0,0.0,52.46715,0.0,0.0,0.0,0.0,0.0,0.0,0.0,0.0,0.0,0.0,0.0,76.51566,0.0,0.0,0.0,0.0,0.0,0.0,0.0,0.0,0.0,0.0,0.0,97.88419,0.0,90.89229,0.0,0.0,0.0,0.0,0.0,0.0,0.0,0.0,0.0,0.0,0.0,0.0,104.848175,0.0,0.0,114.05055,0.0,0.0,158.80403,0.0,0.0,0.0,0.0,70.74325,0.0,0.0,0.0,0.0,0.0,0.0,0.0,0.0,183.78395,0.0,0.0,0.0,0.0,0.0,0.0,83.34942,0.0,0.0,0.0,0.0,0.0,0.0,0.0,0.0,117.60512,0.0,0.0,0.0,0.0,0.0,0.0,0.0,0.0,0.0,78.83441,102.906685,0.0,127.67566,0.0,139.25537,0.0,0.0,0.0,0.0,0.0,0.0,0.0,0.0,0.0,0.0,0.0,0.0,0.0,141.50003,0.0,0.0,0.0,0.0,0.0,0.0,0.0,0.0,0.0,0.0,162.88924,0.0,0.0,0.0,0.0,0.0,0.0,241.5176,0.0,0.0,0.0,0.0,0.0,0.0,357.01294,0.0,0.0,93.84368,0.0,0.0,86.55154,0.0,0.0,0.0,166.5536,0.0,0.0,0.0,0.0,120.6883,0.0,0.0,274.9958,0.0,74.06705,0.0,0.0,0.0,0.0,0.0,0.0,0.0,0.0,0.0,0.0,0.0,0.0,0.0,0.0,0.0,0.0,0.0,0.0,0.0,0.0,0.0,0.0,0.0,0.0,0.0,0.0,0.0,251.00256,0.0,0.0,0.0,0.0,0.0,0.0,0.0,0.0,0.0,0.0,0.0,77.66385,0.0,0.0,0.0,0.0,114.32565,0.0,0.0,0.0,0.0,0.0,0.0,0.0,0.0,0.0,0.0,0.0,0.0,0.0,0.0,0.0,0.0,0.0,0.0,55.181877,0.0,0.0,0.0,0.0,0.0,0.0,0.0,0.0,0.0,0.0,118.7561,0.0,0.0,0.0,0.0,0.0,76.02001,0.0,0.0,163.69647,0.0,0.0,0.0,0.0,0.0,0.0,0.0,0.0,141.45042,107.18404,89.769684,153.13423,0.0,0.0,0.0,0.0,0.0,0.0,0.0,0.0,0.0,0.0,0.0,0.0,0.0,0.0,0.0,0.0,0.0,149.91165,0.0,0.0,13.80034,0.0,0.0,0.0,0.0,106.593636,132.05937,191.08624,120.62951,177.34811,46.85687,176.47357,146.0036,0.0,0.0,0.0,0.0,0.0,0.0,0.0,0.0,0.0,0.0,0.0,0.0,0.0,0.0,0.0,0.0,0.0,0.0,0.0,0.0,0.0,67.620804,66.66725,80.20062,22.499779,0.0,0.0,0.0,142.94444,0.0,0.0,0.0,0.0,0.0,0.0,0.0,0.0,0.0,0.0,0.0,0.0,0.0,0.0,0.0,0.0,0.0,0.0,0.0,0.0,0.0,0.0,0.0,0.0,0.0,0.0,0.0,0.0,0.0,0.0,0.0,45.623158,119.40457,137.48428,168.11029,0.0,0.0,63.304783,156.06921,0.0,97.274536,93.84368,70.11653,92.5325,0.0,0.0,0.0,0.0,0.0,136.40144,133.4408,65.039795,126.89199,166.0361,0.0,0.0,0.0,54.7806,172.04042,0.0,0.0,0.0,0.0,0.0,0.0,0.0,0.0,0.0,0.0,0.0,0.0,0.0,0.0,0.0,0.0,0.0,0.0,0.0,0.0,0.0,0.0,0.0,0.0,0.0,0.0,0.0,0.0,0.0,0.0,70.61635,162.75243,0.0,0.0,113.8997,0.0,32.092567,67.620804,0.0,64.668106,67.700226,64.353775,0.0,0.0,0.0,0.0,0.0,0.0,0.0,0.0,0.0,0.0,0.0,0.0,0.0,0.0,0.0,0.0,0.0,0.0,0.0,0.0,0.0,0.0,0.0,0.0,0.0,0.0,0.0,0.0,0.0,164.4373,0.0,0.0,0.0,0.0,0.0,0.0,0.0,133.4408,59.831066,0.0,0.0,0.0,0.0,0.0,0.0,0.0,0.0,0.0,0.0,126.89982,0.0,0.0,0.0,0.0,0.0,0.0,0.0,102.23718,0.0,0.0,0.0,0.0,0.0,0.0,0.0,0.0,0.0,123.071754,20.44722
C20x27_C20x28,0.0,0.0,0.0,0.0,14.620317,10.338126,0.0,0.0,43.567738,0.0,30.558983,0.0,0.0,109.06534,42.02431,0.0,141.78339,0.0,0.0,0.0,0.0,0.0,0.0,0.0,72.639275,0.0,0.0,0.0,95.20106,0.0,0.0,0.0,0.0,0.0,0.0,0.0,0.0,93.027504,0.0,0.0,113.6781,0.0,82.218155,0.0,0.0,0.0,0.0,57.66889,0.0,0.0,0.0,0.0,0.0,0.0,49.25089,59.417423,0.0,0.0,0.0,0.0,0.0,0.0,0.0,0.0,0.0,57.566433,75.44658,0.0,90.014145,0.0,0.0,0.0,0.0,0.0,0.0,83.74789,0.0,34.879047,52.862637,103.57067,28.911118,0.0,187.82765,0.0,0.0,0.0,0.0,0.0,0.0,0.0,0.0,0.0,0.0,0.0,0.0,0.0,0.0,0.0,0.0,0.0,0.0,50.197742,51.01309,0.0,87.81648,0.0,41.314533,28.746859,35.85093,0.0,0.0,0.0,0.0,0.0,0.0,0.0,0.0,0.0,0.0,0.0,59.93457,0.0,84.76028,59.93457,84.76028,0.0,0.0,0.0,0.0,0.0,0.0,108.430084,0.0,0.0,0.0,0.0,66.66537,0.0,185.6563,0.0,0.0,0.0,0.0,0.0,0.0,0.0,35.913616,0.0,17.326008,0.0,0.0,34.561726,0.0,15.872678,123.463524,0.0,11.880898,0.0,0.0,0.0,0.0,0.0,0.0,143.2309,152.38087,66.103745,0.0,0.0,0.0,0.0,0.0,0.0,0.0,60.266182,0.0,0.0,0.0,0.0,0.0,0.0,0.0,0.0,0.0,0.0,0.0,64.242226,0.0,77.73627,0.0,52.065983,0.0,0.0,0.0,120.812485,0.0,0.0,0.0,0.0,0.0,0.0,0.0,71.03777,41.301277,0.0,0.0,0.0,0.0,0.0,0.0,0.0,138.00354,0.0,0.0,0.0,0.0,0.0,0.0,0.0,0.0,0.0,0.0,0.0,0.0,25.631216,0.0,0.0,0.0,0.0,0.0,0.0,52.66442,0.0,71.07668,0.0,0.0,0.0,0.0,0.0,0.0,0.0,126.74393,0.0,0.0,0.0,0.0,0.0,45.755596,0.0,0.0,103.59699,0.0,0.0,53.894073,0.0,0.0,0.0,89.00263,0.0,73.35565,91.16605,20.927364,42.64132,60.6746,37.069393,82.19803,47.13953,22.282026,35.85093,43.485188,53.599438,57.30245,76.68032,14.175033,24.29388,15.015749,56.610188,44.31245,48.639156,11.926434,19.893858,0.0,0.0,0.0,0.0,0.0,0.0,132.09685,59.515663,153.05579,204.8144,64.889366,40.107315,118.35928,129.916,42.622684,208.86346,39.088226,0.0,0.0,0.0,0.0,0.0,0.0,0.0,0.0,0.0,0.0,0.0,0.0,0.0,0.0,0.0,0.0,0.0,0.0,0.0,63.684658,85.92109,70.601776,133.65108,0.0,0.0,0.0,177.53189,73.35565,110.45032,0.0,0.0,0.0,0.0,0.0,0.0,0.0,0.0,0.0,0.0,0.0,0.0,0.0,0.0,0.0,0.0,0.0,0.0,0.0,0.0,0.0,0.0,0.0,0.0,0.0,54.448265,0.0,0.0,0.0,0.0,0.0,0.0,0.0,0.0,0.0,44.74341,114.11302,0.0,0.0,0.0,0.0,0.0,0.0,0.0,0.0,0.0,0.0,67.4556,16.852139,54.3349,110.165794,42.64132,0.0,0.0,0.0,148.10524,171.32756,0.0,0.0,0.0,0.0,0.0,0.0,0.0,0.0,0.0,0.0,0.0,0.0,0.0,0.0,0.0,0.0,37.39041,20.34817,0.0,0.0,0.0,0.0,0.0,0.0,0.0,0.0,0.0,0.0,0.0,0.0,123.55137,113.08643,0.0,0.0,135.67253,0.0,89.49139,82.79307,31.696339,126.584236,108.02219,98.38489,104.29627,0.0,0.0,0.0,0.0,0.0,0.0,0.0,0.0,0.0,0.0,0.0,0.0,0.0,82.64782,0.0,47.715893,34.212376,0.0,0.0,0.0,0.0,0.0,0.0,0.0,0.0,0.0,0.0,0.0,113.693016,111.02647,21.823792,0.0,0.0,0.0,0.0,30.619032,0.0,0.0,29.836006,0.0,0.0,0.0,0.0,0.0,0.0,0.0,0.0,0.0,0.0,61.335186,0.0,42.52943,0.0,0.0,0.0,47.009247,60.1457,0.0,0.0,0.0,0.0,0.0,0.0,0.0,0.0,0.0,33.164246,31.44093
C20x27_C21x27,184.66402,0.0,0.0,0.0,42.30032,29.910843,0.0,0.0,56.537796,0.0,63.05054,0.0,77.32749,0.0,0.0,0.0,64.83074,0.0,0.0,0.0,0.0,0.0,0.0,0.0,84.8562,0.0,0.0,0.0,0.0,0.0,0.0,0.0,0.0,0.0,0.0,0.0,0.0,69.10099,0.0,0.0,0.0,0.0,126.579735,0.0,0.0,0.0,0.0,0.0,0.0,0.0,0.0,0.0,0.0,0.0,0.0,64.27696,0.0,0.0,0.0,0.0,0.0,0.0,0.0,0.0,0.0,28.26928,0.0,0.0,114.1092,0.0,0.0,0.0,0.0,0.0,0.0,89.946625,0.0,53.6815,0.0,0.0,0.0,0.0,42.53218,0.0,0.0,0.0,0.0,0.0,0.0,0.0,0.0,0.0,0.0,0.0,0.0,0.0,0.0,0.0,0.0,0.0,0.0,43.819286,44.53103,0.0,130.49974,0.0,132.61942,92.27726,0.0,0.0,0.0,0.0,0.0,0.0,0.0,0.0,0.0,0.0,0.0,0.0,198.16426,0.0,0.0,0.0,0.0,0.0,0.0,0.0,0.0,0.0,0.0,134.95856,0.0,0.0,0.0,0.0,0.0,0.0,272.653,0.0,0.0,0.0,0.0,0.0,0.0,199.5708,0.0,0.0,0.0,0.0,0.0,62.68667,0.0,113.52066,113.25993,0.0,16.432413,0.0,44.805523,0.0,0.0,0.0,0.0,239.97092,175.46024,82.38241,0.0,0.0,0.0,0.0,0.0,0.0,0.0,176.10661,0.0,0.0,0.0,0.0,0.0,0.0,45.456375,0.0,0.0,0.0,0.0,82.84528,0.0,101.666534,0.0,0.0,0.0,0.0,0.0,171.8117,0.0,0.0,0.0,0.0,0.0,0.0,0.0,73.82674,0.0,0.0,0.0,0.0,0.0,0.0,0.0,0.0,189.78728,0.0,0.0,0.0,0.0,0.0,0.0,0.0,0.0,0.0,0.0,0.0,0.0,85.541374,0.0,0.0,0.0,0.0,0.0,0.0,38.488686,0.0,125.584816,0.0,0.0,0.0,0.0,0.0,0.0,0.0,163.28133,0.0,0.0,0.0,115.267815,0.0,75.59741,0.0,0.0,131.3924,0.0,0.0,52.719547,0.0,0.0,0.0,52.170654,0.0,84.98095,140.82748,28.944536,82.63242,0.0,0.0,0.0,0.0,0.0,0.0,0.0,0.0,0.0,0.0,0.0,0.0,0.0,0.0,0.0,0.0,0.0,32.492355,0.0,0.0,0.0,0.0,0.0,0.0,178.03032,128.81334,214.83469,270.11816,85.57892,120.844025,156.09738,175.48732,122.54505,281.49066,77.217125,0.0,0.0,0.0,0.0,0.0,0.0,0.0,0.0,0.0,0.0,0.0,0.0,0.0,0.0,0.0,0.0,0.0,0.0,0.0,45.279137,59.430542,61.934845,55.58668,0.0,0.0,0.0,111.65881,84.98095,145.34021,0.0,0.0,0.0,0.0,0.0,0.0,0.0,0.0,0.0,0.0,0.0,0.0,0.0,0.0,0.0,0.0,0.0,0.0,0.0,0.0,0.0,0.0,0.0,0.0,0.0,0.0,0.0,0.0,0.0,0.0,0.0,0.0,0.0,0.0,0.0,85.48575,124.77681,0.0,0.0,0.0,0.0,0.0,0.0,0.0,0.0,0.0,0.0,93.24398,0.0,107.57412,146.11565,82.63242,0.0,0.0,0.0,129.83775,129.17195,0.0,0.0,0.0,0.0,0.0,0.0,0.0,0.0,0.0,0.0,0.0,0.0,0.0,0.0,0.0,0.0,88.37391,28.143454,0.0,0.0,0.0,0.0,0.0,0.0,0.0,0.0,0.0,0.0,0.0,0.0,109.87357,217.99738,0.0,0.0,0.0,0.0,0.0,0.0,0.0,0.0,0.0,0.0,0.0,0.0,0.0,0.0,0.0,0.0,0.0,0.0,0.0,0.0,0.0,0.0,0.0,0.0,97.46375,31.633938,82.15237,7.266895,0.0,0.0,0.0,0.0,0.0,7.2502046,0.0,0.0,0.0,0.0,0.0,181.12946,86.17618,28.143454,0.0,0.0,0.0,0.0,0.0,0.0,0.0,83.62629,0.0,0.0,0.0,0.0,0.0,0.0,0.0,0.0,0.0,148.37054,0.0,0.0,77.57525,0.0,0.0,0.0,0.0,109.70797,0.0,0.0,0.0,0.0,0.0,0.0,0.0,0.0,0.0,0.0,0.0
C20x28_C20x29,0.0,0.0,0.0,0.0,42.80594,32.14351,0.0,0.0,50.021873,0.0,35.086,0.0,156.23112,115.66941,25.830198,0.0,182.68835,0.0,0.0,0.0,0.0,0.0,0.0,0.0,37.774452,0.0,0.0,0.0,36.71369,0.0,0.0,0.0,0.0,0.0,0.0,0.0,35.693077,45.08229,0.0,0.0,100.80707,0.0,33.050888,0.0,0.0,0.0,0.0,23.182325,0.0,0.0,0.0,0.0,0.0,0.0,38.50074,28.408562,0.0,0.0,21.160282,47.695274,0.0,0.0,0.0,0.0,0.0,4.336336,14.380935,0.0,193.8767,0.0,0.0,0.0,0.0,0.0,0.0,50.324158,0.0,18.205381,30.189215,41.89904,30.189215,0.0,173.04504,0.0,0.0,0.0,0.0,0.0,0.0,0.0,0.0,0.0,0.0,0.0,0.0,0.0,0.0,0.0,0.0,0.0,0.0,97.88908,49.20304,0.0,39.028847,0.0,29.478294,18.066475,11.615452,0.0,0.0,0.0,0.0,0.0,52.530605,0.0,0.0,74.68392,0.0,0.0,23.161068,0.0,0.0,0.0,0.0,0.0,0.0,0.0,0.0,0.0,0.0,90.86389,0.0,0.0,0.0,0.0,64.88923,0.0,93.438835,0.0,0.0,0.0,0.0,0.0,0.0,0.0,0.0,32.99696,77.354645,0.0,0.0,86.51851,0.0,0.0,26.440615,0.0,34.845222,0.0,37.881405,0.0,0.0,0.0,0.0,97.73358,72.81137,49.36782,0.0,0.0,0.0,0.0,0.0,0.0,0.0,59.9627,0.0,0.0,0.0,0.0,0.0,0.0,0.0,0.0,0.0,0.0,0.0,22.129978,0.0,189.83145,0.0,42.2652,0.0,0.0,0.0,111.34797,0.0,0.0,0.0,0.0,0.0,0.0,0.0,36.525246,36.76911,0.0,0.0,0.0,0.0,0.0,0.0,0.0,174.0961,0.0,0.0,0.0,0.0,0.0,0.0,28.080101,0.0,0.0,0.0,0.0,0.0,44.250217,17.156395,0.0,0.0,0.0,0.0,108.88358,13.927345,0.0,97.19264,0.0,0.0,0.0,50.025986,0.0,0.0,0.0,111.78063,0.0,0.0,0.0,103.69748,0.0,57.287086,0.0,0.0,95.3301,0.0,0.0,21.537117,0.0,0.0,0.0,43.529144,0.0,51.62553,54.515472,21.46108,39.947224,61.58491,69.51501,115.10289,80.509834,109.684395,22.57896,0.0,55.84183,101.79694,100.10998,14.331604,0.0,109.72121,54.024193,0.0,104.58078,0.0,72.623405,0.0,0.0,18.933002,0.0,0.0,0.0,71.86741,155.2355,144.07246,141.68492,94.03224,155.28761,69.9052,148.0124,42.395775,82.77473,39.813465,0.0,0.0,0.0,0.0,0.0,0.0,0.0,0.0,0.0,0.0,0.0,0.0,0.0,0.0,0.0,0.0,0.0,0.0,0.0,52.564857,85.48841,72.97777,49.659897,0.0,0.0,113.06701,204.04407,51.62553,57.4763,0.0,0.0,0.0,0.0,0.0,0.0,0.0,39.314346,0.0,0.0,0.0,0.0,0.0,0.0,0.0,0.0,0.0,0.0,0.0,0.0,0.0,0.0,0.0,0.0,0.0,53.939346,20.881308,39.474644,32.79078,0.0,0.0,0.0,0.0,26.088245,52.88516,25.700079,57.46878,0.0,13.221175,23.333075,16.759785,22.682505,0.0,0.0,0.0,0.0,0.0,60.797405,30.602724,49.370167,53.181957,39.947224,0.0,0.0,0.0,60.225914,89.55016,0.0,0.0,0.0,0.0,0.0,0.0,0.0,0.0,0.0,0.0,0.0,0.0,0.0,0.0,0.0,0.0,43.478195,10.1005,0.0,11.389467,29.598186,30.209415,8.212115,49.547226,21.101671,21.558865,61.487457,26.500635,0.0,0.0,69.8367,69.76143,0.0,0.0,70.84211,19.25769,78.24348,60.55093,16.485874,62.144894,102.78939,76.17632,119.650024,0.0,0.0,0.0,0.0,0.0,0.0,0.0,0.0,0.0,0.0,0.0,0.0,0.0,0.0,0.0,0.0,0.0,0.0,0.0,0.0,21.361284,23.847633,18.933002,0.0,0.0,43.297432,0.0,0.0,96.22056,31.681557,10.1005,0.0,0.0,0.0,0.0,19.085127,26.505182,39.929363,30.596916,0.0,0.0,0.0,0.0,0.0,0.0,0.0,0.0,0.0,0.0,90.423,51.121468,45.56006,0.0,0.0,0.0,27.903679,98.423,0.0,0.0,0.0,0.0,0.0,0.0,0.0,0.0,0.0,72.27712,23.726519
C20x28_C21x28,0.0,0.0,0.0,0.0,90.27494,61.849087,0.0,0.0,54.58086,0.0,77.69111,0.0,136.97362,0.0,21.520117,0.0,179.97604,0.0,0.0,0.0,0.0,0.0,20.732857,20.732857,44.529903,0.0,0.0,0.0,77.55885,0.0,0.0,0.0,0.0,0.0,0.0,0.0,0.0,87.15891,0.0,0.0,93.84233,0.0,68.913536,0.0,0.0,0.0,0.0,28.786297,0.0,0.0,0.0,0.0,0.0,0.0,42.226696,44.17879,0.0,0.0,23.96938,0.0,0.0,0.0,0.0,0.0,5.674432,12.1875105,61.582043,0.0,224.99292,0.0,0.0,0.0,0.0,0.0,0.0,39.977154,0.0,50.247482,33.8389,82.03529,22.89965,0.0,125.9564,0.0,0.0,0.0,0.0,0.0,0.0,0.0,0.0,0.0,0.0,0.0,0.0,0.0,0.0,0.0,0.0,0.0,0.0,72.153854,52.161602,0.0,59.1311,0.0,27.644411,47.747044,18.70768,0.0,0.0,0.0,0.0,0.0,0.0,0.0,0.0,0.0,65.678314,0.0,69.79782,0.0,66.79892,47.23397,66.79892,0.0,0.0,0.0,0.0,0.0,0.0,85.07845,0.0,0.0,0.0,0.0,0.0,0.0,113.15032,0.0,0.0,0.0,0.0,0.0,0.0,0.0,0.0,43.582073,59.45748,0.0,0.0,118.60512,0.0,0.0,76.00197,0.0,23.665264,0.0,66.04777,0.0,0.0,0.0,0.0,102.56696,114.33013,48.461143,0.0,0.0,0.0,0.0,0.0,0.0,0.0,127.31991,0.0,0.0,0.0,0.0,0.0,0.0,0.0,0.0,0.0,0.0,0.0,40.896717,0.0,166.4323,0.0,0.0,0.0,0.0,0.0,94.39259,0.0,0.0,0.0,0.0,0.0,26.952185,0.0,0.0,32.441685,0.0,0.0,0.0,0.0,0.0,0.0,0.0,131.03996,0.0,0.0,0.0,0.0,0.0,0.0,0.0,0.0,0.0,0.0,0.0,0.0,57.57298,19.05567,0.0,0.0,0.0,0.0,103.073654,0.0,0.0,134.55753,0.0,0.0,0.0,55.564034,0.0,0.0,0.0,92.56623,0.0,0.0,0.0,0.0,0.0,100.958176,0.0,0.0,74.27727,0.0,0.0,30.416376,0.0,0.0,0.0,34.680946,0.0,72.43123,148.85954,0.0,105.84742,51.97904,58.65717,97.1494,77.69886,80.966774,38.710396,36.44837,47.13175,85.9189,82.45781,27.400797,28.77617,90.970695,67.171776,23.884653,104.199394,0.0,59.45748,0.0,0.0,24.775303,0.0,0.0,0.0,151.96996,146.96501,155.95374,149.67145,49.841785,165.1234,41.36943,189.13518,48.17555,190.10948,12.434829,0.0,0.0,0.0,0.0,0.0,0.0,0.0,0.0,0.0,0.0,0.0,0.0,0.0,0.0,0.0,0.0,0.0,0.0,0.0,58.186626,62.138374,70.37543,75.6973,0.0,0.0,99.781105,77.77875,71.411194,103.92368,0.0,0.0,0.0,0.0,0.0,0.0,0.0,49.089478,0.0,0.0,0.0,0.0,0.0,0.0,0.0,0.0,0.0,0.0,0.0,0.0,0.0,0.0,0.0,0.0,0.0,24.17971,0.0,0.0,42.065613,0.0,0.0,0.0,0.0,0.0,0.0,9.718412,44.664677,0.0,21.650373,13.831319,40.421333,37.13544,0.0,0.0,0.0,0.0,0.0,60.62745,0.0,104.02795,73.061584,105.84742,0.0,0.0,0.0,102.67141,47.78296,0.0,0.0,0.0,0.0,0.0,0.0,0.0,0.0,0.0,0.0,0.0,0.0,0.0,0.0,0.0,0.0,122.19786,0.0,26.952185,0.0,0.0,0.0,0.0,0.0,0.0,0.0,0.0,0.0,0.0,0.0,69.76419,83.522156,0.0,0.0,94.052635,6.225768,27.4102,75.64536,61.27005,32.69599,55.990997,0.0,17.771471,0.0,0.0,0.0,0.0,0.0,0.0,0.0,0.0,0.0,0.0,0.0,4.347894,0.0,0.0,0.0,0.0,0.0,0.0,0.0,0.0,0.0,0.0,0.0,0.0,0.0,0.0,0.0,0.0,76.50673,60.037056,0.0,0.0,0.0,0.0,0.0,16.838964,0.0,36.716846,0.0,0.0,0.0,0.0,0.0,0.0,0.0,0.0,0.0,0.0,0.0,74.47163,37.913956,68.9614,0.0,0.0,0.0,29.83956,85.40349,0.0,0.0,0.0,0.0,0.0,0.0,33.186646,0.0,0.0,92.68013,0.0
C20x29_C20x30,0.0,0.0,0.0,0.0,33.432133,24.942783,0.0,0.0,19.490164,0.0,0.0,0.0,73.91659,55.711678,11.272603,0.0,150.78162,0.0,0.0,0.0,0.0,0.0,18.539106,0.0,21.799395,0.0,0.0,0.0,79.57203,0.0,0.0,0.0,0.0,0.0,0.0,25.475504,45.926388,29.220148,0.0,0.0,65.338234,26.756742,18.919874,0.0,0.0,0.0,0.0,18.288534,22.76456,24.836618,0.0,0.0,0.0,0.0,47.45137,0.0,0.0,22.645327,2.5737033,50.746128,25.147015,78.99315,0.0,0.0,0.0,3.3772395,5.7466917,0.0,49.125584,0.0,0.0,0.0,0.0,0.0,0.0,39.43445,0.0,29.055199,25.974268,56.215927,25.974268,0.0,109.280876,0.0,0.0,0.0,0.0,0.0,0.0,0.0,0.0,43.35203,0.0,0.0,0.0,0.0,0.0,36.9201,0.0,0.0,0.0,69.23505,36.864254,0.0,110.52114,0.0,33.186024,49.449657,33.186024,0.0,0.0,0.0,0.0,0.0,38.48105,0.0,0.0,26.121458,26.731745,0.0,23.783934,0.0,33.635563,23.783934,33.635563,0.0,0.0,0.0,0.0,0.0,0.0,98.70267,0.0,64.627464,52.102287,0.0,59.068314,0.0,83.97585,0.0,0.0,0.0,0.0,0.0,0.0,0.0,18.55686,18.889006,0.0,0.0,0.0,0.0,0.0,7.9693103,19.033426,0.0,0.0,0.0,50.45153,7.8007445,24.50412,0.0,0.0,106.64327,37.298073,67.25253,0.0,39.583107,0.0,0.0,8.837397,0.0,0.0,53.170025,0.0,0.0,0.0,0.0,0.0,0.0,24.664541,0.0,0.0,0.0,0.0,21.567684,0.0,91.582855,0.0,24.19458,0.0,0.0,0.0,91.90611,0.0,0.0,0.0,0.0,0.0,0.0,0.0,36.35765,39.6343,0.0,0.0,96.901085,0.0,0.0,0.0,0.0,40.900967,0.0,0.0,0.0,0.0,0.0,0.0,25.057734,0.0,0.0,0.0,0.0,0.0,24.176672,9.148353,0.0,0.0,0.0,0.0,139.57207,22.545258,0.0,116.07869,0.0,0.0,0.0,35.97074,0.0,0.0,0.0,85.51663,0.0,24.13008,0.0,41.579426,0.0,83.59895,0.0,0.0,77.85927,0.0,0.0,16.348145,0.0,0.0,0.0,29.090096,0.0,71.91881,89.31983,0.0,0.0,50.884243,67.869095,80.61581,104.458534,116.93542,59.197414,36.051003,72.11765,38.215263,58.533096,56.922504,109.563545,104.38854,81.31062,89.05117,132.33397,52.11688,11.1325,0.0,0.0,0.0,0.0,0.0,0.0,40.33928,182.69911,59.707275,66.36938,124.23167,163.09596,100.97315,206.75772,49.00875,19.30684,0.0,0.0,0.0,0.0,0.0,0.0,0.0,0.0,0.0,0.0,0.0,0.0,0.0,0.0,0.0,0.0,0.0,0.0,0.0,0.0,30.090584,55.005512,41.77589,29.0273,0.0,0.0,30.625137,83.61249,35.710186,23.052504,0.0,0.0,0.0,0.0,0.0,0.0,16.917656,50.84846,0.0,0.0,0.0,0.0,0.0,0.0,0.0,0.0,0.0,0.0,0.0,0.0,0.0,0.0,0.0,0.0,0.0,21.942589,46.034233,47.724762,29.261385,0.0,35.747566,51.081947,45.529686,8.437354,66.52033,27.98826,23.33392,44.872402,24.714703,6.2128763,31.901617,18.624554,0.0,0.0,0.0,0.0,0.0,0.0,0.0,0.0,0.0,0.0,0.0,0.0,0.0,57.055557,63.076595,0.0,0.0,0.0,0.0,0.0,0.0,0.0,0.0,0.0,0.0,0.0,0.0,0.0,0.0,0.0,0.0,30.312048,0.0,16.51578,23.631367,15.741733,13.720175,46.744366,25.764109,0.0,19.42905,42.86771,46.673145,42.46358,0.0,24.510687,49.139412,0.0,17.618902,63.78533,74.70292,95.90134,55.320145,65.968956,86.02415,57.560467,91.7981,50.00648,57.10733,16.157902,47.342743,20.061174,41.794525,50.979855,66.18312,50.265118,0.0,0.0,22.60684,3.3705447,0.0,35.187824,25.352049,41.361744,0.0,0.0,0.0,0.0,9.701628,24.91812,22.986158,0.0,0.0,46.52334,0.0,0.0,85.827194,28.525671,29.216682,41.099663,27.213764,8.0356,0.0,24.577099,23.591879,51.745766,23.829592,29.01019,0.0,0.0,0.0,0.0,0.0,0.0,0.0,35.55376,29.041668,0.0,87.32843,72.76318,0.0,0.0,0.0,10.596903,162.62741,0.0,0.0,0.0,0.0,0.0,0.0,0.0,0.0,0.0,62.4218,12.281172
C20x29_C21x29,0.0,0.0,0.0,0.0,48.12434,37.11363,0.0,0.0,24.231846,0.0,35.87446,0.0,83.6389,54.897995,16.58953,0.0,94.81123,0.0,16.471064,0.0,0.0,0.0,0.0,0.0,28.49787,0.0,0.0,0.0,41.602215,0.0,0.0,0.0,0.0,0.0,0.0,37.87334,28.101725,35.199345,0.0,12.358188,26.837946,10.810797,11.5642805,0.0,0.0,0.0,0.0,25.406113,28.833483,19.49151,0.0,0.0,0.0,0.0,26.524048,25.404085,25.024395,22.186176,12.176387,32.37257,22.890863,36.601025,0.0,0.0,0.0,4.4149904,5.566641,0.0,118.833,0.0,0.0,0.0,0.0,0.0,0.0,31.05239,0.0,25.03732,23.551315,50.31861,23.551315,0.0,48.890507,0.0,0.0,0.0,0.0,0.0,0.0,0.0,0.0,31.476967,0.0,0.0,0.0,0.0,0.0,52.52044,0.0,0.0,0.0,79.75836,43.378025,0.0,73.12795,0.0,14.780307,58.8339,14.780307,0.0,0.0,0.0,0.0,0.0,21.120403,0.0,0.0,30.027344,25.894207,0.0,16.112175,0.0,22.786057,16.112175,25.243275,0.0,0.0,0.0,0.0,0.0,0.0,116.26388,0.0,83.05846,0.0,0.0,32.90346,0.0,103.56839,0.0,0.0,0.0,0.0,0.0,0.0,12.243056,17.97545,17.037949,57.99849,0.0,0.0,71.55446,0.0,0.0,15.549938,0.0,24.63156,0.0,48.79689,15.222619,24.339993,0.0,0.0,72.8907,62.32976,54.53737,0.0,54.379086,0.0,0.0,10.261121,0.0,0.0,73.86287,0.0,0.0,19.849823,0.0,0.0,0.0,47.2153,0.0,0.0,0.0,0.0,22.463541,0.0,96.11219,0.0,14.445992,0.0,0.0,0.0,79.11272,0.0,0.0,0.0,0.0,0.0,0.0,0.0,20.48913,24.369387,0.0,0.0,46.95812,0.0,0.0,0.0,35.650623,84.47414,0.0,0.0,0.0,0.0,0.0,0.0,11.008162,0.0,0.0,0.0,0.0,0.0,29.589954,9.570769,0.0,0.0,0.0,0.0,104.88634,5.9629655,0.0,142.16254,0.0,0.0,0.0,37.740692,0.0,0.0,0.0,100.423546,0.0,16.930992,0.0,17.42191,0.0,72.77181,0.0,0.0,92.56655,0.0,0.0,21.76547,0.0,0.0,0.0,24.469471,0.0,66.50682,78.437416,16.190706,40.343807,48.74432,74.18479,77.9111,113.203545,124.55153,57.356552,36.281715,65.46209,40.50391,29.586824,51.26424,89.992195,113.31035,91.58678,68.045525,142.31815,15.221044,54.29907,0.0,0.0,7.4222503,0.0,0.0,0.0,59.168575,139.79668,45.4616,51.24588,136.88332,127.17958,117.85831,159.73795,49.22484,61.452557,23.786453,17.29538,11.208423,21.769966,12.395599,0.0,19.096931,12.079974,31.452375,29.481129,14.167903,32.088127,12.611753,16.671114,33.125374,10.545552,25.743351,8.625407,0.0,35.71087,18.439495,23.58129,30.080416,39.46321,0.0,0.0,91.5254,57.23308,64.88812,72.213974,0.0,0.0,0.0,0.0,0.0,0.0,9.349496,27.898518,0.0,0.0,0.0,0.0,0.0,0.0,0.0,0.0,0.0,0.0,0.0,0.0,0.0,0.0,0.0,0.0,0.0,21.277504,19.344408,23.822014,13.396966,0.0,21.672121,35.822258,32.414406,19.961615,36.057858,19.004856,15.844421,27.696627,27.062586,0.0,38.475323,14.230657,0.0,0.0,0.0,0.0,0.0,52.527874,10.916384,49.973785,43.590897,45.909557,0.0,0.0,0.0,29.877384,41.24732,0.0,0.0,0.0,0.0,0.0,0.0,0.0,0.0,0.0,0.0,0.0,0.0,0.0,0.0,0.0,0.0,39.626274,7.620037,17.515963,17.991203,25.108887,0.0,17.108107,35.897633,10.302853,21.428976,13.334397,15.241023,20.966436,0.0,33.665596,47.989246,0.0,7.5014644,30.768055,61.225155,35.071365,47.4654,74.55738,57.81078,56.681393,45.101078,24.646702,72.68965,0.0,60.865017,28.922829,38.344723,66.12917,83.82722,63.665558,8.88317,0.0,26.900293,3.2649415,0.0,38.326717,23.58829,40.610207,7.073152,0.0,0.0,0.0,0.0,16.71224,11.228235,0.0,0.0,35.07277,0.0,0.0,77.004295,40.353886,12.601022,0.0,0.0,0.0,0.0,9.292227,42.023315,52.623974,11.7860565,27.898518,0.0,0.0,0.0,0.0,0.0,0.0,0.0,0.0,47.82735,0.0,68.51749,104.04163,0.0,0.0,0.0,29.915125,129.31918,0.0,0.0,0.0,0.0,0.0,0.0,0.0,0.0,0.0,102.38509,33.796673
C20x30_C20x31,0.0,0.0,0.0,0.0,36.893784,11.546196,14.848528,0.0,0.0,0.0,16.739265,0.0,43.310078,26.985264,0.0,0.0,36.598984,0.0,28.392622,0.0,0.0,10.61514,19.480274,0.0,39.21485,16.719212,0.0,0.0,82.21263,0.0,0.0,42.61746,0.0,24.605204,0.0,42.755653,54.189816,39.058655,26.417156,26.417156,45.75586,22.417154,15.851322,0.0,0.0,14.802926,0.0,21.060904,19.07245,15.851322,10.848632,18.79038,0.0,0.0,26.218403,24.814322,36.582355,14.902082,26.892826,35.15186,17.419346,24.634674,0.0,0.0,0.0,10.44904,21.906065,24.561867,0.0,1.7885239,3.282193,0.0,25.499496,0.0,0.0,46.22899,0.0,53.705013,30.045242,60.26527,30.045242,0.0,60.112473,15.592144,0.0,0.0,33.17195,0.0,16.873375,0.0,0.0,31.92756,30.229399,0.0,0.0,52.35885,0.0,38.615772,0.0,0.0,0.0,57.952023,50.78231,23.961184,55.98141,0.0,21.312426,50.988434,21.312426,16.943115,0.0,17.226892,0.0,0.0,8.346279,0.0,0.0,13.559742,13.559742,0.0,25.600897,11.722121,36.090424,22.137049,45.669888,0.0,0.0,0.0,0.0,0.0,20.076172,53.917652,0.0,20.076172,44.155155,0.0,19.109095,21.710272,70.221725,0.0,0.0,0.0,0.0,0.0,0.0,0.0,17.33607,17.646364,6.94031,0.0,0.0,10.973595,0.0,3.9893813,4.0607862,22.285194,0.0,0.0,41.43268,17.317892,74.35822,0.0,0.0,86.08921,13.923207,94.53274,0.0,36.78131,25.63829,0.0,17.719141,0.0,0.0,51.000538,0.0,0.0,0.0,0.0,0.0,0.0,16.31101,0.0,0.0,15.2368355,0.0,42.5176,0.0,57.365364,0.0,18.647966,0.0,0.0,5.3243723,88.03614,0.0,0.0,0.0,21.805027,0.0,0.0,19.450165,0.0,18.206812,0.0,0.0,88.259056,0.0,0.0,0.0,0.0,36.211994,0.0,4.384992,0.0,0.0,0.0,0.0,18.97661,17.280777,0.0,0.0,13.691783,0.0,28.252825,0.0,0.0,14.171502,11.154763,0.0,76.847916,0.0,0.0,32.187836,0.0,0.0,0.0,23.179571,0.0,0.0,0.0,56.069294,0.0,17.863676,0.0,17.837381,0.0,77.291725,0.0,0.0,45.09887,0.0,15.811096,0.0,0.0,0.0,0.0,22.595812,22.884138,99.26563,59.54753,0.0,0.0,37.949047,42.89408,38.74838,50.007042,49.730736,57.198208,29.500675,55.660904,30.961649,67.68507,74.49412,86.994354,57.949543,84.65816,87.239944,57.775337,75.40676,12.792353,0.0,0.0,23.99058,0.0,0.0,0.0,36.469563,96.43493,45.817894,100.1622,168.69438,88.23342,137.3087,112.03457,33.14579,17.976551,15.300631,22.610537,0.0,23.627634,0.0,0.0,24.258665,19.592876,30.628216,39.636486,22.8402,36.214485,23.18788,29.346336,35.602947,17.75542,23.878628,19.798914,0.0,27.142239,14.6925745,27.921263,33.177036,17.375698,0.0,0.0,0.0,55.34039,22.992819,17.23279,0.0,0.0,0.0,0.0,0.0,20.932468,14.259441,12.981199,22.8402,33.77487,30.097483,23.627634,17.75542,26.95981,13.855565,47.165257,27.923285,29.505205,0.0,13.639909,27.133074,17.129723,35.846386,15.085782,7.5950284,23.214098,27.006798,47.733124,26.702694,41.25916,40.31561,39.368343,36.803326,6.2042027,57.194794,12.192019,17.28312,23.293364,23.240656,4.309892,45.909554,40.2502,0.0,0.0,0.0,25.8569,0.0,37.908115,13.294229,22.988503,22.69259,26.378391,0.0,0.0,0.0,25.042856,35.375996,0.0,0.0,0.0,0.0,0.0,0.0,0.0,0.0,0.0,0.0,0.0,0.0,0.0,0.0,0.0,0.0,17.942999,30.71478,10.422825,0.0,19.960108,20.971058,34.001404,52.52781,31.465479,41.400196,27.09063,48.76643,15.7279005,43.437256,23.829748,36.83651,0.0,30.17469,39.560387,58.499794,80.1723,44.077724,63.613174,72.29261,61.916447,56.801212,41.91148,20.533386,32.366234,31.31972,27.912798,30.940798,28.400644,33.595108,39.918903,36.956295,27.585215,19.625551,9.996912,0.0,18.468208,19.393555,20.71685,23.568726,0.0,0.0,0.0,12.273618,18.671684,23.99058,0.0,0.0,47.035736,0.0,0.0,77.11729,25.117157,58.694416,34.774628,46.18218,7.6505423,16.753086,22.423267,23.949858,41.35501,4.3408732,7.406066,0.0,0.0,0.0,22.310238,15.775217,12.31749,0.0,15.517009,15.075594,0.0,108.79576,87.24744,8.285999,0.0,25.503414,19.885582,86.923096,0.0,0.0,0.0,0.0,0.0,0.0,0.0,7.8750057,0.0,50.78435,9.011421
C20x30_C21x30,0.0,0.0,0.0,0.0,48.63672,23.70515,0.0,0.0,0.0,0.0,20.247097,0.0,55.506355,36.383133,6.6961856,0.0,132.89986,36.743465,44.419525,0.0,0.0,22.239788,11.826147,0.0,13.905893,0.0,0.0,0.0,74.86532,0.0,0.0,0.0,0.0,0.0,0.0,61.451767,64.32336,73.0339,0.0,0.0,61.690758,30.441235,21.525204,0.0,0.0,0.0,0.0,18.305925,20.569592,28.256704,0.0,0.0,0.0,0.0,22.07161,31.202248,0.0,27.08754,15.714746,16.909254,7.862504,35.224472,0.0,0.0,0.0,0.0,0.0,0.0,55.97338,0.0,11.041896,0.0,25.62955,0.0,0.0,53.653164,0.0,62.008915,28.837503,64.76222,28.837503,0.0,72.13624,0.0,21.539179,0.0,45.10073,0.0,0.0,0.0,0.0,37.452057,0.0,0.0,0.0,0.0,0.0,71.40787,0.0,0.0,0.0,45.987698,36.89167,0.0,77.20537,0.0,35.139618,90.3638,27.868713,0.0,0.0,0.0,0.0,0.0,31.027832,0.0,0.0,5.2402687,6.335011,0.0,23.797573,0.0,15.612009,10.1183815,16.536905,0.0,0.0,0.0,0.0,0.0,0.0,68.76005,0.0,53.256577,47.230095,0.0,20.947021,22.260818,84.53618,0.0,0.0,0.0,0.0,0.0,0.0,12.400316,3.3338525,25.795273,6.496678,0.0,0.0,10.27215,0.0,26.975683,7.8167257,0.0,0.0,0.0,46.40146,25.177885,35.606907,0.0,0.0,90.2229,22.124681,76.13067,0.0,68.34758,0.0,0.0,27.20266,0.0,0.0,41.530598,0.0,0.0,0.0,0.0,0.0,0.0,24.336718,0.0,0.0,22.646746,0.0,52.10742,0.0,73.43871,0.0,29.035168,0.0,0.0,0.0,84.78864,0.0,0.0,0.0,0.0,0.0,0.0,0.0,0.0,46.384785,0.0,0.0,58.13456,0.0,0.0,0.0,24.190228,24.00372,0.0,0.0,0.0,0.0,0.0,0.0,3.589151,0.0,0.0,0.0,0.0,0.0,39.033848,8.266264,0.0,0.0,0.0,0.0,115.22312,0.0,0.0,74.13616,0.0,0.0,0.0,11.89464,0.0,0.0,0.0,65.77272,0.0,21.59192,0.0,23.24117,0.0,78.73861,0.0,0.0,54.549816,0.0,0.0,0.0,0.0,0.0,0.0,34.190197,0.0,79.18082,69.026855,0.0,0.0,66.00065,49.486507,77.309204,79.52241,79.34962,81.25693,46.76083,84.71382,34.52606,75.92178,65.57943,123.48146,71.12351,92.5711,103.44683,89.65119,67.599464,11.974652,0.0,0.0,4.537471,0.0,0.0,0.0,39.83967,102.10632,55.541176,92.834625,198.64143,81.38007,147.73303,102.57959,44.14322,16.314667,20.011896,0.0,0.0,0.0,0.0,0.0,0.0,0.0,0.0,0.0,0.0,0.0,0.0,0.0,0.0,0.0,0.0,0.0,0.0,0.0,19.013956,28.319967,22.14706,22.459177,0.0,0.0,37.381447,56.278725,37.537567,25.205484,0.0,0.0,0.0,0.0,0.0,0.0,16.037577,28.944721,0.0,0.0,0.0,0.0,0.0,0.0,0.0,0.0,0.0,0.0,0.0,0.0,0.0,0.0,0.0,0.0,0.0,18.497963,37.581615,55.881157,45.149265,53.40438,38.907127,57.629387,48.827934,7.6238203,42.239933,0.0,0.0,21.408031,15.798436,4.939043,42.55037,29.377802,0.0,0.0,0.0,0.0,0.0,46.593887,13.489584,25.486153,27.454636,36.004715,0.0,0.0,0.0,47.86652,54.870853,0.0,0.0,0.0,0.0,0.0,0.0,0.0,0.0,0.0,0.0,0.0,0.0,0.0,0.0,0.0,0.0,27.726255,13.100943,18.858328,21.35282,35.606907,17.38525,40.346676,46.05581,25.271778,35.18925,39.210842,48.058216,14.140822,18.527533,28.485895,48.540577,0.0,36.448616,58.52359,77.95613,87.990295,59.428192,58.150093,82.08394,52.812225,81.56018,42.140812,47.137005,39.872,37.356327,25.886868,37.398304,42.25036,59.298977,46.37357,40.15692,22.192574,19.190472,5.4754415,0.0,65.47933,18.471405,55.845642,32.57781,0.0,0.0,0.0,18.724531,20.569122,4.537471,0.0,0.0,31.439545,0.0,0.0,94.73016,69.284386,70.96275,37.469334,28.740244,0.0,0.0,33.22457,26.33829,72.03713,20.613935,28.944721,0.0,0.0,0.0,0.0,0.0,0.0,0.0,18.76897,5.948695,0.0,82.77929,129.12637,9.053551,0.0,0.0,16.7099,110.32347,0.0,0.0,0.0,0.0,0.0,0.0,0.0,0.0,0.0,73.2358,11.097015
C20x31_C20x32,0.0,0.0,0.0,0.0,35.725792,4.3205805,29.169987,0.0,0.0,0.0,24.874462,0.0,31.233898,29.663542,0.0,0.0,59.581814,0.0,17.102337,37.4785,0.0,19.56794,31.845499,0.0,19.560827,55.15802,0.0,42.163902,110.58347,0.0,0.0,42.3382,0.0,32.4706,0.0,24.44397,30.683035,30.698425,28.461067,31.109644,57.060127,26.046295,16.68189,0.0,0.0,7.5106053,0.0,26.60057,4.33625,31.398659,19.839674,25.868816,0.0,0.0,0.0,42.268482,39.469963,0.0,22.584476,19.211027,19.211027,43.836536,10.037831,0.0,0.0,10.034183,0.0,21.881636,9.40939,0.0,0.0,0.0,35.788136,0.0,0.0,63.330273,0.0,84.807884,15.932551,33.21117,0.0,0.0,46.701103,28.757692,0.0,0.0,21.64888,0.0,13.958648,0.0,0.0,23.786007,41.145916,0.0,0.0,53.64988,0.0,30.974775,0.0,0.0,0.0,54.41373,49.655098,21.891392,51.27268,0.0,16.994156,43.10768,0.0,20.56255,0.0,0.0,0.0,0.0,0.0,0.0,0.0,8.531282,6.777826,0.0,17.393541,22.46339,27.725271,27.725271,24.28412,0.0,0.0,0.0,0.0,0.0,13.713599,24.971676,0.0,10.323641,11.795311,0.0,13.178017,18.88411,55.668346,0.0,0.0,0.0,0.0,0.0,0.0,7.773861,1.9036402,16.114038,0.0,0.0,6.4008703,12.595284,0.0,2.8834622,12.135787,21.711319,0.0,0.0,21.297314,15.772378,57.948277,0.0,0.0,63.245155,16.379332,99.58158,0.0,26.113552,9.141003,0.0,0.0,0.0,0.0,48.116253,0.0,0.0,0.0,0.0,0.0,0.0,25.50155,0.0,0.0,22.940666,0.0,33.428684,0.0,28.87359,0.0,11.576068,0.0,2.3436162,31.688019,75.04275,0.0,0.0,0.0,21.347221,0.0,0.0,0.0,0.0,0.0,0.0,0.0,55.366085,0.0,0.0,20.377125,0.0,51.05834,8.446541,33.26516,0.0,0.0,0.0,0.0,5.7465305,25.338785,0.0,0.0,27.46912,0.0,16.285578,0.0,0.0,18.279972,39.58168,13.867033,91.45009,0.0,0.0,29.748549,0.0,0.0,7.898756,8.713279,0.0,0.0,0.0,74.044846,0.0,14.603417,0.0,24.030903,0.0,96.23849,0.0,40.185116,48.797726,0.0,26.798061,0.0,0.0,0.0,0.0,17.481852,44.976154,71.002174,106.85887,0.0,0.0,27.623013,29.585745,16.001957,29.975904,34.160164,46.34231,36.069736,39.257095,41.449547,42.210346,41.373783,55.470345,53.43852,63.433384,76.508484,18.487816,44.846004,12.258879,0.0,0.0,17.445715,0.0,0.0,0.0,48.522976,77.53799,79.42263,88.00002,125.90862,102.395035,146.60004,41.96432,42.268482,29.923952,24.852741,0.0,12.52744,29.898685,18.222664,15.528604,27.6477,50.496857,22.040693,64.10151,29.202686,42.226345,35.20828,29.306425,66.33667,0.0,33.966576,23.396112,0.0,19.550152,15.228488,22.674229,26.942326,14.110415,0.0,0.0,18.717793,61.413708,16.775,12.457593,0.0,0.0,0.0,0.0,0.0,27.970366,13.2223,10.600729,26.716463,36.337917,17.0449,27.353205,0.0,53.174755,30.992342,43.34999,43.25649,22.644417,22.787766,40.01595,25.581135,0.0,39.272915,46.665478,43.374218,0.0,37.912045,26.966963,15.251559,38.65408,57.725243,51.899372,30.30837,15.091796,11.3313055,14.875031,21.257624,0.0,57.063206,10.425732,61.351006,32.306496,0.0,0.0,6.61695,21.77512,2.1679008,46.39164,30.197865,4.159997,18.849438,52.054115,0.0,0.0,0.0,25.434923,23.217047,0.0,0.0,0.0,0.0,0.0,0.0,0.0,0.0,0.0,0.0,0.0,0.0,0.0,0.0,0.0,0.0,10.376743,13.067064,0.0,0.0,15.772378,31.185146,42.415916,62.06894,36.176224,50.491714,26.431995,56.704876,10.935513,50.62913,20.4181,23.287573,15.25237,53.617847,53.56246,72.85201,110.17805,28.167355,80.225914,97.39421,87.48053,83.284256,30.89865,19.075119,20.67884,19.952314,19.264708,14.603417,20.173666,22.674229,26.942326,25.042116,17.84444,10.689295,11.6864605,0.0,19.04001,12.344837,18.999016,17.445715,0.0,0.0,0.0,16.674984,16.391855,15.251559,0.0,0.0,61.973003,0.0,0.0,95.9708,28.816675,46.783916,39.1928,33.858192,24.16974,8.20234,0.0,45.544018,73.34306,9.038814,0.0,0.0,0.0,0.0,21.443516,42.139626,38.102203,21.18437,35.686493,6.472864,0.0,81.85988,94.28879,14.477807,10.598458,0.0,17.819336,62.63314,0.0,0.0,0.0,0.0,0.0,0.0,0.0,30.68959,0.0,56.787975,0.0
C20x31_C21x31,0.0,0.0,0.0,0.0,63.27492,24.457605,11.068072,0.0,0.0,0.0,20.862164,0.0,38.713066,17.229462,0.0,0.0,45.722927,0.0,13.535398,16.316689,0.0,49.135784,19.768866,0.0,10.768483,16.9669,0.0,45.46351,64.23015,0.0,0.0,24.721405,0.0,14.272911,0.0,44.0639,39.492043,52.321266,0.0,14.0731,34.437088,23.288687,9.47267,0.0,0.0,12.788686,0.0,18.195137,17.89706,15.277202,15.298688,26.498104,0.0,0.0,0.0,32.17529,26.604,17.16633,22.80519,27.186552,16.76734,23.7126,13.092535,0.0,0.0,7.4667745,20.377066,15.362779,10.623903,0.0,3.1593409,0.0,40.443,0.0,0.0,63.215664,0.0,103.348526,35.857964,37.917717,20.452757,0.0,56.70139,19.195383,16.857994,0.0,24.353004,0.0,11.581622,0.0,0.0,21.914581,24.543392,0.0,0.0,42.5104,0.0,41.981964,0.0,0.0,0.0,64.223015,54.620586,8.741679,58.566124,0.0,26.758644,51.6596,15.262664,6.1813006,0.0,20.43665,0.0,0.0,17.683443,0.0,0.0,16.086226,16.086226,8.014328,34.296482,0.0,33.169945,0.0,42.439987,0.0,0.0,0.0,0.0,0.0,9.982968,26.809372,0.0,13.375556,24.091522,0.0,17.579582,30.568325,71.10437,0.0,0.0,0.0,0.0,0.0,0.0,5.826258,16.687181,11.811554,5.6821094,0.0,0.0,16.02553,4.152769,3.840059,2.7180781,21.004822,0.0,0.0,36.487617,13.918054,41.099327,0.0,0.0,67.477135,0.0,130.7239,0.0,37.797535,16.983892,0.0,16.780783,0.0,0.0,41.89347,0.0,0.0,0.0,0.0,0.0,0.0,26.464027,0.0,0.0,32.142323,0.0,47.95862,0.0,36.293694,0.0,19.57551,0.0,7.25529,7.0179315,77.73233,0.0,0.0,0.0,25.861921,0.0,11.6466875,11.711089,0.0,20.025988,0.0,0.0,92.23312,0.0,0.0,8.507749,18.194412,40.477203,18.289173,3.255259,0.0,0.0,0.0,0.0,7.3260307,15.361148,0.0,0.0,21.7349,0.0,29.217512,0.0,0.0,20.491917,16.129728,12.803267,109.58858,0.0,0.0,33.51647,0.0,0.0,10.400579,15.309978,0.0,0.0,0.0,63.44378,0.0,19.710314,0.0,27.504734,0.0,130.3581,0.0,41.839664,51.229733,0.0,14.857563,0.0,0.0,0.0,0.0,12.485222,21.904392,92.79973,144.00436,0.0,0.0,41.83615,44.019653,33.80216,26.691147,51.736927,50.274586,25.79442,58.762363,27.777435,55.231808,67.26519,79.83995,51.708088,73.48639,83.79931,28.72448,68.01516,11.149751,0.0,0.0,19.574022,0.0,0.0,0.0,55.803356,91.354195,47.382668,114.156746,145.96187,88.35932,106.59386,59.36965,26.789152,19.106106,25.053596,14.429482,5.4539623,29.428091,27.609348,17.193674,34.139263,33.88416,21.13284,37.939518,12.713719,18.383715,31.02779,15.278101,37.206047,11.793805,15.328868,31.26344,4.152769,25.057327,10.26724,21.810387,9.167228,3.202494,18.922508,0.0,9.951269,33.681454,26.446716,0.0,0.0,0.0,0.0,0.0,0.0,28.005116,9.395438,15.791385,0.0,27.424137,0.0,29.428091,11.793805,35.71024,25.55801,34.39929,31.019604,21.09217,24.571062,16.997534,33.735863,0.0,29.445362,12.376321,5.6382737,16.968803,35.154423,41.092953,58.424023,48.93556,45.47193,40.577682,23.905193,5.9741507,29.118189,12.03984,21.131058,14.511315,41.251152,7.775965,55.8437,47.99779,0.0,0.0,0.0,8.343003,0.0,35.85228,21.545872,9.120187,16.725964,36.499935,0.0,0.0,0.0,33.641655,30.708166,0.0,0.0,0.0,0.0,0.0,0.0,0.0,0.0,0.0,0.0,0.0,0.0,0.0,0.0,0.0,0.0,13.386695,3.578477,9.713784,0.0,22.566723,28.625793,35.728844,51.269413,29.044447,44.79924,24.565063,50.282017,0.0,46.538403,23.57722,47.272076,12.18224,32.243244,31.11066,47.5,65.09759,24.008656,50.02048,67.983795,66.905426,47.175938,39.046345,27.204649,24.67476,27.394032,27.475039,28.637396,27.189482,32.337646,38.27202,35.764175,26.552702,15.974683,12.504354,0.0,25.356588,18.667654,25.301994,23.08772,0.0,22.399788,11.919374,17.979914,17.674627,16.341995,0.0,0.0,26.639143,0.0,0.0,94.42582,47.26733,76.844894,48.972626,44.204967,1.2735245,0.0,19.793621,43.091743,68.29483,15.361502,0.0,0.0,0.0,0.0,8.621052,22.81088,10.105224,20.691984,16.85059,14.511315,0.0,61.73708,90.59134,41.239662,11.926666,15.203434,23.517338,102.70276,0.0,0.0,0.0,0.0,0.0,0.0,10.746766,9.813531,0.0,63.189922,13.06485
C20x32_C20x33,0.0,0.0,0.0,12.877499,45.931255,0.0,33.002224,25.718561,0.0,0.0,53.018806,0.0,27.101395,35.3999,0.0,0.0,82.19976,15.844315,21.057344,21.324144,11.569808,22.259806,41.837578,0.0,0.0,45.588974,0.0,34.84913,78.962425,0.0,0.0,38.4376,0.0,41.181202,0.0,22.191957,14.094935,53.840893,49.916866,54.56211,86.45855,44.58849,23.016148,0.0,0.0,39.865135,0.0,49.100803,23.016148,21.876532,19.40587,33.611954,0.0,0.0,0.0,30.951303,18.765404,0.0,6.0956554,13.003991,17.282509,21.653692,10.643974,0.0,0.0,0.0,31.842278,20.824022,3.0202298,0.0,0.0,0.0,51.036114,0.0,20.016909,65.194725,0.0,63.389343,0.0,24.112278,0.0,0.0,54.036068,24.13569,0.0,0.0,9.53596,0.0,0.0,0.0,0.0,28.015142,29.884747,0.0,0.0,51.761898,0.0,29.884747,0.0,0.0,0.0,58.93413,73.80145,12.810165,59.677658,0.0,0.0,74.595924,0.0,26.65556,0.0,0.0,0.0,0.0,0.0,0.0,5.6021376,12.031501,9.558636,9.594644,0.0,18.567343,30.498991,17.358284,20.072287,0.0,0.0,0.0,0.0,0.0,19.15549,44.99093,0.0,19.15549,0.0,0.0,15.283278,0.0,66.1456,0.0,0.0,0.0,0.0,13.486157,0.0,13.568253,28.642872,12.945599,12.612111,0.0,0.0,22.373531,9.076678,1.5370741,17.847,28.726141,0.0,0.0,3.9338744,18.916183,45.086647,0.0,13.277066,86.91213,26.839893,61.095608,0.0,11.707589,0.0,0.0,0.0,0.0,0.0,25.087444,0.0,0.0,0.0,0.0,16.695847,0.0,19.100853,0.0,15.0600815,33.154346,0.0,34.444508,13.003489,33.64797,0.0,7.3298125,0.0,17.826477,31.924116,64.468666,0.0,0.0,0.0,0.0,0.0,0.0,0.0,0.0,0.0,0.0,0.0,55.805813,0.0,16.128572,30.496647,18.284626,56.63816,34.527966,23.788748,0.0,0.0,0.0,0.0,11.881731,14.387008,0.0,0.0,31.134047,0.0,56.830235,0.0,0.0,0.0,24.309978,0.0,72.83187,0.0,0.0,46.33628,12.070522,0.0,8.995387,7.997617,0.0,8.056244,0.0,79.30811,0.0,33.395103,0.0,17.999327,0.0,87.87871,0.0,0.0,50.275818,0.0,28.63957,0.0,0.0,0.0,0.0,27.334558,28.841877,49.8569,78.31443,0.0,0.0,23.434515,35.015347,11.790559,32.112373,25.959469,51.687485,38.341343,42.295868,50.54835,46.80124,49.190346,53.923103,55.534664,68.50276,79.85399,34.563572,46.128483,30.468487,0.0,0.0,16.750225,0.0,0.0,0.0,46.37663,58.290127,113.502716,83.99708,121.080475,99.67149,143.3189,77.61003,29.527443,40.811234,37.780262,21.712128,0.0,37.403053,17.393297,8.444571,44.99701,35.693123,33.595646,50.52095,14.848346,33.01711,50.27937,32.749714,43.10588,24.293463,21.847565,66.20515,22.480156,37.093258,27.056969,11.759814,4.4704795,17.449333,14.349964,0.0,42.090862,69.53128,0.0,0.0,0.0,0.0,0.0,0.0,0.0,22.513775,18.640558,14.944717,0.0,27.757273,24.48669,20.040281,0.0,61.66941,31.93413,40.156357,17.985798,22.5737,27.040754,26.674578,19.532951,13.903068,20.368595,7.7430973,39.560013,0.0,10.816836,21.674583,11.881731,74.705696,40.071312,58.173424,34.561,26.214273,22.901814,0.0,19.477297,0.0,30.607134,24.129683,64.61782,33.510475,0.0,0.0,0.0,7.9520974,16.489918,45.54432,21.467932,14.195274,49.82168,55.509987,0.0,0.0,0.0,15.775566,38.85641,0.0,0.0,0.0,0.0,0.0,0.0,0.0,0.0,0.0,0.0,0.0,0.0,0.0,0.0,0.0,0.0,0.0,0.0,0.0,0.0,18.39503,16.79279,31.046045,68.976204,35.71779,31.391895,25.248306,61.600693,15.550349,44.24721,0.0,0.0,28.081963,51.72968,25.645887,48.07701,85.59735,81.1709,53.832134,95.39306,99.36589,101.04336,16.649063,14.387008,31.134047,24.917088,14.365957,23.767263,12.127225,11.759814,4.4704795,22.839983,8.261374,10.355585,15.329943,0.0,29.145367,23.951784,18.39499,20.536446,0.0,0.0,0.0,10.09387,29.550114,6.5005646,0.0,0.0,39.444363,4.216049,0.0,68.96556,8.056244,42.66987,0.0,36.53023,14.316893,0.0,0.0,33.590126,44.60862,7.4588556,0.0,0.0,0.0,0.0,38.656906,27.867,6.3222127,25.848808,12.915838,33.420387,0.0,70.239075,80.71437,15.352062,12.774409,0.0,13.828785,64.57249,0.0,0.0,0.0,0.0,14.953127,13.208118,16.808334,25.367767,0.0,40.154007,0.0
C20x32_C21x32,0.0,0.0,0.0,0.0,42.42417,13.1599455,30.482336,0.0,0.0,19.058523,39.618492,0.0,28.363518,21.63696,0.0,0.0,60.649574,0.0,7.6453567,16.21439,0.0,24.144056,27.90501,0.0,0.0,35.306717,0.0,54.504665,70.78462,0.0,0.0,20.81518,0.0,15.963868,0.0,12.017651,24.669823,33.73892,31.27996,31.27996,62.711582,49.139843,12.224224,0.0,0.0,21.172977,0.0,32.958824,12.224224,11.428215,20.194883,26.33197,0.0,0.0,0.0,27.416948,16.193949,0.0,37.765167,7.8945165,7.8945165,19.349644,9.998508,0.0,0.0,0.0,23.467653,4.066395,0.0,0.0,0.0,0.0,37.58217,0.0,0.0,64.98163,0.0,94.75535,18.059074,42.027905,0.0,0.0,59.625202,33.236202,0.0,0.0,25.020319,0.0,0.0,0.0,0.0,38.55615,35.79636,0.0,0.0,46.674637,0.0,26.947617,0.0,0.0,0.0,69.847015,70.80217,20.809015,68.480255,0.0,19.10617,67.04483,0.0,19.545876,0.0,0.0,0.0,0.0,0.0,0.0,0.0,12.192099,12.192099,16.952585,18.74237,0.0,29.408604,0.0,40.974327,0.0,0.0,0.0,0.0,0.0,30.261824,51.344185,0.0,22.781199,0.0,0.0,25.950636,21.443134,65.00555,0.0,0.0,0.0,0.0,0.0,0.0,3.7785776,9.758121,27.737194,18.873154,0.0,0.0,42.78954,7.737624,10.029585,20.860794,20.748356,0.0,0.0,15.819696,16.556656,40.58075,0.0,0.0,72.495834,23.389673,101.218925,0.0,17.078667,0.0,0.0,0.0,0.0,0.0,24.567373,0.0,0.0,0.0,0.0,0.0,0.0,15.961526,0.0,0.0,26.219135,0.0,27.838184,0.0,50.233253,0.0,8.774754,0.0,24.70704,20.940098,80.00888,0.0,0.0,0.0,0.0,0.0,15.218651,0.0,0.0,0.0,0.0,0.0,62.251343,0.0,0.0,48.98797,0.0,64.992424,40.93497,23.39098,0.0,0.0,0.0,0.0,0.0,20.26245,0.0,0.0,34.742638,0.0,43.34712,0.0,0.0,0.0,14.398483,14.081166,74.54235,0.0,0.0,51.248882,0.0,0.0,14.708102,0.0,0.0,0.0,0.0,83.34756,0.0,29.549526,0.0,17.092688,0.0,120.32506,0.0,46.76261,65.79613,0.0,32.98073,0.0,0.0,0.0,0.0,23.217947,34.687653,101.067955,144.7931,0.0,0.0,18.334948,28.806114,10.937028,25.124426,28.90249,40.439808,27.687227,32.403645,34.472107,47.40834,38.48607,51.060165,47.043926,67.26246,65.00782,43.16567,38.81235,44.678864,0.0,0.0,3.1596184,0.0,0.0,0.0,39.582355,62.944023,73.0403,103.24617,111.19914,102.45255,122.99612,94.006454,27.416948,31.905996,34.495537,32.08762,0.0,36.608208,44.05873,21.85993,51.18128,36.503025,26.452517,45.228992,11.290341,25.105453,48.713753,25.485735,43.990807,21.974745,23.18856,42.781597,29.75383,31.932602,7.952711,11.975536,14.231577,10.202104,15.334657,11.736894,40.830578,49.151337,19.262173,12.279565,0.0,0.0,0.0,0.0,0.0,38.52775,20.97772,14.984733,10.159969,23.698942,0.0,36.608208,21.974745,44.4166,22.218447,41.068264,46.903114,30.312057,30.344969,26.261745,33.744045,14.857095,20.742237,24.649815,30.499344,0.0,19.759453,22.166788,32.386276,54.912216,53.454556,59.473858,30.788963,37.92497,19.05152,0.0,25.778416,0.0,33.68547,38.070576,78.67161,43.17613,0.0,0.0,0.0,16.168934,10.816289,41.663868,30.44987,12.820131,39.420616,42.194553,0.0,0.0,0.0,26.57853,42.731396,0.0,0.0,0.0,0.0,0.0,0.0,0.0,0.0,0.0,0.0,0.0,0.0,0.0,0.0,0.0,0.0,0.0,0.0,0.0,0.0,16.556656,23.805876,28.742664,59.95906,41.60041,45.02506,34.513023,70.160255,20.631319,50.393486,19.207344,24.458372,25.766584,38.875217,20.369198,47.512787,75.97432,27.615782,52.650818,123.268745,84.32194,64.090454,30.879059,15.253635,26.154366,23.435251,2.4462101,29.549526,24.827995,11.975536,14.231577,17.608805,18.328625,17.073296,10.465602,0.0,14.138001,2.505194,0.0,3.1596184,0.0,0.0,0.0,17.901226,33.77045,20.066835,0.0,0.0,44.114822,0.0,0.0,97.43942,15.930428,33.72234,43.50716,35.747177,1.6096176,0.0,0.0,44.7395,55.594967,9.775944,0.0,0.0,0.0,0.0,8.958675,15.328977,20.12649,24.64163,11.305488,13.286006,0.0,62.4708,75.49421,13.519166,19.790018,0.0,0.0,77.11054,0.0,0.0,0.0,0.0,0.0,0.0,15.183558,20.141024,0.0,56.787003,0.0
C20x33_C20x34,0.0,0.0,0.0,15.523593,80.28393,0.0,36.25645,0.0,0.0,0.0,66.73434,19.852865,49.90201,22.071396,0.0,0.0,129.10773,10.49609,30.991167,0.0,0.0,49.23209,33.82183,0.0,0.0,25.651915,0.0,0.0,65.82048,0.0,0.0,17.95413,0.0,19.906471,0.0,10.365822,17.976274,35.26103,38.046448,87.75631,97.623726,41.8079,0.0,0.0,0.0,0.0,0.0,54.494625,0.0,0.0,0.0,0.0,0.0,0.0,0.0,67.32642,0.0,0.0,0.0,16.200132,12.460188,26.694937,15.914408,0.0,0.0,0.0,15.914408,17.78543,24.779758,0.0,0.0,0.0,43.911114,0.0,17.222408,84.26347,0.0,41.977516,0.0,35.263798,0.0,0.0,28.00539,14.264461,0.0,0.0,7.427879,0.0,18.819006,0.0,0.0,42.486668,4.7484117,0.0,0.0,4.2827077,0.0,2.4726226,0.0,0.0,0.0,70.32643,80.008255,15.731295,40.595837,0.0,0.0,47.90204,0.0,21.361906,0.0,0.0,0.0,0.0,0.0,0.0,18.142733,11.73831,11.73831,49.94177,0.0,0.0,31.361092,0.0,0.0,0.0,0.0,0.0,0.0,0.0,32.58334,50.912426,0.0,16.967,0.0,0.0,0.0,42.120514,104.76525,16.520115,0.0,0.0,0.0,18.672781,0.0,30.74328,35.54664,0.0,33.855682,0.0,0.0,84.7112,0.0,43.669895,0.0,16.325079,0.0,0.0,4.996572,32.261765,43.128212,0.0,20.525658,72.732574,0.0,30.84545,0.0,14.377295,0.0,0.0,0.0,0.0,0.0,31.16045,0.0,0.0,0.0,0.0,9.678004,0.0,0.0,0.0,0.0,40.356697,0.0,19.635195,15.828327,41.235317,0.0,0.0,0.0,0.0,16.011326,72.11272,0.0,0.0,0.0,59.089073,0.0,37.115025,29.031492,0.0,0.0,0.0,0.0,54.210052,0.0,8.513032,0.0,37.79847,61.068817,0.0,25.533947,0.0,0.0,0.0,0.0,12.144947,18.192884,0.0,0.0,0.0,0.0,31.59982,0.0,0.0,37.657757,8.185329,0.0,67.49788,0.0,0.0,54.057003,0.0,0.0,0.0,0.0,0.0,0.0,0.0,78.5462,0.0,36.18332,0.0,17.009218,0.0,62.032288,0.0,0.0,44.874374,0.0,28.719059,0.0,0.0,0.0,0.0,18.660189,22.67745,40.38606,56.7301,0.0,0.0,0.0,53.42048,10.209479,38.917427,37.029984,33.751957,30.014235,56.041595,77.45681,34.624187,46.149826,82.39619,45.376312,88.80745,83.35385,51.4819,61.11175,62.67075,38.92425,20.602848,0.0,0.0,0.0,0.0,89.77422,68.129776,142.50928,63.703472,151.597,81.06411,153.35896,91.97166,57.42828,19.16173,32.10119,18.957664,0.0,43.33767,2.8422775,13.613305,80.166916,56.67477,55.299355,80.07276,0.0,22.65318,81.68022,35.258698,69.247246,28.666166,30.574196,105.12281,35.767143,58.89796,18.35633,13.065533,0.0,19.957672,0.0,60.91424,0.0,69.618744,0.0,0.0,0.0,0.0,0.0,0.0,0.0,12.523298,15.28885,26.281536,0.0,18.181831,0.0,38.86711,17.133194,13.491579,25.084969,16.594738,0.0,0.0,0.0,26.343967,0.0,0.0,22.630167,0.0,23.029686,0.0,17.413345,28.004,15.906258,133.40225,85.01791,106.62804,65.542854,41.300343,14.815064,0.0,17.580921,23.473866,35.175266,59.76373,55.10818,22.05223,0.0,0.0,0.0,0.0,10.081053,57.08825,34.70009,14.815064,35.657406,37.18213,0.0,0.0,0.0,0.0,58.289177,0.0,0.0,0.0,0.0,0.0,0.0,0.0,0.0,0.0,0.0,0.0,0.0,0.0,0.0,0.0,0.0,0.0,0.0,0.0,0.0,26.172853,0.0,27.375216,60.820576,35.70066,17.738237,24.698292,55.10818,13.711703,37.922012,0.0,0.0,0.0,26.59239,0.0,46.652924,54.897205,81.58076,67.59622,78.74879,134.55487,93.20585,22.068142,9.473513,0.0,21.455626,14.317529,21.522524,14.954767,13.065533,0.0,13.296195,22.857077,0.0,23.44507,0.0,14.874102,24.785664,27.364285,15.906258,0.0,0.0,0.0,0.0,49.64346,0.0,0.0,0.0,46.389233,18.111326,23.473866,85.36066,0.0,26.814915,0.0,45.500526,12.634572,0.0,0.0,32.58582,25.165573,0.0,0.0,0.0,0.0,0.0,13.733543,6.0278254,0.0,0.0,0.0,30.477655,0.0,47.790985,80.07276,21.51816,0.0,0.0,37.462696,59.307793,0.0,0.0,0.0,0.0,0.0,19.938334,18.436895,29.208624,0.0,50.825657,10.921233
C20x33_C21x33,0.0,0.0,0.0,20.6604,48.061806,0.0,33.50951,17.100811,0.0,0.0,32.207237,0.0,40.04888,30.159935,0.0,0.0,94.669914,0.0,0.0,0.0,0.0,12.284731,24.123297,0.0,0.0,18.296133,0.0,44.120182,47.644226,0.0,0.0,18.09188,0.0,20.0592,0.0,10.445353,0.0,19.380943,30.715206,41.094025,79.98423,56.941444,14.648327,0.0,0.0,25.371645,0.0,36.707523,14.648327,22.640453,0.0,0.0,0.0,0.0,0.0,34.81343,0.0,0.0,18.84252,11.334845,14.2431345,16.406372,4.966098,0.0,0.0,0.0,19.26016,17.166342,0.0,0.0,0.0,0.0,65.22115,0.0,25.580433,90.11676,0.0,53.50389,0.0,27.773987,0.0,0.0,46.82164,28.450502,0.0,0.0,14.814922,0.0,0.0,0.0,0.0,22.966343,56.675392,0.0,0.0,51.116905,0.0,29.512362,0.0,0.0,0.0,102.31858,87.62018,17.175133,47.531597,0.0,0.0,55.151257,0.0,23.322529,0.0,0.0,0.0,0.0,0.0,0.0,0.0,12.603075,0.0,27.802162,0.0,0.0,35.428467,0.0,30.054321,0.0,0.0,0.0,0.0,0.0,45.990143,64.81434,0.0,23.948275,0.0,0.0,19.34915,50.686035,105.53603,19.879606,0.0,0.0,0.0,20.108809,0.0,0.0,31.31089,18.410856,23.384678,0.0,0.0,46.479836,9.590533,35.418274,20.065393,21.871943,0.0,4.0725965,5.666769,19.56746,22.539352,0.0,24.108995,84.64556,0.0,56.51061,0.0,10.684488,18.919247,0.0,0.0,0.0,0.0,16.095072,0.0,0.0,0.0,0.0,13.041671,0.0,23.547457,0.0,20.32674,10.848434,0.0,4.254872,4.254872,52.01562,0.0,9.279792,0.0,21.345318,18.435905,81.609985,0.0,0.0,0.0,0.0,0.0,16.503696,0.0,0.0,0.0,0.0,0.0,31.395876,0.0,26.24054,37.70377,37.772385,101.95843,21.530878,33.128372,0.0,0.0,0.0,0.0,6.262432,30.265083,0.0,0.0,47.14999,0.0,37.66808,0.0,0.0,0.0,31.039667,0.0,118.19655,0.0,0.0,60.63282,9.972838,0.0,12.598464,8.8211,0.0,0.0,0.0,97.662445,0.0,33.304127,0.0,35.06467,0.0,83.97969,0.0,15.986864,47.78148,0.0,33.904182,0.0,0.0,0.0,0.0,43.64507,22.067719,36.7452,80.94601,0.0,0.0,0.0,31.309124,42.450912,44.145813,50.124706,38.626522,25.496735,46.32354,71.761055,47.119415,48.107647,93.865166,56.15174,94.64179,49.676254,76.16838,54.866848,36.423412,0.0,0.0,8.82844,0.0,0.0,0.0,53.8663,95.20423,136.29916,89.49614,178.28256,106.651665,82.7374,144.67021,42.26806,39.11523,57.845585,29.044128,0.0,20.885355,28.126192,13.6896925,45.905914,38.96139,24.254421,36.10746,0.0,24.209183,54.239,28.143038,37.569576,18.57676,15.215252,55.398434,26.95906,25.832779,0.0,4.628992,16.319862,10.178058,0.0,0.0,45.44201,53.977654,0.0,0.0,0.0,0.0,0.0,0.0,0.0,23.187248,12.390283,31.413013,0.0,0.0,24.040838,0.0,13.884961,41.586395,6.7431836,22.80751,32.21412,31.2203,36.405605,26.198368,13.934588,15.944051,8.01765,28.26683,29.879282,0.0,0.0,0.0,8.229935,61.579113,41.208702,64.774055,66.0899,24.929083,31.566126,0.0,21.723764,0.0,57.301693,33.66921,86.11851,26.477772,0.0,0.0,0.0,7.3349824,11.607618,59.318398,25.311108,42.935123,29.678923,47.25299,0.0,0.0,0.0,0.0,42.348797,0.0,0.0,0.0,0.0,0.0,0.0,0.0,0.0,0.0,0.0,0.0,0.0,0.0,0.0,0.0,0.0,0.0,0.0,0.0,0.0,15.572002,0.0,37.284447,77.29706,44.303978,42.454594,41.144848,67.92373,21.01247,42.67494,0.0,0.0,35.55272,34.50162,0.0,0.0,104.360794,0.0,68.222115,134.21283,72.601364,76.53307,20.58272,15.759824,24.552237,16.077332,0.0,19.809925,17.654797,4.628992,16.319862,17.25081,11.475183,15.235156,12.882387,0.0,14.743873,3.6388826,0.0,10.82402,0.0,0.0,0.0,0.0,37.02455,8.229935,0.0,0.0,57.153053,0.0,0.0,41.266155,0.0,18.853485,0.0,11.4912405,0.7429475,0.0,0.0,15.182761,83.86177,9.402821,0.0,0.0,0.0,0.0,9.6140995,22.858173,23.079773,25.68521,0.0,25.93438,0.0,69.00542,94.96413,23.026102,15.537087,0.0,21.089329,98.83132,0.0,0.0,0.0,0.0,14.374463,24.892359,9.356221,29.047194,0.0,55.510635,12.364199
C21x14_C21x15,42.07182,44.144913,0.0,0.0,37.805534,0.0,0.0,0.0,0.0,57.940395,20.264702,0.0,98.13884,55.962196,0.0,0.0,57.302013,0.0,0.0,0.0,0.0,67.478584,0.0,0.0,0.0,82.64405,0.0,0.0,15.9019985,0.0,37.320107,44.05226,0.0,0.0,0.0,0.0,74.73531,48.011795,79.25365,0.0,58.917812,66.50805,47.37385,0.0,0.0,88.15841,0.0,0.0,0.0,46.639442,0.0,67.31216,0.0,0.0,0.0,49.562416,0.0,0.0,68.258354,79.24604,0.0,0.0,37.708122,0.0,0.0,0.0,0.0,0.0,0.0,64.98756,0.0,0.0,53.813164,0.0,0.0,63.500553,0.0,23.664867,0.0,0.0,49.52109,0.0,9.316592,0.0,0.0,0.0,0.0,0.0,0.0,0.0,0.0,68.96807,0.0,0.0,64.30479,0.0,0.0,0.0,0.0,0.0,0.0,0.0,0.0,0.0,76.49435,0.0,0.0,99.95406,54.089672,0.0,0.0,49.185658,0.0,0.0,0.0,0.0,0.0,0.0,70.5154,0.0,0.0,0.0,102.198166,0.0,100.613846,0.0,0.0,0.0,0.0,0.0,0.0,66.69873,0.0,0.0,0.0,0.0,0.0,43.2566,144.70705,0.0,0.0,0.0,0.0,0.0,0.0,0.0,90.19842,206.70859,34.264744,0.0,0.0,48.703873,0.0,122.946846,124.86096,78.23571,0.0,0.0,0.0,0.0,126.53174,0.0,0.0,82.28486,0.0,43.58145,0.0,0.0,54.30156,0.0,0.0,0.0,0.0,0.0,0.0,0.0,0.0,0.0,0.0,0.0,61.75964,0.0,0.0,48.52904,0.0,0.0,0.0,55.287457,0.0,40.088593,0.0,0.0,11.966303,188.44104,0.0,0.0,0.0,0.0,0.0,0.0,0.0,0.0,0.0,0.0,0.0,60.670208,0.0,0.0,0.0,0.0,92.77443,0.0,0.0,0.0,0.0,0.0,0.0,60.21917,0.0,0.0,0.0,0.0,0.0,93.26165,0.0,0.0,0.0,0.0,0.0,49.441887,0.0,0.0,100.099846,0.0,0.0,0.0,55.540936,0.0,0.0,0.0,35.943172,0.0,0.0,0.0,20.89044,0.0,50.134926,0.0,0.0,43.875446,0.0,0.0,0.0,0.0,0.0,0.0,0.0,0.0,72.024216,25.459465,23.45723,29.306675,0.0,0.0,0.0,0.0,0.0,0.0,0.0,0.0,0.0,0.0,0.0,0.0,0.0,0.0,0.0,0.0,0.0,80.52333,0.0,0.0,0.0,155.6705,163.52394,94.03174,61.43182,0.0,53.513943,105.13081,52.7714,0.0,30.626558,65.99837,71.835045,64.45888,0.0,0.0,0.0,0.0,0.0,0.0,0.0,0.0,0.0,0.0,0.0,0.0,0.0,0.0,0.0,0.0,0.0,0.0,0.0,0.0,52.27428,20.044945,75.839615,80.08606,0.0,0.0,31.497498,0.0,0.0,0.0,0.0,0.0,0.0,0.0,45.333366,0.0,0.0,0.0,0.0,0.0,0.0,73.894775,39.989803,68.23952,0.0,119.880226,0.0,65.48242,73.45617,65.63497,78.24772,96.334496,63.000084,94.138145,35.56428,22.20954,55.747353,90.43948,0.0,39.112095,48.833096,52.084007,56.51925,0.0,22.919403,64.461876,63.80378,0.0,0.0,0.0,0.0,0.0,25.653498,0.0,0.0,0.0,0.0,63.20719,0.0,51.59128,58.56084,35.676144,0.0,0.0,0.0,54.775234,91.46747,0.0,0.0,0.0,0.0,0.0,0.0,0.0,0.0,0.0,0.0,0.0,0.0,0.0,0.0,0.0,0.0,0.0,0.0,0.0,0.0,54.76328,0.0,0.0,51.480938,0.0,0.0,49.400944,33.703506,72.67622,26.830238,0.0,0.0,0.0,0.0,66.68001,47.027283,25.151012,44.29953,83.547874,26.908642,27.598997,41.450535,0.0,0.0,0.0,0.0,0.0,0.0,0.0,0.0,0.0,0.0,0.0,0.0,30.27794,0.0,81.716034,132.85332,99.51846,141.51712,26.830238,0.0,0.0,0.0,0.0,217.13684,0.0,0.0,0.0,0.0,0.0,97.89236,0.0,21.544815,0.0,0.0,0.0,78.68367,0.0,65.036476,34.960693,0.0,0.0,0.0,0.0,0.0,0.0,0.0,0.0,0.0,0.0,0.0,40.482662,0.0,51.483315,55.33044,0.0,0.0,56.031353,39.39992,0.0,0.0,0.0,0.0,0.0,0.0,0.0,0.0,0.0,91.97547,0.0
C21x14_C22x14,0.0,0.0,0.0,0.0,51.409847,0.0,0.0,0.0,0.0,107.45131,65.579025,0.0,0.0,138.4109,0.0,0.0,46.372307,0.0,0.0,0.0,0.0,0.0,0.0,0.0,0.0,0.0,0.0,0.0,106.256714,0.0,0.0,0.0,0.0,0.0,0.0,0.0,101.05458,0.0,0.0,0.0,98.11898,80.022896,111.15052,0.0,0.0,0.0,0.0,0.0,0.0,109.42742,0.0,0.0,0.0,0.0,0.0,81.32371,0.0,0.0,0.0,28.448536,0.0,0.0,0.0,0.0,0.0,0.0,53.60862,0.0,0.0,0.0,0.0,0.0,47.032753,0.0,0.0,63.392254,0.0,79.98372,0.0,0.0,0.0,0.0,0.0,0.0,0.0,0.0,0.0,0.0,0.0,0.0,0.0,130.9224,0.0,0.0,0.0,0.0,0.0,0.0,0.0,0.0,0.0,0.0,0.0,0.0,0.0,0.0,0.0,118.31203,0.0,0.0,0.0,97.07164,0.0,0.0,0.0,0.0,0.0,0.0,125.912254,0.0,0.0,0.0,90.96348,0.0,89.55332,0.0,0.0,0.0,0.0,0.0,0.0,107.806915,0.0,0.0,0.0,0.0,0.0,30.577263,262.44482,0.0,0.0,0.0,0.0,0.0,0.0,0.0,239.98517,185.64822,0.0,0.0,0.0,0.0,0.0,107.48598,166.80618,0.0,0.0,0.0,0.0,0.0,0.0,0.0,0.0,129.74911,0.0,83.78772,0.0,0.0,0.0,0.0,0.0,0.0,0.0,0.0,0.0,0.0,0.0,0.0,0.0,0.0,60.429432,0.0,0.0,0.0,0.0,0.0,0.0,0.0,0.0,49.709827,0.0,0.0,0.0,251.09811,0.0,0.0,0.0,0.0,0.0,0.0,0.0,0.0,0.0,0.0,0.0,0.0,0.0,0.0,0.0,0.0,0.0,0.0,0.0,0.0,0.0,0.0,0.0,73.38152,0.0,0.0,0.0,0.0,0.0,140.65305,0.0,0.0,0.0,0.0,0.0,0.0,0.0,0.0,134.37328,0.0,0.0,0.0,85.56585,0.0,0.0,0.0,0.0,0.0,0.0,0.0,41.416584,0.0,49.5571,0.0,0.0,115.29647,0.0,0.0,0.0,0.0,0.0,0.0,0.0,0.0,92.58111,79.94217,77.6544,0.0,0.0,0.0,0.0,0.0,0.0,0.0,0.0,0.0,0.0,0.0,0.0,0.0,0.0,0.0,0.0,0.0,0.0,0.0,0.0,0.0,0.0,194.22725,168.49281,174.51451,33.2553,95.86404,80.45089,104.03676,65.4365,80.263054,56.638664,79.18755,133.249,33.2553,0.0,0.0,0.0,0.0,0.0,0.0,0.0,0.0,0.0,0.0,0.0,0.0,0.0,0.0,0.0,0.0,0.0,0.0,0.0,0.0,17.904566,103.51407,188.00266,0.0,0.0,0.0,0.0,0.0,0.0,0.0,0.0,0.0,0.0,0.0,101.873726,0.0,0.0,0.0,0.0,0.0,0.0,0.0,0.0,0.0,0.0,0.0,0.0,0.0,0.0,0.0,0.0,0.0,0.0,0.0,0.0,0.0,79.013565,82.899895,0.0,80.55154,81.77846,97.13233,95.092674,0.0,0.0,0.0,28.627655,0.0,0.0,0.0,0.0,0.0,50.90938,0.0,0.0,0.0,0.0,76.820366,122.513885,64.9246,77.7793,67.55398,0.0,0.0,0.0,52.42946,53.98263,0.0,0.0,0.0,0.0,0.0,0.0,0.0,0.0,0.0,0.0,0.0,0.0,0.0,0.0,0.0,0.0,0.0,0.0,0.0,0.0,135.25655,54.22237,67.870186,106.78114,0.0,64.08788,66.433105,38.582203,94.12141,106.0564,0.0,0.0,0.0,0.0,69.13718,0.0,0.0,73.6627,127.88406,52.484924,122.53122,58.04334,0.0,0.0,0.0,0.0,0.0,0.0,0.0,0.0,0.0,0.0,0.0,0.0,56.456936,0.0,0.0,152.10596,223.64786,286.81027,106.0564,0.0,0.0,0.0,0.0,165.59,0.0,0.0,0.0,0.0,0.0,182.91583,0.0,0.0,0.0,0.0,0.0,75.314,0.0,0.0,0.0,0.0,0.0,0.0,0.0,0.0,0.0,0.0,0.0,0.0,0.0,0.0,5.6850257,39.941135,58.4169,0.0,0.0,0.0,0.0,0.0,0.0,0.0,0.0,0.0,0.0,0.0,0.0,0.0,0.0,0.0,0.0
C21x15_C21x16,62.805656,42.44117,0.0,0.0,34.206333,0.0,0.0,0.0,0.0,69.41048,17.419731,0.0,117.95142,58.29097,0.0,0.0,75.563736,0.0,0.0,0.0,0.0,44.520973,0.0,0.0,0.0,54.526833,0.0,0.0,11.562241,0.0,0.0,36.72669,0.0,0.0,0.0,0.0,89.78161,74.24292,59.184544,0.0,50.646313,0.0,0.0,0.0,0.0,0.0,0.0,0.0,0.0,0.0,0.0,77.77868,0.0,0.0,0.0,42.604324,0.0,0.0,45.618847,60.006405,0.0,112.30606,34.769478,0.0,0.0,0.0,0.0,0.0,0.0,102.16126,0.0,0.0,0.0,0.0,0.0,103.30512,0.0,0.0,0.0,0.0,41.133057,0.0,79.91976,0.0,75.9089,0.0,0.0,0.0,0.0,0.0,0.0,40.875397,0.0,0.0,0.0,50.6503,0.0,0.0,0.0,0.0,0.0,0.0,0.0,0.0,98.54242,0.0,0.0,128.76396,69.680016,0.0,0.0,66.344345,0.0,0.0,66.13538,0.0,0.0,0.0,66.721146,0.0,0.0,0.0,81.9624,0.0,0.0,0.0,0.0,0.0,0.0,0.0,0.0,67.39814,0.0,0.0,0.0,0.0,0.0,0.0,117.755066,0.0,0.0,0.0,0.0,0.0,0.0,0.0,0.0,116.57414,34.764336,0.0,56.5033,53.175182,0.0,0.0,145.74908,119.02655,0.0,0.0,47.26747,0.0,80.82788,0.0,0.0,93.67762,0.0,0.0,0.0,0.0,16.387772,0.0,0.0,0.0,0.0,0.0,0.0,0.0,0.0,0.0,0.0,0.0,0.0,0.0,0.0,0.0,0.0,57.112072,0.0,51.531586,0.0,61.184246,18.356073,0.0,0.0,162.1215,0.0,0.0,0.0,0.0,0.0,0.0,0.0,0.0,0.0,0.0,0.0,148.36433,0.0,0.0,0.0,0.0,65.5894,0.0,0.0,0.0,0.0,0.0,0.0,0.0,0.0,0.0,0.0,0.0,0.0,103.76477,0.0,0.0,0.0,0.0,0.0,60.927433,0.0,0.0,81.31889,0.0,0.0,0.0,0.0,0.0,0.0,0.0,84.28642,0.0,0.0,0.0,0.0,0.0,0.0,0.0,0.0,28.156208,0.0,0.0,0.0,0.0,0.0,0.0,0.0,0.0,0.0,0.0,27.4299,20.93042,0.0,0.0,0.0,0.0,0.0,0.0,0.0,0.0,0.0,0.0,0.0,0.0,0.0,0.0,0.0,0.0,0.0,186.58083,0.0,0.0,0.0,111.555466,99.88378,139.58502,64.04678,53.3144,62.678875,120.767555,61.809162,0.0,41.483414,78.831055,14.059897,172.54477,0.0,0.0,0.0,0.0,0.0,0.0,0.0,0.0,0.0,0.0,0.0,0.0,0.0,0.0,0.0,0.0,0.0,0.0,0.0,0.0,4.6473317,15.069532,44.11045,35.791748,0.0,51.058865,33.208996,0.0,0.0,0.0,0.0,0.0,0.0,0.0,44.07735,0.0,55.75776,38.348545,31.906126,77.66445,81.96079,71.84743,93.343605,33.994892,92.19512,179.44344,122.56212,61.95484,63.809456,109.919914,76.04597,79.257614,24.42508,71.49534,134.60725,78.212585,54.202805,135.37488,0.0,37.10966,38.917732,27.952906,70.06767,53.175182,42.371254,23.908657,60.54867,0.0,0.0,0.0,0.0,0.0,48.812405,0.0,0.0,0.0,0.0,54.333504,31.97359,40.63858,43.667133,20.93042,0.0,0.0,0.0,57.318768,62.548725,0.0,0.0,0.0,0.0,0.0,0.0,0.0,0.0,0.0,0.0,0.0,0.0,0.0,0.0,0.0,0.0,0.0,0.0,0.0,0.0,43.187256,24.07047,58.591255,25.646267,69.55341,92.46274,46.73968,0.0,59.79316,101.54978,0.0,0.0,0.0,0.0,57.318768,39.82578,0.0,38.0803,69.34568,26.1949,32.10618,35.631275,61.46682,0.0,0.0,0.0,0.0,0.0,0.0,0.0,0.0,0.0,0.0,0.0,16.914728,0.0,0.0,0.0,0.0,0.0,101.54978,0.0,0.0,0.0,0.0,142.18579,60.43999,0.0,34.32396,0.0,0.0,75.05129,84.02414,109.99628,0.0,0.0,0.0,19.685112,0.0,46.870396,38.02196,0.0,0.0,0.0,0.0,0.0,0.0,0.0,0.0,0.0,0.0,0.0,14.813528,0.0,13.471392,103.6227,0.0,0.0,0.0,0.0,0.0,0.0,0.0,0.0,0.0,0.0,0.0,0.0,0.0,75.1064,0.0
C21x15_C22x15,32.513744,34.115864,0.0,0.0,46.77125,0.0,0.0,0.0,0.0,36.259026,16.16102,0.0,67.97552,54.414806,0.0,0.0,97.938324,0.0,32.84118,0.0,0.0,23.209108,0.0,0.0,0.0,28.425238,0.0,0.0,14.184736,0.0,0.0,0.0,0.0,0.0,0.0,0.0,55.661957,33.677708,55.59219,0.0,46.98672,45.93775,37.568428,0.0,0.0,60.89186,0.0,0.0,0.0,37.86428,0.0,74.460594,0.0,0.0,0.0,39.525833,0.0,0.0,29.85649,53.101265,53.930187,99.38263,40.96106,0.0,0.0,0.0,0.0,0.0,0.0,112.361534,0.0,0.0,41.21116,0.0,0.0,57.486263,0.0,25.872704,25.872704,0.0,38.703365,0.0,63.46775,0.0,0.0,0.0,0.0,0.0,0.0,0.0,0.0,63.236256,0.0,0.0,0.0,0.0,0.0,0.0,0.0,0.0,0.0,0.0,0.0,0.0,57.32807,0.0,49.024338,74.90977,40.537067,0.0,0.0,40.568363,0.0,0.0,0.0,0.0,0.0,0.0,66.11791,0.0,68.8374,0.0,56.102787,0.0,0.0,0.0,0.0,0.0,0.0,0.0,0.0,71.808975,0.0,0.0,0.0,0.0,0.0,16.842287,195.66188,0.0,0.0,0.0,0.0,0.0,0.0,0.0,84.530235,139.19661,0.0,0.0,43.08977,33.26499,0.0,87.97184,99.576126,32.657074,0.0,0.0,36.80568,38.437,115.3329,0.0,0.0,44.047817,0.0,28.821306,0.0,0.0,12.154465,0.0,0.0,0.0,0.0,0.0,0.0,0.0,0.0,0.0,0.0,0.0,43.30827,0.0,0.0,38.70172,0.0,30.3375,0.0,57.706024,0.0,27.380713,0.0,0.0,0.0,210.4135,0.0,0.0,0.0,0.0,0.0,0.0,0.0,0.0,0.0,0.0,0.0,0.0,0.0,0.0,0.0,0.0,71.5899,0.0,0.0,0.0,0.0,0.0,0.0,0.0,0.0,0.0,0.0,0.0,0.0,89.795456,0.0,0.0,0.0,0.0,0.0,78.545395,0.0,0.0,95.35854,0.0,0.0,0.0,0.0,0.0,0.0,0.0,75.86601,0.0,43.944912,0.0,20.765068,0.0,49.366528,0.0,0.0,43.974785,0.0,0.0,0.0,0.0,0.0,0.0,0.0,0.0,68.8563,25.130898,0.0,0.0,51.111652,11.120066,21.357454,0.0,31.533089,49.024338,46.82527,26.170826,22.77837,66.182945,70.02939,36.55736,0.0,24.648832,24.53559,34.35336,63.619797,99.17354,0.0,0.0,0.0,115.925446,80.06731,82.928795,30.595709,36.843414,26.614357,77.328476,42.7138,0.0,28.6675,40.13863,97.32126,32.103313,0.0,0.0,0.0,0.0,0.0,0.0,0.0,0.0,0.0,0.0,0.0,0.0,0.0,0.0,0.0,0.0,0.0,0.0,0.0,0.0,5.806606,35.669594,77.756256,42.63204,0.0,0.0,29.870844,0.0,0.0,0.0,0.0,0.0,0.0,0.0,71.49305,0.0,0.0,0.0,54.20896,86.33101,54.303204,75.60713,95.46003,95.68158,50.078472,102.604126,80.68238,59.92456,72.68574,53.78055,68.70343,90.967896,57.814182,126.02931,117.41098,59.676147,57.039177,77.40613,0.0,43.895195,61.793232,41.12265,50.02509,0.0,23.366413,0.0,27.08881,0.0,0.0,0.0,0.0,0.0,39.582577,0.0,0.0,0.0,0.0,48.57171,29.66325,40.378628,44.975517,30.571682,0.0,0.0,0.0,54.20896,55.814846,0.0,0.0,0.0,0.0,0.0,0.0,0.0,0.0,0.0,0.0,0.0,0.0,0.0,0.0,0.0,0.0,0.0,0.0,0.0,0.0,61.623676,40.896072,65.12944,72.183655,37.779964,60.868027,45.208004,21.251493,68.62758,88.576645,39.0995,0.0,0.0,0.0,50.392704,28.306894,20.057833,35.3287,69.04434,24.302114,25.986088,13.05653,0.0,0.0,0.0,0.0,0.0,0.0,0.0,0.0,0.0,0.0,0.0,0.0,33.02194,0.0,58.47007,95.060196,79.14275,111.00501,88.576645,0.0,0.0,0.0,0.0,96.14021,0.0,0.0,23.135132,0.0,0.0,70.18855,32.83975,71.12749,0.0,0.0,0.0,33.445282,0.0,34.982166,55.539978,0.0,0.0,0.0,0.0,0.0,0.0,0.0,0.0,0.0,0.0,0.0,12.254813,0.0,34.9262,82.18433,0.0,0.0,0.0,26.728848,0.0,0.0,0.0,0.0,0.0,0.0,0.0,0.0,0.0,49.47225,0.0
C21x16_C21x17,0.0,92.010864,0.0,0.0,0.0,0.0,0.0,0.0,0.0,0.0,55.179455,0.0,116.1323,62.519356,0.0,0.0,112.248634,0.0,16.895247,0.0,0.0,43.10446,0.0,54.546112,0.0,0.0,0.0,0.0,34.404236,0.0,0.0,0.0,0.0,0.0,0.0,0.0,101.007706,88.0085,0.0,0.0,60.036785,32.972557,0.0,0.0,0.0,0.0,0.0,0.0,0.0,0.0,0.0,0.0,0.0,0.0,0.0,77.15393,0.0,28.209743,0.0,0.0,84.11169,89.41798,33.663223,0.0,42.598793,0.0,0.0,0.0,0.0,94.751076,0.0,0.0,0.0,0.0,0.0,123.03262,0.0,0.0,0.0,0.0,0.0,0.0,0.0,0.0,94.155106,0.0,0.0,0.0,0.0,0.0,52.67077,52.67077,0.0,0.0,0.0,0.0,0.0,0.0,0.0,0.0,0.0,0.0,0.0,0.0,0.0,0.0,0.0,50.463207,0.0,0.0,0.0,0.0,0.0,0.0,120.321655,0.0,0.0,0.0,86.26502,0.0,0.0,0.0,110.719284,0.0,0.0,0.0,0.0,0.0,0.0,0.0,0.0,89.02013,0.0,0.0,0.0,0.0,0.0,0.0,228.67221,0.0,0.0,0.0,0.0,0.0,0.0,0.0,0.0,76.46647,103.680695,0.0,0.0,86.96652,0.0,0.0,138.89781,113.977135,0.0,0.0,51.919907,55.335487,70.364624,0.0,0.0,57.331406,0.0,0.0,0.0,0.0,0.0,0.0,59.306427,0.0,0.0,0.0,0.0,0.0,0.0,0.0,0.0,0.0,0.0,0.0,0.0,0.0,0.0,86.280815,0.0,185.32088,0.0,164.36752,94.05807,0.0,0.0,234.54742,0.0,0.0,0.0,0.0,0.0,0.0,0.0,0.0,0.0,0.0,0.0,101.85778,0.0,0.0,0.0,0.0,0.0,0.0,0.0,0.0,0.0,0.0,0.0,0.0,0.0,0.0,0.0,0.0,0.0,84.68598,0.0,0.0,0.0,0.0,0.0,105.84428,0.0,0.0,158.4046,0.0,0.0,0.0,0.0,0.0,0.0,0.0,0.0,0.0,76.61899,0.0,0.0,0.0,0.0,0.0,0.0,65.128716,0.0,0.0,0.0,0.0,0.0,0.0,0.0,0.0,0.0,0.0,92.781136,101.85778,0.0,0.0,0.0,0.0,0.0,0.0,0.0,0.0,0.0,0.0,0.0,0.0,0.0,0.0,0.0,0.0,0.0,233.19368,0.0,0.0,0.0,28.55049,136.57935,82.35368,0.0,19.827543,59.61309,149.79645,99.069336,94.04091,55.86117,128.53828,42.38459,268.06458,0.0,0.0,0.0,0.0,0.0,0.0,0.0,0.0,0.0,0.0,0.0,0.0,0.0,0.0,0.0,0.0,0.0,0.0,0.0,0.0,0.0,0.0,0.0,0.0,0.0,73.63354,49.850662,0.0,0.0,0.0,48.854145,83.1242,49.67947,90.28703,0.0,0.0,135.55867,69.92249,0.0,0.0,0.0,0.0,0.0,0.0,0.0,0.0,0.0,0.0,0.0,0.0,0.0,0.0,0.0,0.0,0.0,0.0,0.0,114.21097,0.0,48.854145,56.756824,42.7876,90.28703,51.55659,57.230263,62.677856,82.39307,0.0,0.0,0.0,0.0,0.0,0.0,0.0,0.0,0.0,0.0,82.45808,31.45768,72.269966,93.82428,101.85778,0.0,0.0,0.0,81.02719,36.806328,0.0,0.0,0.0,0.0,0.0,0.0,0.0,0.0,0.0,0.0,0.0,0.0,0.0,0.0,0.0,0.0,0.0,0.0,0.0,0.0,0.0,46.78107,63.714973,75.76921,71.37581,86.514336,64.28433,24.490034,90.3243,108.76238,0.0,0.0,0.0,0.0,0.0,26.185293,36.64774,0.0,75.01869,19.756159,77.694084,41.918133,37.81881,0.0,0.0,0.0,0.0,0.0,0.0,0.0,0.0,0.0,0.0,0.0,22.491604,0.0,0.0,0.0,0.0,0.0,91.89698,0.0,0.0,0.0,0.0,230.35486,69.82749,0.0,171.26428,0.0,0.0,197.77153,0.0,138.36325,0.0,0.0,0.0,0.0,0.0,46.114113,0.0,76.77608,37.52995,0.0,0.0,0.0,0.0,0.0,0.0,0.0,0.0,0.0,0.0,0.0,0.0,107.136154,0.0,0.0,0.0,0.0,0.0,0.0,0.0,0.0,0.0,0.0,0.0,0.0,0.0,65.21521,0.0
C21x16_C22x16,0.0,61.371838,0.0,0.0,45.656643,0.0,0.0,0.0,0.0,67.75704,55.56441,0.0,254.04944,67.0202,0.0,0.0,98.05272,0.0,16.01959,0.0,0.0,70.63247,0.0,0.0,0.0,0.0,0.0,0.0,52.374477,0.0,0.0,0.0,0.0,0.0,0.0,0.0,49.69958,63.982536,0.0,0.0,43.646984,15.82005,0.0,0.0,0.0,0.0,0.0,0.0,0.0,0.0,0.0,0.0,0.0,0.0,0.0,52.405224,0.0,58.83925,0.0,0.0,76.885796,71.27924,56.580322,0.0,0.0,0.0,25.347616,0.0,0.0,167.3411,0.0,0.0,0.0,0.0,0.0,123.225624,0.0,0.0,0.0,0.0,0.0,0.0,85.69466,0.0,50.30215,0.0,0.0,0.0,49.300385,0.0,47.952618,59.002777,0.0,0.0,0.0,0.0,0.0,0.0,0.0,0.0,0.0,0.0,0.0,0.0,92.88919,0.0,0.0,52.07556,0.0,0.0,0.0,68.17156,0.0,0.0,131.61554,0.0,0.0,0.0,0.0,0.0,0.0,0.0,0.0,0.0,0.0,0.0,0.0,0.0,0.0,0.0,0.0,88.847305,0.0,0.0,0.0,0.0,0.0,0.0,264.39987,0.0,0.0,0.0,0.0,0.0,0.0,0.0,0.0,134.08632,70.97516,0.0,71.62612,0.0,70.97516,0.0,130.7784,95.883705,0.0,0.0,35.024178,25.90677,88.95028,0.0,0.0,54.360004,0.0,0.0,0.0,0.0,0.0,0.0,58.16806,0.0,0.0,0.0,0.0,0.0,0.0,0.0,0.0,0.0,0.0,0.0,0.0,0.0,0.0,91.13631,0.0,113.04621,0.0,141.07884,38.211235,0.0,0.0,235.1515,0.0,0.0,0.0,47.624043,0.0,0.0,83.78144,0.0,0.0,0.0,0.0,36.3367,0.0,0.0,0.0,0.0,49.772205,0.0,0.0,0.0,0.0,0.0,0.0,0.0,0.0,0.0,0.0,0.0,0.0,113.72849,0.0,0.0,55.327744,0.0,0.0,218.21565,0.0,0.0,111.36998,0.0,0.0,0.0,0.0,0.0,0.0,0.0,70.73054,0.0,68.79692,0.0,0.0,0.0,0.0,0.0,0.0,41.996677,0.0,0.0,0.0,0.0,0.0,0.0,0.0,0.0,0.0,0.0,100.33574,36.3367,0.0,0.0,0.0,0.0,0.0,0.0,0.0,0.0,0.0,0.0,0.0,0.0,0.0,0.0,0.0,0.0,0.0,178.0471,0.0,0.0,0.0,79.500916,49.671436,77.53963,88.152306,0.0,107.576675,120.35126,75.82314,83.589424,39.74802,126.86767,68.94972,88.152306,0.0,0.0,0.0,0.0,0.0,0.0,0.0,0.0,0.0,0.0,0.0,0.0,0.0,0.0,0.0,0.0,0.0,0.0,0.0,0.0,0.0,0.0,0.0,0.0,0.0,117.35347,70.91857,0.0,0.0,0.0,46.322105,65.70527,69.03485,81.491035,73.27599,0.0,108.43344,66.21492,0.0,0.0,0.0,0.0,0.0,0.0,0.0,0.0,0.0,0.0,0.0,0.0,0.0,0.0,0.0,0.0,0.0,0.0,51.59991,117.68756,0.0,56.99653,66.21633,48.830208,100.26976,0.0,0.0,60.320755,78.66313,0.0,0.0,0.0,0.0,0.0,61.906933,0.0,0.0,0.0,0.0,27.84603,55.860317,39.389126,99.83195,36.3367,0.0,0.0,0.0,35.07995,36.546246,0.0,0.0,0.0,0.0,0.0,0.0,0.0,0.0,0.0,0.0,0.0,0.0,0.0,0.0,0.0,0.0,0.0,0.0,0.0,0.0,0.0,34.154396,77.84114,53.81647,60.530178,70.60581,0.0,0.0,69.958694,85.73156,0.0,0.0,47.624043,0.0,35.07995,79.95056,27.327187,0.0,55.307716,0.0,44.10056,75.33439,46.916676,0.0,0.0,0.0,0.0,0.0,0.0,0.0,0.0,0.0,0.0,0.0,0.0,0.0,0.0,0.0,0.0,0.0,85.73156,0.0,0.0,0.0,0.0,83.775894,49.672638,0.0,102.61127,0.0,0.0,104.589615,51.42403,129.08037,0.0,0.0,0.0,0.0,0.0,81.88618,136.17819,0.0,35.584824,0.0,0.0,0.0,0.0,0.0,0.0,0.0,0.0,0.0,0.0,0.0,0.0,182.97781,0.0,31.376383,0.0,0.0,0.0,0.0,0.0,0.0,0.0,0.0,0.0,0.0,0.0,131.21663,0.0
C21x17_C21x18,0.0,108.04069,0.0,0.0,0.0,59.07653,0.0,0.0,0.0,0.0,0.0,0.0,90.51629,0.0,0.0,0.0,234.93474,0.0,45.147915,0.0,0.0,68.786934,0.0,90.67571,44.096893,0.0,0.0,0.0,0.0,0.0,0.0,0.0,0.0,0.0,0.0,0.0,0.0,45.093304,0.0,0.0,0.0,0.0,0.0,0.0,0.0,0.0,0.0,0.0,0.0,0.0,0.0,0.0,0.0,0.0,0.0,0.0,0.0,59.66822,0.0,0.0,92.401596,116.40648,0.0,0.0,0.0,0.0,0.0,0.0,0.0,51.97723,0.0,0.0,0.0,0.0,0.0,251.51979,0.0,92.18116,0.0,0.0,0.0,58.02674,0.0,0.0,0.0,0.0,0.0,0.0,0.0,0.0,64.97084,64.97084,0.0,0.0,0.0,0.0,0.0,0.0,0.0,0.0,0.0,0.0,0.0,0.0,0.0,0.0,0.0,0.0,0.0,0.0,0.0,0.0,0.0,0.0,99.443565,0.0,0.0,0.0,71.2964,0.0,0.0,0.0,151.53015,0.0,0.0,0.0,0.0,0.0,0.0,0.0,0.0,99.82338,0.0,0.0,0.0,0.0,0.0,0.0,141.18555,0.0,0.0,0.0,0.0,0.0,0.0,0.0,0.0,60.777607,217.4356,0.0,0.0,109.02875,0.0,0.0,106.890175,115.13349,0.0,0.0,121.50645,111.863625,37.278404,0.0,0.0,23.783573,0.0,193.36984,0.0,0.0,0.0,0.0,126.18744,0.0,0.0,0.0,0.0,0.0,0.0,0.0,0.0,0.0,0.0,0.0,0.0,0.0,0.0,53.795013,0.0,233.46606,0.0,130.60187,86.902275,0.0,0.0,268.715,0.0,0.0,0.0,0.0,0.0,0.0,0.0,0.0,0.0,0.0,0.0,179.60847,0.0,0.0,0.0,0.0,0.0,0.0,0.0,0.0,0.0,0.0,0.0,0.0,0.0,0.0,0.0,0.0,0.0,0.0,0.0,0.0,0.0,0.0,0.0,115.18887,0.0,0.0,0.0,0.0,0.0,0.0,0.0,0.0,0.0,0.0,0.0,0.0,66.34073,0.0,0.0,0.0,103.21511,0.0,0.0,71.64889,0.0,0.0,0.0,0.0,0.0,0.0,0.0,0.0,147.88486,86.7074,173.40897,196.3875,0.0,0.0,0.0,0.0,0.0,0.0,0.0,0.0,0.0,0.0,0.0,0.0,0.0,0.0,0.0,0.0,0.0,214.75125,0.0,0.0,0.0,0.0,0.0,0.0,0.0,15.10642,45.159485,105.753204,75.48,71.64889,42.5601,99.82338,126.49322,97.49864,0.0,0.0,0.0,0.0,0.0,0.0,0.0,0.0,0.0,0.0,0.0,0.0,0.0,0.0,0.0,0.0,0.0,0.0,0.0,0.0,0.0,0.0,0.0,0.0,0.0,0.0,63.9441,17.653938,93.09143,111.128815,21.351007,68.70057,11.940895,109.04055,0.0,0.0,184.11716,134.58754,0.0,0.0,0.0,0.0,0.0,0.0,0.0,0.0,0.0,0.0,0.0,0.0,0.0,0.0,0.0,0.0,0.0,0.0,0.0,0.0,0.0,21.351007,67.91298,45.855003,109.04055,109.02875,87.083405,99.74886,149.73781,0.0,0.0,0.0,0.0,0.0,0.0,0.0,0.0,0.0,0.0,0.0,0.0,0.0,0.0,0.0,0.0,0.0,0.0,73.97357,121.68138,0.0,0.0,0.0,0.0,0.0,0.0,0.0,0.0,0.0,0.0,0.0,0.0,0.0,0.0,0.0,0.0,80.92867,110.30965,75.2734,0.0,0.0,42.70866,15.492548,97.527016,54.490616,20.88083,65.01172,32.96599,59.624638,114.4052,0.0,0.0,0.0,0.0,0.0,0.0,0.0,0.0,0.0,0.0,0.0,0.0,124.277306,0.0,0.0,0.0,0.0,0.0,0.0,0.0,0.0,0.0,0.0,0.0,0.0,93.09143,0.0,0.0,0.0,0.0,0.0,0.0,0.0,0.0,0.0,162.85767,0.0,0.0,81.41085,0.0,0.0,200.56291,42.163464,112.94476,0.0,0.0,0.0,0.0,0.0,73.82585,57.622692,64.88333,72.23804,0.0,0.0,0.0,0.0,0.0,0.0,0.0,0.0,0.0,0.0,0.0,0.0,62.78268,0.0,0.0,0.0,0.0,0.0,0.0,0.0,0.0,0.0,0.0,0.0,0.0,0.0,147.57928,0.0
C21x17_C22x17,0.0,34.873047,0.0,0.0,0.0,0.0,0.0,0.0,0.0,0.0,0.0,0.0,214.02832,0.0,0.0,0.0,164.94298,0.0,113.69573,0.0,0.0,70.37342,0.0,82.47476,0.0,42.810143,0.0,0.0,0.0,0.0,0.0,38.45952,0.0,0.0,0.0,0.0,0.0,59.848682,70.649055,0.0,0.0,0.0,0.0,0.0,0.0,0.0,0.0,0.0,0.0,0.0,0.0,98.97773,0.0,0.0,0.0,0.0,0.0,120.12518,0.0,0.0,101.13201,120.29044,0.0,0.0,24.106306,0.0,0.0,0.0,0.0,169.73967,0.0,0.0,0.0,0.0,0.0,206.08319,0.0,0.0,51.76679,0.0,0.0,0.0,0.0,0.0,0.0,0.0,0.0,0.0,0.0,0.0,80.46551,80.46551,0.0,0.0,0.0,51.006268,0.0,0.0,0.0,0.0,0.0,0.0,0.0,0.0,0.0,0.0,79.75565,0.0,0.0,0.0,0.0,0.0,0.0,0.0,133.07663,0.0,0.0,0.0,95.409744,0.0,105.346954,0.0,109.45784,0.0,148.9831,0.0,0.0,0.0,0.0,0.0,0.0,85.60784,0.0,0.0,0.0,0.0,125.77049,0.0,183.60162,0.0,0.0,0.0,0.0,0.0,0.0,0.0,0.0,26.461443,0.0,0.0,0.0,105.84728,0.0,0.0,176.8554,57.772045,0.0,0.0,79.854614,108.371544,60.62933,0.0,0.0,79.56293,0.0,0.0,0.0,0.0,0.0,0.0,138.15541,0.0,0.0,0.0,0.0,0.0,0.0,0.0,0.0,0.0,0.0,0.0,0.0,0.0,0.0,69.984085,0.0,160.46075,0.0,184.34718,63.494465,0.0,0.0,206.45401,0.0,0.0,0.0,0.0,0.0,0.0,0.0,0.0,0.0,0.0,0.0,62.602028,0.0,0.0,0.0,0.0,0.0,0.0,0.0,0.0,0.0,0.0,0.0,0.0,0.0,0.0,0.0,0.0,0.0,0.0,0.0,0.0,0.0,0.0,0.0,160.41933,0.0,0.0,0.0,0.0,0.0,0.0,0.0,0.0,0.0,0.0,0.0,0.0,131.05768,0.0,0.0,0.0,0.0,0.0,0.0,0.0,0.0,0.0,0.0,0.0,0.0,0.0,0.0,0.0,0.0,0.0,0.0,0.0,0.0,0.0,0.0,0.0,0.0,0.0,0.0,0.0,0.0,0.0,0.0,0.0,0.0,0.0,0.0,0.0,0.0,290.04678,0.0,0.0,0.0,0.0,0.0,0.0,0.0,14.709084,32.153908,113.65441,51.157455,0.0,38.573517,85.60784,97.6972,24.73826,0.0,0.0,0.0,0.0,0.0,0.0,0.0,0.0,0.0,0.0,0.0,0.0,0.0,0.0,0.0,0.0,0.0,0.0,0.0,0.0,0.0,0.0,0.0,0.0,0.0,0.0,0.0,51.3109,0.0,0.0,0.0,105.86783,137.85783,86.159706,0.0,0.0,206.05434,125.22771,0.0,16.495531,88.933174,46.71243,91.34177,90.82476,70.820885,140.46284,109.60685,78.56718,0.0,99.36524,47.87616,91.36671,65.82939,72.165924,115.28623,0.0,0.0,0.0,0.0,0.0,59.630493,29.348183,86.159706,105.84728,80.43627,86.80511,104.3505,0.0,0.0,0.0,0.0,0.0,0.0,0.0,0.0,0.0,0.0,0.0,0.0,0.0,0.0,0.0,0.0,0.0,0.0,0.0,57.05594,0.0,0.0,0.0,0.0,0.0,0.0,0.0,0.0,0.0,0.0,0.0,0.0,0.0,0.0,0.0,0.0,0.0,0.0,0.0,0.0,0.0,0.0,71.35753,60.838493,70.88902,54.833572,54.884636,0.0,100.63036,83.88664,24.551146,0.0,0.0,0.0,0.0,0.0,0.0,0.0,0.0,0.0,0.0,0.0,112.080475,0.0,0.0,0.0,0.0,0.0,0.0,0.0,0.0,0.0,0.0,0.0,49.46186,0.0,0.0,0.0,0.0,0.0,0.0,0.0,0.0,0.0,0.0,103.90904,0.0,0.0,183.45427,0.0,0.0,66.93227,0.0,82.81579,0.0,0.0,0.0,0.0,0.0,87.226494,80.24901,115.62284,72.30025,0.0,0.0,0.0,0.0,0.0,0.0,0.0,0.0,0.0,0.0,0.0,0.0,117.950035,0.0,0.0,0.0,0.0,0.0,0.0,0.0,0.0,0.0,0.0,0.0,0.0,0.0,174.36743,0.0
C21x18_C21x19,0.0,0.0,0.0,0.0,0.0,147.58661,0.0,0.0,0.0,0.0,0.0,0.0,93.164734,0.0,0.0,0.0,243.92311,0.0,0.0,45.25884,0.0,0.0,0.0,148.11127,72.02863,0.0,0.0,0.0,0.0,0.0,0.0,0.0,0.0,0.0,0.0,0.0,0.0,69.111115,0.0,57.736206,0.0,0.0,0.0,0.0,0.0,0.0,0.0,0.0,0.0,0.0,0.0,0.0,0.0,0.0,0.0,0.0,87.53415,0.0,0.0,0.0,0.0,123.17776,0.0,0.0,0.0,0.0,0.0,143.38692,0.0,0.0,0.0,0.0,0.0,0.0,0.0,237.02956,0.0,92.59223,0.0,0.0,0.0,41.21463,0.0,0.0,0.0,0.0,0.0,0.0,0.0,0.0,0.0,0.0,0.0,0.0,0.0,0.0,0.0,0.0,0.0,0.0,0.0,0.0,52.14073,0.0,0.0,0.0,0.0,0.0,0.0,0.0,85.2058,0.0,0.0,0.0,82.89235,0.0,0.0,85.2058,0.0,0.0,0.0,0.0,127.62876,0.0,0.0,0.0,0.0,0.0,0.0,0.0,0.0,83.64162,0.0,0.0,0.0,0.0,0.0,0.0,59.189194,0.0,0.0,0.0,0.0,0.0,0.0,0.0,0.0,131.23174,39.46484,0.0,0.0,17.60369,0.0,0.0,79.05219,112.47864,0.0,0.0,94.13666,0.0,91.20463,0.0,0.0,0.0,26.908434,140.15012,0.0,0.0,0.0,0.0,0.0,0.0,0.0,0.0,0.0,0.0,0.0,0.0,0.0,0.0,63.912952,0.0,0.0,0.0,0.0,79.31733,0.0,62.92324,0.0,102.680046,0.0,0.0,0.0,191.49861,0.0,0.0,0.0,0.0,0.0,0.0,0.0,0.0,0.0,0.0,0.0,90.001625,0.0,0.0,0.0,0.0,0.0,0.0,0.0,0.0,0.0,0.0,0.0,0.0,0.0,0.0,0.0,0.0,0.0,0.0,0.0,0.0,0.0,0.0,0.0,110.865204,0.0,0.0,0.0,0.0,0.0,0.0,0.0,0.0,0.0,0.0,0.0,0.0,0.0,0.0,92.92889,0.0,172.13374,0.0,0.0,69.83073,0.0,0.0,0.0,0.0,0.0,0.0,0.0,0.0,154.58122,189.94469,175.44354,199.84422,0.0,0.0,0.0,0.0,0.0,0.0,0.0,0.0,0.0,0.0,0.0,0.0,0.0,0.0,0.0,0.0,0.0,125.66382,0.0,0.0,0.0,16.281563,119.61153,65.220314,0.0,70.87514,136.77924,174.8406,58.592022,86.630905,81.53153,117.24703,108.6655,0.0,52.95597,94.39018,91.2539,0.0,0.0,124.46474,88.076195,28.755028,151.51813,37.34531,0.0,138.42041,88.56316,98.546486,98.591385,106.648415,88.18729,65.03503,67.0775,102.15404,0.0,0.0,0.0,0.0,0.0,0.0,48.612617,0.0,198.39822,146.41756,0.0,0.0,0.0,0.0,0.0,38.88739,0.0,0.0,0.0,0.0,0.0,0.0,0.0,0.0,0.0,0.0,0.0,0.0,0.0,0.0,0.0,0.0,0.0,0.0,0.0,0.0,0.0,0.0,0.0,0.0,0.0,0.0,0.0,17.60369,30.648085,244.231,246.12392,0.0,100.45375,95.703415,50.825912,61.623024,0.0,0.0,0.0,0.0,0.0,0.0,0.0,0.0,0.0,0.0,0.0,0.0,0.0,0.0,0.0,0.0,0.0,0.0,0.0,0.0,0.0,0.0,0.0,0.0,0.0,0.0,0.0,0.0,0.0,0.0,0.0,106.11162,59.797237,84.86559,0.0,0.0,0.0,0.0,0.0,0.0,0.0,0.0,0.0,0.0,0.0,0.0,0.0,0.0,0.0,0.0,0.0,0.0,0.0,0.0,0.0,0.0,0.0,119.906586,0.0,0.0,0.0,0.0,0.0,0.0,0.0,0.0,0.0,0.0,0.0,0.0,198.39822,0.0,0.0,0.0,0.0,0.0,0.0,0.0,0.0,0.0,105.59741,0.0,0.0,286.72964,0.0,0.0,148.43695,0.0,160.51253,0.0,0.0,0.0,0.0,0.0,0.0,0.0,0.0,0.0,0.0,0.0,0.0,0.0,0.0,0.0,0.0,0.0,0.0,0.0,0.0,0.0,0.0,0.0,0.0,0.0,0.0,0.0,0.0,0.0,0.0,0.0,0.0,0.0,0.0,0.0,100.29666,0.0
C21x18_C22x18,0.0,0.0,0.0,0.0,0.0,40.240185,0.0,0.0,0.0,0.0,0.0,0.0,126.459915,0.0,0.0,0.0,252.8756,0.0,54.945377,0.0,0.0,38.815453,0.0,185.72716,131.70456,0.0,0.0,0.0,0.0,0.0,0.0,0.0,0.0,0.0,0.0,0.0,0.0,75.38118,0.0,0.0,0.0,0.0,0.0,0.0,0.0,0.0,0.0,0.0,0.0,0.0,0.0,0.0,0.0,0.0,0.0,0.0,0.0,96.3112,0.0,0.0,96.361855,170.00842,0.0,0.0,90.1825,63.951057,0.0,0.0,190.65755,85.90782,0.0,0.0,0.0,0.0,0.0,111.33103,0.0,108.042946,0.0,0.0,0.0,68.01151,0.0,0.0,0.0,0.0,0.0,0.0,0.0,0.0,76.2659,76.2659,0.0,0.0,0.0,0.0,0.0,0.0,0.0,0.0,0.0,0.0,0.0,0.0,0.0,0.0,0.0,0.0,0.0,0.0,0.0,0.0,0.0,0.0,50.993458,0.0,0.0,0.0,0.0,0.0,0.0,0.0,123.109146,0.0,0.0,0.0,0.0,0.0,0.0,0.0,0.0,125.460846,0.0,0.0,0.0,0.0,0.0,0.0,167.67934,0.0,0.0,0.0,0.0,0.0,0.0,0.0,0.0,108.16,79.09409,0.0,0.0,0.0,0.0,0.0,178.85748,37.53433,0.0,0.0,128.50427,136.13893,33.129425,0.0,0.0,0.0,0.0,268.2791,0.0,0.0,0.0,0.0,158.37698,0.0,0.0,0.0,0.0,0.0,0.0,0.0,0.0,0.0,0.0,0.0,0.0,0.0,0.0,60.33046,0.0,83.74168,0.0,174.34395,0.0,0.0,0.0,290.80493,0.0,0.0,0.0,0.0,0.0,0.0,0.0,0.0,0.0,0.0,0.0,79.72176,0.0,0.0,0.0,0.0,0.0,0.0,0.0,0.0,0.0,0.0,0.0,0.0,0.0,0.0,0.0,0.0,0.0,0.0,0.0,0.0,0.0,0.0,0.0,98.51974,0.0,0.0,0.0,0.0,0.0,0.0,0.0,0.0,0.0,0.0,0.0,0.0,77.34786,0.0,0.0,0.0,0.0,0.0,0.0,101.59942,0.0,0.0,0.0,0.0,0.0,0.0,0.0,0.0,122.02266,216.9594,146.86992,87.16937,0.0,0.0,0.0,0.0,0.0,0.0,0.0,0.0,0.0,0.0,0.0,0.0,0.0,0.0,0.0,0.0,0.0,216.72754,0.0,0.0,0.0,0.0,0.0,0.0,0.0,69.49247,154.17487,134.73389,92.69996,101.59942,92.76316,125.460846,153.75453,142.83687,100.187744,0.0,0.0,0.0,0.0,0.0,0.0,0.0,0.0,0.0,0.0,0.0,0.0,0.0,0.0,0.0,0.0,0.0,0.0,0.0,0.0,0.0,0.0,0.0,0.0,0.0,121.05906,0.0,76.81155,107.34328,25.984348,97.468414,73.42571,117.877144,0.0,0.0,214.88184,64.84619,0.0,0.0,0.0,0.0,0.0,0.0,0.0,0.0,0.0,0.0,0.0,0.0,0.0,0.0,0.0,0.0,0.0,0.0,0.0,0.0,0.0,25.984348,82.51891,0.0,117.877144,0.0,113.107796,179.12207,252.82141,0.0,0.0,0.0,0.0,0.0,0.0,0.0,0.0,0.0,0.0,0.0,0.0,0.0,0.0,0.0,0.0,0.0,0.0,0.0,0.0,0.0,0.0,0.0,0.0,0.0,0.0,0.0,0.0,0.0,0.0,0.0,0.0,0.0,0.0,0.0,0.0,88.9323,104.048805,164.06857,0.0,0.0,0.0,0.0,0.0,0.0,0.0,0.0,0.0,0.0,0.0,0.0,0.0,0.0,0.0,0.0,0.0,0.0,0.0,0.0,0.0,0.0,0.0,146.1322,0.0,0.0,0.0,0.0,0.0,0.0,0.0,0.0,0.0,0.0,0.0,0.0,76.81155,0.0,0.0,0.0,0.0,0.0,0.0,0.0,0.0,0.0,118.08904,0.0,0.0,254.80066,0.0,0.0,168.53494,52.451073,146.31935,0.0,0.0,0.0,52.451073,0.0,76.477745,73.73189,0.0,37.43897,0.0,0.0,0.0,0.0,0.0,0.0,0.0,0.0,0.0,0.0,0.0,0.0,0.0,0.0,0.0,0.0,0.0,0.0,0.0,0.0,0.0,0.0,0.0,0.0,0.0,0.0,109.95558,0.0
C21x19_C21x20,0.0,0.0,0.0,0.0,0.0,124.11321,0.0,0.0,0.0,0.0,60.681026,0.0,69.00422,84.17993,0.0,0.0,136.34642,0.0,27.822802,56.884663,0.0,0.0,0.0,53.896324,0.0,0.0,0.0,0.0,52.67208,0.0,0.0,0.0,0.0,0.0,0.0,0.0,0.0,105.963554,0.0,100.1551,73.093185,0.0,0.0,0.0,0.0,0.0,0.0,0.0,0.0,0.0,0.0,0.0,0.0,0.0,0.0,59.8541,33.031773,0.0,0.0,0.0,53.189068,101.55611,0.0,0.0,44.95717,0.0,0.0,159.45369,0.0,0.0,0.0,0.0,0.0,0.0,0.0,97.04733,0.0,39.992065,0.0,0.0,0.0,0.0,70.83942,0.0,0.0,0.0,0.0,0.0,0.0,0.0,0.0,0.0,0.0,0.0,0.0,0.0,0.0,0.0,0.0,0.0,0.0,53.922184,67.60633,0.0,51.922905,0.0,0.0,0.0,0.0,0.0,83.07693,0.0,0.0,0.0,0.0,0.0,0.0,83.07693,57.306095,0.0,0.0,0.0,144.71059,0.0,0.0,0.0,0.0,0.0,0.0,0.0,0.0,57.266792,0.0,0.0,0.0,0.0,0.0,0.0,97.28538,0.0,0.0,0.0,0.0,0.0,0.0,0.0,0.0,72.65535,45.676468,0.0,0.0,12.872977,0.0,0.0,47.65077,73.156845,0.0,0.0,0.0,64.31759,70.77795,0.0,0.0,55.132202,56.43904,72.38273,0.0,0.0,0.0,0.0,0.0,0.0,0.0,0.0,0.0,0.0,0.0,0.0,0.0,0.0,53.440926,0.0,0.0,0.0,0.0,63.812294,0.0,80.33802,0.0,57.88358,0.0,0.0,0.0,316.55035,0.0,0.0,0.0,0.0,0.0,0.0,0.0,0.0,0.0,0.0,0.0,86.192505,0.0,0.0,0.0,0.0,83.15923,0.0,0.0,0.0,0.0,0.0,0.0,0.0,0.0,0.0,0.0,0.0,0.0,0.0,0.0,0.0,0.0,0.0,0.0,86.6433,0.0,0.0,0.0,0.0,0.0,0.0,0.0,0.0,0.0,0.0,49.852,0.0,35.250687,0.0,84.79913,0.0,59.15618,0.0,0.0,90.5434,0.0,0.0,0.0,0.0,0.0,0.0,40.143604,0.0,80.89681,76.89805,46.64954,176.70863,55.316757,101.8218,43.27429,83.35488,51.828575,36.71504,88.422844,45.06327,49.218597,50.091034,52.283306,0.0,51.06483,18.26416,59.62123,32.29743,61.04493,57.091686,0.0,0.0,0.0,73.48577,48.3555,48.1954,0.0,81.470856,77.368164,88.256775,10.4987955,80.27031,93.720375,66.98281,77.84419,0.0,89.043564,74.68294,0.0,49.893356,19.955631,22.761297,0.0,0.0,95.51516,0.0,54.820057,42.536034,36.26054,25.634605,87.17765,63.23671,118.61608,56.559994,32.667297,52.368866,0.0,0.0,0.0,0.0,0.0,0.0,33.592712,42.509064,60.96697,75.06039,0.0,0.0,0.0,0.0,0.0,106.02998,88.422844,58.418957,0.0,0.0,0.0,0.0,0.0,0.0,0.0,0.0,0.0,0.0,0.0,0.0,0.0,0.0,0.0,0.0,0.0,0.0,0.0,0.0,0.0,0.0,0.0,0.0,0.0,0.0,0.0,77.8225,187.20528,0.0,0.0,26.39208,37.44504,62.369175,0.0,0.0,0.0,0.0,0.0,19.981153,70.27874,31.046917,83.67076,39.297043,0.0,0.0,0.0,0.0,0.0,0.0,0.0,0.0,0.0,0.0,0.0,0.0,0.0,0.0,0.0,0.0,0.0,0.0,0.0,0.0,0.0,0.0,0.0,0.0,92.71244,0.0,95.81143,75.04821,106.46657,76.24043,0.0,130.4945,31.634453,53.24038,105.73292,0.0,0.0,0.0,0.0,55.316757,43.3291,28.935806,0.0,52.283306,18.26416,0.0,0.0,0.0,0.0,0.0,0.0,0.0,0.0,0.0,0.0,0.0,0.0,0.0,0.0,9.730997,60.96697,0.0,0.0,0.0,0.0,0.0,0.0,0.0,0.0,0.0,59.53194,0.0,0.0,126.78262,0.0,0.0,166.16714,80.19297,88.49714,0.0,0.0,0.0,53.39339,0.0,78.116356,86.6433,0.0,0.0,0.0,0.0,0.0,0.0,0.0,0.0,0.0,0.0,0.0,0.0,0.0,0.0,0.0,0.0,0.0,0.0,0.0,0.0,0.0,0.0,0.0,0.0,0.0,0.0,0.0,0.0,78.116356,0.0
C21x19_C22x19,0.0,221.43797,0.0,0.0,0.0,134.69266,0.0,0.0,0.0,0.0,0.0,0.0,0.0,0.0,0.0,0.0,144.38374,0.0,0.0,65.581,0.0,0.0,0.0,118.40572,0.0,0.0,0.0,0.0,0.0,0.0,0.0,0.0,0.0,0.0,0.0,0.0,0.0,148.57976,0.0,140.30614,0.0,0.0,0.0,0.0,0.0,0.0,0.0,0.0,0.0,0.0,0.0,0.0,0.0,0.0,0.0,0.0,0.0,0.0,0.0,0.0,0.0,109.932976,0.0,0.0,36.373825,0.0,0.0,130.53679,0.0,0.0,0.0,0.0,0.0,0.0,0.0,130.12592,0.0,5.7839804,0.0,7.8270335,0.0,120.04251,72.957214,0.0,0.0,0.0,0.0,0.0,0.0,0.0,0.0,0.0,0.0,0.0,0.0,0.0,0.0,0.0,0.0,0.0,0.0,55.53422,58.037052,0.0,53.475174,0.0,0.0,75.62531,0.0,0.0,0.0,0.0,0.0,91.43439,0.0,0.0,0.0,0.0,0.0,0.0,0.0,0.0,121.62291,0.0,0.0,0.0,0.0,0.0,0.0,0.0,0.0,88.24925,0.0,0.0,0.0,0.0,0.0,0.0,124.21506,0.0,0.0,0.0,0.0,0.0,0.0,0.0,0.0,69.33274,0.0,0.0,0.0,0.0,0.0,0.0,111.90399,73.49937,141.56952,59.11514,86.037056,0.0,0.0,0.0,0.0,0.0,89.11667,105.36603,0.0,0.0,0.0,0.0,0.0,0.0,0.0,90.381134,0.0,0.0,0.0,0.0,0.0,0.0,55.809647,0.0,0.0,0.0,0.0,94.23278,0.0,0.0,0.0,113.84529,0.0,0.0,0.0,263.75824,0.0,0.0,0.0,0.0,0.0,0.0,0.0,0.0,0.0,0.0,0.0,94.819695,0.0,0.0,0.0,0.0,85.64533,0.0,0.0,0.0,0.0,0.0,0.0,0.0,0.0,0.0,0.0,0.0,0.0,53.116535,0.0,0.0,0.0,0.0,0.0,0.0,0.0,0.0,168.49785,0.0,0.0,0.0,0.0,0.0,0.0,0.0,50.042824,0.0,0.0,0.0,88.63317,0.0,110.61999,0.0,0.0,118.88875,0.0,0.0,0.0,0.0,0.0,0.0,0.0,0.0,119.5304,122.259766,162.89688,194.39578,0.0,0.0,0.0,0.0,0.0,0.0,0.0,0.0,0.0,0.0,0.0,0.0,0.0,0.0,0.0,0.0,0.0,37.54898,0.0,0.0,0.0,70.12518,58.499786,113.183014,0.0,20.656363,178.35406,125.55079,56.586693,166.65572,79.41569,123.70592,91.10596,0.0,184.62152,137.47365,63.596333,84.62621,28.877434,143.55905,90.27615,83.75243,131.83792,0.0,70.78467,98.223465,48.61994,103.39128,95.90344,156.68399,125.556984,116.68772,0.0,113.96726,0.0,0.0,0.0,0.0,0.0,0.0,53.397667,0.0,140.78386,163.34946,0.0,0.0,0.0,0.0,0.0,165.38718,0.0,0.0,0.0,0.0,0.0,0.0,0.0,0.0,0.0,0.0,0.0,0.0,0.0,0.0,0.0,0.0,0.0,0.0,0.0,0.0,0.0,0.0,0.0,0.0,0.0,0.0,0.0,0.0,0.0,170.20856,258.85886,0.0,143.54753,0.0,0.0,0.0,0.0,0.0,0.0,0.0,0.0,0.0,0.0,0.0,0.0,0.0,0.0,0.0,0.0,0.0,0.0,0.0,0.0,0.0,0.0,0.0,0.0,0.0,0.0,0.0,0.0,0.0,0.0,0.0,0.0,0.0,0.0,0.0,0.0,0.0,0.0,0.0,0.0,0.0,0.0,0.0,0.0,0.0,0.0,0.0,0.0,0.0,0.0,0.0,0.0,0.0,0.0,0.0,0.0,0.0,0.0,0.0,0.0,0.0,0.0,0.0,0.0,0.0,0.0,0.0,0.0,0.0,0.0,0.0,0.0,0.0,140.78386,0.0,0.0,0.0,0.0,0.0,0.0,0.0,0.0,0.0,57.838715,0.0,0.0,232.55617,0.0,0.0,182.44806,92.57784,127.38135,0.0,0.0,0.0,92.57784,0.0,0.0,0.0,0.0,0.0,0.0,0.0,0.0,0.0,0.0,0.0,0.0,0.0,0.0,0.0,0.0,0.0,0.0,0.0,0.0,0.0,0.0,0.0,0.0,0.0,0.0,0.0,0.0,0.0,0.0,0.0,0.0,0.0
C21x20_C21x21,166.99074,0.0,0.0,0.0,78.13653,36.76032,0.0,0.0,0.0,0.0,52.645325,0.0,56.44156,73.59034,0.0,0.0,111.252884,0.0,87.025734,53.14681,0.0,0.0,0.0,0.0,0.0,0.0,0.0,0.0,56.23092,0.0,0.0,0.0,0.0,0.0,0.0,0.0,0.0,110.8995,0.0,84.19035,94.589325,0.0,0.0,0.0,0.0,0.0,0.0,0.0,0.0,47.61181,0.0,0.0,0.0,0.0,0.0,28.525114,32.109848,0.0,0.0,0.0,106.650024,0.0,0.0,0.0,0.0,0.0,47.21216,71.01887,0.0,0.0,0.0,0.0,0.0,0.0,0.0,37.649006,0.0,5.558879,0.0,0.0,0.0,5.9810696,89.518936,0.0,45.56201,0.0,0.0,0.0,0.0,0.0,0.0,0.0,0.0,0.0,0.0,0.0,0.0,0.0,0.0,0.0,0.0,0.0,39.370407,0.0,46.545544,0.0,0.0,36.664577,0.0,0.0,79.226494,0.0,0.0,0.0,0.0,0.0,0.0,79.226494,72.79258,0.0,0.0,0.0,78.02112,0.0,61.76807,0.0,0.0,0.0,0.0,0.0,0.0,52.934486,0.0,0.0,0.0,0.0,39.007637,0.0,69.98984,0.0,0.0,0.0,0.0,0.0,0.0,0.0,59.858044,82.29165,10.243328,0.0,0.0,10.243328,0.0,36.399178,50.040867,83.09339,0.0,0.0,0.0,70.56364,0.0,0.0,0.0,101.92381,89.23647,46.357197,0.0,0.0,0.0,0.0,0.0,0.0,0.0,0.0,0.0,0.0,0.0,0.0,0.0,0.0,149.2885,0.0,0.0,0.0,0.0,49.880142,0.0,55.77785,0.0,56.979153,0.0,0.0,0.0,286.9041,0.0,0.0,0.0,0.0,0.0,0.0,0.0,0.0,0.0,0.0,0.0,0.0,0.0,0.0,0.0,0.0,95.10556,0.0,0.0,0.0,0.0,0.0,0.0,36.520096,0.0,0.0,0.0,0.0,0.0,106.0684,0.0,0.0,0.0,0.0,53.658813,35.031387,0.0,0.0,134.8818,0.0,0.0,0.0,25.400957,0.0,0.0,0.0,0.0,0.0,0.0,0.0,84.116684,0.0,71.02529,0.0,0.0,0.0,0.0,0.0,0.0,0.0,0.0,0.0,27.770231,0.0,64.86387,50.202343,19.598316,83.35971,69.97693,132.04297,111.44286,91.70056,66.29185,44.98967,122.67642,147.94046,64.01319,86.526596,84.989555,13.028987,0.0,0.0,0.0,87.95148,43.93676,64.69896,0.0,0.0,0.0,0.0,0.0,0.0,46.655296,120.07892,0.0,129.13196,44.93571,0.0,51.449947,46.928516,52.608315,47.78226,0.0,56.31669,0.0,47.923603,18.441868,30.183449,0.0,0.0,91.88011,0.0,36.84751,42.577503,33.50995,23.690056,76.03682,64.597305,110.41312,56.42822,9.117196,45.399715,0.0,0.0,59.085155,49.463467,0.0,0.0,63.35566,42.818485,69.790215,61.73382,0.0,0.0,0.0,0.0,0.0,72.74739,72.576195,75.808846,0.0,0.0,0.0,0.0,0.0,0.0,0.0,0.0,0.0,0.0,0.0,0.0,0.0,0.0,0.0,0.0,0.0,0.0,0.0,0.0,0.0,0.0,0.0,0.0,0.0,0.0,0.0,57.601715,133.40688,0.0,30.779873,72.92788,71.13325,79.06189,0.0,0.0,0.0,0.0,0.0,15.899468,63.998127,0.0,103.22891,85.42869,0.0,0.0,0.0,30.113047,69.43032,0.0,0.0,0.0,0.0,0.0,0.0,0.0,0.0,0.0,0.0,0.0,0.0,0.0,0.0,0.0,0.0,0.0,0.0,0.0,31.446224,0.0,71.70486,54.321583,133.03752,71.98149,91.435394,155.4338,0.0,112.41455,45.021683,0.0,0.0,0.0,18.689842,41.39882,31.36258,36.979836,0.0,50.28039,0.0,60.151413,59.011803,0.0,0.0,0.0,0.0,0.0,0.0,0.0,0.0,0.0,0.0,0.0,0.0,35.332737,69.790215,33.418964,45.680283,55.317654,36.520096,0.0,0.0,0.0,0.0,0.0,50.207104,0.0,0.0,0.0,0.0,0.0,77.633255,91.58907,34.902885,0.0,0.0,0.0,0.0,0.0,0.0,35.031387,0.0,0.0,0.0,0.0,0.0,0.0,0.0,0.0,0.0,0.0,0.0,0.0,0.0,0.0,0.0,0.0,0.0,59.38015,0.0,0.0,0.0,0.0,0.0,0.0,0.0,0.0,0.0,0.0,0.0,53.464565
C21x20_C22x20,0.0,0.0,0.0,0.0,70.906364,77.49623,0.0,0.0,0.0,0.0,0.0,0.0,73.114235,71.47296,0.0,0.0,80.8361,0.0,36.16725,0.0,48.076897,0.0,0.0,0.0,0.0,0.0,0.0,0.0,62.05398,0.0,0.0,0.0,0.0,0.0,0.0,0.0,0.0,113.48415,0.0,0.0,78.28086,68.37593,0.0,0.0,0.0,0.0,0.0,0.0,0.0,57.2298,0.0,0.0,0.0,42.118675,0.0,0.0,0.0,0.0,0.0,0.0,56.49142,0.0,0.0,0.0,0.0,0.0,31.096094,112.08633,0.0,0.0,0.0,0.0,0.0,0.0,22.35489,83.979485,0.0,0.0,0.0,0.0,0.0,41.071384,118.858246,0.0,0.0,0.0,0.0,0.0,0.0,0.0,0.0,0.0,0.0,0.0,0.0,0.0,0.0,0.0,0.0,0.0,11.4480715,8.095009,11.060346,0.0,89.79916,0.0,0.0,37.638287,0.0,0.0,0.0,0.0,98.204605,0.0,0.0,0.0,0.0,0.0,0.0,0.0,0.0,0.0,60.902176,0.0,77.50133,0.0,0.0,105.534035,0.0,0.0,0.0,84.54347,0.0,0.0,42.17163,0.0,46.887516,0.0,72.6064,33.549927,80.72176,0.0,81.33872,0.0,0.0,0.0,0.0,42.112442,12.882846,0.0,0.0,12.882846,0.0,0.0,40.825127,86.408905,0.0,0.0,0.0,0.0,0.0,0.0,63.775036,104.99638,87.88067,65.87838,0.0,0.0,0.0,0.0,0.0,39.735245,0.0,0.0,91.11679,0.0,0.0,0.0,80.98436,0.0,134.67815,0.0,0.0,0.0,0.0,62.579124,36.413483,77.369804,50.72397,51.618294,0.0,0.0,0.0,235.34291,88.2652,114.00076,0.0,0.0,0.0,0.0,0.0,0.0,0.0,0.0,0.0,0.0,0.0,70.62205,0.0,0.0,48.844833,0.0,0.0,33.015743,0.0,0.0,0.0,0.0,0.0,0.0,0.0,0.0,0.0,71.52578,0.0,0.0,0.0,0.0,0.0,94.868515,0.0,0.0,125.9695,0.0,0.0,0.0,0.0,0.0,55.25621,0.0,25.248716,0.0,17.853539,0.0,70.79759,0.0,133.60114,0.0,0.0,70.261734,0.0,0.0,0.0,34.366253,0.0,34.130486,40.608307,0.0,66.339966,154.10602,52.179283,125.81232,83.60894,109.05192,86.64954,73.72617,76.835495,63.497593,96.33156,112.91436,51.465855,84.04548,68.330605,14.4036455,48.46623,0.0,17.93705,63.810482,35.324635,35.584488,0.0,0.0,26.355438,0.0,0.0,0.0,44.763744,54.20683,75.08018,132.11357,22.641516,76.1855,0.0,91.671326,49.77163,0.0,90.641304,0.0,0.0,0.0,0.0,0.0,0.0,0.0,0.0,0.0,0.0,0.0,0.0,0.0,0.0,0.0,0.0,0.0,0.0,0.0,0.0,0.0,0.0,0.0,0.0,0.0,85.10061,74.37972,79.87247,73.13077,0.0,0.0,0.0,0.0,0.0,149.64034,96.33156,64.81141,0.0,0.0,0.0,0.0,0.0,0.0,0.0,0.0,0.0,0.0,0.0,0.0,0.0,0.0,0.0,0.0,0.0,0.0,0.0,0.0,0.0,0.0,0.0,0.0,0.0,0.0,0.0,0.0,170.96935,0.0,148.6816,26.412313,0.0,83.98578,0.0,0.0,0.0,0.0,0.0,31.351906,0.0,50.21446,76.15857,80.98931,0.0,0.0,0.0,0.0,0.0,0.0,0.0,0.0,0.0,0.0,0.0,0.0,0.0,0.0,0.0,0.0,0.0,0.0,0.0,0.0,0.0,0.0,0.0,0.0,30.142958,0.0,54.734516,87.41606,45.62398,74.76709,133.2352,143.96902,0.0,81.28734,46.91201,0.0,0.0,0.0,22.465351,31.600988,50.46969,0.0,0.0,43.369446,0.0,54.969776,68.45288,0.0,0.0,0.0,0.0,0.0,0.0,0.0,0.0,0.0,0.0,0.0,0.0,11.002451,79.87247,0.0,0.0,0.0,0.0,0.0,0.0,0.0,0.0,0.0,48.968525,0.0,0.0,0.0,0.0,0.0,120.55335,55.19942,39.26477,0.0,0.0,0.0,55.19942,0.0,57.479404,94.868515,0.0,0.0,0.0,0.0,0.0,0.0,0.0,0.0,67.785675,0.0,0.0,0.0,0.0,0.0,0.0,0.0,0.0,0.0,0.0,0.0,0.0,0.0,0.0,0.0,28.018366,0.0,0.0,101.49461,0.0,0.0
C21x21_C21x22,145.97345,0.0,0.0,0.0,44.401375,0.0,0.0,0.0,0.0,0.0,82.14663,0.0,0.0,100.3287,0.0,0.0,100.528305,0.0,0.0,59.128662,0.0,0.0,0.0,0.0,0.0,0.0,0.0,0.0,83.200134,0.0,0.0,0.0,0.0,0.0,0.0,0.0,0.0,67.484146,0.0,77.68614,87.28173,36.617622,0.0,0.0,0.0,0.0,0.0,0.0,0.0,44.366318,0.0,0.0,0.0,0.0,0.0,55.318504,92.09804,0.0,0.0,0.0,89.43988,0.0,0.0,0.0,0.0,0.0,45.554905,14.092585,0.0,0.0,0.0,0.0,0.0,0.0,0.0,0.0,0.0,0.0,0.0,0.0,0.0,0.0,152.55655,0.0,73.26509,0.0,0.0,0.0,0.0,0.0,0.0,0.0,0.0,0.0,0.0,0.0,0.0,0.0,0.0,0.0,0.0,53.297264,29.138575,47.88546,87.795235,0.0,0.0,85.51785,0.0,0.0,30.67509,0.0,0.0,0.0,0.0,0.0,0.0,40.72639,39.674137,0.0,0.0,0.0,36.94573,0.0,34.3582,0.0,0.0,0.0,0.0,0.0,0.0,59.699165,0.0,0.0,0.0,0.0,55.040867,0.0,108.94244,0.0,0.0,0.0,0.0,0.0,0.0,0.0,65.3204,76.2431,0.0,0.0,0.0,39.660122,0.0,50.10035,58.478,63.90604,0.0,0.0,3.581813,88.128624,0.0,0.0,0.0,119.77153,53.46522,0.0,0.0,0.0,0.0,0.0,0.0,0.0,0.0,0.0,0.0,0.0,0.0,0.0,0.0,0.0,134.3987,0.0,0.0,0.0,0.0,34.632496,0.0,0.0,0.0,60.898468,0.0,0.0,0.0,113.28249,0.0,0.0,0.0,0.0,0.0,0.0,0.0,0.0,0.0,0.0,0.0,0.0,0.0,0.0,0.0,0.0,103.34051,0.0,0.0,0.0,0.0,0.0,0.0,21.141817,0.0,0.0,0.0,0.0,0.0,159.09375,0.0,0.0,0.0,0.0,85.18242,0.0,0.0,0.0,123.321205,0.0,0.0,0.0,49.63515,0.0,0.0,0.0,69.8525,0.0,49.393177,0.0,80.30847,0.0,0.0,0.0,0.0,0.0,0.0,0.0,0.0,0.0,0.0,0.0,65.77942,0.0,0.0,0.0,19.068233,67.27733,100.58863,97.63026,96.80906,118.10897,145.93755,95.78514,118.02911,120.035545,36.600075,152.55655,120.12476,81.912895,0.0,99.419525,62.529533,119.13299,81.247345,62.305553,0.0,0.0,0.0,0.0,0.0,0.0,38.00457,0.0,0.0,0.0,0.0,0.0,0.0,0.0,39.775436,31.36697,0.0,64.449844,42.63388,99.32611,38.424145,41.0481,43.962986,9.000573,70.54068,0.0,57.71735,61.114063,0.0,55.255585,54.66912,68.08747,75.379196,45.53426,0.0,47.944195,39.20278,62.640488,22.874231,34.87722,0.0,0.0,112.9131,0.0,0.0,0.0,0.0,0.0,0.0,0.0,0.0,0.0,76.49745,74.81527,0.0,0.0,0.0,0.0,0.0,0.0,0.0,0.0,0.0,0.0,0.0,0.0,0.0,0.0,0.0,0.0,0.0,0.0,0.0,0.0,0.0,0.0,0.0,0.0,0.0,0.0,0.0,47.899902,73.6905,0.0,58.86918,0.0,70.4568,73.47283,0.0,0.0,0.0,0.0,0.0,36.38242,80.89809,30.25851,79.253685,61.421707,0.0,0.0,0.0,71.12691,103.622696,0.0,0.0,0.0,0.0,0.0,0.0,0.0,0.0,0.0,0.0,0.0,0.0,0.0,0.0,0.0,0.0,0.0,0.0,0.0,0.0,0.0,112.317345,0.0,79.21048,77.5829,112.851746,116.16911,111.606674,0.0,91.20689,0.0,0.0,0.0,37.862698,64.84644,0.0,75.339226,44.04501,77.85569,64.43614,82.19829,75.387184,46.49849,0.0,0.0,0.0,0.0,0.0,0.0,0.0,0.0,0.0,0.0,0.0,0.0,0.0,84.436745,56.36898,83.36138,21.141817,0.0,0.0,0.0,0.0,0.0,24.6771,0.0,0.0,0.0,0.0,0.0,75.65756,50.13772,40.71415,0.0,0.0,0.0,0.0,0.0,26.935251,31.31692,0.0,0.0,0.0,0.0,0.0,0.0,41.59666,65.53258,0.0,0.0,0.0,0.0,0.0,0.0,0.0,67.7083,0.0,72.61332,0.0,0.0,0.0,0.0,0.0,0.0,0.0,0.0,0.0,0.0,0.0,67.79885
C21x21_C22x21,77.99205,0.0,0.0,0.0,51.855556,0.0,0.0,0.0,0.0,0.0,0.0,0.0,0.0,55.602062,0.0,0.0,18.779202,0.0,53.673866,72.71448,0.0,0.0,0.0,0.0,0.0,0.0,0.0,0.0,53.86445,0.0,0.0,0.0,0.0,0.0,0.0,0.0,0.0,38.184334,0.0,43.956898,49.386337,134.13571,68.92931,0.0,0.0,0.0,0.0,0.0,0.0,70.52359,0.0,0.0,0.0,0.0,0.0,0.0,63.788925,0.0,0.0,0.0,65.054245,73.54081,0.0,0.0,0.0,0.0,30.003672,61.55982,0.0,0.0,0.0,0.0,0.0,0.0,0.0,39.484383,0.0,6.064481,0.0,0.0,0.0,0.0,148.12915,0.0,75.39256,0.0,0.0,0.0,0.0,0.0,0.0,0.0,0.0,0.0,0.0,0.0,0.0,0.0,0.0,0.0,0.0,31.659332,24.730345,0.0,143.93385,0.0,0.0,85.22417,0.0,0.0,44.217472,0.0,0.0,62.502857,88.39239,0.0,0.0,58.706192,57.1894,0.0,0.0,0.0,42.1484,0.0,51.799812,0.0,0.0,0.0,0.0,0.0,0.0,35.902523,0.0,0.0,0.0,0.0,42.685673,0.0,75.669685,0.0,0.0,0.0,0.0,0.0,0.0,0.0,34.696114,47.699524,51.11772,0.0,0.0,51.11772,0.0,59.025547,81.14715,71.03953,0.0,0.0,0.0,0.0,94.246315,0.0,0.0,122.58131,72.25762,0.0,0.0,0.0,0.0,34.267185,0.0,0.0,0.0,0.0,0.0,0.0,0.0,0.0,0.0,0.0,112.81273,0.0,0.0,0.0,0.0,48.127308,0.0,0.0,0.0,42.33067,0.0,0.0,0.0,192.99033,0.0,0.0,0.0,0.0,0.0,0.0,0.0,0.0,0.0,0.0,0.0,87.28226,0.0,0.0,0.0,0.0,93.10422,0.0,0.0,0.0,0.0,0.0,0.0,32.32828,0.0,0.0,0.0,0.0,0.0,156.99771,0.0,0.0,0.0,0.0,68.585045,0.0,0.0,0.0,156.57886,0.0,0.0,0.0,27.711271,0.0,0.0,0.0,60.095245,0.0,34.36433,0.0,75.79831,0.0,81.6402,0.0,0.0,0.0,0.0,0.0,0.0,0.0,0.0,0.0,23.07854,0.0,69.56928,70.72827,18.019506,61.717876,119.03479,123.305336,85.42945,60.366657,139.99115,127.63464,134.28418,145.12698,99.44685,150.0262,92.20781,53.86026,0.0,65.371414,61.668266,72.008606,45.36194,123.41813,0.0,28.991318,0.0,0.0,0.0,0.0,37.593414,80.54498,20.768082,86.31872,30.988913,0.0,35.48131,31.095816,88.5597,20.732023,0.0,104.35009,11.090139,42.38344,18.277431,65.542915,30.586382,0.0,55.78569,0.0,3.3623817,50.06721,35.143543,73.25731,71.21925,77.07388,63.734653,0.0,45.49794,73.06703,0.0,55.027306,39.042057,76.727394,0.0,0.0,81.2696,0.0,0.0,0.0,0.0,0.0,0.0,0.0,0.0,87.760605,86.59384,77.470215,0.0,0.0,0.0,0.0,0.0,0.0,0.0,0.0,0.0,0.0,0.0,0.0,0.0,0.0,0.0,0.0,0.0,0.0,0.0,0.0,0.0,0.0,0.0,0.0,0.0,0.0,0.0,49.75525,107.731224,0.0,71.97054,55.89396,0.0,24.136679,0.0,0.0,0.0,0.0,0.0,48.32888,0.0,52.585445,62.67619,80.01607,0.0,0.0,0.0,2.7478533,80.70125,0.0,0.0,0.0,0.0,0.0,0.0,0.0,0.0,0.0,0.0,0.0,0.0,0.0,0.0,0.0,0.0,0.0,0.0,0.0,0.0,0.0,96.856064,45.31006,82.24202,107.813675,150.07668,129.29585,53.19132,21.727613,36.910038,0.0,0.0,0.0,32.075733,3.777694,26.159773,0.0,0.0,23.474949,0.0,67.804565,72.65011,0.0,0.0,0.0,0.0,0.0,0.0,0.0,0.0,0.0,0.0,0.0,0.0,41.330044,0.0,29.605007,58.864437,17.566092,32.32828,0.0,0.0,0.0,0.0,0.0,44.44428,0.0,0.0,0.0,0.0,0.0,95.452995,2.9208224,0.0,0.0,0.0,0.0,0.0,0.0,0.0,0.0,0.0,0.0,0.0,0.0,0.0,0.0,0.0,0.0,0.0,0.0,0.0,0.0,0.0,0.0,0.0,66.246284,0.0,49.777164,0.0,0.0,0.0,0.0,0.0,0.0,0.0,0.0,0.0,0.0,0.0,61.173557
C21x22_C21x23,189.27992,0.0,0.0,0.0,79.62187,0.0,0.0,0.0,97.783226,0.0,65.95122,0.0,0.0,84.947624,0.0,0.0,160.50749,0.0,31.069838,0.0,0.0,0.0,0.0,0.0,0.0,0.0,0.0,0.0,85.03086,0.0,0.0,0.0,0.0,0.0,0.0,0.0,0.0,0.0,0.0,0.0,41.94446,0.0,0.0,0.0,0.0,0.0,0.0,0.0,0.0,0.0,0.0,0.0,0.0,0.0,0.0,81.511856,0.0,0.0,0.0,48.923054,115.16526,0.0,0.0,0.0,0.0,0.0,53.245914,0.0,0.0,0.0,0.0,0.0,0.0,0.0,0.0,39.84949,0.0,10.9367285,0.0,0.0,0.0,0.0,182.77354,0.0,0.0,0.0,0.0,0.0,0.0,0.0,0.0,0.0,0.0,0.0,0.0,0.0,0.0,0.0,0.0,0.0,0.0,67.7146,34.648033,75.946106,83.51726,0.0,0.0,67.513824,0.0,0.0,0.0,0.0,0.0,0.0,0.0,0.0,0.0,0.0,61.22669,0.0,0.0,0.0,0.0,0.0,73.240616,0.0,0.0,0.0,0.0,0.0,0.0,62.396675,0.0,0.0,0.0,0.0,97.759865,0.0,85.28711,0.0,0.0,0.0,0.0,0.0,0.0,0.0,0.0,0.0,43.92443,0.0,0.0,56.58682,0.0,21.636185,17.51338,46.851433,0.0,0.0,22.740314,45.825233,0.0,0.0,0.0,164.2199,0.0,0.0,0.0,0.0,37.940937,0.0,0.0,0.0,0.0,0.0,0.0,0.0,0.0,0.0,0.0,0.0,145.28148,0.0,0.0,0.0,0.0,0.0,0.0,0.0,0.0,91.830734,0.0,0.0,0.0,134.14825,0.0,0.0,0.0,0.0,0.0,0.0,0.0,91.59392,0.0,0.0,0.0,0.0,0.0,0.0,0.0,0.0,0.0,0.0,0.0,0.0,0.0,0.0,0.0,22.381937,0.0,0.0,0.0,0.0,0.0,188.20874,0.0,0.0,0.0,0.0,53.100983,0.0,78.87369,0.0,168.71455,0.0,0.0,0.0,0.0,0.0,0.0,0.0,162.82216,0.0,72.437195,0.0,44.220318,0.0,113.6774,0.0,0.0,0.0,0.0,0.0,65.06306,0.0,0.0,0.0,0.0,0.0,55.263153,60.96222,0.0,59.365414,108.23917,107.24028,182.64948,117.43031,104.2324,74.79701,177.10185,159.19518,60.506695,163.68971,187.74312,68.92384,96.07497,0.0,13.330809,159.63683,148.39505,112.21154,0.0,0.0,0.0,0.0,0.0,0.0,90.615,0.0,0.0,0.0,0.0,0.0,0.0,0.0,0.0,35.184322,0.0,0.0,0.0,0.0,0.0,0.0,0.0,0.0,0.0,0.0,0.0,0.0,0.0,0.0,0.0,0.0,0.0,0.0,0.0,0.0,27.473621,71.01365,49.118927,35.561077,0.0,0.0,109.82916,65.06306,0.0,0.0,0.0,0.0,0.0,0.0,0.0,0.0,87.9758,68.828,0.0,0.0,0.0,0.0,0.0,0.0,0.0,0.0,0.0,0.0,0.0,0.0,0.0,0.0,0.0,0.0,0.0,0.0,0.0,0.0,0.0,0.0,0.0,0.0,0.0,0.0,0.0,51.805046,79.69828,0.0,0.0,33.814697,58.748264,53.200344,0.0,0.0,0.0,0.0,0.0,0.0,105.77647,52.00221,51.70635,56.58818,0.0,0.0,0.0,66.42556,119.36175,0.0,0.0,0.0,0.0,0.0,0.0,0.0,0.0,0.0,0.0,0.0,0.0,0.0,0.0,0.0,0.0,0.0,0.0,0.0,0.0,80.3065,106.08453,0.0,122.98272,54.79677,135.3974,82.05019,78.82774,88.11774,127.6792,0.0,0.0,0.0,0.0,53.768078,0.0,0.0,48.276493,93.26186,0.0,97.31076,39.873486,50.736374,0.0,0.0,0.0,0.0,0.0,0.0,0.0,0.0,0.0,0.0,0.0,30.381231,0.0,58.001137,53.63637,99.934814,22.381937,0.0,0.0,0.0,0.0,0.0,18.11703,0.0,0.0,50.728386,0.0,0.0,105.24507,0.0,0.0,0.0,0.0,0.0,0.0,0.0,156.93211,177.39745,17.787357,0.0,0.0,0.0,0.0,80.47103,0.0,66.213295,0.0,0.0,0.0,0.0,0.0,0.0,0.0,102.14774,0.0,66.77429,0.0,0.0,0.0,0.0,0.0,0.0,0.0,0.0,0.0,0.0,0.0,80.216095
C21x23_C21x24,119.72438,0.0,0.0,0.0,116.22067,0.0,52.20215,0.0,148.79068,0.0,0.0,0.0,42.4625,0.0,0.0,0.0,201.40746,0.0,0.0,0.0,0.0,0.0,104.38328,0.0,0.0,0.0,0.0,0.0,0.0,0.0,0.0,0.0,0.0,0.0,0.0,0.0,0.0,0.0,0.0,0.0,0.0,15.373592,0.0,0.0,0.0,0.0,0.0,0.0,0.0,10.967173,0.0,0.0,0.0,0.0,0.0,0.0,0.0,0.0,64.30627,172.73866,0.0,128.04059,0.0,0.0,0.0,0.0,0.0,0.0,0.0,0.0,0.0,0.0,0.0,0.0,0.0,69.48178,0.0,10.714605,0.0,0.0,0.0,0.0,153.26727,0.0,0.0,0.0,0.0,0.0,0.0,0.0,0.0,52.490593,0.0,0.0,0.0,0.0,0.0,0.0,0.0,0.0,0.0,0.0,101.62471,88.07996,88.86104,0.0,0.0,0.0,0.0,0.0,0.0,0.0,0.0,0.0,0.0,0.0,0.0,0.0,0.0,0.0,0.0,0.0,0.0,0.0,77.45857,0.0,0.0,0.0,0.0,0.0,0.0,215.58022,0.0,0.0,0.0,0.0,137.07362,0.0,198.16751,0.0,0.0,0.0,0.0,0.0,0.0,0.0,27.735401,54.983215,0.0,0.0,0.0,48.48267,0.0,63.11368,125.11784,89.17592,0.0,0.0,86.39411,0.0,46.425797,0.0,0.0,250.19804,0.0,88.25504,0.0,0.0,0.0,0.0,0.0,0.0,0.0,0.0,0.0,0.0,0.0,0.0,0.0,0.0,93.99776,0.0,0.0,0.0,0.0,0.0,0.0,77.1629,0.0,129.24257,0.0,0.0,0.0,102.150246,0.0,0.0,0.0,0.0,0.0,0.0,0.0,74.58145,0.0,0.0,0.0,62.914665,0.0,0.0,0.0,0.0,49.721886,0.0,0.0,0.0,0.0,0.0,0.0,0.0,0.0,0.0,0.0,0.0,0.0,0.0,0.0,0.0,0.0,0.0,75.81343,142.43143,74.9246,0.0,0.0,0.0,0.0,0.0,23.63882,0.0,0.0,0.0,121.736885,0.0,0.0,0.0,64.82326,0.0,122.608986,0.0,0.0,74.54874,0.0,0.0,99.73305,0.0,0.0,0.0,0.0,0.0,142.0234,20.037592,0.0,67.28145,139.12138,88.25114,123.00909,92.61317,141.16634,88.86104,158.37543,117.387344,0.0,153.26727,99.22871,81.3329,103.44272,37.930534,0.0,136.09543,0.0,99.32993,0.0,0.0,30.660576,0.0,0.0,0.0,163.83269,29.143684,35.73659,84.23782,54.177254,24.38212,7.87347,88.01025,0.0,141.87369,0.0,0.0,0.0,0.0,0.0,0.0,0.0,0.0,0.0,0.0,0.0,0.0,0.0,0.0,0.0,0.0,0.0,0.0,0.0,0.0,69.442924,88.17653,25.960201,43.93703,0.0,0.0,0.0,99.73305,0.0,0.0,0.0,0.0,0.0,0.0,0.0,0.0,0.0,0.0,0.0,0.0,0.0,0.0,0.0,0.0,0.0,0.0,0.0,0.0,0.0,0.0,0.0,0.0,0.0,0.0,0.0,0.0,0.0,0.0,0.0,17.956743,76.841255,34.84063,79.13397,0.0,0.0,59.63038,74.26891,0.0,50.73449,28.971886,28.020163,78.02688,0.0,0.0,0.0,0.0,0.0,0.0,0.0,0.0,0.0,0.0,0.0,0.0,0.0,98.373665,63.79706,0.0,0.0,0.0,0.0,0.0,0.0,0.0,0.0,0.0,0.0,0.0,0.0,0.0,0.0,0.0,0.0,0.0,0.0,0.0,0.0,62.632725,137.89851,0.0,122.57955,62.144547,92.95866,47.50142,37.59713,50.502705,0.0,0.0,0.0,0.0,0.0,0.0,0.0,0.0,0.0,0.0,0.0,0.0,0.0,72.540375,0.0,0.0,0.0,0.0,0.0,0.0,0.0,0.0,0.0,0.0,0.0,0.0,0.0,55.820717,51.62003,104.4904,21.540537,0.0,0.0,0.0,0.0,0.0,0.0,34.828297,0.0,142.43143,0.0,0.0,27.144436,0.0,0.0,0.0,0.0,0.0,0.0,0.0,0.0,0.0,81.91732,0.0,0.0,0.0,0.0,0.0,141.21289,125.00836,0.0,0.0,0.0,0.0,0.0,0.0,0.0,53.866425,0.0,72.0391,0.0,0.0,0.0,0.0,0.0,0.0,0.0,0.0,0.0,0.0,118.66541,77.20055
C21x23_C22x23,233.5038,0.0,0.0,0.0,79.56893,0.0,0.0,0.0,47.63824,0.0,0.0,0.0,33.444454,0.0,0.0,0.0,124.95588,0.0,0.0,0.0,0.0,0.0,0.0,0.0,0.0,0.0,0.0,0.0,0.0,0.0,0.0,0.0,0.0,0.0,0.0,0.0,0.0,91.83053,0.0,0.0,0.0,0.0,0.0,0.0,0.0,0.0,0.0,0.0,0.0,0.0,0.0,0.0,0.0,0.0,0.0,0.0,0.0,0.0,64.78267,102.574814,0.0,0.0,0.0,0.0,0.0,0.0,0.0,0.0,0.0,0.0,0.0,0.0,0.0,0.0,0.0,62.14939,0.0,11.718082,0.0,0.0,0.0,0.0,152.26099,0.0,0.0,0.0,0.0,0.0,0.0,0.0,0.0,0.0,0.0,0.0,0.0,0.0,0.0,0.0,0.0,0.0,0.0,0.0,137.65442,0.0,0.0,0.0,0.0,0.0,0.0,0.0,0.0,0.0,0.0,0.0,0.0,0.0,0.0,0.0,0.0,0.0,0.0,0.0,0.0,0.0,110.58199,0.0,0.0,0.0,0.0,0.0,0.0,315.31412,0.0,0.0,0.0,0.0,77.554214,0.0,279.27875,0.0,0.0,0.0,0.0,0.0,0.0,0.0,0.0,0.0,0.0,0.0,0.0,132.66246,0.0,47.091297,93.354744,35.73347,0.0,0.0,78.74705,0.0,0.0,0.0,0.0,130.09142,0.0,108.124916,0.0,0.0,24.047823,0.0,0.0,0.0,0.0,0.0,0.0,0.0,0.0,0.0,0.0,0.0,112.251526,0.0,0.0,0.0,0.0,33.40198,0.0,101.18591,0.0,81.35428,0.0,0.0,0.0,92.61389,0.0,0.0,0.0,0.0,0.0,0.0,0.0,51.688087,0.0,0.0,0.0,0.0,0.0,0.0,0.0,0.0,54.854603,0.0,0.0,0.0,0.0,0.0,0.0,0.0,0.0,0.0,0.0,0.0,0.0,0.0,0.0,0.0,0.0,0.0,108.54345,135.48534,0.0,0.0,0.0,0.0,0.0,0.0,0.0,0.0,0.0,0.0,123.37209,0.0,0.0,0.0,78.493065,0.0,137.8938,0.0,0.0,181.91435,0.0,0.0,97.69112,0.0,0.0,0.0,0.0,0.0,136.95691,68.178406,0.0,80.894844,176.95973,79.707306,160.62994,74.579765,120.12706,0.0,116.95121,127.87331,70.46415,152.26099,69.888695,64.11427,55.527554,0.0,0.0,24.703848,0.0,141.63527,0.0,0.0,24.53577,0.0,0.0,0.0,98.31862,75.836655,44.023026,115.3927,62.09281,67.54096,9.699134,117.06948,0.0,37.00638,0.0,0.0,0.0,0.0,0.0,0.0,0.0,0.0,0.0,0.0,0.0,0.0,0.0,0.0,0.0,0.0,0.0,0.0,0.0,0.0,51.877014,109.59127,28.77572,0.0,0.0,0.0,0.0,97.69112,0.0,0.0,0.0,0.0,0.0,0.0,0.0,0.0,0.0,0.0,0.0,0.0,0.0,0.0,0.0,0.0,0.0,0.0,0.0,0.0,0.0,0.0,0.0,0.0,0.0,0.0,0.0,0.0,0.0,0.0,0.0,0.0,0.0,0.0,0.0,0.0,0.0,65.215065,92.234795,0.0,59.12616,79.27537,0.0,88.56808,0.0,0.0,0.0,0.0,0.0,0.0,0.0,0.0,0.0,0.0,0.0,0.0,0.0,125.12943,70.75794,0.0,0.0,0.0,0.0,0.0,0.0,0.0,0.0,0.0,0.0,0.0,0.0,0.0,0.0,0.0,0.0,0.0,0.0,0.0,0.0,0.0,175.4043,103.73067,85.78997,110.60282,91.41751,73.05062,0.0,119.35802,0.0,0.0,0.0,0.0,0.0,0.0,0.0,0.0,0.0,0.0,0.0,0.0,0.0,92.97982,0.0,0.0,0.0,0.0,0.0,0.0,0.0,0.0,0.0,0.0,0.0,0.0,0.0,68.76416,86.43192,135.3222,26.535257,0.0,0.0,0.0,104.590546,45.650597,0.0,42.904118,0.0,168.42485,0.0,0.0,69.39469,73.95669,99.83257,0.0,0.0,0.0,0.0,0.0,140.7604,125.27624,100.91193,0.0,0.0,0.0,0.0,0.0,162.47392,38.790245,0.0,0.0,0.0,0.0,0.0,0.0,0.0,127.76651,0.0,83.688286,0.0,0.0,0.0,0.0,0.0,0.0,0.0,0.0,0.0,0.0,152.23137,87.34084
C21x24_C21x25,105.96785,0.0,0.0,0.0,0.0,0.0,166.65071,0.0,0.0,0.0,0.0,0.0,63.575493,83.49082,0.0,0.0,94.27116,0.0,0.0,0.0,0.0,0.0,69.15981,0.0,0.0,0.0,0.0,0.0,68.13467,0.0,0.0,0.0,0.0,0.0,0.0,0.0,0.0,0.0,0.0,0.0,18.787928,0.0,13.252571,0.0,0.0,0.0,0.0,0.0,0.0,0.0,0.0,0.0,0.0,0.0,0.0,0.0,0.0,0.0,166.207,129.94089,0.0,147.57672,0.0,0.0,0.0,0.0,54.80648,0.0,0.0,0.0,87.28323,0.0,0.0,0.0,0.0,130.10474,0.0,0.0,0.0,0.0,0.0,0.0,126.044365,0.0,0.0,0.0,0.0,0.0,0.0,0.0,0.0,110.80242,0.0,0.0,0.0,0.0,0.0,0.0,0.0,0.0,0.0,0.0,114.732704,86.10866,64.760994,0.0,0.0,79.82983,0.0,0.0,0.0,0.0,0.0,0.0,0.0,0.0,0.0,0.0,0.0,0.0,0.0,0.0,0.0,0.0,131.86217,0.0,0.0,0.0,0.0,0.0,0.0,386.32532,0.0,0.0,0.0,0.0,241.05382,0.0,284.55484,0.0,0.0,0.0,0.0,0.0,0.0,146.14075,64.094604,82.21101,0.0,0.0,0.0,40.673206,0.0,138.58145,177.75162,117.708015,0.0,0.0,61.40722,0.0,92.46665,0.0,0.0,171.1984,0.0,89.36698,0.0,0.0,0.0,0.0,0.0,0.0,0.0,0.0,0.0,0.0,0.0,0.0,0.0,0.0,0.0,0.0,0.0,0.0,0.0,0.0,0.0,79.38879,0.0,0.0,0.0,0.0,0.0,152.17802,0.0,0.0,0.0,0.0,0.0,0.0,0.0,0.0,0.0,0.0,0.0,92.66097,0.0,0.0,0.0,0.0,41.674706,0.0,0.0,0.0,0.0,0.0,0.0,0.0,0.0,0.0,0.0,0.0,0.0,121.43867,0.0,0.0,0.0,0.0,0.0,115.74827,0.0,0.0,144.15923,0.0,0.0,0.0,0.0,0.0,0.0,0.0,106.70744,0.0,0.0,0.0,0.0,0.0,116.9223,0.0,0.0,228.20107,0.0,0.0,0.0,0.0,0.0,0.0,0.0,0.0,191.17361,72.33253,66.99919,164.7639,0.0,0.0,0.0,0.0,0.0,0.0,0.0,0.0,0.0,0.0,0.0,0.0,0.0,0.0,0.0,0.0,0.0,76.83938,0.0,0.0,16.84127,0.0,0.0,0.0,0.0,181.90651,74.97997,197.4152,108.84637,138.43555,33.661037,157.71663,0.0,116.24694,0.0,0.0,0.0,0.0,0.0,0.0,0.0,0.0,0.0,0.0,0.0,0.0,0.0,0.0,0.0,0.0,0.0,0.0,0.0,0.0,148.89575,88.948456,175.39348,20.750877,0.0,0.0,0.0,0.0,0.0,0.0,0.0,0.0,0.0,0.0,0.0,0.0,0.0,0.0,0.0,0.0,0.0,0.0,0.0,0.0,0.0,0.0,0.0,0.0,0.0,0.0,0.0,0.0,0.0,0.0,0.0,0.0,0.0,0.0,0.0,83.10797,149.85551,134.23544,173.39696,0.0,0.0,48.219875,93.77185,0.0,0.0,0.0,0.0,0.0,0.0,0.0,0.0,0.0,0.0,0.0,0.0,0.0,0.0,0.0,0.0,0.0,0.0,0.0,0.0,0.0,0.0,0.0,0.0,0.0,0.0,0.0,0.0,0.0,0.0,0.0,0.0,0.0,0.0,0.0,0.0,0.0,0.0,0.0,0.0,67.94735,85.19168,0.0,78.6005,41.16901,92.103584,57.220882,50.19078,67.59091,0.0,0.0,0.0,0.0,0.0,112.82482,0.0,0.0,63.12998,96.38773,32.410034,91.27919,54.430714,44.455566,0.0,0.0,0.0,0.0,0.0,0.0,0.0,0.0,0.0,0.0,0.0,0.0,0.0,102.73481,0.0,0.0,7.9436216,0.0,0.0,0.0,0.0,0.0,10.188895,16.448942,0.0,60.91531,0.0,0.0,48.053646,0.0,0.0,0.0,0.0,0.0,0.0,0.0,0.0,0.0,0.0,0.0,0.0,0.0,0.0,0.0,35.69604,126.09809,0.0,0.0,117.396034,0.0,72.22107,0.0,0.0,0.0,0.0,0.0,0.0,0.0,0.0,0.0,0.0,0.0,0.0,0.0,0.0,0.0,166.62137,80.0513
C21x24_C22x24,121.965324,0.0,0.0,0.0,0.0,0.0,121.24787,0.0,0.0,0.0,0.0,0.0,79.29014,0.0,0.0,0.0,99.57977,0.0,0.0,0.0,0.0,0.0,97.61327,0.0,0.0,0.0,0.0,0.0,0.0,0.0,0.0,0.0,0.0,0.0,0.0,0.0,0.0,0.0,0.0,0.0,0.0,0.0,0.0,0.0,0.0,0.0,0.0,0.0,0.0,0.0,0.0,0.0,0.0,0.0,0.0,0.0,0.0,0.0,111.69024,128.89871,0.0,95.5447,0.0,0.0,0.0,0.0,0.0,0.0,0.0,0.0,129.33292,0.0,0.0,0.0,0.0,91.09656,0.0,78.79153,0.0,0.0,0.0,0.0,145.45532,0.0,0.0,0.0,0.0,0.0,0.0,0.0,0.0,120.595825,0.0,0.0,0.0,0.0,0.0,0.0,0.0,0.0,0.0,0.0,0.0,0.0,88.0801,0.0,0.0,101.86772,0.0,0.0,0.0,0.0,0.0,0.0,0.0,0.0,0.0,0.0,46.974644,0.0,0.0,0.0,0.0,0.0,81.101105,0.0,0.0,0.0,0.0,0.0,0.0,513.54565,0.0,0.0,0.0,0.0,121.4808,0.0,177.02122,0.0,0.0,0.0,0.0,0.0,0.0,0.0,56.20211,14.639734,0.0,0.0,0.0,81.588326,0.0,125.198166,87.56246,44.64385,0.0,0.0,120.42529,0.0,14.371853,0.0,0.0,185.75217,0.0,160.51552,0.0,0.0,0.0,0.0,0.0,0.0,0.0,0.0,0.0,0.0,0.0,0.0,0.0,0.0,0.0,0.0,0.0,0.0,0.0,0.0,0.0,133.12875,0.0,125.65802,0.0,0.0,0.0,109.111115,0.0,0.0,0.0,0.0,0.0,0.0,0.0,0.0,0.0,0.0,0.0,126.37804,0.0,0.0,0.0,0.0,49.28491,0.0,0.0,0.0,0.0,0.0,0.0,0.0,0.0,0.0,0.0,0.0,0.0,140.04721,0.0,0.0,0.0,0.0,0.0,178.02614,0.0,0.0,169.48026,0.0,0.0,0.0,0.0,0.0,0.0,0.0,123.78574,0.0,0.0,0.0,0.0,0.0,218.7663,0.0,0.0,369.38303,0.0,0.0,0.0,0.0,0.0,0.0,0.0,0.0,236.21944,58.831867,0.0,156.60295,0.0,0.0,0.0,0.0,0.0,0.0,0.0,0.0,0.0,0.0,0.0,0.0,0.0,0.0,0.0,0.0,0.0,179.40456,0.0,0.0,0.0,0.0,0.0,0.0,0.0,163.35153,0.0,210.26471,116.53851,145.61557,0.0,202.44633,0.0,36.97428,0.0,0.0,0.0,0.0,0.0,0.0,0.0,0.0,0.0,0.0,0.0,0.0,0.0,0.0,0.0,0.0,0.0,0.0,0.0,0.0,136.57942,177.28633,131.16914,76.925896,0.0,0.0,0.0,182.13821,0.0,0.0,0.0,0.0,0.0,0.0,0.0,0.0,0.0,0.0,0.0,0.0,0.0,0.0,0.0,0.0,0.0,0.0,0.0,0.0,0.0,0.0,0.0,0.0,0.0,0.0,0.0,0.0,0.0,0.0,0.0,103.46213,155.23427,151.96783,127.79304,0.0,0.0,52.481846,77.63003,0.0,0.0,0.0,0.0,0.0,0.0,0.0,0.0,0.0,0.0,0.0,0.0,0.0,0.0,0.0,0.0,0.0,0.0,0.0,0.0,0.0,0.0,0.0,0.0,0.0,0.0,0.0,0.0,0.0,0.0,0.0,0.0,0.0,0.0,0.0,0.0,0.0,0.0,0.0,0.0,19.388968,100.404594,0.0,103.00361,99.286705,102.15309,77.15587,42.9253,71.92781,0.0,0.0,0.0,0.0,0.0,0.0,0.0,0.0,0.0,0.0,0.0,0.0,0.0,100.27706,0.0,0.0,0.0,0.0,0.0,0.0,0.0,0.0,0.0,0.0,0.0,52.983875,0.0,71.81662,27.506748,164.32776,28.241488,0.0,0.0,0.0,0.0,0.0,0.0,0.0,0.0,178.02614,0.0,0.0,51.805225,0.0,0.0,0.0,0.0,0.0,0.0,0.0,0.0,0.0,0.0,0.0,0.0,0.0,0.0,53.50466,120.75196,94.30326,0.0,0.0,0.0,0.0,53.482796,0.0,0.0,0.0,0.0,0.0,0.0,0.0,0.0,0.0,0.0,0.0,0.0,0.0,0.0,0.0,229.72923,92.956894
C21x25_C21x26,135.42383,0.0,0.0,0.0,0.0,0.0,0.0,0.0,0.0,0.0,0.0,0.0,0.0,86.69334,0.0,0.0,34.374207,0.0,0.0,0.0,0.0,0.0,0.0,0.0,0.0,0.0,0.0,0.0,91.32083,0.0,0.0,0.0,0.0,0.0,0.0,0.0,0.0,0.0,0.0,0.0,120.026215,0.0,129.35036,0.0,0.0,0.0,0.0,0.0,0.0,0.0,0.0,0.0,0.0,0.0,0.0,0.0,0.0,0.0,301.82022,183.5727,0.0,255.13345,0.0,0.0,0.0,0.0,72.30449,0.0,0.0,0.0,0.0,0.0,0.0,0.0,0.0,202.47699,0.0,65.95152,0.0,0.0,0.0,0.0,98.84576,0.0,0.0,0.0,0.0,0.0,0.0,0.0,0.0,154.73746,0.0,0.0,0.0,0.0,0.0,0.0,0.0,0.0,0.0,91.235466,0.0,0.0,143.77013,0.0,0.0,177.2231,0.0,0.0,0.0,0.0,0.0,0.0,0.0,0.0,0.0,0.0,0.0,0.0,0.0,0.0,0.0,0.0,216.36871,0.0,0.0,0.0,0.0,0.0,0.0,0.0,0.0,0.0,0.0,0.0,128.96976,0.0,403.8342,0.0,0.0,0.0,0.0,0.0,0.0,265.27994,0.0,0.0,0.0,0.0,0.0,100.16653,0.0,0.0,0.0,225.62825,0.0,0.0,0.0,0.0,192.06107,0.0,0.0,292.233,0.0,81.95388,0.0,0.0,0.0,0.0,0.0,0.0,0.0,0.0,0.0,0.0,0.0,0.0,0.0,0.0,0.0,0.0,0.0,0.0,0.0,0.0,0.0,65.29082,0.0,0.0,0.0,0.0,0.0,215.66551,0.0,0.0,0.0,0.0,0.0,0.0,0.0,0.0,0.0,0.0,0.0,213.30817,0.0,0.0,0.0,0.0,142.13869,0.0,0.0,0.0,0.0,0.0,0.0,0.0,0.0,0.0,0.0,0.0,0.0,146.96898,0.0,0.0,0.0,0.0,0.0,63.862267,0.0,0.0,207.51393,0.0,0.0,0.0,0.0,0.0,0.0,0.0,149.6522,0.0,0.0,0.0,0.0,0.0,33.647217,0.0,0.0,0.0,0.0,0.0,0.0,0.0,0.0,0.0,0.0,0.0,152.53864,118.59724,103.89091,148.05438,0.0,0.0,0.0,0.0,0.0,0.0,0.0,0.0,0.0,0.0,0.0,0.0,0.0,0.0,0.0,0.0,0.0,219.94855,0.0,0.0,12.57496,0.0,0.0,0.0,0.0,170.89044,152.83298,230.81583,0.0,205.24585,54.22769,258.56088,120.744774,0.0,0.0,0.0,0.0,0.0,0.0,0.0,0.0,0.0,0.0,0.0,0.0,0.0,0.0,0.0,0.0,0.0,0.0,0.0,0.0,0.0,64.6728,94.87529,55.80322,57.621494,0.0,0.0,0.0,0.0,0.0,0.0,0.0,0.0,0.0,0.0,0.0,0.0,0.0,0.0,0.0,0.0,0.0,0.0,0.0,0.0,0.0,0.0,0.0,0.0,0.0,0.0,0.0,0.0,0.0,0.0,0.0,0.0,0.0,0.0,0.0,88.96206,156.78233,188.62105,205.11887,0.0,0.0,78.52293,139.22733,0.0,0.0,0.0,0.0,0.0,0.0,0.0,0.0,0.0,0.0,0.0,0.0,0.0,0.0,0.0,0.0,0.0,0.0,138.9318,104.70084,0.0,0.0,0.0,0.0,0.0,0.0,0.0,0.0,0.0,0.0,0.0,0.0,0.0,0.0,0.0,0.0,0.0,0.0,0.0,0.0,138.19109,0.0,0.0,0.0,0.0,0.0,0.0,0.0,0.0,0.0,0.0,0.0,0.0,0.0,122.49187,0.0,0.0,52.593124,31.192999,145.32663,72.870705,83.968254,166.53928,0.0,0.0,0.0,0.0,0.0,0.0,0.0,0.0,0.0,0.0,0.0,0.0,0.0,0.0,0.0,0.0,0.0,0.0,0.0,0.0,0.0,0.0,0.0,0.0,0.0,0.0,0.0,0.0,41.707363,0.0,0.0,0.0,0.0,0.0,0.0,0.0,0.0,0.0,0.0,0.0,0.0,0.0,0.0,0.0,0.0,0.0,0.0,0.0,0.0,0.0,0.0,145.85066,0.0,0.0,0.0,0.0,118.3196,0.0,0.0,0.0,0.0,0.0,0.0,0.0,0.0,0.0,69.381836,0.0
C21x25_C22x25,70.26603,0.0,0.0,0.0,0.0,0.0,0.0,0.0,0.0,0.0,141.36018,0.0,70.72484,116.54966,0.0,0.0,35.590336,0.0,0.0,0.0,0.0,0.0,0.0,0.0,0.0,0.0,0.0,0.0,59.90667,0.0,0.0,0.0,0.0,0.0,0.0,0.0,0.0,37.42543,0.0,0.0,41.52575,0.0,0.0,0.0,0.0,0.0,0.0,0.0,0.0,0.0,0.0,0.0,0.0,0.0,0.0,71.38466,0.0,0.0,98.88729,52.25834,0.0,72.62981,0.0,0.0,0.0,0.0,0.0,0.0,0.0,0.0,0.0,0.0,0.0,0.0,0.0,57.638344,0.0,0.0,0.0,0.0,0.0,0.0,118.30037,0.0,0.0,0.0,0.0,0.0,0.0,0.0,0.0,133.57326,0.0,0.0,0.0,0.0,0.0,0.0,0.0,0.0,0.0,68.8754,112.66893,0.0,60.262882,0.0,0.0,149.16272,93.8364,0.0,0.0,0.0,0.0,0.0,0.0,0.0,0.0,0.0,0.0,0.0,0.0,0.0,0.0,0.0,111.139915,0.0,0.0,0.0,0.0,0.0,0.0,356.14075,0.0,0.0,0.0,0.0,75.677,0.0,223.58029,0.0,0.0,0.0,0.0,0.0,0.0,114.74684,62.57203,59.04928,0.0,0.0,0.0,101.06004,0.0,136.08868,128.42699,104.73701,0.0,0.0,0.0,0.0,106.582954,0.0,0.0,221.29063,0.0,100.79498,0.0,0.0,0.0,0.0,0.0,0.0,0.0,0.0,0.0,0.0,0.0,0.0,0.0,0.0,0.0,0.0,0.0,0.0,0.0,0.0,0.0,46.672672,0.0,51.568703,0.0,0.0,0.0,147.15637,0.0,0.0,0.0,0.0,0.0,0.0,0.0,0.0,0.0,0.0,0.0,115.871574,0.0,0.0,0.0,0.0,0.0,0.0,0.0,0.0,0.0,0.0,0.0,0.0,0.0,0.0,0.0,0.0,0.0,215.16304,0.0,0.0,0.0,0.0,0.0,77.528656,0.0,0.0,228.57138,0.0,0.0,0.0,0.0,0.0,0.0,0.0,70.434746,0.0,0.0,0.0,0.0,0.0,86.32619,0.0,0.0,229.0207,0.0,0.0,0.0,0.0,0.0,0.0,0.0,0.0,173.43138,36.398727,70.183525,161.80019,0.0,0.0,0.0,0.0,0.0,0.0,0.0,0.0,0.0,0.0,0.0,0.0,0.0,0.0,0.0,0.0,0.0,174.18547,0.0,0.0,17.19099,0.0,0.0,0.0,0.0,128.15593,93.56555,185.28629,48.177006,127.54082,63.34753,168.92412,0.0,0.0,0.0,0.0,0.0,0.0,0.0,0.0,0.0,0.0,0.0,0.0,0.0,0.0,0.0,0.0,0.0,0.0,0.0,0.0,0.0,0.0,125.7951,87.47324,141.94417,0.0,0.0,0.0,0.0,0.0,0.0,0.0,0.0,0.0,0.0,0.0,0.0,0.0,0.0,0.0,0.0,0.0,0.0,0.0,0.0,0.0,0.0,0.0,0.0,0.0,0.0,0.0,0.0,0.0,0.0,0.0,0.0,142.86382,0.0,0.0,0.0,117.814606,110.71024,146.4668,252.63791,0.0,0.0,64.0355,44.409588,0.0,0.0,0.0,0.0,0.0,0.0,0.0,0.0,0.0,0.0,64.98146,159.46132,32.140583,131.1406,152.69095,0.0,0.0,0.0,107.14207,84.197365,0.0,0.0,0.0,0.0,0.0,0.0,0.0,0.0,0.0,0.0,0.0,0.0,0.0,0.0,0.0,0.0,0.0,0.0,0.0,0.0,76.68819,0.0,0.0,0.0,0.0,0.0,0.0,0.0,0.0,0.0,0.0,0.0,0.0,0.0,50.299313,0.0,0.0,102.298904,30.038395,89.1182,61.405212,142.68774,66.30448,0.0,0.0,0.0,0.0,0.0,0.0,0.0,0.0,0.0,0.0,0.0,0.0,0.0,100.88685,0.0,60.62021,7.800734,0.0,0.0,0.0,0.0,0.0,7.3615594,16.153065,0.0,69.35045,0.0,0.0,78.40835,100.46568,0.0,0.0,66.497665,121.85514,0.0,0.0,0.0,0.0,0.0,0.0,0.0,0.0,0.0,0.0,0.0,0.0,0.0,0.0,92.5189,0.0,94.0419,105.70495,0.0,0.0,0.0,0.0,0.0,0.0,0.0,0.0,0.0,0.0,0.0,0.0,0.0,0.0,168.97446,43.39768
C21x26_C21x27,156.37381,0.0,0.0,0.0,159.20589,112.575554,0.0,0.0,0.0,0.0,112.94164,0.0,49.465523,0.0,0.0,0.0,77.55076,0.0,0.0,0.0,0.0,0.0,0.0,0.0,92.71253,0.0,0.0,0.0,0.0,0.0,0.0,0.0,0.0,0.0,0.0,0.0,0.0,101.18931,0.0,0.0,0.0,0.0,0.0,0.0,0.0,0.0,0.0,0.0,0.0,0.0,0.0,0.0,0.0,0.0,0.0,74.16526,0.0,0.0,213.00656,0.0,0.0,166.3415,0.0,0.0,0.0,74.10433,0.0,0.0,89.230545,0.0,0.0,0.0,0.0,0.0,0.0,128.06822,0.0,57.414097,62.886066,0.0,0.0,0.0,0.0,0.0,0.0,0.0,0.0,0.0,0.0,0.0,0.0,0.0,0.0,0.0,0.0,0.0,0.0,0.0,0.0,0.0,0.0,0.0,90.18207,0.0,0.0,0.0,142.47989,0.0,0.0,0.0,0.0,0.0,0.0,0.0,0.0,0.0,0.0,0.0,0.0,0.0,101.93305,0.0,0.0,0.0,0.0,0.0,0.0,0.0,0.0,0.0,0.0,142.44722,0.0,0.0,0.0,0.0,0.0,0.0,450.01202,0.0,0.0,0.0,0.0,0.0,0.0,160.13942,0.0,0.0,0.0,0.0,0.0,101.61405,0.0,0.0,0.0,145.30681,126.28612,0.0,0.0,0.0,127.68816,0.0,0.0,350.24542,207.35434,0.0,0.0,0.0,0.0,0.0,0.0,0.0,0.0,112.434265,0.0,0.0,0.0,0.0,0.0,0.0,59.132168,0.0,0.0,0.0,0.0,57.191517,0.0,75.006905,0.0,0.0,0.0,0.0,0.0,188.45892,0.0,0.0,0.0,0.0,0.0,0.0,0.0,0.0,0.0,0.0,0.0,97.779625,0.0,0.0,0.0,0.0,0.0,0.0,0.0,0.0,0.0,0.0,0.0,0.0,0.0,0.0,0.0,0.0,0.0,0.0,0.0,0.0,0.0,0.0,0.0,73.36576,0.0,0.0,0.0,0.0,0.0,0.0,0.0,0.0,0.0,0.0,0.0,0.0,0.0,0.0,139.35747,0.0,70.61652,0.0,0.0,141.81906,0.0,0.0,0.0,0.0,0.0,0.0,0.0,0.0,129.51889,81.9113,93.7558,156.32758,0.0,0.0,0.0,0.0,0.0,0.0,0.0,0.0,0.0,0.0,0.0,0.0,0.0,0.0,0.0,0.0,0.0,165.73958,0.0,0.0,0.0,0.0,0.0,0.0,121.24966,127.36099,195.05304,205.19203,80.586624,258.95764,0.0,260.10464,145.84703,191.71252,103.82337,0.0,0.0,0.0,0.0,0.0,0.0,0.0,0.0,0.0,0.0,0.0,0.0,0.0,0.0,0.0,0.0,0.0,0.0,0.0,0.0,0.0,0.0,0.0,0.0,0.0,0.0,116.55711,129.51889,102.94699,0.0,0.0,0.0,0.0,0.0,0.0,0.0,0.0,0.0,0.0,0.0,0.0,0.0,0.0,0.0,0.0,0.0,0.0,0.0,0.0,0.0,0.0,0.0,0.0,0.0,0.0,0.0,0.0,11.3482065,0.0,0.0,0.0,0.0,0.0,0.0,140.76198,188.01727,0.0,0.0,0.0,0.0,0.0,0.0,0.0,0.0,0.0,0.0,135.0168,127.22027,62.649464,147.5109,156.32758,0.0,0.0,0.0,170.82042,119.3933,0.0,0.0,0.0,0.0,0.0,0.0,0.0,0.0,0.0,0.0,0.0,0.0,0.0,0.0,0.0,0.0,81.14738,33.49494,0.0,0.0,0.0,0.0,0.0,0.0,0.0,0.0,0.0,0.0,0.0,0.0,74.06376,159.49028,0.0,0.0,0.0,0.0,0.0,0.0,0.0,0.0,0.0,0.0,0.0,0.0,0.0,0.0,0.0,0.0,0.0,0.0,0.0,0.0,0.0,0.0,0.0,0.0,0.0,0.0,0.0,0.0,0.0,0.0,0.0,0.0,0.0,0.0,0.0,0.0,0.0,0.0,0.0,229.97185,115.78092,33.49494,0.0,0.0,0.0,0.0,0.0,138.37389,62.68488,0.0,0.0,0.0,0.0,0.0,0.0,0.0,0.0,0.0,0.0,74.78836,0.0,0.0,0.0,0.0,0.0,0.0,0.0,0.0,0.0,0.0,0.0,0.0,0.0,0.0,0.0,0.0,0.0,161.95145,21.445429
C21x26_C22x26,91.47998,0.0,0.0,0.0,0.0,0.0,0.0,0.0,0.0,119.55455,0.0,0.0,41.38886,0.0,0.0,0.0,44.433445,0.0,0.0,0.0,0.0,0.0,0.0,75.513405,0.0,0.0,0.0,0.0,0.0,0.0,0.0,0.0,0.0,0.0,0.0,0.0,0.0,0.0,0.0,0.0,0.0,100.486465,0.0,0.0,0.0,0.0,0.0,142.99467,0.0,101.1125,0.0,0.0,0.0,0.0,0.0,0.0,0.0,0.0,166.44547,0.0,0.0,85.384415,0.0,0.0,78.21058,0.0,0.0,0.0,0.0,0.0,0.0,0.0,0.0,112.19542,0.0,112.8944,0.0,0.0,0.0,0.0,0.0,0.0,0.0,0.0,0.0,0.0,0.0,0.0,0.0,0.0,0.0,137.32817,0.0,0.0,0.0,0.0,0.0,0.0,0.0,36.509068,0.0,0.0,0.0,0.0,0.0,0.0,0.0,142.4548,0.0,0.0,0.0,0.0,0.0,0.0,0.0,0.0,0.0,0.0,0.0,0.0,0.0,0.0,0.0,0.0,0.0,0.0,0.0,0.0,0.0,0.0,0.0,0.0,0.0,0.0,0.0,0.0,0.0,0.0,344.84216,0.0,0.0,0.0,0.0,0.0,0.0,7.0965133,0.0,0.0,0.0,0.0,0.0,179.49738,0.0,0.0,0.0,204.61923,0.0,0.0,0.0,0.0,146.90044,0.0,0.0,448.02518,0.0,0.0,0.0,0.0,0.0,0.0,0.0,0.0,0.0,104.88307,0.0,0.0,0.0,0.0,0.0,0.0,15.4220705,0.0,0.0,0.0,0.0,0.0,0.0,62.759872,0.0,0.0,0.0,0.0,0.0,230.34694,0.0,0.0,0.0,0.0,0.0,0.0,0.0,0.0,0.0,0.0,0.0,143.55295,0.0,0.0,0.0,0.0,0.0,0.0,0.0,0.0,0.0,0.0,0.0,0.0,0.0,0.0,0.0,0.0,0.0,139.44537,0.0,0.0,0.0,0.0,0.0,61.3867,0.0,0.0,190.30565,0.0,0.0,0.0,0.0,0.0,0.0,0.0,0.0,0.0,0.0,0.0,146.27509,0.0,0.0,0.0,0.0,0.0,0.0,0.0,0.0,0.0,0.0,0.0,0.0,0.0,0.0,0.0,0.0,0.0,125.92242,129.28108,170.6333,106.55329,67.40909,124.39242,114.86054,93.350945,103.236855,99.41198,29.798182,0.0,132.34796,138.82826,0.0,141.97144,25.071266,253.84763,0.0,0.0,0.0,0.0,0.0,0.0,0.0,0.0,61.969486,159.75238,78.91771,121.61476,42.79137,158.02635,144.85803,0.0,94.62548,0.0,0.0,0.0,0.0,0.0,0.0,0.0,0.0,0.0,0.0,0.0,0.0,0.0,0.0,0.0,0.0,0.0,0.0,0.0,0.0,0.0,0.0,0.0,0.0,0.0,0.0,94.73892,0.0,0.0,0.0,0.0,0.0,0.0,0.0,0.0,0.0,0.0,0.0,0.0,0.0,0.0,0.0,0.0,0.0,0.0,0.0,0.0,0.0,0.0,0.0,0.0,0.0,0.0,0.0,0.0,0.0,0.0,0.0,86.459724,68.085106,153.72916,210.26886,0.0,0.0,143.92831,162.83316,0.0,0.0,0.0,0.0,0.0,0.0,0.0,0.0,0.0,0.0,0.0,0.0,0.0,0.0,0.0,0.0,0.0,0.0,221.27165,204.18175,160.67885,0.0,132.79185,56.400696,0.0,49.31865,0.0,141.12772,80.68823,0.0,0.0,0.0,0.0,0.0,0.0,0.0,0.0,0.0,0.0,0.0,0.0,125.92242,0.0,116.24829,42.808365,85.71291,56.80844,138.82826,80.08249,25.071266,0.0,0.0,0.0,0.0,0.0,0.0,0.0,0.0,0.0,0.0,0.0,0.0,0.0,0.0,0.0,0.0,0.0,0.0,0.0,0.0,0.0,0.0,0.0,0.0,0.0,0.0,0.0,0.0,0.0,0.0,0.0,0.0,0.0,0.0,0.0,0.0,0.0,0.0,0.0,0.0,0.0,164.14865,0.0,0.0,0.0,0.0,0.0,0.0,0.0,136.91032,61.3867,0.0,0.0,0.0,0.0,0.0,0.0,0.0,0.0,0.0,0.0,0.0,0.0,0.0,129.44121,0.0,0.0,0.0,0.0,0.0,0.0,0.0,0.0,0.0,0.0,0.0,0.0,0.0,0.0,136.91032,0.0
C21x27_C21x28,61.884796,0.0,0.0,0.0,63.535942,43.529686,0.0,0.0,32.60734,0.0,42.883533,0.0,91.13766,0.0,21.205462,0.0,98.596,0.0,0.0,0.0,0.0,0.0,42.392143,42.392143,91.04958,0.0,0.0,0.0,0.0,0.0,0.0,0.0,0.0,0.0,0.0,0.0,0.0,127.274605,0.0,0.0,0.0,0.0,75.58786,0.0,0.0,0.0,0.0,111.13679,0.0,0.0,0.0,0.0,0.0,0.0,45.234325,90.494026,0.0,0.0,52.046024,0.0,0.0,0.0,0.0,0.0,40.419933,86.81368,0.0,0.0,107.6606,0.0,35.146294,0.0,0.0,0.0,0.0,54.837173,0.0,0.0,33.560238,0.0,0.0,0.0,109.96679,0.0,0.0,0.0,0.0,0.0,0.0,0.0,0.0,0.0,0.0,0.0,0.0,0.0,0.0,0.0,0.0,0.0,0.0,0.0,39.691414,0.0,135.22946,0.0,0.0,109.19477,0.0,0.0,0.0,0.0,0.0,0.0,0.0,0.0,0.0,0.0,62.143875,41.057,16.473112,0.0,0.0,0.0,0.0,0.0,0.0,0.0,0.0,0.0,0.0,75.87932,0.0,0.0,0.0,0.0,0.0,0.0,250.62451,0.0,0.0,0.0,0.0,0.0,0.0,43.21616,0.0,0.0,6.101989,0.0,0.0,51.07777,0.0,0.0,76.5582,0.0,62.510048,0.0,0.0,0.0,0.0,0.0,0.0,143.44772,185.96545,104.68086,0.0,0.0,0.0,0.0,0.0,0.0,0.0,93.80002,0.0,0.0,0.0,0.0,0.0,0.0,13.474702,0.0,0.0,0.0,0.0,40.29875,0.0,47.000946,0.0,0.0,0.0,60.329334,60.329334,83.3736,0.0,0.0,0.0,0.0,0.0,58.669067,0.0,46.254852,40.054825,0.0,0.0,0.0,0.0,0.0,0.0,0.0,188.5297,0.0,0.0,0.0,0.0,0.0,0.0,0.0,0.0,0.0,0.0,0.0,0.0,107.12255,35.455727,0.0,0.0,0.0,0.0,57.384747,22.983755,0.0,158.14714,0.0,0.0,0.0,0.0,0.0,0.0,0.0,168.6904,0.0,0.0,0.0,48.22186,0.0,55.15238,0.0,0.0,67.05195,0.0,0.0,32.88023,0.0,0.0,0.0,51.511642,0.0,117.26578,113.08405,65.675865,74.62745,127.8472,84.94652,139.28378,50.763268,0.0,88.52846,102.10144,90.98738,80.36086,71.990166,0.0,48.443474,82.12153,43.35143,0.0,92.93281,0.0,72.23488,0.0,0.0,3.7491746,0.0,0.0,0.0,153.72318,60.876717,145.8652,130.67131,87.931076,149.06104,29.017456,168.68488,98.68081,192.30269,25.270927,0.0,0.0,0.0,0.0,0.0,0.0,0.0,0.0,0.0,0.0,0.0,0.0,0.0,0.0,0.0,0.0,0.0,0.0,0.0,34.42464,34.745052,27.201252,53.547516,0.0,0.0,73.685936,75.41307,115.61436,130.41199,0.0,0.0,0.0,0.0,0.0,0.0,54.907345,65.45692,0.0,0.0,0.0,0.0,0.0,0.0,0.0,0.0,0.0,0.0,0.0,0.0,0.0,0.0,0.0,0.0,0.0,0.0,0.0,0.0,6.365667,0.0,0.0,0.0,0.0,0.0,0.0,50.757133,73.34215,0.0,63.47971,8.994371,26.087187,33.909866,0.0,0.0,0.0,0.0,0.0,69.293625,73.52811,57.354267,95.9936,74.62745,0.0,0.0,0.0,97.79259,54.566708,0.0,0.0,0.0,0.0,0.0,0.0,0.0,0.0,0.0,0.0,0.0,0.0,0.0,0.0,0.0,0.0,80.93647,0.0,58.669067,0.0,0.0,0.0,0.0,0.0,0.0,0.0,0.0,0.0,0.0,0.0,73.54996,58.768497,0.0,0.0,0.0,0.0,0.0,0.0,0.0,0.0,0.0,0.0,0.0,0.0,0.0,0.0,0.0,0.0,0.0,0.0,0.0,0.0,0.0,0.0,0.0,0.0,0.0,0.0,0.0,0.0,0.0,0.0,0.0,0.0,0.0,4.329504,0.0,0.0,0.0,0.0,0.0,135.4411,147.66663,0.0,0.0,0.0,0.0,0.0,19.902998,52.648506,20.441566,49.93795,0.0,0.0,0.0,0.0,0.0,0.0,0.0,0.0,0.0,83.17245,0.0,49.783157,90.55021,0.0,0.0,0.0,0.0,112.13959,0.0,0.0,0.0,0.0,0.0,0.0,30.304062,0.0,0.0,145.91464,0.0
C21x27_C22x27,0.0,0.0,0.0,0.0,42.30981,18.304224,0.0,0.0,0.0,0.0,61.245743,0.0,63.86998,0.0,26.319468,0.0,121.32825,0.0,0.0,0.0,0.0,0.0,51.807087,51.807087,55.94012,0.0,0.0,0.0,0.0,0.0,0.0,0.0,0.0,0.0,0.0,0.0,0.0,43.074223,0.0,0.0,0.0,0.0,0.0,0.0,0.0,0.0,0.0,173.3114,0.0,113.84306,0.0,0.0,0.0,0.0,58.201637,72.3703,0.0,0.0,97.851006,0.0,0.0,0.0,0.0,0.0,47.371975,0.0,0.0,0.0,46.53539,0.0,41.19129,0.0,65.3264,0.0,0.0,97.28507,0.0,31.174639,34.145805,0.0,0.0,0.0,86.51416,0.0,0.0,0.0,0.0,0.0,0.0,0.0,0.0,81.68302,0.0,0.0,0.0,0.0,0.0,0.0,0.0,0.0,0.0,34.883354,53.031284,0.0,95.88903,0.0,76.02642,107.77286,0.0,0.0,71.22507,0.0,0.0,0.0,71.22507,0.0,0.0,0.0,76.50815,44.073235,42.360092,0.0,77.61591,0.0,0.0,0.0,0.0,0.0,0.0,0.0,0.0,105.06294,0.0,0.0,52.53147,0.0,0.0,82.0468,246.79962,0.0,0.0,0.0,0.0,0.0,0.0,50.828087,0.0,0.0,35.840637,0.0,0.0,63.940147,0.0,0.0,0.0,0.0,62.544052,0.0,54.30913,0.0,0.0,0.0,0.0,325.50238,134.56764,70.928,0.0,0.0,0.0,8.728696,0.0,0.0,0.0,101.646385,0.0,0.0,0.0,0.0,0.0,0.0,0.0,0.0,0.0,36.359356,0.0,41.311306,0.0,22.803165,0.0,0.0,0.0,63.08664,63.08664,120.50953,0.0,0.0,0.0,0.0,0.0,68.75988,0.0,0.0,21.477467,0.0,0.0,0.0,0.0,0.0,0.0,0.0,147.949,0.0,0.0,0.0,0.0,0.0,0.0,4.0905976,0.0,0.0,0.0,0.0,0.0,114.546585,0.0,0.0,0.0,0.0,0.0,45.22783,0.0,0.0,169.35612,0.0,0.0,0.0,47.453712,0.0,0.0,0.0,74.291885,0.0,0.0,0.0,99.14641,0.0,40.23983,0.0,0.0,102.926155,0.0,0.0,0.0,0.0,0.0,0.0,0.0,0.0,80.14824,84.56069,75.75115,68.51151,72.544266,48.042534,80.468834,0.0,29.108557,47.944515,59.907547,53.38643,47.151363,43.25708,0.0,0.0,51.463078,24.34547,0.0,52.53147,0.0,84.489174,0.0,0.0,4.3940153,0.0,0.0,0.0,102.36723,90.19011,110.62809,101.491196,111.99921,120.74437,41.376938,123.25107,62.51871,104.46321,45.0654,0.0,0.0,0.0,0.0,0.0,0.0,0.0,0.0,0.0,0.0,0.0,0.0,0.0,0.0,0.0,0.0,0.0,0.0,0.0,0.0,0.0,0.0,0.0,22.154896,0.0,0.0,56.532898,80.14824,25.12515,0.0,0.0,0.0,0.0,0.0,0.0,64.35116,81.14572,0.0,0.0,0.0,0.0,0.0,0.0,0.0,0.0,0.0,0.0,0.0,0.0,0.0,0.0,0.0,0.0,0.0,0.0,0.0,0.0,4.0905976,0.0,56.4904,91.59498,116.817795,35.840637,33.91712,64.205536,109.66106,0.0,65.2611,38.499096,26.15128,35.51622,0.0,0.0,0.0,0.0,0.0,72.18674,83.69969,75.662155,36.359035,68.51151,0.0,0.0,0.0,169.95947,95.21598,0.0,0.0,0.0,0.0,0.0,0.0,0.0,0.0,0.0,0.0,0.0,0.0,0.0,0.0,0.0,0.0,84.88914,0.0,68.75988,0.0,0.0,0.0,0.0,0.0,0.0,0.0,0.0,0.0,0.0,0.0,40.636635,100.389984,0.0,0.0,0.0,0.0,0.0,0.0,0.0,0.0,0.0,0.0,59.873436,0.0,0.0,0.0,0.0,0.0,0.0,0.0,0.0,0.0,0.0,0.0,38.492264,0.0,0.0,0.0,0.0,0.0,0.0,0.0,0.0,0.0,0.0,0.0,0.0,0.0,20.774208,0.0,0.0,174.73198,61.025326,0.0,51.463078,43.667778,46.47374,0.0,0.0,57.266663,36.86165,0.0,0.0,0.0,0.0,0.0,0.0,0.0,0.0,19.24442,0.0,31.347057,0.0,46.90681,98.159325,0.0,0.0,0.0,40.729115,87.335556,0.0,0.0,0.0,0.0,0.0,0.0,35.51622,0.0,0.0,83.69969,29.236628
C21x28_C21x29,0.0,0.0,0.0,0.0,50.694157,29.938887,0.0,0.0,27.632614,0.0,36.34102,0.0,94.19037,0.0,16.416441,0.0,83.18475,0.0,30.419008,26.786922,0.0,0.0,17.044697,17.044697,36.608494,0.0,0.0,0.0,63.724964,0.0,0.0,0.0,0.0,0.0,0.0,0.0,32.018112,77.64899,0.0,28.81712,77.10403,0.0,15.280006,0.0,0.0,0.0,0.0,39.763393,55.240486,0.0,0.0,0.0,0.0,0.0,44.89849,32.65703,35.67284,31.626896,40.17381,52.860462,37.37799,59.765015,0.0,0.0,0.0,0.0,50.809246,0.0,125.831696,0.0,2.518015,0.0,0.0,0.0,0.0,24.425163,0.0,34.718365,20.28971,44.096783,20.28971,0.0,99.3699,0.0,0.0,0.0,40.07058,0.0,0.0,0.0,0.0,39.35566,0.0,0.0,0.0,0.0,0.0,0.0,0.0,0.0,0.0,80.74326,46.844746,0.0,63.962875,0.0,14.997144,45.333553,14.997144,0.0,0.0,0.0,0.0,0.0,0.0,0.0,0.0,0.0,34.955208,0.0,37.266476,0.0,45.571976,32.224255,50.225246,0.0,0.0,0.0,0.0,0.0,0.0,76.53874,0.0,53.19826,0.0,0.0,0.0,0.0,132.14961,0.0,0.0,0.0,0.0,0.0,0.0,26.4421,21.814873,15.63804,51.978733,0.0,0.0,66.88979,0.0,37.683964,10.910422,0.0,37.33777,20.324903,56.47045,36.710964,58.698486,0.0,0.0,95.86743,71.48017,63.24883,0.0,34.692944,0.0,0.0,18.963718,0.0,0.0,51.163578,0.0,0.0,30.239054,0.0,0.0,0.0,0.0,0.0,0.0,0.0,0.0,41.670242,0.0,112.20751,0.0,13.930642,0.0,0.0,27.490582,98.76188,0.0,0.0,0.0,0.0,0.0,12.946316,0.0,20.91032,18.107487,0.0,0.0,46.135216,0.0,0.0,0.0,35.177708,190.01273,0.0,0.0,0.0,0.0,0.0,0.0,0.0,0.0,0.0,0.0,0.0,0.0,74.142334,23.981083,0.0,0.0,0.0,0.0,45.848095,6.085544,0.0,100.533134,0.0,0.0,0.0,38.51651,0.0,0.0,0.0,48.688335,0.0,8.66907,0.0,0.0,0.0,63.111855,0.0,0.0,86.91661,0.0,0.0,21.732666,0.0,0.0,0.0,25.504211,0.0,49.14584,69.22196,0.0,39.03662,102.70905,81.64677,95.54375,0.0,116.09187,45.01989,87.71274,69.32728,53.61711,69.94092,45.14605,0.0,105.444664,45.949562,0.0,92.85454,0.0,81.4027,0.0,0.0,8.924297,0.0,0.0,0.0,54.275517,122.39944,56.53026,73.74098,133.2582,111.17374,114.73704,97.89956,79.12515,71.674835,14.867369,35.56264,1.4992169,17.23035,25.740835,27.01023,9.778081,17.37897,46.66446,13.120425,29.306303,25.735226,0.0,12.845669,32.544876,25.027355,26.553171,29.520649,28.43624,30.219406,25.090498,28.077766,14.013573,28.960718,0.0,0.0,145.05153,84.66602,41.54402,48.782776,0.0,0.0,0.0,0.0,0.0,0.0,22.1888,37.450153,0.0,0.0,0.0,0.0,0.0,0.0,0.0,0.0,0.0,0.0,0.0,0.0,0.0,0.0,0.0,0.0,0.0,20.894253,15.276119,24.303894,13.553506,0.0,34.642082,29.94721,30.329615,28.43624,37.952496,2.7320685,17.378832,29.03752,37.081505,41.09984,20.28663,20.08619,0.0,0.0,0.0,0.0,0.0,29.9968,51.951244,56.857544,48.814907,39.03662,0.0,0.0,0.0,70.485695,26.014887,0.0,0.0,0.0,0.0,0.0,0.0,0.0,0.0,0.0,0.0,0.0,0.0,0.0,0.0,0.0,0.0,24.349464,0.0,19.56079,26.340572,51.91715,0.0,0.0,0.0,0.0,0.0,0.0,0.0,0.0,0.0,45.2827,42.69675,0.0,0.0,78.41289,9.964998,22.521145,60.990215,34.466606,35.080044,61.7429,0.0,20.562971,66.511406,38.693615,80.857635,82.38852,19.633406,60.4114,71.077965,56.412323,0.0,6.131467,12.750516,25.543358,0.0,27.934813,18.541538,23.035917,0.0,0.0,0.0,0.0,0.0,0.0,10.305676,0.0,0.0,0.0,0.0,0.0,112.36506,78.96711,0.0,0.0,0.0,0.0,0.0,5.269834,50.04623,0.0,0.0,37.450153,0.0,0.0,0.0,0.0,0.0,0.0,24.643974,0.0,50.14285,0.0,30.493359,48.894646,0.0,0.0,0.0,18.155968,65.33098,0.0,0.0,0.0,0.0,0.0,0.0,20.08619,0.0,0.0,110.069664,0.0
C21x28_C22x28,29.421623,0.0,0.0,0.0,40.29821,29.761696,0.0,0.0,46.817825,0.0,61.572437,0.0,72.84116,0.0,21.35785,0.0,114.161415,0.0,0.0,31.193995,0.0,0.0,39.702374,39.702374,51.750153,0.0,0.0,0.0,0.0,0.0,0.0,0.0,0.0,0.0,0.0,33.079926,0.0,63.948727,0.0,31.503403,0.0,0.0,27.198826,0.0,0.0,0.0,0.0,60.01953,55.491222,42.44022,0.0,0.0,0.0,0.0,31.792175,63.602184,41.77257,0.0,70.77267,0.0,0.0,49.3338,0.0,0.0,33.25096,0.0,0.0,0.0,109.41877,0.0,0.0,0.0,0.0,0.0,0.0,29.341322,0.0,45.67785,0.0,65.0047,0.0,0.0,93.04587,0.0,0.0,0.0,26.142735,0.0,0.0,62.678253,0.0,35.424454,0.0,0.0,0.0,0.0,0.0,39.85461,0.0,0.0,0.0,36.482082,34.47131,0.0,75.485245,0.0,0.0,47.40769,0.0,0.0,0.0,0.0,0.0,0.0,0.0,81.2372,0.0,81.2372,83.46205,51.69087,0.0,0.0,0.0,0.0,37.76934,0.0,0.0,0.0,0.0,0.0,0.0,54.761703,0.0,47.8751,0.0,0.0,0.0,0.0,119.33082,0.0,0.0,0.0,0.0,0.0,0.0,0.0,0.0,44.25853,0.0,34.342316,0.0,89.239784,0.0,0.0,34.09408,0.0,44.320057,30.705576,124.39813,0.0,41.93538,0.0,0.0,122.77355,115.98067,73.69743,0.0,34.85041,0.0,0.0,0.0,0.0,0.0,75.2899,0.0,0.0,35.21408,0.0,0.0,0.0,7.692871,0.0,0.0,0.0,0.0,57.761578,0.0,71.266685,0.0,2.2679696,0.0,54.294144,54.294144,111.39698,0.0,0.0,0.0,0.0,0.0,38.212353,0.0,36.984074,0.0,0.0,0.0,37.286472,0.0,0.0,0.0,41.303978,53.799404,0.0,0.0,0.0,0.0,0.0,0.0,0.0,0.0,0.0,0.0,0.0,0.0,77.534546,5.436895,0.0,0.0,0.0,0.0,80.72494,26.523245,0.0,100.317406,0.0,0.0,0.0,0.0,0.0,0.0,0.0,129.45924,0.0,0.0,0.0,43.82697,0.0,53.242935,0.0,0.0,49.549595,0.0,0.0,27.437113,0.0,0.0,0.0,22.54843,0.0,69.94605,88.63548,49.610306,55.81361,58.736294,58.81166,68.62206,48.112556,68.32236,49.41669,50.16034,45.362625,42.565296,60.912815,41.943188,47.595837,60.30071,51.49036,46.43038,67.069115,0.0,88.39194,0.0,0.0,0.0,0.0,0.0,0.0,50.87287,121.60925,75.76339,108.42075,84.717415,108.73019,82.64298,119.378555,69.39747,55.296436,22.613642,35.733917,1.745873,21.086523,29.975801,19.144611,23.493753,14.820979,55.575268,17.510653,34.127872,28.10723,0.0,14.959081,37.286472,29.144938,29.753906,34.377483,33.618355,34.508842,51.70248,29.823181,13.4453335,34.906864,0.0,0.0,83.20266,65.40279,76.619194,44.450047,0.0,0.0,0.0,0.0,0.0,0.0,43.82308,70.8069,0.0,0.0,0.0,0.0,0.0,0.0,0.0,0.0,0.0,0.0,0.0,0.0,0.0,0.0,0.0,0.0,0.0,0.0,0.0,0.0,17.645357,0.0,33.80068,27.218145,28.87927,33.618355,45.423195,36.41128,43.484207,0.0,45.83841,50.549427,21.020851,21.366074,0.0,0.0,0.0,0.0,0.0,55.027424,72.36866,63.27283,55.575268,55.81361,0.0,95.433464,51.09753,72.17247,31.9723,0.0,0.0,0.0,0.0,0.0,0.0,0.0,0.0,0.0,0.0,0.0,0.0,0.0,0.0,0.0,0.0,52.560143,0.0,38.212353,28.817945,0.0,0.0,0.0,0.0,0.0,0.0,0.0,0.0,0.0,0.0,0.0,0.0,0.0,0.0,0.0,0.0,0.0,0.0,0.0,0.0,0.0,0.0,24.145746,63.951958,20.981024,81.22465,75.709045,40.69237,60.685604,69.60948,56.668377,0.0,0.0,10.058544,60.989506,0.0,0.0,0.0,0.0,0.0,0.0,0.0,0.0,0.0,0.0,12.001201,54.69757,0.0,0.0,0.0,0.0,113.97956,63.449814,0.0,0.0,0.0,0.0,0.0,0.0,52.228157,29.474375,37.72218,0.0,0.0,0.0,0.0,0.0,0.0,0.0,33.226204,0.0,54.742428,0.0,31.620625,55.494026,0.0,0.0,0.0,0.0,17.510653,0.0,0.0,0.0,0.0,0.0,0.0,9.750638,0.0,0.0,140.11249,0.0
C21x29_C21x30,0.0,0.0,0.0,0.0,41.8826,32.299976,0.0,0.0,0.0,0.0,31.087578,0.0,101.14758,25.00532,25.482115,0.0,95.07359,19.23975,23.259119,0.0,0.0,14.171269,0.0,0.0,20.316021,0.0,0.0,0.0,47.704437,0.0,0.0,0.0,0.0,0.0,0.0,61.915333,27.015944,28.207813,0.0,7.31377,23.826763,15.411011,12.478612,0.0,0.0,0.0,0.0,30.476679,31.62398,16.395397,0.0,0.0,0.0,0.0,29.340908,26.685516,33.166416,30.679556,30.342505,58.467064,36.333622,51.383503,0.0,0.0,0.0,0.0,0.0,0.0,55.17589,0.0,0.0,0.0,19.953331,0.0,0.0,38.322205,0.0,61.12093,31.03865,58.53882,31.03865,0.0,104.1951,0.0,14.116801,0.0,36.244045,0.0,0.0,0.0,0.0,51.533535,0.0,0.0,0.0,0.0,0.0,79.74258,0.0,0.0,0.0,61.98285,58.401897,0.0,72.35944,0.0,18.819225,46.16871,14.925252,0.0,0.0,0.0,0.0,0.0,17.856657,0.0,0.0,19.239243,23.258507,0.0,18.016687,0.0,17.050337,12.056408,18.791313,0.0,0.0,0.0,0.0,0.0,0.0,52.419426,0.0,43.282043,38.384274,0.0,21.38766,26.314976,125.40751,0.0,0.0,0.0,0.0,0.0,0.0,35.788754,19.0912,8.946237,0.0,0.0,0.0,42.811428,0.0,22.150515,10.379848,0.0,21.065676,19.887606,90.31061,32.23876,45.59249,0.0,0.0,115.719246,34.828712,89.1752,0.0,42.23538,0.0,0.0,17.40404,0.0,0.0,29.370867,0.0,0.0,21.639292,0.0,0.0,0.0,32.666843,0.0,0.0,12.492785,0.0,34.950333,0.0,76.22284,0.0,4.791035,0.0,0.0,26.101196,81.3853,0.0,0.0,0.0,0.0,0.0,0.0,0.0,0.0,34.83506,0.0,0.0,41.281506,0.0,0.0,0.0,27.951506,36.25289,0.0,0.0,0.0,0.0,0.0,0.0,6.2989893,0.0,0.0,0.0,0.0,0.0,0.0,0.0,0.0,0.0,0.0,0.0,79.3523,0.0,0.0,77.45695,0.0,0.0,0.0,15.273762,0.0,0.0,0.0,85.66455,0.0,36.481167,0.0,11.461001,0.0,86.05983,0.0,0.0,56.41819,0.0,0.0,0.0,0.0,0.0,0.0,31.354052,0.0,36.396843,64.4844,16.349482,27.796654,43.041286,54.607433,74.69075,64.040436,86.9543,46.555878,0.0,91.51189,40.108067,67.03886,76.068726,147.496,74.147606,95.99658,111.29995,68.89223,36.83815,44.266216,0.0,0.0,7.4950376,0.0,0.0,0.0,65.66812,119.17349,46.57846,77.853836,171.29065,101.62153,135.067,94.41887,51.707836,68.202995,26.63224,9.235673,0.0,22.794085,16.161436,9.360804,17.204018,30.745848,16.78074,30.761608,13.434908,16.742208,25.148392,14.531951,22.82319,0.0,14.045725,13.027461,0.0,20.243176,23.069723,28.50827,25.536076,33.303547,0.0,0.0,37.017662,43.132565,33.85584,40.93544,0.0,0.0,0.0,0.0,0.0,0.0,0.0,40.39322,0.0,0.0,0.0,0.0,0.0,0.0,0.0,0.0,0.0,0.0,0.0,0.0,0.0,0.0,0.0,0.0,0.0,20.043633,39.972984,40.014088,21.718428,41.883007,74.00788,66.98793,49.409893,24.173952,38.996353,0.0,0.0,16.181427,16.325283,33.105152,34.203518,34.167816,0.0,0.0,0.0,0.0,0.0,33.89663,37.89578,41.113956,45.55184,31.63142,0.0,0.0,0.0,28.054108,45.810947,0.0,0.0,0.0,0.0,0.0,0.0,0.0,0.0,0.0,0.0,0.0,0.0,0.0,0.0,0.0,0.0,40.50708,19.80516,0.0,21.614773,51.877728,0.0,26.670025,37.48916,11.257486,18.70979,0.0,24.11097,28.334549,0.0,37.019733,52.457794,0.0,13.125408,30.327463,58.096912,37.88262,61.44895,71.33609,67.64046,54.255714,54.066128,20.787537,54.629673,31.80006,53.13591,47.33584,63.18723,46.583775,50.87183,45.56807,19.916262,0.0,44.36679,26.426437,0.0,15.634423,43.278877,56.58338,15.994352,0.0,0.0,0.0,0.0,23.450117,7.4950376,0.0,0.0,26.771458,0.0,0.0,89.533516,29.261492,25.044308,41.31238,0.0,0.0,0.0,6.564111,68.15554,49.182766,0.0,32.03959,0.0,0.0,0.0,0.0,0.0,0.0,0.0,0.0,23.596727,0.0,66.71024,84.32722,9.943901,0.0,0.0,10.365553,153.17232,0.0,0.0,0.0,0.0,0.0,0.0,0.0,0.0,0.0,123.84576,18.597162
C21x29_C22x29,0.0,0.0,0.0,0.0,32.800087,16.500013,0.0,0.0,0.0,0.0,36.01122,0.0,41.95588,27.043627,12.16459,0.0,81.90651,16.624949,10.48802,24.228523,0.0,0.0,14.50911,14.50911,35.429337,10.882408,0.0,0.0,55.037453,0.0,0.0,22.358803,0.0,0.0,22.358803,68.15702,22.7274,39.25234,5.7153873,9.502174,39.016106,20.072172,10.944899,8.976548,0.0,8.976548,0.0,22.527918,27.363482,15.478423,0.0,9.377831,0.0,0.0,36.16619,28.905376,38.496796,10.035267,18.144648,24.939404,17.63482,35.93604,0.0,0.0,0.0,0.0,0.0,0.0,116.767296,0.0,2.277521,0.0,0.0,0.0,0.0,41.633106,11.624588,40.375847,22.801666,38.9092,22.801666,0.0,117.437164,0.0,8.597485,0.0,36.540936,0.0,0.0,0.0,15.838237,57.90326,0.0,28.132446,0.0,28.132446,0.0,85.75698,0.0,0.0,0.0,76.955414,52.392765,0.0,69.78971,0.0,16.50965,49.0212,16.50965,0.0,0.0,0.0,0.0,0.0,0.0,0.0,0.0,21.005417,28.712517,20.326427,15.241546,0.0,18.638395,13.179337,18.638395,0.0,25.926638,0.0,0.0,0.0,0.0,50.42398,0.0,49.027985,0.0,0.0,23.95054,0.0,100.43843,0.0,0.0,0.0,0.0,0.0,0.0,24.38733,27.827559,0.0,23.027002,0.0,0.0,42.986206,0.0,17.279615,0.0,0.0,25.416157,33.903484,100.17702,26.29992,37.193703,0.0,0.0,83.86664,52.28281,75.945724,0.0,31.464048,0.0,0.0,8.332542,0.0,0.0,29.362305,0.0,0.0,27.9469,0.0,0.0,0.0,15.538616,0.0,0.0,0.0,0.0,51.552402,0.0,71.759705,0.0,0.0,16.187035,21.581572,21.581572,100.90287,0.0,0.0,0.0,0.0,0.0,11.709822,0.0,0.0,35.034527,0.0,0.0,30.097103,0.0,0.0,0.0,45.642345,61.898727,0.0,0.0,0.0,0.0,0.0,0.0,20.959959,0.0,0.0,0.0,0.0,0.0,0.0,0.0,0.0,0.0,0.0,0.0,120.55366,0.0,0.0,60.43717,0.0,0.0,0.0,9.053791,0.0,0.0,0.0,114.91376,0.0,20.643606,0.0,0.0,0.0,66.23204,0.0,0.0,62.3958,0.0,0.0,0.0,0.0,0.0,0.0,25.066593,0.0,37.033695,57.021347,0.0,19.704252,0.0,38.58372,69.04283,48.427177,71.6347,47.762375,18.291714,78.71902,39.936527,80.37113,61.645916,94.57114,78.3778,73.73744,103.71745,54.370155,38.220654,75.03241,0.0,0.0,0.0,0.0,0.0,0.0,49.597435,109.473595,43.584435,87.71244,151.40366,85.53703,120.330956,86.55874,54.18239,51.511963,33.818172,25.412352,0.0,31.140734,19.02095,14.86971,37.232445,21.534761,47.865147,28.062986,0.0,15.456612,18.398426,15.388839,30.097103,0.0,18.261805,25.346766,27.070713,25.117487,17.018599,21.34803,19.485273,25.697699,4.7704196,0.0,92.79053,33.877068,42.328682,35.8366,6.523456,17.227766,16.28255,15.229797,0.0,0.0,4.8014607,26.725924,0.0,15.263687,14.405821,18.730593,0.0,19.991371,3.2912533,17.672745,11.899836,7.6910405,0.0,18.338053,12.853047,13.577666,17.508762,15.981008,0.0,25.817202,22.83778,21.54797,41.367603,23.849205,85.97291,73.96956,55.678856,27.070713,43.87475,2.4031272,13.14467,13.136563,10.705409,21.70892,31.554123,25.230785,0.0,0.0,0.0,0.0,0.0,33.393852,47.301434,57.140274,62.33717,39.19696,0.0,0.0,0.0,0.0,17.681221,0.0,0.0,0.0,0.0,0.0,0.0,0.0,0.0,0.0,10.610748,3.981757,19.025425,10.189923,0.0,17.508762,15.981008,30.382717,19.490784,11.709822,28.321577,37.193703,0.0,34.130642,44.702065,7.3594666,26.608843,17.197691,30.77395,30.360584,0.0,24.2018,39.967133,0.0,19.187494,0.0,32.016624,39.718494,68.68936,32.910854,58.41369,50.559006,24.577341,0.0,62.007263,32.345062,57.995773,49.905846,68.26628,43.59948,53.37249,48.71539,17.377117,22.081976,42.500164,26.220371,0.0,10.313951,37.14139,27.458492,26.032024,0.0,0.0,0.0,0.0,17.838125,0.0,0.0,0.0,26.931305,0.0,0.0,103.13274,0.0,30.461147,0.0,0.0,0.0,0.0,17.201733,56.455303,54.52855,0.0,17.905315,0.0,0.0,0.0,0.0,0.0,0.0,19.783615,0.0,30.886885,0.0,47.877357,74.49242,0.0,0.0,0.0,1.985785,106.05216,0.0,0.0,0.0,0.0,0.0,0.0,17.13649,0.0,0.0,124.813385,30.339828
C21x30_C21x31,0.0,0.0,0.0,0.0,58.491333,22.066689,0.0,0.0,0.0,0.0,28.400173,0.0,76.13621,0.0,0.0,0.0,76.02454,10.38981,12.560341,0.0,0.0,18.182354,11.878989,0.0,22.478691,0.0,0.0,16.823454,75.697044,0.0,0.0,0.0,0.0,0.0,0.0,27.51259,45.99883,16.650583,0.0,6.022659,0.0,33.3038,7.4090567,0.0,0.0,0.0,0.0,26.796675,13.221156,18.089802,0.0,0.0,0.0,0.0,20.077147,24.185926,28.05138,16.355253,34.09107,14.146698,7.897636,35.381866,0.0,0.0,0.0,8.513556,28.669418,21.295998,14.726934,16.97659,11.091234,0.0,48.756798,0.0,0.0,56.24922,0.0,125.02199,34.1963,46.002197,31.008345,0.0,87.54083,0.0,27.065096,0.0,56.671413,0.0,0.0,0.0,0.0,32.50672,0.0,0.0,0.0,0.0,0.0,56.49141,0.0,0.0,0.0,81.93615,68.48186,0.0,45.699425,0.0,16.510246,53.53369,16.510246,0.0,0.0,0.0,0.0,0.0,25.958647,0.0,0.0,29.653702,25.958647,6.5182877,15.669114,0.0,20.445873,13.320821,23.606218,0.0,0.0,0.0,0.0,0.0,0.0,41.03675,0.0,25.749474,40.946804,0.0,20.26234,39.466278,96.1536,0.0,0.0,0.0,0.0,0.0,0.0,6.198778,3.348749,18.017551,5.5504208,0.0,0.0,15.654122,4.0565243,0.0,5.4598475,27.45768,0.0,0.0,66.2311,14.142231,50.52897,0.0,0.0,70.594986,11.799194,110.102615,0.0,39.274708,0.0,0.0,22.906197,0.0,0.0,36.29409,0.0,0.0,0.0,0.0,0.0,0.0,26.629286,0.0,0.0,23.17681,0.0,73.13383,0.0,55.849705,0.0,20.466415,0.0,0.0,0.0,99.100586,0.0,0.0,0.0,0.0,0.0,20.505735,0.0,0.0,34.358917,0.0,0.0,61.727367,0.0,0.0,21.991251,30.487381,31.751688,10.461171,0.0,0.0,0.0,0.0,0.0,0.0,0.0,0.0,0.0,0.0,0.0,63.312237,13.407859,0.0,0.0,0.0,13.366497,87.114845,0.0,0.0,31.869364,0.0,0.0,27.781706,0.0,0.0,0.0,0.0,85.508644,0.0,31.95971,0.0,27.676489,0.0,87.799835,0.0,23.526714,53.451923,0.0,0.0,0.0,0.0,0.0,0.0,14.310153,0.0,73.091866,135.37569,0.0,0.0,31.93431,72.820816,66.63283,26.986406,73.3672,48.137398,32.41117,76.17741,32.30746,95.39651,68.268875,110.527084,69.69236,113.36734,86.43004,43.344784,65.66354,10.891343,0.0,0.0,14.972441,0.0,0.0,0.0,82.07857,94.5603,45.525467,122.95307,169.09047,89.82394,132.22546,58.019268,42.81152,23.124954,26.291214,7.6052856,0.0,17.084642,11.887662,0.0,19.045807,23.77063,15.906799,23.67429,11.063223,13.897073,19.567535,11.423702,13.212248,0.0,12.940465,5.4420004,4.0565243,14.570305,12.68157,29.040792,25.592136,13.121885,0.0,0.0,24.710033,35.74347,19.992254,21.056139,0.0,0.0,0.0,0.0,0.0,40.75059,14.014809,29.141603,0.0,0.0,0.0,0.0,0.0,0.0,0.0,0.0,0.0,0.0,0.0,0.0,0.0,0.0,0.0,0.0,0.0,24.196585,35.376152,46.026314,30.658823,65.47098,53.385902,52.77123,33.589626,7.659501,42.437622,0.0,19.138548,12.071109,20.918407,8.11586,47.167244,44.617428,0.0,0.0,0.0,0.0,0.0,27.234865,29.253792,32.332783,22.883434,36.105133,0.0,0.0,0.0,25.361895,52.28777,0.0,0.0,0.0,0.0,0.0,0.0,0.0,0.0,0.0,0.0,0.0,0.0,0.0,0.0,0.0,0.0,14.130016,17.29074,22.292093,17.685041,22.75729,24.90959,44.337658,46.055054,27.449097,40.12469,41.65581,52.517498,15.725346,24.452797,37.53894,45.087387,12.7585945,35.40596,24.192987,64.30139,64.439575,33.77887,60.536858,100.52755,94.132286,57.26909,38.702045,43.584644,63.186054,52.236202,0.0,55.35584,41.40156,51.82209,45.66811,39.00819,23.073843,36.166824,20.692617,0.0,19.801,4.1129017,25.95039,31.951073,0.0,23.134033,15.3578615,15.645761,10.101977,14.972441,0.0,0.0,30.587576,0.0,0.0,99.377396,30.586014,65.15066,35.04056,28.953558,0.0,0.0,0.0,58.44662,54.06143,15.125393,23.114893,0.0,0.0,0.0,0.0,0.0,0.0,20.78913,18.852835,12.071109,0.0,106.52082,131.02109,11.998196,12.008841,0.0,0.0,108.112206,0.0,0.0,0.0,0.0,0.0,0.0,26.711546,0.0,0.0,94.18115,16.78886
C21x30_C22x30,0.0,0.0,0.0,0.0,43.186916,17.926342,0.0,0.0,0.0,0.0,28.570908,21.615574,56.604927,19.176853,0.0,22.587368,100.53855,23.247547,15.377646,0.0,0.0,14.830397,0.0,0.0,14.825008,0.0,9.293017,0.0,47.29903,20.759193,0.0,0.0,27.358885,0.0,0.0,55.15125,34.78148,53.073574,0.0,5.981134,43.899967,24.042747,15.398679,0.0,0.0,0.0,9.748615,24.33026,34.739674,20.842278,0.0,0.0,13.429207,0.0,10.661873,30.21534,29.506475,4.887084,40.956562,21.631035,13.442334,19.010332,7.4379807,0.0,0.0,7.435278,23.722176,0.0,61.94048,11.6844015,0.0,0.0,36.182865,0.0,0.0,45.47923,0.0,61.494846,35.59418,46.54128,28.229225,0.0,73.90553,0.0,27.25054,14.261111,46.332294,0.0,0.0,0.0,0.0,44.052784,0.0,0.0,0.0,0.0,36.060436,72.69222,0.0,0.0,0.0,73.16012,58.72348,0.0,55.187904,5.154566,25.186638,62.766163,19.975153,0.0,0.0,0.0,0.0,0.0,23.850147,0.0,0.0,38.995907,23.850147,11.9950695,10.420971,0.0,23.341738,0.0,25.79343,28.507954,0.0,0.0,25.42743,4.238498,0.0,44.565964,13.155545,26.519531,24.952356,8.253787,20.42933,30.184008,101.46837,0.0,0.0,20.410162,0.0,0.0,14.48343,25.1367,36.668953,19.906818,8.681321,0.0,0.0,19.41988,3.8811128,7.405201,3.8499823,25.981834,0.0,17.22402,65.73979,17.923338,25.34743,15.083719,0.0,55.4994,10.25175,65.521286,12.615307,61.39131,0.0,0.0,19.8684,0.0,0.0,32.203533,0.0,14.145547,18.743607,22.85333,0.0,9.949353,24.112339,17.065948,0.0,24.532463,11.644059,54.61275,0.0,71.98554,0.0,17.496103,0.0,0.0,8.546079,80.40984,0.0,0.0,13.785095,0.0,0.0,20.257921,0.0,0.0,65.39615,10.851905,0.0,29.657951,22.362974,0.0,0.0,32.030468,26.594282,0.0,0.0,0.0,3.5197628,18.325785,6.68217,0.0,0.0,18.379238,14.970195,0.0,0.0,52.74913,11.527239,23.187664,0.0,0.0,0.0,65.82334,0.0,10.621867,46.155235,0.0,0.0,0.0,0.0,10.58483,0.0,11.838798,72.86043,18.937908,24.413197,11.055182,23.635683,6.9557204,45.692,0.0,0.0,58.072647,12.166693,0.0,0.0,0.0,19.106092,0.0,19.264254,0.0,57.460175,89.16088,0.0,0.0,33.985134,43.11769,70.91199,27.569437,95.73575,57.813812,0.0,81.640854,31.66908,77.42204,52.430058,115.780685,75.791756,118.15275,91.88097,42.239033,49.69562,20.963718,0.0,0.0,15.066386,19.471672,8.514602,8.484186,59.840725,122.4224,44.346416,99.00369,162.12842,96.91896,123.00607,59.14759,31.880682,39.369938,18.04657,0.0,0.0,20.854641,9.514868,8.108177,20.820585,23.863632,14.347166,24.147882,11.637101,11.854631,20.333136,5.6669974,19.989923,0.0,13.61172,11.284177,4.266947,17.200226,17.280127,20.381693,13.635022,20.007515,0.0,0.0,26.60358,33.035347,28.907742,20.887232,0.0,0.0,0.0,0.0,0.0,0.0,0.0,17.186636,0.0,0.0,0.0,0.0,0.0,0.0,0.0,0.0,0.0,0.0,0.0,0.0,0.0,0.0,0.0,0.0,0.0,26.360199,28.676691,28.024048,44.558517,50.09699,76.16034,34.377254,34.01065,11.640522,23.641104,17.883772,19.43666,20.857819,15.891743,16.943834,54.710884,35.929016,0.0,0.0,0.0,0.0,0.0,36.237873,41.64254,40.195656,24.393688,33.987755,0.0,0.0,0.0,18.843086,40.070087,0.0,0.0,0.0,0.0,0.0,0.0,0.0,0.0,0.0,0.0,0.0,0.0,0.0,0.0,0.0,0.0,22.514112,13.182416,14.819636,10.602756,28.841742,0.0,23.69057,20.407724,22.106668,24.917622,35.15244,48.935196,13.986805,20.582384,45.201214,53.57062,15.252458,26.993418,16.001884,48.409676,26.223648,55.132057,33.45846,99.99493,41.95992,38.301105,34.134647,57.29191,42.619553,28.51522,54.61823,42.284893,45.35667,45.981438,30.760836,29.739752,5.151821,54.397835,22.276659,0.0,29.916986,43.690273,31.185383,27.752733,0.0,21.595953,14.336785,19.185904,12.192392,15.066386,0.0,0.0,25.801704,0.0,20.857819,70.92178,32.16133,50.84713,40.224136,0.0,0.0,0.0,19.690708,52.59961,43.43245,12.360352,13.632307,0.0,0.0,0.0,0.0,0.0,0.0,0.0,0.0,22.93136,0.0,89.139755,106.25268,9.107021,0.0,0.0,0.0,93.42394,9.863483,21.964336,16.329588,22.705887,0.0,0.0,26.535805,0.0,0.0,79.716484,16.75905
C21x31_C21x32,0.0,0.0,0.0,0.0,62.542618,23.59509,17.91343,0.0,0.0,20.639244,42.471676,0.0,48.880154,11.602206,27.312866,0.0,52.453175,0.0,7.6105423,25.31723,0.0,29.036364,18.970188,0.0,0.0,29.768389,0.0,42.666664,51.560364,0.0,0.0,26.368963,0.0,15.224129,0.0,33.646378,24.599163,52.990047,0.0,0.0,34.87727,22.50101,7.3038487,0.0,0.0,12.650636,0.0,19.473526,20.484106,14.4783945,15.133543,26.212067,0.0,0.0,0.0,36.641094,37.20204,7.1072736,31.69018,14.940531,9.214591,28.945368,16.137074,0.0,0.0,0.0,21.094336,0.0,0.0,0.0,1.5486134,0.0,54.03139,0.0,0.0,58.04444,0.0,107.5236,23.615208,51.37134,13.469702,0.0,72.32926,19.06988,20.417711,0.0,29.49536,0.0,0.0,0.0,0.0,30.35809,24.838713,0.0,0.0,43.021908,0.0,32.77079,0.0,0.0,0.0,91.43039,72.81004,14.147598,47.811115,0.0,21.847506,38.81628,12.461435,10.003862,0.0,0.0,0.0,0.0,11.112286,0.0,0.0,28.164661,16.115646,21.413975,16.697426,2.714494,17.895937,11.659495,17.846386,0.0,0.0,0.0,0.0,0.0,9.121621,51.810135,0.0,29.37067,52.901295,0.0,4.585133,32.137337,77.35601,0.0,0.0,0.0,0.0,0.0,0.0,2.61443,18.142927,12.625888,15.991625,0.0,0.0,49.9854,0.0,12.331113,0.0,19.137043,0.0,0.0,42.840897,14.476106,45.473118,0.0,0.0,87.371376,0.0,102.75637,0.0,24.354868,0.0,0.0,8.283527,0.0,0.0,47.84581,0.0,0.0,0.0,0.0,0.0,0.0,16.235546,0.0,0.0,16.763422,0.0,25.012209,0.0,53.174488,0.0,31.065022,0.0,0.0,17.832954,88.85734,0.0,0.0,0.0,0.0,0.0,15.352804,0.0,0.0,0.0,0.0,0.0,46.319542,0.0,0.0,45.26811,44.50335,85.4826,17.851212,13.646126,0.0,0.0,0.0,0.0,0.0,15.964908,0.0,0.0,22.1042,0.0,41.91752,0.0,0.0,0.0,18.148195,21.88334,76.636604,0.0,0.0,47.75283,0.0,0.0,18.745918,0.0,0.0,0.0,0.0,96.34559,0.0,25.11141,0.0,16.794853,0.0,96.903496,0.0,51.40134,55.27866,0.0,12.399134,0.0,0.0,0.0,0.0,10.69941,24.151457,51.068363,126.08263,0.0,0.0,15.125241,29.703505,22.808958,3.960135,39.33181,42.26956,41.95971,36.602882,47.47085,57.763393,42.823425,64.17796,61.369934,90.51081,65.89271,57.519207,45.5506,33.26723,0.0,0.0,0.0,0.0,0.0,0.0,59.77737,79.44987,61.85343,94.90185,123.61064,79.963615,85.85668,74.946205,29.401884,14.387085,33.472202,14.815095,0.0,38.329563,33.40255,19.668335,36.73756,45.12728,27.437057,54.29682,12.747016,21.433214,38.405506,22.490482,58.411087,0.0,22.568134,40.141506,0.0,30.35907,7.916497,17.945314,15.724063,8.026887,15.264828,17.12364,27.632309,32.996178,0.0,17.755724,0.0,0.0,0.0,0.0,0.0,53.256615,12.370089,22.948542,9.820601,28.58431,3.4946487,29.529999,0.0,40.97108,26.596619,34.701805,30.138197,21.723227,24.305824,25.509995,32.460697,0.0,31.082195,27.234875,23.635782,18.987494,22.104416,23.22636,16.936428,64.2518,57.975456,48.440342,35.238216,25.209488,23.918262,0.0,20.450321,14.832363,27.224327,26.70854,53.944096,44.016693,0.0,0.0,0.0,7.473365,0.0,40.36174,45.247124,19.07554,25.804361,54.935223,0.0,0.0,0.0,19.130867,43.878284,0.0,0.0,0.0,0.0,0.0,0.0,0.0,0.0,0.0,0.0,0.0,0.0,0.0,0.0,0.0,0.0,0.0,0.0,4.645429,0.0,23.471546,17.467379,50.84139,72.873085,47.30599,53.6052,38.637943,70.75776,9.3899145,42.039707,34.787956,43.626366,28.827562,34.83427,17.009779,49.509476,45.30664,23.74949,44.18461,68.90409,65.51202,42.914738,45.658413,20.083754,32.774242,28.626593,8.132034,43.494236,31.336945,17.945314,18.60377,23.259214,25.268824,22.970135,12.538039,0.0,17.382303,13.578987,0.0,0.0,0.0,21.293581,14.039643,12.885062,14.330967,20.838825,0.0,0.0,45.645718,0.0,0.0,102.41389,16.594728,49.976044,56.442867,24.151457,6.7577825,0.0,0.0,54.626286,47.65582,8.659195,15.456267,0.0,0.0,0.0,8.918286,25.665424,22.237183,31.066113,18.158264,14.832363,0.0,78.75745,92.910736,25.475348,11.468827,0.0,0.0,91.60295,0.0,0.0,0.0,0.0,0.0,0.0,19.256542,14.728203,0.0,76.24889,10.45241
C21x31_C22x31,16.479597,36.8495,0.0,0.0,47.259415,5.5660863,0.0,0.0,22.134998,21.637766,40.948135,0.0,78.16623,0.0,0.0,0.0,62.514133,10.894416,11.319124,0.0,0.0,37.683765,15.624931,0.0,0.0,0.0,0.0,22.128593,31.262938,0.0,0.0,0.0,0.0,0.0,0.0,36.172607,28.629303,37.56775,0.0,10.342327,25.30783,31.559229,10.455387,0.0,0.0,0.0,0.0,24.642828,24.252869,17.142197,0.0,0.0,0.0,0.0,0.0,41.661972,9.513341,9.503729,49.761944,13.133908,3.8475482,12.086125,15.665045,0.0,0.0,0.0,26.645866,24.865593,0.0,13.124471,11.1575365,0.0,50.829044,0.0,0.0,54.395065,0.0,111.76173,37.346252,63.908504,21.301651,0.0,107.592545,0.0,52.19305,0.0,31.33311,0.0,0.0,12.072569,0.0,32.412178,0.0,0.0,0.0,0.0,0.0,34.10447,0.0,0.0,0.0,89.124504,78.02508,17.972921,54.79649,0.0,26.673542,50.06183,15.214124,0.0,0.0,0.0,0.0,0.0,27.30721,16.719263,0.0,34.97008,27.30721,27.734934,20.95339,0.0,14.631354,14.631354,24.134205,0.0,0.0,0.0,0.0,0.0,0.0,47.355263,0.0,12.433894,26.844524,0.0,11.523197,31.167372,74.54408,0.0,0.0,0.0,0.0,0.0,0.0,15.842041,22.684097,16.056301,16.187716,0.0,0.0,51.897263,16.187716,4.24844,3.0071387,23.9218,0.0,0.0,51.97428,0.0,11.758615,0.0,0.0,50.120064,0.0,89.68712,0.0,45.8799,0.0,0.0,10.675656,0.0,0.0,52.881054,0.0,0.0,0.0,0.0,0.0,0.0,25.613401,0.0,0.0,44.497692,0.0,64.86871,0.0,82.22165,0.0,26.648386,0.0,16.222197,21.238237,98.004,0.0,0.0,0.0,0.0,0.0,34.68148,0.0,20.816174,33.63492,0.0,0.0,49.882126,0.0,0.0,25.483553,35.981575,46.02141,24.579103,0.0,0.0,0.0,0.0,0.0,0.0,0.0,0.0,0.0,0.0,0.0,73.93747,0.0,0.0,0.0,0.0,14.553835,56.007275,4.1173487,0.0,54.568756,0.0,0.0,0.0,0.0,0.0,0.0,0.0,100.06215,0.0,21.958803,0.0,26.620657,0.0,86.71844,0.0,26.536686,67.98439,0.0,0.0,10.934504,0.0,0.0,0.0,17.265757,0.0,68.01093,182.71147,0.0,0.0,20.61098,55.01255,42.24347,18.819744,94.01385,50.176468,24.48505,53.24427,38.319805,71.40331,56.710075,92.02878,71.39408,112.45483,68.8767,35.89776,48.997627,43.46232,0.0,0.0,23.753197,0.0,0.0,0.0,63.695732,131.69998,53.68058,92.8855,119.71628,100.01292,96.48643,46.69785,45.521496,27.054966,38.135674,18.224106,0.0,17.434416,28.527386,9.14419,21.981012,21.323196,24.617718,26.986273,5.3947277,12.975913,20.399189,15.229509,15.895748,0.0,19.534424,28.215446,16.187716,16.86073,11.332387,15.109846,23.209925,11.725859,22.513258,24.114658,19.211292,32.295937,18.66708,24.255753,0.0,0.0,0.0,0.0,0.0,37.03696,8.364668,22.79868,0.0,0.0,0.0,0.0,0.0,0.0,0.0,0.0,0.0,0.0,0.0,0.0,0.0,0.0,0.0,0.0,0.0,16.553377,24.405697,38.290684,32.29583,61.348083,59.46864,54.85639,32.36354,30.56553,25.052097,0.0,13.865267,18.414978,12.975678,34.107285,71.916,23.926907,0.0,0.0,0.0,0.0,0.0,44.80376,50.212795,21.202192,35.414917,61.17493,22.850328,24.755758,12.054452,21.701159,49.85292,0.0,0.0,0.0,0.0,0.0,0.0,0.0,0.0,0.0,0.0,0.0,0.0,0.0,0.0,0.0,0.0,0.0,0.0,18.22019,19.775303,25.987825,13.316913,38.76084,54.65343,40.209003,43.80431,39.428047,76.850876,0.0,31.657743,51.400284,59.63957,26.202076,22.998346,13.200979,29.616278,21.61867,18.189167,42.119453,83.521935,32.99954,26.10355,65.26366,49.37411,44.280907,33.483948,32.133305,38.033764,37.494682,52.04424,17.989147,22.645975,26.96595,28.064384,19.897566,0.0,25.511446,20.111652,16.440495,16.38756,17.123394,19.183668,12.098273,9.357737,24.442163,17.318487,10.406202,0.0,37.517963,0.0,0.0,63.7746,19.595955,47.54078,62.34713,33.004093,11.918305,0.0,0.0,35.756832,23.35168,19.555267,19.002043,0.0,0.0,0.0,5.0118217,31.325243,29.12972,11.190123,22.544218,18.414978,0.0,62.18476,103.56123,21.679903,18.003668,0.0,0.0,132.10802,0.0,0.0,0.0,0.0,0.0,0.0,46.590607,0.0,0.0,63.63836,17.158337
C21x32_C21x33,0.0,0.0,0.0,0.0,72.144646,25.750826,33.115833,0.0,0.0,6.6939383,42.06803,0.0,38.938194,28.20957,0.0,0.0,120.95994,0.0,0.0,0.0,0.0,19.088058,17.357662,0.0,0.0,30.064352,0.0,43.090862,52.072983,0.0,0.0,25.070879,0.0,25.854933,0.0,14.47468,0.0,47.73703,40.88484,53.068005,70.81462,47.81994,15.805408,0.0,0.0,27.37577,0.0,42.140392,15.805408,0.0,15.381524,12.349376,0.0,0.0,0.0,33.00283,9.492833,0.0,0.0,8.274433,8.274433,8.501965,0.0,0.0,0.0,0.0,22.923763,0.0,0.0,0.0,0.0,0.0,44.330925,0.0,0.0,82.84313,0.0,102.02633,19.194233,39.66517,0.0,0.0,84.3239,26.059746,0.0,0.0,13.365553,0.0,0.0,0.0,0.0,0.0,29.963165,0.0,0.0,51.897724,0.0,29.963165,0.0,0.0,0.0,113.89542,115.471825,16.774439,55.291637,0.0,13.043782,57.687,0.0,17.087515,0.0,0.0,0.0,0.0,0.0,0.0,0.0,12.378904,0.0,30.203636,13.465183,12.244519,22.404888,0.0,29.437408,0.0,0.0,0.0,0.0,0.0,22.874994,81.70122,0.0,22.874994,54.905045,0.0,32.59078,33.838005,108.530426,0.0,0.0,0.0,0.0,0.0,0.0,3.4797072,15.354988,27.505207,20.037872,0.0,0.0,43.2442,16.285463,0.0,35.844933,23.235415,0.0,0.0,11.252803,11.712121,12.0341835,0.0,0.0,100.0278,0.0,39.71626,0.0,0.0,3.4755297,0.0,0.0,0.0,0.0,12.116344,0.0,0.0,0.0,0.0,0.0,0.0,0.0,0.0,0.0,19.747414,0.0,20.18395,0.0,60.86516,0.0,27.370739,0.0,22.979433,17.787931,78.63386,0.0,0.0,0.0,0.0,0.0,20.476765,0.0,0.0,0.0,0.0,0.0,15.858251,0.0,0.0,54.534176,0.0,110.99964,78.21999,19.975735,0.0,0.0,0.0,0.0,0.0,15.066584,0.0,0.0,28.235283,0.0,59.014313,0.0,0.0,0.0,18.442524,0.0,113.13502,0.0,0.0,62.888092,0.0,0.0,24.114243,0.0,0.0,0.0,0.0,108.23847,0.0,16.101414,0.0,0.0,0.0,149.90701,0.0,0.0,58.08905,0.0,24.774542,0.0,0.0,0.0,0.0,22.370913,27.244743,59.642273,121.54974,0.0,0.0,10.4898615,27.186966,30.36715,31.579592,35.098164,30.202316,29.100462,38.501106,58.728462,46.060802,34.41368,69.8003,43.789196,68.76678,45.698795,53.28814,46.53421,36.932465,0.0,0.0,3.6559873,0.0,0.0,0.0,56.773468,77.34472,129.41806,71.56834,153.81671,83.49156,74.30616,117.42939,35.76839,31.91704,61.437786,24.031055,0.0,23.43761,25.83598,12.814211,36.198875,39.24021,24.06369,33.019775,5.955736,22.938934,52.32469,26.666382,34.698067,16.522114,13.593048,66.08597,25.544529,29.047823,15.027824,2.6728556,15.101124,9.51721,0.0,19.989874,47.71224,44.866405,11.220513,14.208657,0.0,0.0,0.0,0.0,0.0,0.0,0.0,32.50962,0.0,15.928181,23.479969,0.0,0.0,49.85668,17.28674,30.233791,19.244158,30.491934,35.556267,25.587164,0.0,15.572079,4.6295214,26.155912,34.598988,0.0,0.0,0.0,19.375937,69.71976,58.9157,78.29421,80.87817,31.236734,40.490578,0.0,38.450848,0.0,45.29872,32.798527,72.58007,42.20614,0.0,0.0,0.0,6.3504205,11.336814,46.735027,36.65368,29.945509,25.759716,43.583008,0.0,0.0,0.0,5.955736,69.16117,0.0,0.0,0.0,0.0,0.0,0.0,0.0,0.0,0.0,0.0,0.0,0.0,0.0,0.0,0.0,0.0,0.0,0.0,0.0,0.0,11.712121,10.4898615,27.823315,87.089554,30.19644,46.681854,53.263245,89.31252,27.201277,60.437443,0.0,19.774559,31.280846,50.991776,11.869663,27.68694,70.05552,45.083473,44.318268,88.55851,65.232155,75.29119,30.319256,15.066584,28.235283,17.545044,0.0,16.101414,16.263975,2.6728556,15.101124,19.975735,9.93094,14.125085,12.581843,0.0,16.336346,12.779625,0.0,3.6559873,0.0,0.0,0.0,0.0,41.603146,12.005509,0.0,0.0,70.8965,0.0,0.0,60.227196,0.0,40.397686,39.03714,14.687337,0.0,0.0,0.0,28.47333,79.80245,11.810997,0.0,0.0,0.0,0.0,25.890003,26.081667,21.356215,49.607903,0.0,18.006287,0.0,72.71889,91.97753,20.260408,17.656414,0.0,0.0,88.15831,0.0,0.0,0.0,0.0,0.0,0.0,0.0,14.772757,0.0,68.80601,11.353057
C21x32_C22x32,0.0,0.0,0.0,0.0,55.228176,8.882922,11.423531,0.0,0.0,26.491644,61.148693,0.0,60.70953,12.355508,20.578438,0.0,75.63317,0.0,0.0,0.0,0.0,25.946188,12.783336,23.453602,0.0,22.141386,0.0,31.734974,38.350006,0.0,0.0,31.631382,0.0,18.262386,0.0,18.262386,0.0,26.028122,20.911142,27.142397,36.219162,57.986378,18.756159,0.0,0.0,32.486618,0.0,50.007687,18.756159,0.0,0.0,0.0,0.0,0.0,0.0,46.62829,23.03758,0.0,9.585002,12.164264,0.0,13.650854,17.582273,0.0,15.8931875,0.0,20.76295,11.240523,0.0,0.0,0.0,0.0,23.735199,0.0,0.0,96.049385,0.0,65.11572,12.506454,34.666794,0.0,36.211422,82.926186,21.836071,23.841627,0.0,21.836071,0.0,0.0,0.0,0.0,31.230389,17.917507,0.0,0.0,31.03403,0.0,17.917507,0.0,0.0,0.0,107.428406,94.29132,27.073023,71.94858,0.0,21.051947,63.960766,0.0,19.143517,0.0,0.0,0.0,0.0,0.0,0.0,0.0,34.834503,19.93209,35.513577,0.0,0.0,27.961676,0.0,18.89808,0.0,0.0,0.0,0.0,0.0,13.896218,67.97231,0.0,13.896218,41.765278,0.0,29.61096,13.090354,100.736,0.0,0.0,0.0,0.0,0.0,0.0,0.0,0.0,19.005362,24.52217,0.0,0.0,55.930653,24.52217,0.0,16.71703,21.57143,0.0,0.0,38.602074,5.4903092,21.453983,0.0,0.0,62.718586,0.0,87.06051,0.0,11.733572,0.0,0.0,0.0,0.0,0.0,56.09224,0.0,0.0,0.0,0.0,0.0,0.0,0.0,0.0,0.0,15.491098,0.0,21.129942,0.0,71.30251,0.0,23.458487,0.0,0.0,17.55304,84.86977,0.0,0.0,0.0,0.0,0.0,18.076042,0.0,0.0,11.978209,0.0,0.0,29.014229,0.0,0.0,44.857563,48.90976,103.51119,33.26665,19.072813,0.0,0.0,0.0,0.0,0.0,15.6512375,0.0,0.0,18.783693,0.0,61.72103,0.0,0.0,0.0,15.947075,12.228569,82.05596,0.0,0.0,65.74987,0.0,0.0,22.841112,0.0,0.0,0.0,0.0,117.02475,0.0,15.7661,0.0,0.0,0.0,122.73869,0.0,38.461777,81.5392,0.0,23.070074,0.0,0.0,0.0,0.0,10.321502,17.492525,65.91782,144.82576,0.0,0.0,14.896601,33.807484,35.27717,29.75242,36.26523,44.357136,36.186947,49.578144,40.939877,52.833,34.77757,60.057728,53.455296,77.11039,54.00812,49.33931,44.19331,53.12499,0.0,0.0,3.626175,0.0,0.0,0.0,53.231808,78.205185,66.28434,109.10921,97.2374,115.27519,91.25243,79.883575,31.636295,35.397408,43.77549,42.606003,7.9501762,46.13354,68.80192,14.610929,35.44503,25.56788,26.413809,39.326344,14.453614,25.882828,28.081898,43.03807,24.777853,15.649816,40.643623,43.83153,38.46419,31.041716,0.0,21.038263,17.089445,3.8878202,19.70261,23.644909,41.43287,41.492424,12.660509,15.183964,0.0,0.0,0.0,0.0,0.0,34.04344,18.325531,34.55473,11.135405,12.9661045,22.240326,35.542366,0.0,30.826775,14.08678,43.527428,30.094728,30.29281,21.995003,23.306225,14.856608,0.0,36.439342,29.599787,33.03508,0.0,0.0,0.0,16.889126,64.734375,45.562164,73.31624,48.514626,36.410816,27.21351,11.772745,38.18278,0.0,41.318516,40.427284,69.721954,41.433792,0.0,0.0,3.5362723,15.886341,0.0,65.45374,53.278564,22.431564,37.44347,66.97139,0.0,0.0,0.0,18.429295,55.54043,0.0,0.0,0.0,0.0,0.0,0.0,0.0,0.0,0.0,0.0,0.0,0.0,0.0,0.0,0.0,0.0,0.0,0.0,0.0,0.0,19.117624,19.875929,23.143604,55.02367,25.14393,53.717014,54.070583,75.10038,9.659797,58.965343,18.40054,27.165169,32.474686,46.929638,19.287086,22.457952,0.0,0.0,40.36757,72.87546,55.359844,44.868057,53.800312,15.6512375,18.783693,17.879807,2.681065,15.7661,23.070074,21.038263,17.089445,19.072813,21.23666,14.58696,17.170235,0.0,0.0,0.0,0.0,0.0,0.0,23.44469,15.072849,13.03148,14.451752,8.504985,0.0,0.0,54.056908,0.0,0.0,92.38216,12.245501,36.32837,50.73989,17.492525,0.0,0.0,0.0,30.760393,52.52383,12.998448,0.0,0.0,0.0,0.0,9.389501,22.552568,24.168125,29.618868,0.0,0.0,0.0,57.042793,91.95523,28.896908,24.445353,0.0,0.0,89.846565,0.0,0.0,0.0,0.0,0.0,0.0,31.082851,13.455855,0.0,41.212246,11.66901
C21x33_C22x33,0.0,0.0,0.0,0.0,119.67642,0.0,0.0,0.0,0.0,20.330616,35.21366,0.0,78.89248,0.0,0.0,0.0,149.36581,0.0,0.0,0.0,0.0,0.0,0.0,0.0,0.0,0.0,0.0,33.215485,43.8717,0.0,0.0,0.0,0.0,32.036995,0.0,0.0,0.0,45.08479,0.0,52.72096,41.434055,86.47393,0.0,0.0,0.0,0.0,0.0,55.849426,0.0,0.0,0.0,0.0,0.0,0.0,0.0,36.326916,15.372395,0.0,0.0,0.0,0.0,15.803985,0.0,0.0,0.0,0.0,0.0,0.0,0.0,0.0,0.0,0.0,17.621851,0.0,0.0,163.7828,0.0,72.08664,0.0,34.493843,0.0,0.0,124.65908,39.93923,0.0,0.0,0.0,0.0,0.0,0.0,0.0,21.349453,40.271606,0.0,0.0,0.0,0.0,0.0,0.0,0.0,0.0,158.17975,133.18541,0.0,116.965744,0.0,0.0,117.13499,0.0,37.47438,0.0,0.0,0.0,0.0,0.0,0.0,0.0,20.046007,0.0,56.14441,0.0,0.0,33.073875,0.0,23.38676,0.0,0.0,0.0,0.0,0.0,29.617397,79.57857,0.0,0.0,56.270542,0.0,37.301983,0.0,188.2403,0.0,0.0,0.0,0.0,0.0,0.0,6.468298,21.651005,24.063904,34.880405,0.0,0.0,82.76402,25.666183,27.405434,34.774517,0.0,0.0,0.0,10.665042,0.0,25.36809,0.0,0.0,98.24739,0.0,70.448524,0.0,0.0,17.13339,0.0,0.0,0.0,0.0,25.61518,0.0,0.0,0.0,0.0,0.0,0.0,0.0,0.0,0.0,0.0,0.0,19.06254,0.0,98.44881,0.0,30.198246,0.0,0.0,21.653063,86.78681,0.0,0.0,0.0,0.0,0.0,32.733574,0.0,0.0,0.0,0.0,0.0,32.21983,0.0,0.0,58.057484,0.0,158.79865,39.82002,20.439098,0.0,0.0,0.0,0.0,0.0,0.0,0.0,0.0,17.817678,0.0,56.226643,0.0,0.0,0.0,35.13411,0.0,124.16537,0.0,0.0,105.55176,0.0,0.0,32.7356,0.0,0.0,0.0,0.0,117.27947,0.0,0.0,0.0,0.0,0.0,105.42938,0.0,39.62415,115.664986,0.0,43.47122,0.0,0.0,0.0,0.0,34.965958,25.810717,70.762245,104.22923,0.0,0.0,19.49921,19.258734,54.752476,53.327694,41.57599,66.23626,21.148294,73.19857,63.886856,70.59291,39.90294,71.55614,76.83572,83.83917,56.62564,56.270542,53.95679,34.880405,0.0,0.0,11.705192,0.0,0.0,0.0,76.02829,61.438526,94.4082,125.54355,126.58832,136.64586,100.70393,93.09826,32.27059,52.585373,60.710114,29.853209,0.0,30.783747,36.992733,11.577769,48.18047,40.33619,26.277397,35.782387,9.644531,19.85282,55.427967,32.761208,37.677017,17.486933,22.012152,65.65379,25.666183,31.920923,0.0,0.0,0.0,0.0,46.963917,39.33795,59.783768,49.510376,0.0,0.0,0.0,0.0,0.0,0.0,0.0,10.020424,14.9541025,41.10512,0.0,0.0,0.0,0.0,0.0,0.0,0.0,0.0,0.0,0.0,0.0,0.0,0.0,0.0,0.0,0.0,0.0,0.0,0.0,0.0,10.233025,68.21975,53.20042,85.54053,62.97279,48.526634,42.7612,0.0,45.44084,0.0,63.744934,49.02056,133.91066,33.89947,0.0,0.0,0.0,0.0,0.0,68.256294,34.225857,44.014683,38.92151,55.80638,0.0,0.0,0.0,19.289062,82.787,0.0,0.0,0.0,0.0,0.0,0.0,0.0,0.0,0.0,0.0,0.0,0.0,0.0,0.0,0.0,0.0,0.0,0.0,0.0,0.0,0.0,24.55806,28.595491,76.17416,19.06254,35.580517,71.89829,67.573296,17.171741,45.498817,0.0,0.0,36.007915,38.153214,22.064072,25.691484,0.0,0.0,31.78432,60.710907,61.4477,42.2044,44.15631,0.0,0.0,0.0,0.0,0.0,0.0,0.0,0.0,0.0,0.0,0.0,0.0,0.0,26.029818,0.0,0.0,11.705192,0.0,0.0,0.0,13.639428,34.965958,10.71123,0.0,0.0,65.338776,0.0,0.0,112.09627,0.0,38.153214,36.142784,0.0,0.0,0.0,0.0,19.760305,46.201492,15.597288,0.0,0.0,0.0,0.0,0.0,0.0,0.0,34.910194,0.0,19.660748,0.0,76.4373,111.19333,0.0,12.370974,0.0,0.0,87.100426,0.0,0.0,0.0,0.0,0.0,0.0,15.007549,15.89216,0.0,44.63513,0.0
C22x14_C22x15,0.0,0.0,0.0,0.0,0.0,0.0,0.0,0.0,0.0,85.78204,78.54966,0.0,0.0,116.38305,0.0,0.0,161.14561,0.0,66.05421,0.0,0.0,21.238781,0.0,0.0,0.0,0.0,0.0,0.0,39.160923,0.0,0.0,0.0,0.0,0.0,0.0,0.0,90.374565,0.0,0.0,0.0,72.896255,76.65987,53.86636,0.0,0.0,0.0,0.0,0.0,0.0,91.52265,0.0,0.0,0.0,0.0,0.0,59.83005,0.0,0.0,79.97502,118.946945,0.0,0.0,28.585737,0.0,0.0,0.0,66.25689,0.0,0.0,47.353027,0.0,0.0,109.14905,0.0,0.0,103.84022,0.0,91.792244,91.792244,0.0,0.0,0.0,0.0,0.0,0.0,0.0,0.0,0.0,0.0,0.0,0.0,104.46152,0.0,0.0,0.0,0.0,0.0,0.0,0.0,0.0,0.0,0.0,0.0,0.0,0.0,0.0,93.362526,110.59284,0.0,0.0,0.0,64.652534,0.0,0.0,0.0,0.0,0.0,0.0,140.27525,0.0,52.158657,0.0,127.63885,0.0,0.0,0.0,0.0,0.0,0.0,0.0,0.0,131.749,0.0,0.0,0.0,0.0,0.0,100.1206,239.35455,0.0,0.0,0.0,0.0,0.0,0.0,0.0,168.11336,187.87337,0.0,0.0,0.0,0.0,0.0,87.78498,134.33911,0.0,0.0,0.0,65.91589,100.8848,0.0,0.0,0.0,0.0,0.0,39.161354,0.0,0.0,0.0,0.0,0.0,0.0,0.0,0.0,0.0,0.0,0.0,0.0,0.0,0.0,48.019787,0.0,0.0,68.99219,0.0,0.0,0.0,0.0,0.0,42.47905,0.0,0.0,0.0,175.85146,0.0,0.0,0.0,0.0,0.0,0.0,0.0,0.0,0.0,0.0,0.0,0.0,0.0,0.0,0.0,0.0,0.0,0.0,0.0,0.0,0.0,0.0,0.0,0.0,0.0,0.0,0.0,0.0,0.0,133.1388,0.0,0.0,0.0,0.0,0.0,0.0,0.0,0.0,115.94112,0.0,0.0,0.0,0.0,0.0,0.0,0.0,0.0,0.0,39.55017,0.0,44.11274,0.0,52.288006,0.0,0.0,80.27436,0.0,0.0,0.0,0.0,0.0,0.0,0.0,0.0,87.82031,84.536476,0.0,0.0,0.0,64.3545,0.0,0.0,66.98803,93.362526,0.0,55.596584,45.028225,0.0,58.968708,0.0,84.68604,46.40376,39.57806,46.5035,39.63179,0.0,0.0,0.0,0.0,162.7031,141.7448,116.34108,0.0,63.49832,114.054794,138.87917,55.918125,80.27436,37.516262,138.48465,152.80267,0.0,0.0,0.0,0.0,0.0,0.0,0.0,0.0,0.0,0.0,0.0,0.0,0.0,0.0,0.0,0.0,0.0,0.0,0.0,0.0,0.0,52.143883,37.490517,147.96977,102.237854,0.0,0.0,63.456802,0.0,0.0,0.0,0.0,0.0,0.0,0.0,56.640045,0.0,0.0,0.0,0.0,0.0,0.0,0.0,0.0,0.0,0.0,0.0,0.0,0.0,0.0,0.0,0.0,0.0,0.0,0.0,0.0,0.0,37.14741,95.57565,0.0,72.05676,75.601135,104.83152,106.47862,0.0,0.0,62.6151,53.400936,0.0,0.0,0.0,0.0,0.0,0.0,0.0,0.0,0.0,0.0,94.0584,50.996956,65.457344,107.563416,0.0,0.0,0.0,0.0,0.0,0.0,0.0,0.0,0.0,0.0,0.0,0.0,0.0,0.0,0.0,0.0,0.0,0.0,0.0,0.0,0.0,0.0,0.0,0.0,0.0,0.0,125.09761,0.0,0.0,63.69496,0.0,0.0,56.769764,38.86804,74.65213,33.1958,51.018456,0.0,0.0,0.0,95.22609,118.93664,0.0,54.809734,95.62454,33.292805,64.02553,109.852936,0.0,0.0,0.0,0.0,0.0,0.0,0.0,0.0,0.0,0.0,0.0,0.0,70.150894,0.0,0.0,149.08691,213.12161,153.98676,45.30769,0.0,0.0,0.0,0.0,163.67279,0.0,0.0,49.147644,0.0,0.0,0.0,0.0,0.0,0.0,0.0,0.0,90.59445,0.0,0.0,0.0,0.0,0.0,0.0,0.0,0.0,0.0,0.0,0.0,0.0,0.0,0.0,31.273916,0.0,59.241135,57.71133,0.0,0.0,0.0,0.0,0.0,0.0,0.0,0.0,0.0,0.0,0.0,0.0,0.0,0.0,0.0
C22x15_C22x16,0.0,47.81052,0.0,0.0,67.29428,0.0,0.0,0.0,0.0,124.673195,55.568127,0.0,0.0,67.53028,0.0,0.0,179.64154,0.0,36.043037,0.0,0.0,12.8453865,0.0,0.0,0.0,0.0,0.0,0.0,53.443764,0.0,0.0,0.0,0.0,0.0,0.0,0.0,50.10618,54.3797,0.0,0.0,43.649906,0.0,0.0,0.0,0.0,0.0,0.0,0.0,0.0,0.0,0.0,0.0,0.0,0.0,0.0,52.40873,0.0,28.820997,0.0,0.0,78.01277,0.0,74.442856,0.0,0.0,0.0,25.349312,0.0,0.0,197.64703,0.0,0.0,92.01874,0.0,0.0,63.916225,0.0,46.44498,46.44498,0.0,0.0,0.0,83.73881,0.0,0.0,0.0,0.0,0.0,31.718618,0.0,30.851498,52.675488,0.0,0.0,0.0,0.0,0.0,0.0,0.0,0.0,0.0,0.0,0.0,0.0,58.18403,0.0,62.16598,84.06082,0.0,0.0,0.0,120.25795,0.0,0.0,0.0,0.0,0.0,0.0,0.0,0.0,87.65232,0.0,0.0,0.0,0.0,0.0,0.0,0.0,0.0,0.0,0.0,102.66355,0.0,0.0,0.0,0.0,0.0,71.97605,181.58391,0.0,0.0,0.0,0.0,0.0,0.0,0.0,48.148933,93.24903,0.0,0.0,42.64813,32.92405,0.0,102.26729,107.65591,57.399113,0.0,0.0,21.453266,84.86214,0.0,0.0,0.0,27.553051,0.0,81.23973,0.0,0.0,0.0,0.0,30.391191,0.0,0.0,0.0,0.0,0.0,0.0,0.0,0.0,0.0,32.864986,0.0,0.0,66.37238,0.0,18.43936,0.0,79.54375,0.0,90.44654,10.829521,0.0,0.0,192.32451,0.0,0.0,0.0,12.869297,0.0,0.0,74.29715,0.0,0.0,0.0,0.0,0.0,0.0,0.0,0.0,0.0,69.66694,0.0,0.0,0.0,0.0,0.0,0.0,0.0,0.0,0.0,0.0,0.0,0.0,106.09032,0.0,0.0,54.397896,0.0,0.0,90.31951,0.0,0.0,99.546875,0.0,0.0,0.0,0.0,0.0,0.0,0.0,67.31349,0.0,89.37139,0.0,37.693,0.0,65.61635,0.0,0.0,70.70436,0.0,0.0,0.0,0.0,0.0,0.0,0.0,0.0,54.913586,91.23214,0.0,0.0,0.0,45.107265,68.295746,87.31881,0.0,62.16598,91.93547,57.08364,67.00573,29.36651,64.440926,54.38362,59.953934,0.0,12.342486,82.963165,81.807106,102.789024,0.0,0.0,0.0,40.90519,45.997143,86.88174,47.858154,0.0,90.44667,117.60443,53.61865,70.70436,12.168874,102.66355,129.04178,57.319347,0.0,0.0,0.0,0.0,0.0,0.0,0.0,0.0,0.0,0.0,0.0,0.0,0.0,0.0,0.0,0.0,0.0,0.0,0.0,0.0,0.0,0.0,0.0,0.0,0.0,0.0,0.0,98.6795,0.0,0.0,12.517479,70.48073,0.0,72.26602,59.941216,0.0,126.19992,93.611336,0.0,0.0,0.0,0.0,0.0,0.0,0.0,0.0,0.0,0.0,0.0,0.0,0.0,0.0,0.0,0.0,0.0,0.0,39.31249,110.81553,0.0,12.517479,68.86588,76.68162,90.715034,0.0,0.0,47.188206,40.244198,151.20477,0.0,0.0,0.0,0.0,53.99592,87.29813,0.0,0.0,0.0,0.0,55.864056,41.502197,101.38774,43.809338,0.0,0.0,0.0,0.0,0.0,0.0,0.0,0.0,0.0,0.0,0.0,0.0,0.0,0.0,0.0,0.0,0.0,0.0,0.0,0.0,0.0,0.0,0.0,0.0,0.0,0.0,0.0,59.400425,29.95672,56.387016,63.49352,12.066155,0.0,51.754864,68.522064,20.829042,47.77306,12.869297,0.0,0.0,69.919426,32.832565,0.0,63.534477,0.0,39.362038,67.43423,0.0,0.0,0.0,0.0,0.0,0.0,0.0,0.0,0.0,0.0,0.0,0.0,0.0,0.0,89.659225,102.416695,99.30787,54.1426,93.52318,0.0,0.0,0.0,0.0,86.88058,0.0,0.0,90.0065,0.0,0.0,81.135216,57.218338,99.21319,0.0,0.0,0.0,0.0,0.0,43.292446,63.86554,0.0,50.30804,0.0,0.0,0.0,0.0,0.0,0.0,0.0,0.0,0.0,0.0,0.0,0.0,156.54175,0.0,0.0,0.0,27.193455,0.0,0.0,0.0,0.0,0.0,0.0,0.0,0.0,0.0,61.22477,0.0
C22x15_C23x15,0.0,0.0,0.0,0.0,75.65915,0.0,0.0,0.0,0.0,159.372,71.03373,0.0,0.0,130.73726,0.0,0.0,243.55759,0.0,59.886745,0.0,0.0,66.81142,0.0,0.0,0.0,0.0,0.0,0.0,69.491776,0.0,0.0,0.0,0.0,0.0,0.0,0.0,74.313324,0.0,0.0,0.0,74.79355,0.0,0.0,0.0,0.0,0.0,0.0,0.0,0.0,99.464554,0.0,0.0,0.0,0.0,0.0,33.977936,0.0,0.0,0.0,0.0,82.02252,0.0,70.984245,0.0,0.0,0.0,73.832,0.0,0.0,197.08038,0.0,0.0,69.6714,0.0,0.0,104.167274,0.0,97.22551,97.22551,0.0,0.0,0.0,143.48538,0.0,0.0,0.0,0.0,0.0,54.36824,0.0,0.0,43.716274,0.0,0.0,0.0,0.0,0.0,0.0,0.0,0.0,0.0,0.0,0.0,0.0,99.9384,0.0,108.13433,0.0,0.0,0.0,0.0,0.0,0.0,0.0,0.0,0.0,0.0,0.0,0.0,0.0,137.16515,0.0,0.0,0.0,0.0,0.0,0.0,0.0,0.0,0.0,0.0,62.99424,0.0,0.0,0.0,0.0,0.0,65.57454,185.26772,0.0,0.0,0.0,0.0,0.0,0.0,0.0,45.46845,47.864246,0.0,0.0,0.0,0.0,0.0,0.0,0.0,0.0,0.0,0.0,96.74625,146.58583,0.0,0.0,0.0,0.0,0.0,143.0911,0.0,0.0,0.0,0.0,0.0,0.0,0.0,0.0,0.0,0.0,0.0,0.0,0.0,0.0,72.15738,0.0,0.0,33.82331,0.0,0.0,0.0,0.0,0.0,0.0,0.0,0.0,0.0,237.95468,0.0,0.0,0.0,22.051378,0.0,0.0,125.8587,0.0,0.0,0.0,0.0,0.0,0.0,0.0,0.0,0.0,129.83221,0.0,0.0,0.0,0.0,0.0,0.0,0.0,0.0,0.0,0.0,0.0,0.0,179.81247,0.0,0.0,65.45245,0.0,0.0,0.0,0.0,0.0,173.18808,0.0,0.0,0.0,0.0,0.0,0.0,0.0,129.49083,0.0,140.11037,0.0,51.65189,0.0,77.255974,0.0,0.0,46.75943,0.0,0.0,0.0,0.0,0.0,0.0,0.0,0.0,151.91794,119.766304,0.0,0.0,106.45297,85.3396,0.0,83.6327,0.0,108.13433,150.53204,0.0,131.65947,155.25261,91.79231,62.51072,93.33863,49.881718,0.0,150.00217,177.33028,0.0,0.0,0.0,0.0,38.627968,0.0,0.0,54.082153,0.0,69.53885,0.0,76.09882,57.63649,0.0,77.6478,80.88736,54.082153,0.0,0.0,0.0,0.0,0.0,0.0,0.0,0.0,0.0,0.0,0.0,0.0,0.0,0.0,0.0,0.0,0.0,0.0,0.0,0.0,0.0,0.0,0.0,0.0,0.0,0.0,0.0,142.19931,0.0,0.0,0.0,0.0,0.0,0.0,86.57538,0.0,139.1226,62.48919,0.0,0.0,0.0,0.0,0.0,0.0,0.0,0.0,0.0,0.0,0.0,0.0,0.0,0.0,0.0,0.0,0.0,0.0,56.780525,103.58024,0.0,0.0,155.14902,135.2398,93.25117,0.0,0.0,67.99924,45.74982,0.0,0.0,0.0,0.0,0.0,69.32072,0.0,0.0,0.0,0.0,55.79416,55.997013,0.0,104.1992,0.0,0.0,0.0,0.0,0.0,0.0,0.0,0.0,0.0,0.0,0.0,0.0,0.0,0.0,0.0,0.0,0.0,0.0,0.0,0.0,0.0,0.0,0.0,0.0,0.0,0.0,0.0,0.0,0.0,57.432903,28.734776,0.0,65.29087,0.0,60.483334,111.365616,80.47245,54.53039,22.051378,0.0,0.0,0.0,46.82792,0.0,120.485985,0.0,0.0,57.68903,0.0,0.0,0.0,0.0,0.0,0.0,0.0,0.0,0.0,0.0,0.0,0.0,0.0,0.0,0.0,201.89992,145.24643,0.0,177.33028,0.0,0.0,0.0,0.0,0.0,0.0,0.0,117.05864,0.0,0.0,0.0,0.0,0.0,0.0,0.0,0.0,0.0,0.0,0.0,0.0,0.0,0.0,0.0,0.0,0.0,0.0,0.0,0.0,0.0,0.0,0.0,0.0,0.0,40.08461,153.38847,0.0,0.0,0.0,42.927433,0.0,0.0,0.0,0.0,0.0,0.0,0.0,0.0,0.0,0.0,0.0
C22x16_C22x17,0.0,40.965244,0.0,0.0,37.73018,0.0,0.0,0.0,0.0,64.680984,0.0,0.0,142.90869,0.0,0.0,0.0,138.39687,0.0,36.788334,0.0,0.0,100.05079,0.0,88.34457,0.0,60.122906,0.0,0.0,0.0,0.0,0.0,0.0,0.0,0.0,0.0,0.0,0.0,61.92628,48.99421,0.0,0.0,0.0,0.0,0.0,0.0,18.239405,0.0,0.0,0.0,0.0,0.0,37.400986,0.0,0.0,0.0,0.0,0.0,25.535776,0.0,0.0,100.53198,0.0,37.05778,0.0,41.808784,0.0,0.0,0.0,0.0,162.7196,0.0,0.0,0.0,0.0,0.0,167.10884,0.0,0.0,51.430946,0.0,0.0,0.0,71.47595,0.0,0.0,0.0,0.0,0.0,46.66444,0.0,59.447697,59.447697,0.0,0.0,0.0,42.064228,0.0,0.0,0.0,0.0,0.0,12.655453,17.773567,0.0,72.935814,0.0,72.65758,0.0,0.0,0.0,0.0,67.771416,0.0,0.0,112.87786,0.0,0.0,0.0,0.0,0.0,94.50621,0.0,98.19407,0.0,133.65196,0.0,0.0,0.0,0.0,0.0,0.0,131.67676,0.0,0.0,0.0,0.0,136.65704,0.0,267.7572,0.0,0.0,0.0,0.0,0.0,0.0,0.0,0.0,18.135756,53.0166,0.0,53.502853,36.955128,53.0166,0.0,132.38402,44.28164,0.0,0.0,39.404305,130.40218,0.0,0.0,0.0,55.544632,0.0,0.0,0.0,0.0,0.0,0.0,61.516514,0.0,0.0,0.0,0.0,0.0,0.0,0.0,0.0,0.0,0.0,0.0,0.0,0.0,0.0,58.22729,0.0,102.672775,0.0,137.99196,58.208843,0.0,0.0,187.79724,0.0,0.0,0.0,36.993626,0.0,0.0,66.38795,0.0,0.0,0.0,0.0,0.0,0.0,0.0,0.0,0.0,0.0,0.0,0.0,0.0,0.0,0.0,0.0,0.0,0.0,0.0,0.0,0.0,0.0,0.0,0.0,0.0,33.085926,0.0,0.0,125.50008,0.0,0.0,0.0,0.0,0.0,0.0,0.0,0.0,0.0,0.0,97.16423,0.0,126.1873,0.0,0.0,0.0,0.0,0.0,0.0,118.310486,0.0,0.0,0.0,0.0,0.0,0.0,0.0,0.0,0.0,0.0,0.0,0.0,0.0,0.0,0.0,0.0,0.0,0.0,0.0,0.0,0.0,0.0,0.0,0.0,0.0,0.0,0.0,0.0,0.0,123.94072,0.0,0.0,0.0,0.0,0.0,0.0,65.778946,32.418705,127.450096,100.38224,110.39353,118.310486,66.42756,131.67676,149.85573,78.78295,0.0,0.0,0.0,0.0,0.0,0.0,0.0,0.0,0.0,0.0,0.0,0.0,0.0,0.0,0.0,0.0,0.0,0.0,0.0,0.0,0.0,0.0,0.0,0.0,0.0,0.0,61.663452,157.26587,0.0,0.0,0.0,146.2156,48.131172,110.36045,15.589832,0.0,234.6079,149.20045,39.377617,88.38436,96.63112,65.72771,103.99926,61.133434,72.65335,140.25537,89.35813,15.941848,89.910805,67.81494,47.54565,71.9709,48.770382,94.3041,102.71456,0.0,0.0,0.0,0.0,37.332924,77.719604,84.602036,110.36045,36.955128,31.205938,68.0754,94.150925,185.90863,0.0,0.0,0.0,0.0,48.805977,107.3344,0.0,0.0,0.0,0.0,0.0,0.0,0.0,0.0,0.0,0.0,0.0,0.0,0.0,0.0,0.0,0.0,0.0,0.0,0.0,0.0,0.0,0.0,0.0,0.0,0.0,0.0,0.0,0.0,0.0,0.0,0.0,0.0,0.0,0.0,0.0,0.0,0.0,0.0,0.0,0.0,0.0,0.0,0.0,34.134434,52.867924,36.993626,0.0,0.0,0.0,0.0,0.0,0.0,0.0,0.0,0.0,47.939095,0.0,0.0,0.0,0.0,0.0,0.0,0.0,0.0,0.0,0.0,0.0,0.0,0.0,0.0,0.0,0.0,0.0,0.0,0.0,0.0,0.0,0.0,92.79427,0.0,0.0,125.50008,0.0,0.0,68.36379,0.0,83.08546,0.0,0.0,0.0,0.0,0.0,76.725105,0.0,0.0,86.14092,0.0,0.0,0.0,0.0,0.0,0.0,0.0,0.0,0.0,0.0,0.0,0.0,136.06998,0.0,55.83674,0.0,0.0,0.0,0.0,0.0,0.0,0.0,0.0,0.0,0.0,0.0,108.505684,0.0
C22x16_C23x16,0.0,71.53276,0.0,0.0,55.137657,0.0,0.0,0.0,0.0,73.6188,0.0,0.0,106.093475,0.0,0.0,0.0,189.64282,0.0,27.663519,0.0,0.0,121.47369,0.0,0.0,0.0,38.67935,0.0,0.0,0.0,0.0,0.0,12.64272,0.0,0.0,0.0,0.0,0.0,81.780174,0.0,0.0,0.0,0.0,0.0,0.0,0.0,16.882603,0.0,0.0,0.0,17.863218,0.0,47.694763,0.0,0.0,0.0,0.0,0.0,23.636206,0.0,0.0,107.628815,0.0,77.456406,0.0,0.0,0.0,0.0,0.0,0.0,157.85123,0.0,0.0,0.0,0.0,0.0,183.00575,0.0,50.370186,59.402332,0.0,0.0,0.0,74.88318,0.0,0.0,0.0,0.0,0.0,56.572025,0.0,75.8205,93.29251,0.0,0.0,0.0,49.396263,0.0,0.0,0.0,0.0,0.0,0.0,51.232025,0.0,90.35184,0.0,84.197174,0.0,0.0,0.0,0.0,15.101624,0.0,0.0,0.0,0.0,0.0,0.0,0.0,0.0,117.33357,0.0,0.0,0.0,132.98021,0.0,0.0,0.0,0.0,0.0,0.0,74.77767,0.0,0.0,0.0,0.0,96.81636,0.0,164.86127,0.0,0.0,0.0,0.0,0.0,0.0,0.0,0.0,27.37462,59.92292,0.0,39.78805,34.20609,45.802917,0.0,70.06407,54.98189,0.0,0.0,43.777225,90.19371,0.0,0.0,0.0,0.0,44.588577,95.086754,0.0,0.0,0.0,0.0,61.801956,0.0,0.0,0.0,0.0,0.0,0.0,0.0,0.0,0.0,41.242912,0.0,0.0,0.0,0.0,19.984995,0.0,74.54671,0.0,77.78801,0.0,0.0,0.0,219.7067,0.0,0.0,0.0,0.0,0.0,0.0,105.021965,0.0,0.0,0.0,0.0,0.0,0.0,0.0,0.0,0.0,102.72127,0.0,0.0,0.0,0.0,0.0,0.0,0.0,0.0,0.0,0.0,0.0,0.0,0.0,0.0,0.0,40.600468,0.0,0.0,104.99163,0.0,0.0,0.0,0.0,0.0,0.0,0.0,0.0,0.0,0.0,127.747635,0.0,100.944695,0.0,43.148518,0.0,64.44466,0.0,0.0,55.45591,0.0,0.0,0.0,0.0,0.0,0.0,0.0,0.0,59.670105,98.87946,0.0,0.0,38.56546,50.465088,62.514523,72.43594,0.0,71.394966,98.57012,0.0,79.83319,59.171814,56.269157,52.26542,61.614883,0.0,13.377067,99.07794,93.231674,95.40457,0.0,0.0,0.0,0.0,0.0,0.0,58.742676,30.007124,87.34039,99.37401,81.57561,55.45591,0.0,74.77767,76.04074,76.851715,0.0,0.0,0.0,0.0,0.0,0.0,0.0,0.0,0.0,0.0,0.0,0.0,0.0,0.0,0.0,0.0,0.0,0.0,0.0,0.0,0.0,0.0,0.0,0.0,0.0,0.0,83.23074,181.54617,0.0,0.0,33.305626,14.555281,38.348606,52.295864,67.32378,0.0,124.74256,165.63019,36.44837,83.57002,68.45951,54.615253,93.15903,54.60222,68.95687,132.11784,82.71091,14.755957,63.01633,53.180214,44.008797,70.28069,19.232422,82.19762,88.11364,0.0,0.0,0.0,0.0,40.98055,104.783585,96.452156,64.34688,34.20609,44.552395,70.26561,110.69994,57.040924,0.0,0.0,0.0,0.0,46.759144,32.93259,0.0,0.0,0.0,0.0,0.0,0.0,0.0,0.0,0.0,0.0,0.0,0.0,0.0,0.0,0.0,0.0,0.0,0.0,0.0,0.0,0.0,0.0,0.0,0.0,0.0,0.0,0.0,0.0,0.0,0.0,0.0,0.0,0.0,0.0,0.0,0.0,0.0,0.0,0.0,0.0,0.0,0.0,0.0,38.772686,55.698887,0.0,0.0,0.0,0.0,0.0,0.0,0.0,0.0,0.0,0.0,0.0,0.0,0.0,0.0,0.0,0.0,0.0,0.0,0.0,0.0,0.0,0.0,0.0,0.0,0.0,0.0,0.0,0.0,93.231674,0.0,0.0,0.0,0.0,42.9865,0.0,0.0,104.627785,0.0,0.0,82.73173,47.169273,99.84199,0.0,0.0,0.0,0.0,0.0,75.01798,74.240295,0.0,95.62663,0.0,0.0,0.0,0.0,0.0,0.0,0.0,0.0,0.0,0.0,0.0,0.0,132.88214,0.0,31.141384,0.0,0.0,0.0,0.0,0.0,0.0,0.0,0.0,0.0,0.0,0.0,106.09146,0.0
C22x17_C22x18,0.0,0.0,0.0,0.0,0.0,0.0,0.0,0.0,0.0,0.0,0.0,0.0,121.4452,0.0,0.0,0.0,222.56694,0.0,88.076675,0.0,0.0,182.67393,0.0,71.128555,0.0,111.125725,0.0,0.0,0.0,0.0,0.0,77.55256,0.0,0.0,0.0,0.0,0.0,74.02523,81.71696,0.0,0.0,0.0,0.0,0.0,0.0,0.0,0.0,0.0,0.0,0.0,0.0,94.34664,0.0,0.0,0.0,0.0,0.0,53.139004,0.0,0.0,129.63965,122.670265,88.699974,0.0,47.70301,0.0,0.0,0.0,106.23339,0.0,0.0,0.0,0.0,0.0,0.0,0.0,0.0,0.0,52.740643,0.0,0.0,0.0,0.0,0.0,0.0,0.0,0.0,0.0,0.0,0.0,49.012573,49.012573,0.0,0.0,0.0,47.146862,0.0,0.0,0.0,0.0,0.0,0.0,0.0,0.0,0.0,0.0,131.6716,0.0,0.0,0.0,0.0,0.0,0.0,0.0,42.79264,0.0,0.0,0.0,0.0,0.0,39.16651,0.0,162.40564,0.0,55.389812,0.0,0.0,0.0,0.0,0.0,0.0,91.60782,0.0,0.0,0.0,0.0,212.05296,0.0,253.86621,0.0,0.0,0.0,0.0,0.0,0.0,0.0,0.0,19.869358,100.33074,0.0,0.0,0.0,0.0,0.0,105.84344,31.094824,0.0,0.0,87.10413,112.782524,64.12854,0.0,0.0,71.6718,0.0,0.0,0.0,0.0,0.0,0.0,127.22401,0.0,0.0,0.0,0.0,0.0,0.0,0.0,0.0,0.0,0.0,0.0,0.0,0.0,0.0,73.98192,0.0,112.32263,0.0,113.21408,0.0,0.0,0.0,238.04793,0.0,0.0,0.0,0.0,0.0,0.0,0.0,0.0,0.0,0.0,0.0,109.06797,0.0,0.0,0.0,0.0,0.0,0.0,0.0,0.0,0.0,0.0,0.0,0.0,0.0,0.0,0.0,0.0,0.0,0.0,0.0,0.0,0.0,0.0,0.0,97.69425,0.0,0.0,0.0,0.0,0.0,0.0,0.0,0.0,0.0,0.0,0.0,0.0,127.13905,0.0,0.0,0.0,0.0,0.0,0.0,64.52998,0.0,0.0,0.0,0.0,0.0,0.0,0.0,0.0,0.0,0.0,0.0,0.0,0.0,0.0,0.0,0.0,0.0,0.0,0.0,0.0,0.0,0.0,0.0,0.0,0.0,0.0,0.0,0.0,0.0,156.23888,0.0,0.0,0.0,0.0,0.0,0.0,0.0,28.283741,127.71016,118.82994,92.20325,103.22012,77.782425,114.054306,100.01011,80.59812,92.06803,0.0,0.0,0.0,0.0,0.0,0.0,0.0,0.0,0.0,0.0,0.0,0.0,0.0,0.0,0.0,0.0,0.0,0.0,0.0,0.0,0.0,0.0,0.0,0.0,0.0,140.75562,129.70174,0.0,0.0,0.0,55.43117,0.0,192.77332,0.0,0.0,205.05396,286.90027,68.69275,54.163105,149.94409,48.958015,90.89831,89.729996,71.28228,181.96806,29.204046,75.03664,106.193985,38.38186,0.0,41.190926,60.68913,93.17732,105.444336,0.0,0.0,0.0,0.0,0.0,126.96673,94.52756,192.77332,0.0,92.26155,133.29471,161.57417,0.0,0.0,0.0,0.0,0.0,0.0,0.0,0.0,0.0,0.0,0.0,0.0,0.0,0.0,0.0,0.0,0.0,0.0,0.0,0.0,0.0,0.0,0.0,0.0,0.0,0.0,0.0,0.0,0.0,0.0,0.0,0.0,0.0,0.0,0.0,0.0,0.0,0.0,0.0,0.0,0.0,0.0,0.0,0.0,0.0,0.0,0.0,0.0,0.0,0.0,49.090446,51.088264,0.0,0.0,0.0,0.0,0.0,0.0,0.0,0.0,0.0,0.0,121.32995,0.0,0.0,0.0,0.0,0.0,0.0,0.0,0.0,0.0,0.0,0.0,0.0,0.0,0.0,0.0,0.0,0.0,0.0,0.0,0.0,0.0,0.0,79.62094,0.0,0.0,152.54918,0.0,0.0,105.02528,0.0,95.44653,0.0,0.0,0.0,0.0,0.0,88.17412,89.24351,0.0,165.64195,0.0,0.0,0.0,0.0,0.0,0.0,0.0,0.0,0.0,0.0,0.0,0.0,171.05594,0.0,0.0,0.0,0.0,0.0,0.0,0.0,0.0,0.0,0.0,0.0,0.0,0.0,108.10858,0.0
C22x17_C23x17,0.0,0.0,0.0,0.0,6.562126,0.0,0.0,0.0,0.0,0.0,0.0,0.0,129.68858,0.0,0.0,0.0,37.773556,0.0,71.809525,0.0,0.0,128.47049,0.0,114.83686,0.0,82.64438,0.0,0.0,0.0,0.0,0.0,64.499855,0.0,0.0,0.0,0.0,0.0,0.0,62.228683,0.0,0.0,0.0,0.0,0.0,0.0,0.0,0.0,0.0,0.0,0.0,0.0,111.91188,0.0,0.0,0.0,0.0,0.0,46.11717,0.0,0.0,141.82188,0.0,78.04093,0.0,69.759026,0.0,0.0,0.0,60.30545,90.77545,0.0,0.0,0.0,0.0,0.0,158.90724,0.0,31.078995,41.513363,0.0,0.0,0.0,69.60745,0.0,0.0,0.0,0.0,0.0,26.375906,0.0,78.35893,78.35893,0.0,0.0,0.0,107.18995,0.0,0.0,0.0,0.0,0.0,0.0,17.308939,0.0,64.13211,0.0,89.80223,0.0,0.0,0.0,0.0,0.0,0.0,91.9076,22.166847,0.0,0.0,0.0,91.9076,0.0,130.16429,0.0,14.402604,0.0,184.0801,0.0,0.0,0.0,0.0,0.0,0.0,60.00337,0.0,0.0,98.73682,0.0,167.5105,0.0,261.05515,0.0,0.0,0.0,0.0,0.0,0.0,0.0,0.0,16.774883,63.97372,0.0,0.0,72.29682,51.63066,0.0,88.02204,54.55291,0.0,0.0,20.373087,87.6522,0.0,0.0,0.0,63.553288,0.0,115.49126,0.0,0.0,0.0,47.794712,106.8622,0.0,0.0,0.0,0.0,0.0,0.0,0.0,0.0,0.0,0.0,0.0,0.0,0.0,0.0,0.0,0.0,92.26501,0.0,88.04072,0.0,0.0,0.0,210.1896,0.0,0.0,0.0,0.0,0.0,0.0,65.60589,0.0,0.0,0.0,0.0,0.0,0.0,0.0,0.0,0.0,56.864517,0.0,0.0,0.0,0.0,0.0,0.0,0.0,0.0,0.0,0.0,0.0,0.0,0.0,0.0,0.0,5.002104,0.0,0.0,99.322105,0.0,0.0,0.0,0.0,0.0,0.0,0.0,0.0,0.0,0.0,101.3624,0.0,59.574825,0.0,0.0,0.0,29.089865,0.0,0.0,42.739147,0.0,0.0,0.0,0.0,0.0,0.0,0.0,0.0,63.348804,86.4384,0.0,0.0,0.0,0.0,0.0,0.0,0.0,0.0,0.0,0.0,0.0,0.0,0.0,0.0,0.0,0.0,0.0,0.0,0.0,88.84006,0.0,0.0,0.0,0.0,0.0,0.0,64.05937,42.031837,93.388016,77.98811,80.20481,85.95676,48.26197,98.68394,114.8463,79.37371,0.0,0.0,0.0,0.0,0.0,0.0,0.0,0.0,0.0,0.0,0.0,0.0,0.0,0.0,0.0,0.0,0.0,0.0,0.0,0.0,0.0,0.0,0.0,0.0,0.0,0.0,85.52571,271.842,0.0,0.0,65.70312,28.713684,0.0,88.78953,0.0,0.0,174.74147,225.96053,0.0,87.18993,118.44781,0.0,116.977325,71.48683,92.60354,196.34836,94.79569,73.3837,82.54929,90.86567,0.0,131.70708,26.226646,85.64924,109.02018,0.0,0.0,0.0,0.0,65.70312,107.40361,111.451385,88.78953,72.29682,105.687706,112.16777,157.76895,0.0,0.0,0.0,0.0,0.0,0.0,0.0,0.0,0.0,0.0,0.0,0.0,0.0,0.0,0.0,0.0,0.0,0.0,0.0,0.0,0.0,0.0,0.0,0.0,0.0,0.0,0.0,0.0,0.0,0.0,0.0,0.0,0.0,0.0,0.0,0.0,0.0,0.0,0.0,0.0,0.0,0.0,0.0,0.0,0.0,0.0,0.0,0.0,0.0,0.0,0.0,46.963814,0.0,0.0,0.0,0.0,0.0,0.0,0.0,0.0,0.0,0.0,98.03234,0.0,0.0,0.0,0.0,0.0,0.0,0.0,0.0,0.0,0.0,0.0,45.245567,0.0,0.0,0.0,0.0,0.0,0.0,0.0,0.0,0.0,0.0,63.43074,0.0,0.0,99.322105,0.0,0.0,69.99875,0.0,0.0,86.00282,0.0,0.0,0.0,0.0,64.417366,74.3177,0.0,130.45839,0.0,0.0,0.0,0.0,0.0,0.0,0.0,0.0,0.0,0.0,0.0,0.0,95.71177,0.0,46.170193,0.0,0.0,0.0,0.0,0.0,0.0,0.0,0.0,0.0,0.0,0.0,95.86215,0.0
C22x18_C22x19,0.0,68.09239,0.0,0.0,0.0,84.50434,0.0,0.0,0.0,0.0,0.0,0.0,0.0,0.0,0.0,0.0,131.97502,0.0,33.3686,0.0,0.0,77.92123,0.0,184.47769,0.0,0.0,0.0,0.0,0.0,0.0,0.0,0.0,0.0,0.0,0.0,0.0,0.0,83.18328,0.0,0.0,0.0,0.0,0.0,0.0,0.0,0.0,0.0,0.0,0.0,0.0,0.0,0.0,0.0,0.0,0.0,0.0,0.0,24.471169,0.0,0.0,101.65918,108.07248,37.0586,0.0,87.735855,0.0,0.0,0.0,157.20122,75.58713,0.0,0.0,0.0,0.0,0.0,133.24393,0.0,6.2646284,0.0,8.477459,0.0,6.740421,138.82156,0.0,0.0,0.0,0.0,0.0,0.0,0.0,81.71434,81.71434,0.0,0.0,0.0,0.0,0.0,0.0,0.0,0.0,0.0,0.0,0.0,0.0,154.49284,0.0,0.0,218.48589,0.0,0.0,0.0,0.0,0.0,59.557304,0.0,0.0,0.0,0.0,0.0,0.0,0.0,0.0,126.88413,0.0,0.0,0.0,0.0,0.0,0.0,0.0,0.0,129.6233,0.0,0.0,0.0,0.0,0.0,0.0,256.55447,0.0,0.0,0.0,0.0,0.0,0.0,0.0,0.0,88.80413,24.65076,0.0,0.0,0.0,0.0,0.0,110.069725,61.7469,114.203674,103.76081,117.02879,0.0,0.0,0.0,0.0,144.17549,42.270817,164.75494,0.0,0.0,0.0,0.0,105.9093,0.0,0.0,97.89181,0.0,0.0,0.0,0.0,0.0,0.0,0.0,0.0,0.0,0.0,0.0,124.18206,0.0,0.0,0.0,107.4628,0.0,0.0,0.0,245.3105,0.0,0.0,0.0,0.0,0.0,0.0,0.0,0.0,0.0,0.0,0.0,102.6992,0.0,0.0,0.0,0.0,0.0,0.0,0.0,0.0,0.0,0.0,0.0,0.0,0.0,0.0,0.0,0.0,0.0,99.15904,0.0,0.0,0.0,0.0,0.0,0.0,0.0,0.0,230.26788,0.0,0.0,0.0,0.0,0.0,0.0,0.0,130.70137,0.0,50.625645,0.0,0.0,0.0,0.0,0.0,0.0,91.916565,0.0,0.0,0.0,0.0,0.0,0.0,0.0,0.0,113.5699,129.90689,149.39955,96.2576,0.0,0.0,0.0,0.0,0.0,0.0,0.0,0.0,0.0,0.0,0.0,0.0,0.0,0.0,0.0,0.0,0.0,43.733704,0.0,0.0,0.0,0.0,0.0,0.0,0.0,61.108036,91.147675,79.76049,0.0,127.86906,0.0,64.844864,117.459076,94.07436,93.111786,0.0,0.0,0.0,0.0,0.0,0.0,0.0,0.0,0.0,0.0,0.0,0.0,0.0,0.0,0.0,0.0,0.0,0.0,0.0,0.0,0.0,0.0,0.0,0.0,0.0,137.07843,166.48943,122.19541,95.68239,23.841667,51.11598,14.816659,182.22905,0.0,0.0,283.98782,215.76323,0.0,0.0,0.0,0.0,0.0,0.0,0.0,0.0,0.0,0.0,0.0,0.0,0.0,0.0,0.0,0.0,0.0,0.0,0.0,0.0,0.0,23.841667,176.12837,42.947002,182.22905,0.0,0.0,232.17474,302.67075,0.0,0.0,0.0,0.0,0.0,0.0,0.0,0.0,0.0,0.0,0.0,0.0,0.0,0.0,0.0,0.0,0.0,0.0,0.0,0.0,0.0,0.0,0.0,0.0,0.0,0.0,0.0,0.0,0.0,0.0,0.0,0.0,0.0,0.0,0.0,0.0,0.0,0.0,0.0,0.0,0.0,0.0,0.0,0.0,0.0,0.0,0.0,0.0,0.0,0.0,0.0,0.0,0.0,0.0,0.0,0.0,0.0,0.0,0.0,0.0,0.0,0.0,0.0,0.0,0.0,0.0,0.0,0.0,0.0,0.0,0.0,0.0,0.0,0.0,0.0,122.19541,0.0,0.0,0.0,0.0,0.0,0.0,0.0,0.0,0.0,62.645107,0.0,0.0,249.86465,0.0,0.0,212.2919,104.19918,181.09561,0.0,0.0,0.0,104.19918,0.0,74.584015,146.17448,0.0,124.57096,0.0,0.0,0.0,0.0,0.0,0.0,0.0,0.0,0.0,0.0,0.0,0.0,87.26985,0.0,0.0,0.0,0.0,0.0,0.0,0.0,0.0,0.0,0.0,0.0,0.0,0.0,0.0,0.0
C22x18_C23x18,0.0,47.831184,0.0,0.0,0.0,0.0,0.0,0.0,0.0,0.0,0.0,0.0,73.49342,0.0,0.0,0.0,75.699196,0.0,75.723495,0.0,0.0,71.62381,0.0,156.92422,0.0,70.18114,0.0,0.0,0.0,0.0,51.303,50.26964,0.0,0.0,0.0,0.0,0.0,73.09084,55.282307,0.0,0.0,0.0,0.0,0.0,0.0,0.0,0.0,0.0,0.0,0.0,0.0,73.02975,0.0,0.0,0.0,0.0,0.0,52.983604,0.0,0.0,82.53184,58.51935,75.0634,0.0,177.71182,0.0,0.0,0.0,109.387535,32.946064,0.0,0.0,0.0,0.0,0.0,45.197044,0.0,0.0,38.94994,52.44182,0.0,0.0,73.89801,0.0,79.21616,0.0,0.0,0.0,0.0,0.0,53.69303,53.69303,0.0,0.0,58.95108,57.763668,0.0,0.0,0.0,0.0,0.0,0.0,0.0,0.0,79.165764,0.0,83.15367,125.24053,0.0,0.0,0.0,38.31043,0.0,35.73847,0.0,0.0,0.0,0.0,0.0,0.0,53.549324,0.0,34.156513,0.0,75.73018,0.0,0.0,0.0,0.0,0.0,0.0,0.0,0.0,0.0,0.0,0.0,151.78613,0.0,196.83992,0.0,0.0,0.0,0.0,0.0,0.0,0.0,0.0,59.679325,18.464342,0.0,0.0,0.0,0.0,0.0,61.120193,15.790112,75.990906,61.576767,75.800415,66.010086,0.0,0.0,0.0,122.89479,0.0,0.0,0.0,0.0,0.0,0.0,60.342804,0.0,0.0,60.345264,0.0,0.0,0.0,0.0,0.0,0.0,0.0,0.0,0.0,0.0,0.0,48.77549,0.0,74.72492,0.0,51.950634,0.0,0.0,0.0,171.2037,0.0,0.0,0.0,0.0,0.0,0.0,0.0,0.0,0.0,0.0,0.0,27.577522,0.0,0.0,0.0,0.0,0.0,0.0,0.0,0.0,0.0,0.0,0.0,0.0,0.0,0.0,0.0,0.0,0.0,66.51853,0.0,0.0,0.0,0.0,0.0,47.21469,0.0,0.0,141.60449,0.0,0.0,0.0,0.0,0.0,0.0,0.0,78.783806,0.0,84.45357,0.0,0.0,0.0,0.0,0.0,0.0,0.0,0.0,0.0,0.0,0.0,0.0,0.0,0.0,0.0,0.0,0.0,49.978485,33.537716,33.526623,74.530975,63.31651,109.53529,0.0,84.863014,69.06534,45.727924,98.11676,79.21616,34.368813,58.95108,63.62854,18.533545,51.303,79.78485,81.30962,36.25069,0.0,0.0,0.0,0.0,0.0,0.0,0.0,0.0,193.5121,156.23515,116.26707,125.49225,101.18303,157.35675,64.91097,62.875496,68.61156,0.0,0.0,0.0,0.0,0.0,0.0,0.0,0.0,0.0,0.0,0.0,0.0,0.0,0.0,0.0,0.0,0.0,0.0,0.0,0.0,0.0,0.0,0.0,0.0,0.0,93.04983,159.74173,0.0,0.0,32.485214,13.581053,12.28147,66.11569,0.0,0.0,112.829056,124.95542,32.851315,43.0524,107.328995,36.1564,67.6742,67.68426,55.623184,137.76352,21.567728,55.415947,67.846436,33.676548,0.0,53.01483,44.820045,68.81317,79.67186,0.0,0.0,0.0,45.31951,32.485214,88.29848,51.07657,66.11569,0.0,68.87184,64.010574,85.41756,0.0,0.0,0.0,0.0,0.0,146.5436,146.27856,0.0,0.0,0.0,0.0,0.0,0.0,0.0,0.0,0.0,0.0,0.0,33.526623,21.309565,0.0,0.0,0.0,0.0,0.0,0.0,0.0,0.0,0.0,0.0,0.0,0.0,0.0,0.0,0.0,0.0,0.0,0.0,0.0,0.0,0.0,0.0,0.0,0.0,0.0,0.0,0.0,0.0,0.0,0.0,29.393639,35.042458,0.0,0.0,0.0,0.0,0.0,0.0,0.0,0.0,0.0,0.0,0.0,0.0,0.0,0.0,0.0,0.0,0.0,0.0,0.0,0.0,0.0,0.0,0.0,0.0,0.0,0.0,0.0,0.0,0.0,0.0,0.0,0.0,0.0,73.49844,0.0,0.0,122.71814,0.0,0.0,106.504326,62.526653,43.95501,0.0,0.0,77.721825,62.526653,0.0,116.076416,81.91243,0.0,72.14304,0.0,0.0,0.0,0.0,0.0,0.0,0.0,0.0,0.0,0.0,0.0,0.0,77.93813,0.0,0.0,0.0,0.0,0.0,0.0,0.0,0.0,0.0,0.0,0.0,0.0,0.0,66.90697,0.0
C22x19_C22x20,0.0,118.10657,0.0,0.0,37.58254,105.77534,0.0,106.2617,0.0,0.0,0.0,0.0,0.0,0.0,0.0,0.0,157.38571,0.0,0.0,0.0,43.88979,0.0,0.0,117.8967,0.0,0.0,0.0,0.0,0.0,0.0,0.0,0.0,0.0,0.0,0.0,0.0,0.0,135.2162,0.0,0.0,0.0,0.0,0.0,0.0,0.0,0.0,0.0,68.72356,0.0,0.0,0.0,0.0,0.0,52.479126,0.0,0.0,0.0,0.0,0.0,0.0,0.0,0.0,0.0,0.0,59.07964,0.0,0.0,110.21529,0.0,0.0,0.0,0.0,0.0,0.0,0.0,99.95411,0.0,111.763954,0.0,0.0,0.0,0.0,103.45759,0.0,0.0,0.0,0.0,0.0,0.0,0.0,0.0,0.0,0.0,0.0,0.0,0.0,0.0,0.0,0.0,0.0,0.0,0.0,0.0,0.0,80.201515,0.0,0.0,143.81635,0.0,0.0,41.384457,0.0,56.560246,41.108498,0.0,0.0,0.0,41.384457,0.0,0.0,0.0,0.0,68.67734,0.0,63.867455,0.0,0.0,142.24403,0.0,0.0,0.0,114.70717,0.0,0.0,66.9264,0.0,112.09508,0.0,86.73946,38.45236,117.71251,0.0,47.024105,0.0,0.0,0.0,0.0,0.0,0.0,0.0,0.0,0.0,0.0,0.0,0.0,73.37142,136.86433,0.0,0.0,0.0,0.0,0.0,69.4065,0.0,118.95789,149.7563,0.0,0.0,0.0,0.0,0.0,37.26552,0.0,69.81975,46.694645,0.0,0.0,0.0,108.93259,0.0,0.0,0.0,51.39035,0.0,0.0,75.42062,72.88684,0.0,75.52255,0.0,0.0,46.288692,0.0,260.73886,102.2516,153.3569,0.0,0.0,26.380999,0.0,0.0,0.0,0.0,0.0,0.0,0.0,0.0,53.309464,0.0,0.0,47.184364,0.0,0.0,79.23727,0.0,0.0,0.0,0.0,0.0,0.0,0.0,0.0,0.0,150.00046,0.0,0.0,0.0,0.0,0.0,0.0,0.0,0.0,164.1198,58.936703,0.0,0.0,0.0,0.0,68.619736,0.0,71.15035,0.0,0.0,0.0,71.64827,0.0,88.35326,0.0,0.0,159.18506,0.0,0.0,0.0,98.22839,0.0,80.921684,0.0,0.0,130.7839,172.42003,27.58119,183.80737,103.82948,148.87132,110.564,176.2589,66.16485,121.354034,171.58076,152.19162,150.39856,88.58291,84.902885,47.7172,140.53383,0.0,66.96794,101.267265,84.77857,33.878704,0.0,0.0,0.0,0.0,0.0,0.0,63.929955,0.0,0.0,0.0,0.0,0.0,0.0,0.0,62.014565,0.0,123.633316,0.0,0.0,0.0,0.0,0.0,0.0,0.0,0.0,0.0,0.0,0.0,0.0,0.0,0.0,0.0,0.0,0.0,0.0,0.0,0.0,0.0,0.0,0.0,0.0,0.0,114.327225,0.0,99.664856,79.00457,0.0,0.0,0.0,0.0,0.0,112.71944,0.0,0.0,0.0,0.0,0.0,0.0,0.0,0.0,0.0,0.0,0.0,0.0,0.0,0.0,0.0,0.0,0.0,0.0,0.0,0.0,0.0,0.0,0.0,0.0,0.0,0.0,0.0,0.0,0.0,118.61731,240.094,0.0,89.19671,16.96469,0.0,40.090572,0.0,0.0,0.0,0.0,0.0,0.0,0.0,0.0,0.0,0.0,0.0,0.0,0.0,0.0,0.0,0.0,0.0,0.0,0.0,0.0,0.0,0.0,0.0,0.0,0.0,0.0,0.0,0.0,0.0,0.0,0.0,0.0,0.0,0.0,0.0,0.0,0.0,0.0,0.0,0.0,0.0,0.0,0.0,0.0,0.0,0.0,0.0,0.0,53.91649,0.0,0.0,0.0,0.0,0.0,0.0,0.0,0.0,0.0,0.0,0.0,0.0,0.0,0.0,0.0,0.0,0.0,0.0,0.0,0.0,0.0,99.664856,0.0,0.0,0.0,0.0,0.0,0.0,0.0,0.0,0.0,0.0,0.0,0.0,0.0,0.0,0.0,192.61414,71.00518,57.976963,92.87722,0.0,0.0,0.0,0.0,69.957436,97.00722,0.0,0.0,0.0,0.0,0.0,0.0,0.0,0.0,61.769535,0.0,0.0,0.0,0.0,0.0,0.0,0.0,0.0,0.0,0.0,0.0,0.0,0.0,0.0,19.76059,57.997635,0.0,0.0,43.87032,0.0,0.0
C22x19_C23x19,0.0,162.61922,0.0,0.0,65.08289,29.282217,0.0,95.63852,0.0,0.0,0.0,0.0,92.4143,0.0,0.0,0.0,162.86105,0.0,0.0,0.0,48.20863,0.0,0.0,124.49148,0.0,0.0,0.0,0.0,0.0,0.0,0.0,0.0,0.0,0.0,0.0,0.0,0.0,100.90851,0.0,0.0,0.0,0.0,0.0,0.0,0.0,0.0,0.0,0.0,0.0,0.0,0.0,0.0,0.0,49.327785,0.0,0.0,0.0,0.0,0.0,0.0,0.0,0.0,0.0,0.0,68.644745,0.0,0.0,0.0,101.11615,0.0,0.0,0.0,0.0,0.0,36.018322,47.620064,0.0,62.04496,0.0,114.71712,58.004005,0.0,156.2275,0.0,0.0,0.0,0.0,0.0,0.0,0.0,0.0,0.0,0.0,0.0,0.0,0.0,0.0,0.0,0.0,0.0,0.0,0.0,0.0,0.0,161.18506,0.0,0.0,172.7037,63.43549,0.0,0.0,35.144135,53.163837,49.14825,0.0,0.0,0.0,0.0,0.0,0.0,0.0,0.0,57.72433,0.0,0.0,0.0,0.0,113.719,0.0,0.0,0.0,75.39378,0.0,0.0,64.757416,0.0,0.0,0.0,136.94464,0.0,96.01262,0.0,0.0,0.0,0.0,0.0,0.0,57.432915,13.067857,0.0,10.187003,0.0,0.0,0.0,66.02314,70.3102,149.25662,54.19313,84.00456,0.0,0.0,0.0,55.221375,80.245255,84.00773,99.18434,0.0,0.0,0.0,0.0,0.0,35.02775,0.0,45.795097,43.890663,0.0,0.0,0.0,121.443794,0.0,0.0,0.0,57.455696,0.0,0.0,112.909996,50.57437,71.05475,112.530495,78.71125,0.0,47.373154,0.0,261.6478,96.11146,152.30678,0.0,0.0,0.0,0.0,0.0,0.0,0.0,0.0,0.0,0.0,0.0,47.96468,0.0,0.0,97.58884,0.0,0.0,74.47912,0.0,0.0,0.0,0.0,0.0,0.0,0.0,0.0,0.0,193.27168,0.0,0.0,0.0,0.0,0.0,93.29789,0.0,0.0,229.04195,76.713554,0.0,0.0,0.0,0.0,64.49916,0.0,150.6603,0.0,0.0,0.0,0.0,0.0,49.04868,0.0,0.0,73.95555,0.0,0.0,0.0,98.068146,0.0,41.77807,27.61753,0.0,105.647804,96.991806,85.92764,88.75399,64.49916,84.88834,79.91574,107.62567,41.720272,67.854836,115.8022,80.411476,89.63406,65.76783,52.74191,29.64206,73.78721,0.0,41.600674,64.757416,52.66469,62.395214,0.0,0.0,43.33745,0.0,0.0,0.0,60.044262,42.869087,92.10226,67.57883,30.45829,75.81904,42.7462,66.54059,82.86986,65.99594,108.25026,0.0,0.0,0.0,0.0,0.0,0.0,0.0,0.0,0.0,0.0,0.0,0.0,0.0,0.0,0.0,0.0,0.0,0.0,0.0,0.0,0.0,0.0,0.0,0.0,0.0,53.205696,77.88332,113.671646,78.85553,0.0,0.0,0.0,0.0,0.0,0.0,0.0,0.0,0.0,0.0,0.0,0.0,0.0,0.0,0.0,0.0,0.0,0.0,0.0,0.0,0.0,0.0,0.0,0.0,0.0,59.30867,0.0,0.0,0.0,0.0,0.0,0.0,0.0,0.0,0.0,135.63054,126.07845,0.0,0.0,0.0,0.0,0.0,0.0,0.0,0.0,0.0,0.0,0.0,0.0,0.0,0.0,0.0,0.0,0.0,0.0,0.0,0.0,0.0,0.0,0.0,0.0,0.0,0.0,0.0,0.0,0.0,0.0,0.0,0.0,0.0,0.0,0.0,0.0,0.0,0.0,0.0,0.0,0.0,0.0,0.0,0.0,0.0,0.0,0.0,0.0,0.0,0.0,0.0,0.0,0.0,0.0,0.0,0.0,0.0,0.0,0.0,0.0,0.0,0.0,0.0,0.0,0.0,0.0,0.0,0.0,0.0,0.0,0.0,0.0,0.0,0.0,0.0,113.671646,0.0,0.0,0.0,0.0,0.0,0.0,0.0,0.0,0.0,40.514908,0.0,0.0,0.0,0.0,0.0,84.61381,76.52205,44.897736,73.78721,0.0,0.0,76.52205,0.0,80.35575,121.95464,0.0,0.0,0.0,0.0,0.0,0.0,0.0,0.0,58.060314,0.0,0.0,0.0,0.0,0.0,0.0,0.0,0.0,0.0,0.0,0.0,0.0,0.0,0.0,18.57398,38.55311,0.0,0.0,51.710815,61.473858,0.0
C22x20_C22x21,0.0,0.0,0.0,0.0,99.22311,0.0,0.0,25.460089,0.0,0.0,0.0,0.0,0.0,77.66745,0.0,0.0,47.844482,0.0,55.986816,0.0,65.14876,0.0,0.0,0.0,0.0,0.0,0.0,0.0,64.91112,0.0,0.0,0.0,0.0,0.0,0.0,0.0,0.0,69.62116,0.0,0.0,89.10415,0.0,0.0,0.0,94.3163,0.0,0.0,0.0,0.0,69.01012,0.0,0.0,0.0,33.96495,0.0,0.0,0.0,0.0,0.0,0.0,76.45352,107.437004,0.0,0.0,0.0,0.0,32.527847,63.099117,0.0,0.0,0.0,0.0,0.0,0.0,12.0127325,42.57225,0.0,0.0,0.0,0.0,0.0,0.0,133.91895,0.0,0.0,0.0,0.0,0.0,0.0,0.0,0.0,0.0,0.0,0.0,0.0,0.0,0.0,0.0,0.0,0.0,23.73478,16.783024,28.764925,0.0,82.1344,0.0,0.0,120.63519,0.0,0.0,58.197823,0.0,79.539116,34.711582,49.08959,0.0,0.0,58.197823,34.93277,0.0,0.0,0.0,53.711185,0.0,38.61181,0.0,0.0,108.88551,0.0,0.0,0.0,46.77623,0.0,0.0,27.291798,0.0,51.874138,0.0,58.8233,0.0,61.139782,0.0,0.0,0.0,0.0,0.0,0.0,59.203323,0.0,0.0,0.0,0.0,0.0,0.0,38.774776,97.17268,0.0,0.0,0.0,47.31913,66.49563,0.0,66.8215,112.20744,114.52739,129.02596,0.0,0.0,0.0,0.0,0.0,86.00485,0.0,0.0,144.87492,0.0,0.0,0.0,86.383026,0.0,120.26596,0.0,64.95715,0.0,0.0,64.70861,52.70563,0.0,0.0,50.541653,0.0,0.0,0.0,229.47389,0.0,90.08242,0.0,0.0,0.0,0.0,0.0,0.0,0.0,0.0,0.0,124.992,0.0,31.910885,0.0,0.0,45.848503,0.0,0.0,0.0,0.0,0.0,0.0,0.0,0.0,0.0,0.0,0.0,0.0,207.13574,0.0,0.0,0.0,0.0,0.0,0.0,0.0,0.0,232.9514,39.591652,0.0,0.0,0.0,0.0,49.523937,0.0,29.593473,0.0,11.920734,0.0,76.368835,0.0,82.209236,0.0,0.0,0.0,0.0,0.0,0.0,0.0,0.0,26.138626,42.47803,0.0,68.21656,75.962975,36.040977,88.38269,65.968704,73.26986,149.34662,84.771576,63.8527,103.01723,196.98645,148.42462,104.65512,167.96811,97.35793,30.06836,101.17577,0.0,12.400205,119.95836,56.540634,51.578766,60.19543,57.7856,0.0,0.0,0.0,0.0,53.66755,12.708445,52.109158,83.633514,14.97143,50.37674,0.0,59.728836,32.814617,0.0,57.1793,0.0,0.0,0.0,0.0,0.0,0.0,0.0,0.0,0.0,0.0,0.0,0.0,0.0,0.0,0.0,0.0,0.0,0.0,0.0,0.0,0.0,0.0,0.0,0.0,0.0,87.31251,0.0,0.0,0.0,0.0,0.0,0.0,0.0,0.0,89.38598,98.70713,68.47277,0.0,0.0,0.0,0.0,0.0,0.0,0.0,0.0,0.0,0.0,0.0,0.0,0.0,0.0,0.0,0.0,0.0,0.0,0.0,0.0,0.0,0.0,0.0,0.0,0.0,0.0,0.0,25.393166,174.5238,0.0,0.0,72.94339,0.0,43.16335,0.0,0.0,0.0,0.0,0.0,0.0,20.876019,52.526478,89.9791,88.94588,0.0,0.0,0.0,0.0,0.0,0.0,0.0,0.0,0.0,0.0,0.0,0.0,0.0,0.0,0.0,0.0,0.0,0.0,0.0,0.0,0.0,0.0,0.0,0.0,0.0,0.0,66.63326,106.41945,100.39644,47.440567,155.91418,183.20314,0.0,98.958405,57.110218,0.0,0.0,0.0,34.598824,33.05599,52.793457,0.0,0.0,48.784687,0.0,53.860653,64.24736,0.0,0.0,0.0,0.0,0.0,0.0,0.0,0.0,0.0,0.0,0.0,0.0,11.509033,0.0,0.0,0.0,0.0,0.0,0.0,0.0,0.0,0.0,0.0,54.872917,0.0,0.0,0.0,0.0,0.0,152.31302,60.802322,0.0,0.0,0.0,0.0,49.473038,0.0,0.0,55.67913,0.0,0.0,0.0,0.0,0.0,0.0,0.0,0.0,0.0,0.0,0.0,0.0,0.0,0.0,0.0,0.0,0.0,0.0,0.0,0.0,0.0,0.0,0.0,30.69435,51.046715,0.0,0.0,70.524475,0.0,0.0
C22x20_C23x20,0.0,90.225105,0.0,0.0,2.188729,0.0,0.0,118.382484,0.0,0.0,0.0,0.0,0.0,0.0,0.0,0.0,123.96858,0.0,0.0,0.0,99.607704,0.0,0.0,0.0,0.0,0.0,0.0,0.0,0.0,0.0,0.0,0.0,0.0,0.0,0.0,0.0,0.0,66.437065,0.0,0.0,0.0,58.224113,0.0,0.0,82.09187,0.0,0.0,57.240795,0.0,42.82626,0.0,0.0,0.0,0.0,0.0,0.0,0.0,0.0,0.0,0.0,0.0,107.45146,0.0,0.0,0.0,0.0,0.0,72.57245,0.0,0.0,0.0,0.0,0.0,0.0,61.305336,47.880615,0.0,54.979588,0.0,54.215317,0.0,0.0,137.99976,0.0,0.0,0.0,0.0,0.0,0.0,0.0,0.0,0.0,0.0,0.0,0.0,0.0,0.0,0.0,0.0,0.0,0.0,0.0,26.810513,0.0,108.970825,0.0,0.0,140.89859,0.0,0.0,56.251072,0.0,69.44503,41.543972,49.25427,0.0,0.0,56.251072,0.0,0.0,0.0,0.0,54.07147,0.0,50.284523,0.0,0.0,162.07816,0.0,0.0,0.0,128.48325,0.0,0.0,63.860146,0.0,50.41542,0.0,80.024864,35.21239,34.511154,0.0,85.36921,0.0,0.0,0.0,0.0,0.0,0.0,0.0,0.0,0.0,0.0,0.0,0.0,125.2658,115.171104,0.0,0.0,0.0,66.7187,0.0,71.06124,0.0,162.82199,148.89987,0.0,0.0,0.0,0.0,0.0,85.89106,0.0,59.889874,135.72833,0.0,0.0,0.0,160.2769,0.0,78.40956,0.0,104.537766,0.0,0.0,68.36812,63.4735,0.0,163.25064,0.0,0.0,47.072704,0.0,200.84909,69.684265,160.20654,0.0,0.0,0.0,0.0,0.0,0.0,0.0,0.0,0.0,127.6955,0.0,65.15593,0.0,0.0,66.521866,0.0,0.0,0.0,0.0,0.0,0.0,0.0,0.0,0.0,0.0,0.0,0.0,187.47343,0.0,0.0,0.0,0.0,0.0,0.0,0.0,0.0,198.55429,117.8907,0.0,0.0,0.0,0.0,46.466854,0.0,34.38701,0.0,0.0,0.0,48.029743,0.0,70.59101,0.0,0.0,102.06415,0.0,0.0,0.0,99.973885,0.0,26.490553,0.0,0.0,134.43234,118.386154,43.135036,107.70596,46.466854,75.84795,107.394684,71.29817,50.706486,115.043205,141.02606,114.60656,128.87894,113.83038,104.28154,54.626057,81.04053,42.43579,0.0,102.01771,54.198605,42.1141,60.39736,57.97945,77.13495,0.0,0.0,0.0,44.049587,35.963852,33.98387,74.72287,0.0,46.37445,0.0,45.293156,0.0,0.0,61.998314,0.0,0.0,0.0,0.0,0.0,0.0,0.0,0.0,0.0,0.0,0.0,0.0,0.0,0.0,0.0,0.0,0.0,0.0,0.0,0.0,0.0,0.0,0.0,0.0,0.0,0.0,0.0,0.0,0.0,0.0,0.0,0.0,0.0,0.0,55.209553,0.0,0.0,0.0,0.0,0.0,0.0,0.0,0.0,0.0,0.0,0.0,0.0,0.0,0.0,0.0,0.0,0.0,0.0,0.0,0.0,0.0,0.0,0.0,0.0,0.0,0.0,0.0,0.0,0.0,74.349815,131.98589,0.0,0.0,59.558334,45.631645,92.46091,0.0,0.0,0.0,0.0,0.0,0.0,0.0,0.0,0.0,0.0,0.0,0.0,0.0,0.0,0.0,0.0,0.0,0.0,0.0,0.0,0.0,0.0,0.0,0.0,0.0,0.0,0.0,0.0,0.0,0.0,0.0,0.0,0.0,0.0,0.0,0.0,46.608055,70.90702,65.35392,63.666378,104.85542,127.60837,0.0,35.926537,0.0,0.0,0.0,0.0,38.3242,0.0,0.0,0.0,0.0,0.0,0.0,0.0,0.0,0.0,0.0,0.0,0.0,0.0,0.0,0.0,0.0,0.0,0.0,0.0,0.0,0.0,0.0,0.0,0.0,0.0,0.0,0.0,0.0,0.0,0.0,0.0,0.0,0.0,0.0,0.0,0.0,0.0,82.48594,4.0075073,48.89574,65.3847,0.0,103.72345,3.2607894,0.0,29.34545,116.06494,0.0,0.0,0.0,0.0,0.0,0.0,0.0,0.0,24.873938,0.0,0.0,0.0,0.0,0.0,0.0,0.0,0.0,0.0,0.0,0.0,0.0,0.0,0.0,12.503835,56.543095,0.0,0.0,115.3483,0.0,87.54012
C22x21_C23x21,0.0,54.408916,0.0,0.0,33.14153,0.0,0.0,53.05786,0.0,0.0,0.0,0.0,0.0,42.458237,0.0,0.0,98.347404,0.0,0.0,0.0,74.490135,0.0,0.0,0.0,0.0,0.0,0.0,0.0,77.222015,0.0,0.0,0.0,0.0,0.0,0.0,0.0,0.0,0.0,0.0,0.0,45.392467,116.59849,0.0,0.0,75.70664,0.0,0.0,0.0,0.0,0.0,0.0,0.0,0.0,34.69577,0.0,54.075455,0.0,0.0,0.0,0.0,72.483986,59.59489,0.0,0.0,0.0,0.0,18.099,0.0,0.0,0.0,0.0,0.0,0.0,0.0,34.73433,0.0,0.0,0.0,0.0,0.0,0.0,0.0,135.05899,0.0,0.0,0.0,0.0,0.0,0.0,0.0,0.0,10.37721,0.0,0.0,0.0,0.0,0.0,0.0,0.0,0.0,12.2328415,36.713467,26.503254,0.0,120.472374,0.0,0.0,120.472374,0.0,0.0,0.0,0.0,53.47169,50.282043,71.10955,0.0,0.0,39.661022,88.93538,0.0,0.0,0.0,63.286118,0.0,57.054955,0.0,0.0,103.77807,0.0,0.0,0.0,66.37486,0.0,0.0,38.391582,0.0,49.899086,0.0,0.0,0.0,23.026312,0.0,0.0,0.0,0.0,0.0,0.0,47.306988,55.454945,0.0,0.0,55.454945,0.0,0.0,82.216156,134.48642,0.0,0.0,0.0,0.0,42.153214,0.0,58.571922,140.91946,83.06138,130.57178,0.0,0.0,0.0,15.071435,0.0,87.85541,0.0,0.0,119.84304,0.0,0.0,0.0,95.03007,0.0,0.0,0.0,66.75974,0.0,0.0,0.0,53.94446,0.0,88.64305,53.83089,0.0,25.55989,0.0,141.11618,0.0,104.35862,0.0,0.0,0.0,0.0,0.0,0.0,0.0,0.0,0.0,145.30588,0.0,24.418072,0.0,0.0,77.92807,0.0,0.0,0.0,0.0,0.0,0.0,0.0,0.0,0.0,0.0,0.0,0.0,208.46385,0.0,0.0,0.0,0.0,0.0,0.0,0.0,0.0,182.54768,69.66209,0.0,0.0,0.0,0.0,50.530727,0.0,82.04559,0.0,58.014996,0.0,0.0,0.0,62.791332,0.0,0.0,40.50553,0.0,0.0,0.0,32.544872,0.0,14.384039,51.931488,0.0,92.961296,75.8423,16.101536,102.746765,124.65357,136.00705,91.125145,81.54399,82.23799,105.945496,99.988945,116.42578,184.22583,185.2195,101.56322,57.412457,79.17961,0.0,12.667019,129.7486,66.88667,124.00102,61.49065,44.561043,39.09754,0.0,0.0,0.0,40.62334,114.40159,0.0,141.51558,0.0,0.0,22.08403,66.93295,86.073524,23.101103,0.0,0.0,0.0,0.0,0.0,0.0,0.0,0.0,0.0,0.0,0.0,0.0,0.0,0.0,0.0,0.0,0.0,0.0,0.0,0.0,0.0,0.0,0.0,0.0,116.96752,0.0,46.832478,0.0,0.0,0.0,0.0,0.0,0.0,0.0,0.0,0.0,50.10305,56.473476,0.0,0.0,0.0,0.0,0.0,0.0,0.0,0.0,0.0,0.0,0.0,0.0,0.0,0.0,0.0,0.0,0.0,0.0,0.0,0.0,0.0,0.0,80.29369,101.33285,129.9222,0.0,0.0,28.084385,161.41624,0.0,0.0,0.0,0.0,0.0,0.0,0.0,0.0,0.0,0.0,0.0,22.945728,94.38761,56.863564,37.644047,0.0,0.0,0.0,0.0,0.0,0.0,0.0,0.0,0.0,0.0,0.0,0.0,0.0,0.0,0.0,0.0,0.0,0.0,0.0,0.0,0.0,0.0,0.0,0.0,0.0,0.0,108.18761,43.27993,79.75775,101.45322,153.48788,131.48553,0.0,79.292595,58.05136,0.0,0.0,0.0,40.92986,62.462147,24.811441,5.168729,0.0,50.891895,0.0,31.035418,19.132044,0.0,0.0,0.0,0.0,0.0,0.0,0.0,0.0,0.0,0.0,0.0,0.0,50.059017,0.0,0.0,0.0,0.0,0.0,0.0,0.0,0.0,0.0,0.0,44.07853,0.0,0.0,0.0,0.0,0.0,142.83923,0.0,0.0,0.0,0.0,0.0,0.0,0.0,0.0,50.44993,0.0,0.0,0.0,0.0,0.0,0.0,0.0,0.0,0.0,0.0,0.0,0.0,0.0,0.0,0.0,0.0,0.0,0.0,0.0,0.0,0.0,0.0,0.0,11.531265,52.145084,0.0,0.0,74.94485,0.0,0.0
C22x23_C22x24,0.0,0.0,0.0,0.0,139.0356,0.0,0.0,0.0,0.0,0.0,0.0,0.0,149.56807,0.0,0.0,0.0,149.22263,0.0,0.0,0.0,0.0,0.0,0.0,0.0,0.0,0.0,0.0,0.0,0.0,0.0,0.0,0.0,0.0,0.0,0.0,0.0,0.0,117.02984,0.0,0.0,0.0,0.0,0.0,0.0,0.0,0.0,0.0,0.0,0.0,0.0,0.0,0.0,0.0,0.0,0.0,0.0,0.0,0.0,133.2485,181.134,0.0,0.0,0.0,0.0,0.0,0.0,0.0,0.0,0.0,0.0,0.0,0.0,0.0,0.0,0.0,94.70684,0.0,85.2174,0.0,0.0,0.0,0.0,127.44592,0.0,0.0,0.0,0.0,0.0,0.0,0.0,0.0,78.002846,0.0,0.0,0.0,0.0,0.0,0.0,0.0,0.0,0.0,0.0,0.0,63.996117,0.0,0.0,0.0,0.0,0.0,0.0,0.0,0.0,0.0,0.0,0.0,0.0,0.0,0.0,99.11457,0.0,0.0,0.0,0.0,0.0,143.37843,0.0,0.0,0.0,0.0,0.0,0.0,253.28421,0.0,0.0,0.0,0.0,101.89454,0.0,237.4264,0.0,0.0,0.0,0.0,0.0,0.0,0.0,0.0,17.834803,0.0,0.0,0.0,73.02464,0.0,87.523125,102.87315,34.046314,0.0,0.0,148.15115,0.0,0.0,0.0,0.0,265.65903,0.0,156.10487,0.0,0.0,0.0,0.0,0.0,0.0,0.0,0.0,0.0,0.0,0.0,0.0,0.0,0.0,0.0,0.0,0.0,0.0,0.0,123.31308,0.0,146.48746,0.0,165.38611,0.0,0.0,0.0,120.11793,0.0,0.0,0.0,0.0,0.0,0.0,0.0,0.0,0.0,0.0,0.0,0.0,0.0,0.0,0.0,0.0,53.770973,0.0,0.0,0.0,0.0,0.0,0.0,0.0,0.0,0.0,0.0,0.0,0.0,185.70528,0.0,0.0,0.0,0.0,0.0,327.30017,0.0,0.0,143.96378,0.0,0.0,0.0,0.0,0.0,0.0,0.0,126.56158,0.0,0.0,0.0,0.0,0.0,237.84224,0.0,0.0,146.89226,0.0,0.0,0.0,0.0,0.0,0.0,0.0,0.0,244.36781,104.02621,0.0,60.066967,0.0,0.0,0.0,0.0,0.0,0.0,0.0,0.0,0.0,0.0,0.0,0.0,0.0,0.0,0.0,0.0,0.0,178.40843,0.0,0.0,0.0,0.0,0.0,0.0,100.03171,46.549026,99.8481,184.23102,90.85029,59.968513,0.0,103.40285,0.0,98.11938,0.0,0.0,0.0,0.0,0.0,0.0,0.0,0.0,0.0,0.0,0.0,0.0,0.0,0.0,0.0,0.0,0.0,0.0,0.0,0.0,64.43022,102.93357,37.31003,0.0,0.0,0.0,0.0,70.4743,0.0,0.0,0.0,0.0,0.0,0.0,0.0,0.0,0.0,0.0,0.0,0.0,0.0,0.0,0.0,0.0,0.0,0.0,0.0,0.0,0.0,0.0,0.0,0.0,0.0,0.0,0.0,0.0,0.0,0.0,0.0,38.72139,166.94861,61.969727,52.820694,0.0,0.0,56.76202,113.0776,0.0,0.0,0.0,0.0,0.0,0.0,0.0,0.0,0.0,0.0,0.0,0.0,0.0,0.0,0.0,0.0,0.0,0.0,0.0,0.0,0.0,0.0,0.0,0.0,0.0,0.0,0.0,0.0,0.0,0.0,0.0,0.0,0.0,0.0,0.0,0.0,0.0,0.0,0.0,0.0,35.405243,118.97858,0.0,141.95366,120.95567,124.44764,88.23156,52.29359,0.0,0.0,0.0,0.0,0.0,0.0,0.0,0.0,0.0,0.0,0.0,0.0,0.0,0.0,121.268105,0.0,0.0,0.0,0.0,0.0,0.0,0.0,0.0,0.0,0.0,0.0,67.78729,0.0,71.80766,174.12077,128.54597,34.40509,0.0,0.0,0.0,171.54048,93.97767,0.0,0.0,0.0,327.30017,0.0,0.0,70.63848,121.29745,0.0,0.0,0.0,0.0,0.0,0.0,130.82434,153.06354,0.0,0.0,0.0,0.0,0.0,65.18186,135.05574,127.32657,0.0,0.0,0.0,0.0,0.0,0.0,0.0,0.0,0.0,0.0,0.0,0.0,0.0,0.0,0.0,0.0,0.0,0.0,0.0,0.0,200.3956,171.61487
C22x23_C23x23,0.0,0.0,0.0,0.0,0.0,0.0,0.0,0.0,106.41866,0.0,0.0,0.0,128.22697,0.0,0.0,0.0,163.13022,0.0,0.0,0.0,0.0,0.0,0.0,0.0,0.0,0.0,0.0,0.0,0.0,0.0,0.0,0.0,0.0,0.0,0.0,0.0,0.0,8.812133,0.0,0.0,0.0,0.0,0.0,0.0,0.0,0.0,0.0,0.0,0.0,0.0,0.0,0.0,0.0,0.0,0.0,0.0,0.0,0.0,160.65414,0.0,0.0,0.0,0.0,0.0,0.0,0.0,0.0,0.0,0.0,0.0,0.0,0.0,0.0,0.0,0.0,50.726284,0.0,78.28517,0.0,0.0,0.0,0.0,136.8834,0.0,0.0,0.0,0.0,0.0,0.0,0.0,0.0,93.07804,0.0,0.0,0.0,0.0,0.0,0.0,0.0,0.0,0.0,0.0,71.13129,62.27561,0.0,0.0,0.0,0.0,0.0,0.0,0.0,0.0,0.0,0.0,0.0,0.0,0.0,0.0,112.94522,0.0,0.0,0.0,0.0,0.0,0.0,0.0,0.0,0.0,0.0,0.0,0.0,238.1192,0.0,0.0,0.0,0.0,0.0,0.0,346.99097,0.0,0.0,0.0,0.0,0.0,0.0,0.0,109.574776,140.54619,0.0,0.0,0.0,104.674416,0.0,104.5511,134.10257,72.23746,0.0,0.0,101.375946,0.0,0.0,0.0,0.0,173.60324,0.0,168.05768,0.0,0.0,0.0,0.0,0.0,0.0,0.0,0.0,0.0,0.0,0.0,0.0,0.0,0.0,0.0,0.0,0.0,0.0,0.0,92.96154,0.0,78.07019,0.0,124.07047,0.0,0.0,0.0,126.81931,0.0,0.0,0.0,0.0,0.0,0.0,0.0,103.11911,0.0,0.0,0.0,0.0,0.0,0.0,0.0,0.0,0.0,0.0,0.0,0.0,0.0,0.0,0.0,0.0,0.0,0.0,0.0,0.0,0.0,0.0,0.0,0.0,0.0,0.0,0.0,137.01596,36.738518,0.0,0.0,0.0,0.0,0.0,0.0,0.0,0.0,0.0,92.94405,0.0,0.0,0.0,0.0,0.0,214.32722,0.0,0.0,251.6087,0.0,0.0,116.21627,0.0,0.0,0.0,0.0,0.0,211.96422,172.17737,66.49353,118.63717,0.0,0.0,0.0,0.0,0.0,0.0,0.0,0.0,0.0,0.0,0.0,0.0,0.0,0.0,0.0,0.0,0.0,122.64748,0.0,0.0,29.22472,0.0,0.0,0.0,61.579067,119.50807,91.7257,159.44115,102.68195,93.41701,0.0,88.40864,0.0,49.90198,0.0,0.0,0.0,0.0,0.0,0.0,0.0,0.0,0.0,0.0,0.0,0.0,0.0,0.0,0.0,0.0,0.0,0.0,0.0,0.0,0.0,0.0,0.0,0.0,138.04984,0.0,0.0,182.1992,0.0,0.0,0.0,0.0,0.0,0.0,0.0,0.0,0.0,0.0,0.0,0.0,0.0,0.0,0.0,0.0,0.0,0.0,0.0,0.0,0.0,0.0,0.0,0.0,0.0,0.0,0.0,0.0,0.0,0.0,0.0,47.114677,218.03857,134.23997,86.2367,0.0,0.0,96.822426,102.03448,0.0,0.0,0.0,0.0,0.0,0.0,0.0,0.0,0.0,0.0,0.0,0.0,0.0,0.0,0.0,0.0,0.0,0.0,114.3481,128.96603,0.0,0.0,0.0,0.0,0.0,0.0,0.0,0.0,0.0,0.0,0.0,0.0,0.0,0.0,0.0,0.0,0.0,0.0,0.0,0.0,0.0,158.30579,131.86638,72.71171,128.81439,97.96544,146.41478,20.542072,67.47386,0.0,0.0,0.0,0.0,0.0,0.0,0.0,0.0,0.0,0.0,0.0,0.0,0.0,0.0,0.0,0.0,0.0,0.0,0.0,0.0,0.0,0.0,0.0,0.0,0.0,62.27296,0.0,71.35151,215.01846,48.488647,41.89301,0.0,0.0,0.0,214.32198,0.0,53.73411,68.24338,0.0,137.01596,0.0,0.0,108.80213,151.54852,91.40762,0.0,0.0,0.0,0.0,0.0,180.55453,281.4137,0.0,0.0,0.0,0.0,0.0,67.29049,94.49208,62.127598,0.0,82.177315,0.0,0.0,0.0,0.0,0.0,0.0,0.0,0.0,0.0,0.0,0.0,0.0,0.0,0.0,0.0,0.0,0.0,0.0,52.566616,115.034225
C22x24_C22x25,0.0,0.0,0.0,0.0,0.0,0.0,0.0,0.0,0.0,0.0,65.53886,0.0,124.95935,0.0,0.0,0.0,39.04859,0.0,0.0,0.0,0.0,0.0,0.0,0.0,0.0,0.0,0.0,0.0,0.0,0.0,0.0,0.0,0.0,0.0,0.0,0.0,0.0,97.05694,0.0,0.0,0.0,0.0,0.0,0.0,0.0,0.0,0.0,0.0,0.0,0.0,0.0,0.0,0.0,0.0,0.0,141.93343,0.0,0.0,106.14554,64.58994,0.0,94.58316,0.0,0.0,0.0,0.0,0.0,0.0,0.0,0.0,0.0,0.0,0.0,0.0,0.0,86.044716,0.0,0.0,0.0,0.0,58.347538,0.0,137.5518,0.0,0.0,0.0,0.0,0.0,0.0,0.0,0.0,110.93211,0.0,0.0,0.0,0.0,0.0,0.0,0.0,0.0,0.0,80.543465,295.3495,0.0,76.63377,0.0,0.0,86.011284,54.10862,0.0,0.0,0.0,0.0,0.0,0.0,0.0,0.0,0.0,0.0,0.0,0.0,0.0,0.0,0.0,126.45104,0.0,0.0,0.0,0.0,0.0,0.0,569.8895,0.0,0.0,0.0,0.0,142.28836,0.0,230.13309,0.0,0.0,0.0,0.0,0.0,0.0,0.0,21.185226,0.0,0.0,0.0,0.0,0.0,0.0,153.19435,63.775074,28.319584,0.0,0.0,0.0,0.0,48.66692,0.0,0.0,243.11705,0.0,144.99031,0.0,0.0,0.0,0.0,0.0,0.0,0.0,0.0,0.0,0.0,0.0,0.0,0.0,0.0,0.0,0.0,0.0,0.0,0.0,97.60526,0.0,73.40033,0.0,98.87736,0.0,0.0,0.0,173.85727,0.0,0.0,0.0,0.0,0.0,0.0,0.0,0.0,0.0,0.0,0.0,125.106186,0.0,0.0,0.0,0.0,14.339416,0.0,0.0,0.0,0.0,0.0,0.0,0.0,0.0,0.0,0.0,0.0,0.0,155.37512,0.0,0.0,0.0,0.0,0.0,92.92047,0.0,0.0,140.52039,0.0,0.0,0.0,0.0,0.0,0.0,0.0,82.36699,0.0,0.0,0.0,0.0,0.0,92.97356,0.0,0.0,342.21558,0.0,0.0,0.0,0.0,0.0,0.0,0.0,0.0,258.55432,49.639824,62.43883,171.97731,0.0,0.0,0.0,0.0,0.0,0.0,0.0,0.0,0.0,0.0,0.0,0.0,0.0,0.0,0.0,0.0,0.0,212.52647,0.0,0.0,0.0,0.0,0.0,0.0,0.0,90.05115,100.986145,198.83969,51.99788,134.9058,68.37156,224.65782,0.0,0.0,0.0,0.0,0.0,0.0,0.0,0.0,0.0,0.0,0.0,0.0,0.0,0.0,0.0,0.0,0.0,0.0,0.0,0.0,0.0,0.0,121.67526,21.908424,148.55798,0.0,0.0,0.0,0.0,72.237854,0.0,0.0,0.0,0.0,0.0,0.0,0.0,0.0,0.0,0.0,0.0,0.0,0.0,0.0,0.0,0.0,0.0,0.0,0.0,0.0,0.0,0.0,0.0,0.0,0.0,0.0,0.0,145.97429,0.0,0.0,0.0,151.33218,211.26472,207.24408,107.98418,0.0,0.0,61.91566,0.0,0.0,0.0,0.0,0.0,0.0,0.0,0.0,0.0,0.0,0.0,73.46484,112.20511,35.26363,121.06076,126.257324,0.0,0.0,0.0,118.30408,116.7976,0.0,0.0,0.0,0.0,0.0,0.0,0.0,0.0,0.0,0.0,0.0,0.0,0.0,0.0,0.0,0.0,0.0,0.0,0.0,0.0,84.139854,0.0,0.0,0.0,0.0,0.0,0.0,0.0,0.0,0.0,0.0,0.0,0.0,0.0,0.0,0.0,0.0,0.0,0.0,0.0,0.0,0.0,72.74718,0.0,0.0,0.0,0.0,0.0,0.0,0.0,0.0,0.0,0.0,0.0,79.3943,0.0,132.89114,66.57035,0.0,29.060556,0.0,0.0,0.0,0.0,0.0,0.0,0.0,0.0,92.92047,0.0,0.0,88.360435,110.93214,0.0,0.0,49.641724,145.52547,0.0,0.0,0.0,0.0,0.0,0.0,0.0,0.0,0.0,0.0,0.0,0.0,0.0,0.0,0.0,0.0,70.203995,78.91068,0.0,0.0,0.0,0.0,0.0,0.0,0.0,0.0,0.0,0.0,0.0,0.0,0.0,0.0,161.44446,177.91566
C22x24_C23x24,0.0,0.0,0.0,0.0,104.37045,0.0,0.0,0.0,0.0,0.0,70.2964,0.0,104.358665,0.0,0.0,0.0,38.323273,0.0,0.0,0.0,0.0,0.0,0.0,0.0,0.0,0.0,0.0,0.0,0.0,0.0,0.0,0.0,0.0,0.0,0.0,0.0,0.0,18.801521,0.0,0.0,0.0,0.0,0.0,0.0,0.0,0.0,0.0,0.0,0.0,0.0,0.0,0.0,0.0,0.0,0.0,121.80795,0.0,0.0,127.49253,63.20167,0.0,83.95697,0.0,0.0,0.0,0.0,0.0,0.0,0.0,0.0,0.0,0.0,0.0,0.0,0.0,55.64215,0.0,99.025986,0.0,0.0,0.0,0.0,192.60378,0.0,0.0,0.0,0.0,0.0,0.0,0.0,0.0,97.32327,0.0,0.0,0.0,0.0,0.0,0.0,0.0,0.0,0.0,0.0,0.0,0.0,68.70306,0.0,0.0,50.900013,49.985718,0.0,0.0,0.0,0.0,0.0,0.0,0.0,0.0,0.0,141.00127,0.0,0.0,0.0,0.0,0.0,109.95504,0.0,0.0,0.0,0.0,0.0,0.0,175.52045,0.0,0.0,0.0,0.0,129.36609,0.0,215.10756,0.0,0.0,0.0,0.0,0.0,0.0,0.0,0.0,9.850214,76.42242,0.0,0.0,0.0,76.42242,159.12895,41.41949,0.0,0.0,0.0,0.0,0.0,47.05806,0.0,0.0,156.1813,0.0,150.04034,0.0,0.0,0.0,0.0,0.0,0.0,0.0,0.0,0.0,0.0,0.0,0.0,0.0,0.0,0.0,0.0,0.0,0.0,0.0,105.43539,0.0,107.64717,0.0,78.26878,0.0,0.0,0.0,93.00336,0.0,0.0,0.0,0.0,0.0,0.0,0.0,0.0,0.0,0.0,0.0,92.212524,0.0,0.0,0.0,0.0,0.0,0.0,0.0,0.0,0.0,0.0,0.0,0.0,0.0,0.0,0.0,0.0,0.0,117.145706,0.0,0.0,0.0,0.0,0.0,318.7424,0.0,0.0,83.15757,0.0,0.0,0.0,0.0,0.0,0.0,0.0,113.2106,0.0,0.0,0.0,0.0,0.0,219.26689,0.0,0.0,262.49722,0.0,0.0,0.0,0.0,0.0,0.0,0.0,0.0,218.57239,87.10845,142.4335,188.06802,0.0,0.0,0.0,0.0,0.0,0.0,0.0,0.0,0.0,0.0,0.0,0.0,0.0,0.0,0.0,0.0,0.0,127.56509,0.0,0.0,0.0,0.0,0.0,0.0,76.440834,68.648834,81.01294,118.93922,52.022537,103.47981,63.16187,69.19244,0.0,0.0,0.0,0.0,0.0,0.0,0.0,0.0,0.0,0.0,0.0,0.0,0.0,0.0,0.0,0.0,0.0,0.0,0.0,0.0,0.0,0.0,169.54163,219.21275,170.49919,70.34921,0.0,0.0,0.0,279.15668,0.0,0.0,0.0,0.0,0.0,0.0,0.0,0.0,0.0,0.0,0.0,0.0,0.0,0.0,0.0,0.0,0.0,0.0,0.0,0.0,0.0,0.0,0.0,0.0,0.0,0.0,0.0,132.56032,0.0,0.0,0.0,156.98407,176.80905,194.65173,96.38843,0.0,0.0,0.0,0.0,0.0,0.0,0.0,0.0,0.0,0.0,0.0,0.0,0.0,0.0,0.0,103.65543,32.758476,111.83632,90.55615,0.0,0.0,0.0,0.0,0.0,0.0,0.0,0.0,0.0,0.0,0.0,0.0,0.0,0.0,0.0,0.0,0.0,0.0,0.0,0.0,0.0,0.0,0.0,0.0,0.0,60.65294,0.0,0.0,0.0,0.0,0.0,0.0,0.0,0.0,0.0,0.0,0.0,54.706745,0.0,0.0,0.0,0.0,0.0,0.0,0.0,0.0,0.0,106.844826,0.0,0.0,0.0,0.0,0.0,0.0,0.0,0.0,0.0,0.0,0.0,56.17681,0.0,92.339455,159.10124,0.0,26.846235,0.0,0.0,0.0,142.00183,0.0,0.0,104.55915,0.0,147.73929,0.0,0.0,71.4773,122.11891,0.0,0.0,0.0,146.2694,0.0,0.0,194.77191,294.0845,0.0,0.0,0.0,0.0,0.0,0.0,0.0,0.0,0.0,0.0,0.0,0.0,0.0,72.89794,0.0,0.0,0.0,0.0,0.0,0.0,0.0,0.0,0.0,0.0,0.0,0.0,0.0,0.0,211.10281,109.84829
C22x25_C22x26,63.199375,0.0,0.0,0.0,0.0,0.0,0.0,0.0,0.0,121.50328,61.482517,0.0,72.011024,0.0,0.0,0.0,54.37585,0.0,0.0,0.0,0.0,0.0,0.0,37.239502,0.0,0.0,0.0,0.0,0.0,0.0,0.0,0.0,0.0,0.0,0.0,0.0,0.0,22.895391,0.0,0.0,0.0,0.0,0.0,0.0,0.0,0.0,0.0,0.0,0.0,0.0,0.0,0.0,0.0,0.0,0.0,98.01048,0.0,0.0,100.59803,0.0,0.0,90.96694,0.0,0.0,42.43696,0.0,0.0,0.0,0.0,0.0,0.0,0.0,0.0,61.45762,0.0,72.81021,0.0,0.0,0.0,0.0,0.0,0.0,0.0,0.0,0.0,0.0,0.0,0.0,0.0,0.0,0.0,105.06626,0.0,0.0,0.0,0.0,0.0,0.0,0.0,62.17198,0.0,0.0,233.79587,0.0,0.0,0.0,0.0,173.58513,109.200226,0.0,0.0,0.0,0.0,0.0,0.0,0.0,0.0,0.0,0.0,0.0,0.0,0.0,0.0,0.0,0.0,0.0,0.0,0.0,0.0,0.0,0.0,184.0878,0.0,0.0,0.0,0.0,0.0,0.0,200.07028,0.0,0.0,0.0,0.0,0.0,0.0,117.96408,0.0,0.0,0.0,0.0,0.0,38.49693,0.0,55.65914,52.525578,112.6531,0.0,0.0,0.0,0.0,115.80886,0.0,0.0,319.48386,0.0,0.0,0.0,0.0,0.0,0.0,0.0,0.0,0.0,98.001045,0.0,0.0,0.0,0.0,0.0,0.0,23.038437,0.0,0.0,0.0,0.0,50.803246,0.0,66.847855,0.0,75.75566,0.0,0.0,0.0,156.00598,0.0,0.0,0.0,0.0,0.0,0.0,0.0,0.0,0.0,0.0,0.0,116.52034,0.0,0.0,0.0,0.0,0.0,0.0,0.0,0.0,0.0,0.0,0.0,0.0,0.0,0.0,0.0,0.0,0.0,86.38254,0.0,0.0,0.0,0.0,0.0,75.52581,0.0,0.0,151.17665,0.0,0.0,0.0,0.0,0.0,0.0,0.0,0.0,0.0,0.0,0.0,32.622803,0.0,0.0,0.0,0.0,228.26744,0.0,0.0,0.0,0.0,0.0,0.0,0.0,0.0,0.0,0.0,80.92737,124.6078,62.71192,86.74578,137.80312,85.642654,86.249374,37.68348,137.08983,49.840725,57.835526,116.97446,29.081219,29.779577,72.14589,86.27844,39.156906,126.535,0.0,255.50233,0.0,0.0,0.0,0.0,0.0,0.0,0.0,81.544174,60.29736,110.5931,48.752964,93.18978,37.020763,119.632095,0.0,0.0,96.34194,0.0,0.0,0.0,0.0,0.0,0.0,0.0,0.0,0.0,0.0,0.0,0.0,0.0,0.0,0.0,0.0,0.0,0.0,0.0,0.0,0.0,0.0,0.0,0.0,0.0,0.0,62.62434,0.0,0.0,0.0,0.0,0.0,0.0,0.0,0.0,0.0,0.0,0.0,0.0,0.0,0.0,0.0,0.0,0.0,0.0,0.0,0.0,0.0,0.0,0.0,0.0,0.0,0.0,0.0,62.47006,0.0,0.0,0.0,59.875988,211.09671,173.46918,146.92839,0.0,0.0,52.392433,36.33494,0.0,0.0,0.0,0.0,0.0,0.0,0.0,0.0,0.0,0.0,111.919044,79.935394,91.410934,76.67445,117.59248,0.0,0.0,0.0,110.19779,141.23982,68.5646,29.169634,103.125,0.0,40.718246,0.0,0.0,76.75501,105.40604,0.0,0.0,0.0,0.0,0.0,0.0,0.0,0.0,0.0,0.0,0.0,0.0,62.71192,0.0,77.32517,73.15737,71.57267,49.092686,86.27844,41.389694,0.0,0.0,0.0,0.0,0.0,0.0,0.0,0.0,0.0,0.0,0.0,0.0,0.0,0.0,0.0,0.0,0.0,0.0,0.0,0.0,0.0,0.0,0.0,0.0,0.0,0.0,0.0,126.26522,76.01432,74.96208,46.398308,0.0,0.0,0.0,0.0,0.0,43.786118,62.226974,0.0,35.63203,0.0,0.0,44.065186,66.93522,38.594337,0.0,59.091038,58.5525,0.0,0.0,99.32212,75.52581,0.0,0.0,0.0,0.0,0.0,0.0,0.0,0.0,0.0,0.0,83.21428,0.0,83.56735,93.93136,0.0,0.0,0.0,0.0,0.0,0.0,0.0,0.0,0.0,0.0,0.0,0.0,0.0,0.0,99.32212,22.69738
C22x25_C23x25,0.0,0.0,0.0,0.0,0.0,0.0,0.0,0.0,0.0,118.45113,160.00545,0.0,96.932076,0.0,0.0,0.0,142.9983,0.0,0.0,0.0,0.0,0.0,0.0,56.44146,0.0,0.0,0.0,0.0,0.0,0.0,0.0,0.0,0.0,0.0,0.0,0.0,0.0,24.74281,0.0,0.0,0.0,0.0,0.0,0.0,0.0,0.0,0.0,0.0,0.0,0.0,0.0,0.0,0.0,0.0,0.0,153.81078,0.0,0.0,72.13522,0.0,0.0,44.65318,0.0,0.0,44.357025,0.0,0.0,0.0,0.0,0.0,0.0,0.0,0.0,64.23828,0.0,0.0,0.0,0.0,0.0,0.0,0.0,0.0,121.41591,0.0,0.0,0.0,0.0,0.0,0.0,0.0,0.0,104.60707,0.0,0.0,0.0,0.0,0.0,0.0,0.0,60.610485,0.0,69.014854,0.0,0.0,65.66478,0.0,0.0,136.05547,89.57846,0.0,0.0,0.0,0.0,0.0,0.0,0.0,0.0,0.0,57.061275,0.0,0.0,0.0,0.0,0.0,0.0,0.0,0.0,0.0,0.0,0.0,0.0,173.823,0.0,0.0,0.0,0.0,0.0,0.0,160.76663,0.0,0.0,0.0,0.0,0.0,0.0,0.0,0.0,17.130882,0.0,0.0,0.0,0.0,0.0,127.67894,102.37538,114.84786,0.0,0.0,56.246964,0.0,101.36423,0.0,0.0,236.8579,0.0,94.40784,0.0,0.0,0.0,0.0,0.0,0.0,0.0,0.0,0.0,0.0,0.0,0.0,0.0,0.0,0.0,0.0,0.0,0.0,0.0,103.293205,0.0,86.434586,0.0,86.87621,0.0,0.0,0.0,209.5248,0.0,0.0,0.0,0.0,0.0,0.0,0.0,0.0,0.0,0.0,0.0,103.61105,0.0,0.0,0.0,0.0,12.28694,0.0,0.0,0.0,0.0,0.0,0.0,0.0,0.0,0.0,0.0,0.0,0.0,65.34572,0.0,0.0,0.0,0.0,0.0,96.15774,0.0,0.0,103.23934,0.0,0.0,0.0,0.0,0.0,0.0,0.0,70.57737,0.0,0.0,0.0,0.0,0.0,92.17238,0.0,0.0,166.24174,0.0,0.0,0.0,0.0,0.0,0.0,0.0,0.0,162.95096,23.377123,73.87859,110.8025,65.54934,96.1852,140.63861,89.51757,90.15175,66.31444,155.94995,77.96707,52.41586,122.61715,30.397003,0.0,81.13824,52.587116,0.0,134.48462,0.0,151.98383,0.0,0.0,0.0,0.0,0.0,0.0,0.0,0.0,74.779366,100.11054,65.99808,67.867905,65.31675,70.962944,0.0,0.0,0.0,0.0,0.0,0.0,0.0,0.0,0.0,0.0,0.0,0.0,0.0,0.0,0.0,0.0,0.0,0.0,0.0,0.0,0.0,0.0,0.0,0.0,0.0,0.0,0.0,0.0,0.0,138.0955,0.0,0.0,0.0,0.0,0.0,0.0,0.0,0.0,0.0,0.0,0.0,0.0,0.0,0.0,0.0,0.0,0.0,0.0,0.0,0.0,0.0,0.0,0.0,0.0,0.0,0.0,0.0,145.60545,0.0,0.0,0.0,199.23126,193.18585,132.30135,144.48009,0.0,0.0,0.0,0.0,0.0,0.0,0.0,0.0,0.0,0.0,0.0,0.0,0.0,0.0,94.987915,139.36777,72.209465,119.801636,145.81232,0.0,0.0,0.0,64.39817,113.14446,54.141884,30.48942,107.79091,0.0,84.25793,0.0,59.25876,95.90699,97.942184,0.0,0.0,0.0,0.0,0.0,0.0,0.0,0.0,0.0,0.0,0.0,0.0,65.54934,0.0,102.935394,76.467384,74.81099,48.572826,52.587116,43.26238,0.0,0.0,0.0,0.0,0.0,0.0,0.0,0.0,0.0,0.0,0.0,0.0,0.0,0.0,0.0,0.0,0.0,0.0,0.0,0.0,0.0,0.0,0.0,0.0,0.0,44.943115,0.0,106.57468,111.72196,0.0,54.300514,0.0,0.0,0.0,0.0,0.0,0.0,90.72174,0.0,96.15774,0.0,0.0,92.73302,88.54496,0.0,0.0,0.0,182.4087,0.0,0.0,0.0,0.0,0.0,0.0,0.0,0.0,0.0,0.0,0.0,0.0,0.0,0.0,0.0,0.0,0.0,67.615776,0.0,0.0,0.0,0.0,0.0,0.0,0.0,0.0,0.0,0.0,0.0,0.0,0.0,0.0,0.0,79.7058
C22x26_C22x27,0.0,0.0,0.0,0.0,112.12783,0.0,0.0,0.0,0.0,69.37581,0.0,0.0,77.989006,0.0,32.660976,0.0,137.50444,0.0,0.0,0.0,0.0,0.0,49.84262,49.84262,0.0,0.0,0.0,0.0,0.0,0.0,0.0,0.0,0.0,0.0,0.0,0.0,0.0,0.0,0.0,0.0,0.0,86.779526,0.0,0.0,0.0,0.0,0.0,0.0,0.0,0.0,0.0,0.0,0.0,0.0,66.115265,0.0,0.0,0.0,62.488064,0.0,0.0,0.0,0.0,0.0,43.46403,0.0,0.0,0.0,0.0,0.0,62.172337,0.0,61.888496,52.032436,0.0,92.1653,0.0,0.0,0.0,0.0,0.0,0.0,120.10447,0.0,0.0,0.0,0.0,0.0,0.0,0.0,0.0,76.81379,0.0,0.0,0.0,0.0,0.0,0.0,0.0,6.647616,0.0,116.62906,116.62906,0.0,135.04779,0.0,0.0,151.78468,0.0,0.0,50.271782,0.0,0.0,0.0,50.271782,0.0,0.0,0.0,54.00066,45.314472,0.0,0.0,54.05788,0.0,0.0,0.0,0.0,0.0,0.0,0.0,0.0,120.13807,0.0,0.0,60.069035,0.0,0.0,117.77176,359.51492,0.0,0.0,0.0,0.0,0.0,0.0,53.2642,0.0,0.0,67.74858,0.0,0.0,120.86433,0.0,0.0,0.0,153.05104,0.0,0.0,65.27992,0.0,0.0,0.0,0.0,287.38104,0.0,51.072605,0.0,0.0,35.89902,0.0,0.0,0.0,0.0,68.51817,0.0,0.0,0.0,0.0,0.0,0.0,67.25486,0.0,0.0,63.505054,0.0,0.0,0.0,92.39399,0.0,0.0,0.0,57.814896,57.814896,166.62054,0.0,0.0,0.0,0.0,0.0,63.93056,0.0,0.0,49.686855,0.0,0.0,0.0,0.0,0.0,0.0,0.0,50.48604,0.0,0.0,0.0,0.0,0.0,0.0,28.34769,0.0,0.0,0.0,0.0,0.0,135.72748,0.0,0.0,0.0,0.0,0.0,47.39553,0.0,0.0,138.40363,0.0,0.0,0.0,19.649096,0.0,0.0,0.0,143.43074,0.0,0.0,0.0,91.33681,0.0,0.0,0.0,0.0,121.08748,0.0,0.0,0.0,0.0,0.0,0.0,0.0,0.0,118.921074,40.28774,0.0,0.0,82.436104,78.12658,72.52811,58.52682,48.391937,72.38352,91.890785,60.598064,39.956116,60.052235,33.08364,60.093716,60.54374,31.325361,22.200994,65.799164,24.986465,0.0,0.0,0.0,30.450367,0.0,0.0,0.0,67.468834,45.75199,93.74636,140.89655,56.815403,142.04973,37.89391,140.93596,71.019325,0.0,72.616165,0.0,0.0,0.0,0.0,0.0,0.0,0.0,0.0,0.0,0.0,0.0,0.0,0.0,0.0,0.0,0.0,0.0,0.0,0.0,0.0,0.0,0.0,0.0,45.871925,0.0,0.0,53.72284,0.0,0.0,0.0,0.0,0.0,0.0,0.0,0.0,98.70674,47.48239,0.0,0.0,0.0,0.0,0.0,0.0,0.0,0.0,0.0,0.0,0.0,0.0,0.0,0.0,0.0,0.0,0.0,0.0,0.0,0.0,28.34769,49.24715,148.9136,131.13095,107.03161,67.74858,45.290924,67.28281,87.69645,0.0,31.371126,72.773796,32.077843,0.0,0.0,0.0,0.0,0.0,0.0,0.0,0.0,0.0,0.0,0.0,0.0,0.0,0.0,118.75593,49.678143,106.62342,0.0,61.39904,33.014038,0.0,33.00387,28.471067,51.085575,27.29241,0.0,0.0,0.0,0.0,0.0,0.0,0.0,0.0,0.0,63.93056,0.0,0.0,82.436104,43.47452,67.374756,33.089188,58.511833,64.8454,31.325361,45.73385,0.0,0.0,0.0,0.0,0.0,0.0,0.0,0.0,0.0,0.0,0.0,0.0,0.0,46.447407,0.0,0.0,0.0,0.0,0.0,0.0,0.0,0.0,0.0,0.0,0.0,61.73424,0.0,0.0,0.0,0.0,0.0,24.986465,0.0,0.0,0.0,0.0,0.0,0.0,0.0,21.769882,0.0,0.0,130.65742,0.0,0.0,60.54374,38.25629,47.816624,0.0,39.251022,37.6235,38.62837,0.0,0.0,0.0,0.0,0.0,0.0,0.0,0.0,0.0,0.0,32.849472,0.0,41.09393,85.995026,0.0,0.0,0.0,1.1333362,76.51258,0.0,0.0,0.0,0.0,0.0,0.0,0.0,0.0,0.0,46.16259,42.539314
C22x26_C23x26,66.06873,0.0,0.0,0.0,53.065594,0.0,0.0,0.0,0.0,59.852978,50.941227,0.0,69.42068,68.39378,0.0,0.0,48.910866,0.0,45.27914,0.0,0.0,0.0,0.0,66.37363,0.0,0.0,0.0,0.0,45.473713,0.0,0.0,0.0,0.0,0.0,0.0,0.0,0.0,16.040918,0.0,0.0,15.254565,49.378494,0.0,0.0,0.0,0.0,0.0,38.56832,0.0,17.00059,0.0,0.0,0.0,0.0,55.52586,83.33586,0.0,0.0,42.070473,0.0,61.16643,0.0,0.0,0.0,0.0,0.0,0.0,0.0,0.0,0.0,0.0,0.0,60.070057,61.157593,0.0,60.070057,0.0,0.0,0.0,0.0,0.0,0.0,108.52512,0.0,60.87735,0.0,0.0,0.0,0.0,0.0,0.0,65.43226,0.0,0.0,0.0,0.0,0.0,0.0,0.0,0.0,0.0,106.98474,99.348076,0.0,124.169464,0.0,0.0,79.22636,73.24358,0.0,32.62591,0.0,0.0,0.0,32.62591,0.0,0.0,0.0,0.0,0.0,0.0,0.0,46.0481,0.0,0.0,0.0,0.0,0.0,0.0,0.0,0.0,101.81394,0.0,0.0,50.90697,0.0,0.0,100.7529,203.65746,0.0,0.0,0.0,0.0,0.0,0.0,79.058334,0.0,6.124088,55.58982,0.0,0.0,78.61588,0.0,0.0,15.224717,141.88817,63.456795,0.0,0.0,73.42224,0.0,0.0,0.0,271.13425,0.0,39.142014,0.0,0.0,27.839987,15.787599,0.0,0.0,0.0,29.760036,0.0,0.0,0.0,0.0,0.0,0.0,8.315633,0.0,0.0,36.14016,0.0,26.50798,0.0,84.175865,0.0,53.07576,0.0,0.0,0.0,205.8383,0.0,0.0,0.0,0.0,0.0,0.0,0.0,0.0,0.0,0.0,0.0,0.0,0.0,0.0,0.0,0.0,54.873913,0.0,0.0,0.0,0.0,0.0,0.0,3.6514983,0.0,0.0,0.0,0.0,0.0,50.690483,0.0,0.0,0.0,0.0,0.0,40.697376,0.0,0.0,52.448093,0.0,0.0,0.0,32.47188,0.0,0.0,0.0,162.23444,0.0,91.00567,0.0,82.71414,0.0,0.0,0.0,0.0,101.3901,0.0,0.0,0.0,0.0,0.0,0.0,0.0,0.0,79.921616,26.356499,0.0,0.0,57.534817,105.1091,101.697075,66.35438,0.0,129.00272,175.14638,115.50158,76.157455,112.74944,19.979946,56.773514,113.433685,58.79151,0.0,113.907875,0.0,144.2653,0.0,0.0,0.0,0.0,0.0,0.0,34.687164,39.104553,76.10635,112.67378,56.73542,113.357574,36.58864,113.83144,0.0,41.907005,53.523098,0.0,0.0,0.0,0.0,0.0,0.0,0.0,0.0,0.0,0.0,0.0,0.0,0.0,0.0,0.0,0.0,0.0,0.0,0.0,0.0,0.0,0.0,0.0,39.07506,0.0,0.0,27.042585,0.0,0.0,0.0,0.0,0.0,0.0,0.0,0.0,0.0,0.0,0.0,0.0,0.0,0.0,0.0,0.0,0.0,0.0,0.0,0.0,0.0,0.0,0.0,0.0,0.0,0.0,0.0,50.743965,0.0,0.0,3.6514983,65.82017,109.898575,114.52756,80.54297,55.58982,50.192463,62.853058,78.46856,0.0,30.030945,67.16038,31.743586,0.0,0.0,0.0,0.0,0.0,0.0,92.566246,66.162155,75.331245,45.681274,90.72464,0.0,0.0,0.0,98.72398,88.29478,101.04509,20.436764,70.435265,31.02965,98.02757,0.0,74.47607,113.39124,60.111725,0.0,0.0,0.0,0.0,0.0,0.0,0.0,0.0,0.0,0.0,0.0,0.0,45.34268,0.0,120.84035,36.794456,8.668248,71.91758,46.333073,0.0,0.0,0.0,0.0,0.0,0.0,31.065052,0.0,0.0,53.046932,10.7878685,31.743586,41.47081,65.43515,38.52992,0.0,0.0,0.0,0.0,0.0,0.0,0.0,0.0,0.0,0.0,0.0,0.0,0.0,0.0,0.0,0.0,0.0,0.0,0.0,0.0,31.065052,0.0,4.638935,0.0,0.0,18.54423,0.0,0.0,72.690544,32.666412,0.0,50.69505,46.675365,64.81118,0.0,0.0,53.25874,40.63069,0.0,0.0,0.0,0.0,0.0,0.0,0.0,0.0,0.0,0.0,35.933784,0.0,58.54877,32.587837,0.0,0.0,0.0,24.200945,70.18559,0.0,0.0,0.0,0.0,0.0,0.0,0.0,0.0,0.0,96.74546,36.236244
C22x27_C22x28,0.0,0.0,0.0,0.0,15.545051,0.0,0.0,0.0,0.0,0.0,41.716404,0.0,97.35612,0.0,0.0,0.0,97.91596,0.0,0.0,9.091307,0.0,0.0,42.317368,42.317368,48.47413,0.0,0.0,0.0,0.0,0.0,0.0,0.0,0.0,0.0,0.0,20.330542,0.0,71.6802,0.0,32.87376,0.0,0.0,0.0,0.0,0.0,0.0,0.0,55.87909,79.468285,0.0,0.0,0.0,0.0,0.0,36.690037,65.23315,37.152977,0.0,53.251217,0.0,0.0,37.964264,0.0,0.0,34.552998,39.580116,0.0,0.0,33.486557,0.0,31.144363,0.0,24.920311,0.0,0.0,75.23137,0.0,26.13452,0.0,0.0,0.0,0.0,65.08127,0.0,0.0,0.0,41.04985,0.0,0.0,37.99331,0.0,73.451035,0.0,0.0,0.0,0.0,0.0,55.030777,0.0,0.0,0.0,31.634192,41.007126,0.0,42.83273,0.0,0.0,135.74367,0.0,0.0,28.185812,0.0,0.0,0.0,28.185812,52.65211,0.0,52.65211,54.0941,60.058437,0.0,0.0,25.79868,0.0,41.70461,0.0,0.0,0.0,0.0,0.0,0.0,64.300896,0.0,57.662342,32.150448,0.0,30.9436,20.494736,187.04118,0.0,0.0,0.0,0.0,0.0,0.0,2.4972155,0.0,0.0,25.7974,32.520435,0.0,84.50556,0.0,0.0,35.588295,0.0,45.41834,15.109234,61.212357,0.0,50.401096,0.0,0.0,156.77075,105.73361,102.516335,0.0,3.9748075,0.0,12.702615,0.0,0.0,0.0,81.87516,0.0,0.0,1.9339126,0.0,0.0,0.0,54.32516,0.0,0.0,45.629658,0.0,0.0,0.0,38.936108,0.0,28.11276,0.0,85.083015,85.083015,95.28467,0.0,0.0,0.0,0.0,0.0,44.461933,0.0,0.0,67.848335,0.0,0.0,40.819595,0.0,0.0,0.0,13.580314,43.50369,0.0,0.0,0.0,0.0,0.0,0.0,10.095767,0.0,0.0,0.0,0.0,0.0,88.63387,0.0,0.0,0.0,0.0,0.0,54.320683,0.0,0.0,105.57094,0.0,0.0,0.0,37.523254,0.0,0.0,0.0,65.49138,0.0,0.0,0.0,37.322914,0.0,22.857914,0.0,0.0,54.348602,0.0,0.0,0.0,0.0,0.0,0.0,0.0,0.0,111.78684,53.557823,63.186184,56.853012,75.012,72.64232,62.29323,53.255955,40.47691,73.71792,78.14261,54.028484,22.23675,40.789494,21.911753,54.681744,32.8436,26.356878,24.25593,57.29662,0.0,87.543274,0.0,0.0,0.0,0.0,0.0,0.0,84.54073,90.50912,49.722885,82.870285,111.09459,66.72696,54.237907,116.40712,102.23016,79.430786,18.592834,24.800228,37.625565,27.687431,36.560123,14.3756695,65.49138,0.0,31.687872,11.912908,43.584633,50.44952,27.50997,42.83273,40.819595,45.40363,31.752075,39.94241,31.834885,31.994814,0.0,0.0,0.0,0.0,7.9548783,0.0,65.59164,41.964626,61.443108,38.96689,0.0,0.0,0.0,0.0,0.0,0.0,68.27006,47.60457,0.0,0.0,0.0,0.0,0.0,0.0,0.0,0.0,0.0,0.0,0.0,0.0,0.0,0.0,0.0,0.0,0.0,0.0,0.0,0.0,10.095767,42.27196,73.314255,64.06349,54.85532,31.834885,43.561703,102.89444,126.104324,0.0,52.806915,47.867752,17.431364,0.0,0.0,0.0,0.0,0.0,0.0,57.521957,65.776245,60.37361,43.91728,56.573235,40.22792,89.14023,84.68576,79.22847,26.884443,0.0,0.0,0.0,0.0,0.0,0.0,0.0,0.0,0.0,0.0,0.0,0.0,0.0,0.0,0.0,0.0,63.58722,0.0,44.461933,0.0,0.0,0.0,0.0,0.0,0.0,0.0,0.0,0.0,0.0,0.0,0.0,0.0,0.0,0.0,0.0,0.0,0.0,0.0,0.0,0.0,0.0,0.0,29.860748,23.82712,63.088085,35.514908,60.629913,113.43439,33.053238,11.229693,24.980885,0.0,44.825348,32.643867,31.093111,0.0,0.0,0.0,0.0,0.0,0.0,0.0,0.0,0.0,0.0,0.0,15.977183,0.0,26.66987,0.0,0.0,135.07622,95.03493,0.0,27.174301,7.9108014,18.026539,0.0,40.900536,68.5638,47.32288,46.34367,0.0,0.0,0.0,0.0,0.0,0.0,0.0,9.538482,0.0,18.369923,0.0,21.51225,37.753883,0.0,0.0,0.0,7.8223743,15.821603,0.0,0.0,0.0,0.0,0.0,0.0,0.0,0.0,0.0,120.793945,20.983982
C22x27_C23x27,0.0,0.0,0.0,0.0,35.6458,0.0,0.0,0.0,0.0,54.72768,37.64483,0.0,62.621834,16.326273,12.867803,0.0,102.16781,0.0,24.281185,0.0,0.0,30.280886,8.34285,30.602383,0.0,0.0,0.0,0.0,17.482677,0.0,0.0,0.0,0.0,0.0,0.0,0.0,43.697586,31.347654,0.0,35.939495,20.749678,62.104805,26.874073,0.0,26.874073,0.0,0.0,56.780704,0.0,20.5209,21.91356,0.0,0.0,27.973808,52.065155,48.452057,37.480453,21.639349,41.74412,0.0,21.533382,21.533382,23.584532,0.0,23.834932,0.0,13.616536,0.0,0.0,21.257933,10.728454,0.0,55.019527,28.533699,0.0,76.11687,0.0,20.59045,0.0,0.0,19.16156,0.0,60.027615,15.573776,0.0,0.0,0.0,0.0,0.0,32.93934,0.0,54.931637,16.455313,0.0,0.0,0.0,0.0,0.0,0.0,0.0,17.181658,66.22504,74.609604,0.0,91.977684,0.0,0.0,67.61818,41.331955,23.863016,32.81847,17.632858,17.632858,0.0,32.81847,41.482708,0.0,43.091084,52.32871,23.71062,0.0,0.0,57.76494,0.0,0.0,0.0,0.0,19.171648,0.0,0.0,21.470596,93.23389,0.0,0.0,45.364002,0.0,0.0,75.17242,145.94542,0.0,24.63156,0.0,14.740255,0.0,0.0,12.480157,12.527938,17.016228,39.855774,25.621687,18.863575,65.15574,0.0,21.853357,29.682598,79.098526,0.0,0.0,23.18632,32.087105,32.087105,0.0,0.0,205.16605,0.0,48.21009,0.0,0.0,19.68641,20.932198,14.409269,8.945736,0.0,26.366362,13.415742,0.0,0.0,0.0,0.0,0.0,35.116558,0.0,0.0,34.988777,0.0,15.660889,0.0,46.455666,12.537776,19.627653,31.686462,26.634388,54.882565,93.562294,19.039429,22.889616,0.0,0.0,13.472077,19.403471,0.0,0.0,20.901669,0.0,0.0,25.313507,0.0,0.0,0.0,9.989147,94.59789,0.0,0.0,0.0,0.0,0.0,0.0,0.0,14.169223,0.0,0.0,24.145231,0.0,36.725845,0.0,0.0,0.0,23.42673,0.0,33.27911,0.0,0.0,41.69886,0.0,0.0,0.0,60.904793,0.0,0.0,0.0,147.82397,0.0,38.35197,0.0,49.300694,0.0,15.241255,0.0,0.0,44.496082,0.0,10.246891,0.0,1.3765929,0.0,9.088302,0.0,7.0589232,56.983345,24.975168,32.672848,34.38239,79.051384,67.07618,69.55019,52.78078,43.3712,73.04335,78.445755,58.683342,28.8126,47.670456,28.39149,50.36879,31.365158,29.655376,0.0,65.7203,0.0,45.839928,0.0,0.0,18.74921,0.0,0.0,0.0,44.363537,69.023415,45.85402,75.86549,80.159775,49.91631,16.848448,104.59104,37.995777,0.0,15.7825775,30.430021,38.615738,28.915232,37.522255,26.727705,66.42757,19.16156,29.62636,12.226414,44.73163,53.02894,28.233934,41.331955,43.844276,44.38893,25.019245,40.993553,32.67267,33.886513,21.082962,8.945736,8.546099,10.403298,22.088068,0.0,23.227116,41.07636,0.0,0.0,0.0,0.0,0.0,0.0,28.915232,0.0,24.934086,17.484938,0.0,0.0,0.0,0.0,0.0,0.0,0.0,0.0,0.0,0.0,0.0,0.0,0.0,0.0,0.0,0.0,0.0,33.316456,23.609188,43.523537,0.0,52.85506,91.91019,99.296005,114.87289,51.53626,71.406075,104.10554,124.328125,0.0,20.809982,18.863575,18.874865,17.010933,0.0,0.0,0.0,0.0,0.0,43.266426,51.871895,45.269623,29.62636,43.844276,31.694136,70.12828,68.88265,48.052998,35.38849,55.46526,0.0,33.670185,18.104334,33.019558,18.098757,26.85546,41.436985,14.966691,0.0,0.0,0.0,0.0,0.0,0.0,0.0,0.0,0.0,19.403471,12.981175,0.0,59.682335,3.1812456,59.75493,23.956005,42.36157,50.553486,22.389263,32.638985,0.0,0.0,0.0,0.0,0.0,25.825819,1.3765929,6.0607276,21.082962,9.275404,9.688312,18.99143,5.3694787,33.499996,0.0,0.0,0.0,0.0,0.0,0.0,0.0,0.0,0.0,0.0,0.0,39.454906,0.0,17.67458,14.820788,25.30153,0.0,0.0,0.0,0.0,44.73163,15.7414,0.0,19.983418,0.0,0.0,0.0,0.0,96.998405,39.016453,0.0,21.650072,13.138145,43.38372,25.825819,17.399015,70.960724,28.468868,36.341003,20.905275,0.0,0.0,0.0,0.0,0.0,0.0,13.913855,0.0,0.0,0.0,14.433615,28.86723,36.04395,0.0,0.0,59.599335,27.207937,0.0,0.0,0.0,0.0,0.0,0.0,17.010933,9.275404,12.40046,98.18615,7.6045794
C22x28_C22x29,20.073505,0.0,0.0,0.0,26.573717,13.405205,0.0,0.0,0.0,0.0,51.974617,0.0,62.899525,0.0,9.915229,0.0,98.240204,20.461561,0.0,24.34045,0.0,0.0,29.433138,29.433138,33.715366,12.790539,0.0,0.0,17.74217,0.0,0.0,0.0,0.0,0.0,0.0,0.0,22.545012,58.486828,17.425335,28.970661,24.171246,30.82297,16.807064,13.7844515,0.0,13.7844515,0.0,26.086185,42.019558,23.768776,0.0,19.226648,0.0,0.0,23.992386,51.32593,28.88261,0.0,27.613665,0.0,0.0,45.184204,0.0,0.0,0.0,0.0,0.0,0.0,65.76135,0.0,14.589637,0.0,0.0,0.0,0.0,65.90865,11.692897,48.239925,15.744875,22.536987,0.0,0.0,91.11512,0.0,22.358345,0.0,55.89839,0.0,0.0,39.678757,24.358614,89.05304,0.0,14.71589,0.0,14.71589,0.0,44.85889,0.0,0.0,0.0,42.101414,29.642912,0.0,77.28002,0.0,15.552996,52.942993,0.0,0.0,0.0,0.0,0.0,0.0,0.0,7.569312,0.0,20.70416,24.014318,0.0,15.542546,0.0,18.950668,0.0,25.840416,0.0,20.504425,0.0,0.0,0.0,0.0,73.84827,0.0,64.346504,0.0,0.0,25.175386,0.0,78.4697,0.0,0.0,0.0,0.0,0.0,0.0,41.65685,26.714752,19.853542,24.317734,4.621308,0.0,32.042988,0.0,20.91468,6.220013,0.0,26.725636,19.45226,63.859024,0.0,56.241814,0.0,0.0,106.018684,38.213203,57.26481,0.0,0.0,0.0,0.0,0.0,0.0,0.0,25.8608,0.0,0.0,28.994722,0.0,0.0,0.0,36.698883,0.0,0.0,0.0,0.0,50.590694,0.0,49.964954,0.0,15.429292,25.817738,0.0,0.0,102.344154,0.0,0.0,0.0,0.0,0.0,12.345376,0.0,0.0,31.604738,0.0,0.0,36.669586,0.0,0.0,0.0,42.59922,73.19392,0.0,0.0,0.0,0.0,0.0,0.0,0.0,0.0,0.0,0.0,0.0,0.0,14.267942,4.24237,0.0,0.0,0.0,0.0,69.92906,0.0,0.0,47.721287,0.0,0.0,0.0,0.0,0.0,0.0,0.0,129.52501,0.0,0.0,0.0,38.978756,0.0,53.13612,0.0,0.0,47.71805,0.0,0.0,0.0,0.0,0.0,0.0,0.0,0.0,72.96332,53.509693,0.0,19.699738,44.924717,74.31172,82.56217,58.526497,94.25095,60.112907,7.860031,38.5966,51.77853,70.874664,51.02177,56.877464,52.71801,62.63542,46.7876,81.58619,16.423586,72.37067,0.0,0.0,31.362848,0.0,0.0,0.0,56.288696,132.51643,72.80039,99.64947,88.057076,74.1213,100.15607,114.70984,79.95129,52.886402,20.825613,43.210304,28.135118,17.522999,28.165613,40.392197,43.338886,26.1768,37.142162,7.923599,19.32453,39.59264,20.57102,25.857786,36.669586,0.0,30.862207,33.235596,25.839132,22.389593,31.417322,21.39757,18.722456,24.418833,4.7924576,0.0,95.37397,39.141613,34.087395,19.92136,11.770657,16.980686,15.541776,23.932049,0.0,0.0,8.180802,23.55011,11.623359,6.449287,15.142544,10.53977,0.0,26.294973,15.072792,20.708767,23.67492,14.322068,6.5347767,13.200848,15.831868,13.939819,17.549393,15.355377,0.0,0.0,12.850899,25.249722,29.050964,43.032528,85.931,87.84111,87.49355,25.839132,41.61175,40.575832,48.45772,14.24813,11.306434,15.73049,31.705587,24.545094,0.0,0.0,0.0,0.0,0.0,48.992886,59.323772,54.19306,48.372093,47.756638,43.36777,58.166695,29.009678,11.764494,21.260435,0.0,0.0,0.0,0.0,0.0,0.0,0.0,0.0,0.0,25.846857,16.824488,17.6405,0.0,22.605318,17.549393,15.355377,30.523075,19.580826,12.345376,21.18075,0.0,25.99062,14.421045,58.797348,33.70379,52.93873,32.02512,36.236923,31.170385,0.0,20.03709,32.095016,0.0,0.0,16.123137,8.946015,11.964972,35.742485,18.311321,22.479372,21.775635,0.0,0.0,74.33513,78.78976,53.774067,93.78944,79.46255,41.578354,53.49634,46.808254,0.0,35.51418,48.285065,30.534628,0.0,0.0,21.190044,26.009106,0.0,11.613229,0.0,0.0,16.123137,0.0,21.30732,28.80864,0.0,38.717808,0.0,0.0,57.901352,39.012928,21.033617,0.0,0.0,0.0,0.0,15.517728,49.454308,45.282448,0.0,0.0,0.0,0.0,0.0,0.0,0.0,0.0,32.906242,0.0,33.500412,0.0,33.792103,67.584206,0.0,0.0,0.0,0.0,23.680906,0.0,0.0,0.0,0.0,0.0,0.0,24.545094,0.0,0.0,118.86565,0.0
C22x28_C23x28,14.950289,0.0,0.0,0.0,27.829357,8.124906,0.0,0.0,0.0,53.969242,34.181213,0.0,58.95592,0.0,24.600866,0.0,129.41963,0.0,0.0,17.511461,0.0,0.0,22.087399,22.087399,25.300898,15.7389,0.0,0.0,15.7389,0.0,0.0,15.699038,0.0,0.0,15.699038,32.072514,0.0,34.451565,16.52611,18.399725,16.52611,36.528988,0.0,14.8088,0.0,14.8088,0.0,18.38065,14.8088,11.159377,0.0,19.637611,0.0,0.0,32.681923,26.330956,20.765474,0.0,35.916428,0.0,0.0,42.13132,0.0,0.0,0.0,0.0,0.0,0.0,36.201904,0.0,0.0,0.0,31.495401,0.0,0.0,67.67126,12.561818,32.05229,16.914906,0.0,0.0,0.0,85.75131,0.0,0.0,0.0,29.53719,0.0,0.0,80.739006,27.44684,93.67769,0.0,13.751558,0.0,13.751558,0.0,57.010708,0.0,0.0,0.0,39.849712,29.418337,0.0,60.00796,0.0,14.264985,91.72683,0.0,0.0,19.32243,0.0,0.0,0.0,19.32243,45.794334,0.0,45.794334,39.327477,15.509587,0.0,0.0,0.0,0.0,31.131672,0.0,21.557707,0.0,0.0,0.0,0.0,68.93851,0.0,22.198893,27.553219,0.0,22.288065,19.356968,93.750244,0.0,0.0,0.0,0.0,0.0,0.0,21.00738,0.0,35.125286,42.59265,28.357073,0.0,58.02022,0.0,0.0,30.846712,0.0,35.272827,9.91973,38.474697,0.0,30.110682,0.0,0.0,136.22928,45.571842,75.59265,0.0,22.747196,0.0,14.028942,0.0,0.0,0.0,40.553997,0.0,0.0,16.978252,0.0,0.0,0.0,37.37748,0.0,0.0,36.65585,0.0,29.818161,0.0,46.832306,0.0,2.0971878,27.736301,27.65386,27.65386,124.08954,0.0,0.0,0.0,0.0,0.0,46.12462,0.0,0.0,21.15663,0.0,0.0,24.290997,0.0,0.0,0.0,25.179611,63.89288,0.0,0.0,0.0,0.0,0.0,0.0,8.110271,0.0,0.0,0.0,0.0,0.0,40.827644,0.0,0.0,0.0,0.0,0.0,65.33686,0.0,0.0,52.228714,0.0,0.0,0.0,30.802721,0.0,0.0,0.0,119.88776,0.0,0.0,0.0,17.550276,0.0,36.711033,0.0,0.0,50.17465,0.0,0.0,0.0,0.0,0.0,0.0,0.0,0.0,76.47164,28.764332,33.31438,37.878536,40.515858,63.716465,66.20329,45.62276,83.24046,46.28437,24.351028,34.808773,46.697052,66.140305,46.014553,46.54905,52.42239,39.717655,50.937313,72.02684,20.830318,53.614902,0.0,0.0,29.469099,0.0,0.0,0.0,60.223522,122.097916,68.49568,97.01524,108.45371,76.89366,74.71535,105.649666,81.55302,59.933918,22.240225,31.41991,20.24149,12.606723,20.847347,33.91741,31.730572,18.8326,27.35266,23.79246,13.902813,34.511738,17.219421,28.943596,24.83153,17.218777,29.148159,23.91097,18.58967,17.514908,0.0,0.0,0.0,0.0,7.241185,0.0,62.11204,37.392475,42.032276,9.4869585,16.22029,15.567567,16.696714,25.601332,0.0,0.0,25.890598,42.220627,12.487112,2.1047711,14.061075,11.323001,0.0,27.092928,17.050678,20.705854,26.011795,15.386368,7.584603,14.181827,13.870714,9.016299,18.981794,17.192406,0.0,0.0,0.0,0.0,37.43786,55.360813,91.55846,92.05175,87.37887,20.723925,33.28039,83.97703,100.289635,5.046588,7.4807744,18.58967,37.013134,35.877182,0.0,0.0,20.24149,2.3273175,30.88085,24.432152,30.43776,34.18995,29.2596,33.665703,47.714417,88.49848,75.310165,21.207642,12.13675,0.0,0.0,0.0,0.0,0.0,0.0,0.0,0.0,0.0,26.069965,16.785547,18.951397,0.0,24.608923,18.981794,17.192406,20.43723,25.369507,46.12462,0.0,0.0,30.80206,5.1918564,66.830345,42.059044,64.163506,37.95368,30.195232,22.24058,0.0,20.315992,35.028503,0.0,0.0,12.487112,2.1047711,12.422101,27.24237,14.181827,12.241104,18.715113,0.0,0.0,35.569416,56.299988,18.951397,48.482,39.47246,36.915863,34.444767,17.192406,25.511824,42.319397,48.871613,38.958385,0.0,0.0,0.0,0.0,0.0,0.0,0.0,0.0,21.32592,19.227726,11.097491,48.146786,0.0,46.667885,0.0,0.0,56.084324,21.207642,30.535774,20.05371,9.091828,29.806515,0.0,35.969845,79.19008,44.909073,33.31438,0.0,0.0,0.0,0.0,0.0,0.0,0.0,25.399008,0.0,39.919514,0.0,42.96427,75.40206,0.0,0.0,0.0,16.41518,23.79246,0.0,0.0,0.0,0.0,0.0,0.0,35.877182,0.0,0.0,115.211266,16.300734
C22x29_C22x30,0.0,0.0,0.0,0.0,26.035818,16.836082,0.0,0.0,0.0,0.0,42.621914,21.482567,53.71923,23.502106,9.118157,24.214123,92.663055,14.715237,11.581356,8.077564,0.0,19.780216,16.119457,16.119457,16.925333,12.09023,16.925333,0.0,47.829975,13.311733,0.0,20.728714,25.25507,0.0,20.728714,63.18797,35.008278,41.523212,11.607845,19.298738,33.5174,31.668026,0.0,14.162372,0.0,14.162372,0.0,14.334336,43.171585,0.0,0.0,0.0,9.399605,0.0,8.257778,30.60207,25.20693,11.156651,18.667631,28.756418,21.649328,25.081863,0.0,0.0,8.362915,6.2725177,6.2725177,0.0,35.4761,0.0,13.297963,0.0,0.0,0.0,0.0,44.908115,19.960716,59.73639,20.871685,29.87543,11.406567,0.0,75.24676,0.0,33.78269,17.679602,46.78362,0.0,0.0,0.0,14.654288,69.76913,0.0,27.901987,0.0,27.901987,20.86353,85.054474,0.0,0.0,0.0,81.85628,55.217117,0.0,63.432106,7.7844853,12.937584,48.17476,7.5876923,0.0,0.0,0.0,0.0,0.0,0.0,0.0,0.0,0.0,27.436487,18.205462,13.756455,0.0,25.897158,0.0,27.354305,17.741108,15.109922,0.0,16.608871,25.708252,0.0,44.425835,13.245428,24.016764,25.122839,1.8186584,10.257152,0.0,115.00851,0.0,0.0,24.845587,0.0,0.0,8.448259,41.852383,33.32959,0.0,12.8122635,0.0,0.0,20.58436,3.7052326,23.784754,0.0,33.77376,0.0,25.774485,76.1577,29.061321,33.66904,21.197065,0.0,78.53654,5.5154057,55.654358,5.082625,69.979576,0.0,0.0,6.318284,0.0,13.655649,18.226383,0.0,0.0,7.8512487,22.659126,0.0,21.687843,46.368027,18.953545,0.0,0.0,15.040476,52.655666,0.0,66.92001,0.0,0.0,5.5351562,7.3798184,7.3798184,95.309906,0.0,0.0,9.04616,0.0,0.0,15.362788,0.0,0.0,34.04489,0.0,11.832153,22.58221,19.864908,0.0,0.0,40.225002,21.018793,0.0,0.0,0.0,6.20339,9.267832,13.088185,0.0,0.0,17.341022,17.081932,0.0,0.0,40.48641,11.00486,24.360472,0.0,0.0,0.0,69.73224,0.0,14.353294,53.905144,0.0,3.9067953,0.0,0.0,0.0,0.0,6.906505,80.18322,21.223816,25.252415,12.299786,26.296612,9.278802,58.606438,18.229797,0.0,63.479366,18.926184,0.0,0.0,0.0,1.4228339,0.0,28.134201,0.0,48.015095,76.39462,0.0,0.0,0.0,32.140255,53.02579,22.23356,79.32297,46.62434,15.237002,56.791042,33.26714,60.4522,49.147358,100.55292,64.71467,97.15229,86.35515,45.290356,40.077377,37.55365,0.0,0.0,19.96518,28.216986,29.589664,20.136282,43.908722,115.859955,43.086586,80.78407,146.86864,83.81647,111.84456,58.65869,32.62455,25.31095,32.825684,19.211258,11.517349,19.618433,28.609093,12.347474,25.839785,34.700428,30.977476,37.121605,0.0,27.891615,29.890007,21.509508,22.58221,0.0,14.523894,22.701952,13.613841,20.492235,31.673088,20.644274,14.027463,23.469381,8.182043,0.0,30.86962,24.918602,24.013361,17.642847,19.008568,16.462135,8.188481,9.0990925,0.0,0.0,4.343498,16.440079,0.0,15.311091,6.1694937,11.800135,0.0,11.943358,11.538848,13.550618,14.085921,19.542818,0.0,9.68683,18.543873,0.0,16.583284,10.587302,11.120894,16.331083,20.66617,29.574335,47.807594,62.364635,79.15286,70.96307,54.98819,13.613841,17.243729,15.83635,17.211456,15.127333,11.457879,12.216433,40.219303,27.665688,0.0,0.0,0.0,0.0,0.0,20.915358,36.363697,32.728546,36.149277,26.352392,0.0,0.0,0.0,0.0,19.192383,0.0,0.0,0.0,0.0,0.0,0.0,0.0,0.0,0.0,15.937173,0.0,8.130236,22.956692,10.319634,16.583284,10.587302,19.542818,11.120894,15.362788,1.6842729,38.601635,0.0,34.236645,26.706163,25.801647,31.49708,43.69907,60.28073,0.0,24.867077,23.771896,32.59184,18.93102,11.25593,0.0,15.311091,34.517124,59.20605,40.618458,26.958363,43.938007,21.358797,35.11839,67.09674,48.581764,24.783642,65.77477,47.377655,46.831623,50.551323,32.27359,33.900158,21.454197,56.32086,23.0288,0.0,14.89781,46.903378,20.827642,34.950985,0.0,18.785118,13.479301,0.0,28.35041,0.0,0.0,0.0,33.184372,0.0,13.76447,71.981094,0.0,32.024155,35.89763,0.0,0.0,0.0,14.270279,47.082005,42.965565,0.0,16.440079,0.0,0.0,0.0,0.0,0.0,0.0,2.218639,0.0,22.3103,0.0,54.82038,83.14111,7.197528,0.0,0.0,0.0,109.472595,9.729169,13.351512,14.373432,12.536555,0.0,0.0,24.72386,0.0,0.0,76.41314,29.621807
C22x29_C23x29,21.65415,0.0,0.0,0.0,43.940517,23.183916,0.0,0.0,0.0,0.0,31.571323,24.900791,50.74163,19.614496,10.963909,23.96143,73.12246,8.661431,9.704251,13.591229,0.0,17.02281,23.887953,23.887953,22.430971,17.459978,14.0818205,0.0,21.845676,9.307601,0.0,30.568336,24.653973,0.0,30.568336,48.973892,24.963072,47.643543,13.990455,23.599586,17.307304,28.959778,0.0,12.951206,0.0,12.951206,10.445406,17.857176,16.638517,0.0,0.0,11.619208,9.371123,0.0,9.19542,24.840038,8.057114,0.0,19.748455,21.929037,18.14041,31.64903,0.0,0.0,0.0,0.0,0.0,0.0,39.050457,9.577738,0.0,0.0,0.0,0.0,0.0,53.901917,15.798667,25.82504,25.82504,32.42513,0.0,0.0,108.18011,0.0,12.818272,19.105791,30.433668,0.0,26.910295,43.303265,27.601383,81.180336,0.0,23.971601,0.0,23.971601,19.333576,78.99717,0.0,0.0,0.0,80.81332,62.712006,0.0,61.558125,10.402802,16.570654,54.789944,0.0,0.0,0.0,0.0,0.0,0.0,0.0,6.795213,0.0,14.649196,16.0187,10.477256,10.26726,0.0,23.485132,0.0,32.023438,17.903412,22.19835,0.0,14.85445,24.5913,0.0,38.78805,13.205294,33.790176,22.872242,4.960742,17.585165,0.0,121.90084,0.0,0.0,23.059095,0.0,0.0,8.06375,32.914665,13.938546,20.447617,8.262797,4.1486955,0.0,21.552227,3.6940057,4.8005037,13.160885,0.0,0.0,11.411099,37.802082,23.661774,31.600147,20.861593,0.0,88.42301,15.75499,54.041992,16.470694,32.84936,0.0,0.0,0.0,0.0,13.614271,23.27458,0.0,2.383976,13.410695,23.224695,0.0,22.099476,35.69711,19.66196,0.0,0.0,13.837954,45.49567,0.0,46.617493,0.0,13.411173,0.0,22.016478,22.016478,98.00762,0.0,0.0,13.183682,23.923143,0.0,21.594654,20.395906,0.0,21.272953,0.0,2.2657602,20.065697,19.352242,0.0,0.0,40.364056,31.405972,0.0,0.0,0.0,8.333006,17.146734,13.048528,0.0,0.0,17.673122,15.591516,0.0,0.0,14.112648,3.8085113,24.286657,29.35893,0.0,0.0,73.875984,0.0,14.309803,46.442562,0.0,3.8949575,0.0,0.0,0.0,0.0,8.556468,112.75225,18.567863,18.567863,11.900563,20.151878,12.115237,34.959038,18.742971,0.0,64.22005,17.750374,0.0,0.0,0.0,9.816045,0.0,15.638598,0.0,75.10278,35.670044,0.0,16.262854,0.0,29.8648,42.544147,39.043934,71.46331,53.92503,53.193447,59.50504,26.691202,52.57452,38.41509,101.264694,71.71493,85.29878,67.841774,43.31486,31.34858,35.131733,0.0,0.0,29.215927,31.534744,14.301702,20.296993,28.39007,96.12525,48.907154,96.33401,136.21106,96.4637,124.30869,66.58289,59.095806,4.304437,23.18352,11.152556,12.2493305,20.793009,9.059413,22.659056,44.485973,13.090334,13.308982,27.451921,0.0,40.034615,40.606842,24.287527,20.065697,23.958027,18.781164,13.06499,13.572591,15.004787,23.76065,20.165434,10.00378,19.159882,0.0,0.0,36.944397,27.162655,34.46791,12.918413,24.537521,4.3312507,4.5801787,20.9197,0.0,0.0,19.21275,24.755583,0.0,12.170864,6.150799,13.474922,0.0,23.994747,17.157608,17.30336,24.378763,16.34638,6.7998824,17.309177,17.471357,16.178802,16.880268,15.02162,10.332051,0.0,15.249037,23.250593,66.88613,72.16899,88.56714,76.78676,61.52837,13.572591,21.690008,15.097886,23.54829,11.970077,12.659369,12.179417,34.474617,22.273605,0.0,0.0,0.0,0.0,0.0,20.391233,30.333889,26.897678,20.986355,24.883375,38.49643,53.41019,32.820503,0.0,16.236526,0.0,0.0,0.0,0.0,0.0,0.0,0.0,0.0,0.0,19.331839,4.829338,2.9558797,20.421928,14.755447,16.880268,15.02162,21.000324,13.273668,21.594654,9.80125,28.603539,0.0,27.214878,53.65388,38.365578,54.512577,36.55162,47.539143,36.176903,23.10317,26.816923,45.992477,19.79,8.595578,0.0,12.170864,15.098668,24.923462,17.309177,28.174795,19.2196,16.772633,0.0,55.748947,56.192005,6.864401,37.28741,77.05196,55.945232,47.625893,23.62652,24.45521,51.707634,59.614735,25.51962,0.0,11.783916,14.627233,10.736153,26.71814,9.358704,0.0,0.0,0.0,24.8389,9.273445,26.397253,0.0,34.64477,0.0,9.000644,54.233276,0.0,28.5043,30.744549,0.0,0.0,0.0,21.12736,58.10605,51.8068,0.0,0.0,0.0,0.0,0.0,0.0,0.0,0.0,12.910875,0.0,38.872417,0.0,39.04156,61.928467,7.0556383,0.0,20.007364,0.0,93.146614,9.699689,16.450712,13.960197,14.090997,0.0,0.0,19.90514,0.0,0.0,82.85864,32.057987
C22x30_C22x31,10.920873,24.419813,0.0,0.0,46.53066,14.428477,0.0,0.0,21.389954,20.909458,46.715424,35.342968,57.742626,0.0,0.0,23.204292,83.60523,17.477459,13.755312,0.0,0.0,29.780478,0.0,0.0,12.059296,0.0,12.059296,0.0,34.078846,14.43088,0.0,0.0,16.727695,0.0,0.0,38.54856,25.198376,37.722385,0.0,10.513105,27.022966,32.780197,16.042614,0.0,0.0,0.0,10.611772,31.800982,24.454563,22.687681,0.0,0.0,13.607381,0.0,0.0,29.320606,9.8724,8.752692,40.48111,22.054546,4.32545,9.978938,0.0,10.2783165,0.0,10.2783165,29.045908,0.0,37.2945,22.683094,0.0,0.0,37.590836,0.0,0.0,48.38077,0.0,84.07059,25.60316,60.370552,19.088598,0.0,88.56208,0.0,38.435646,18.458136,42.536316,0.0,0.0,19.847263,0.0,38.391666,0.0,0.0,0.0,0.0,15.619786,35.99541,0.0,0.0,0.0,83.25528,78.3378,21.452694,66.93778,12.7733,15.87045,48.534317,12.450387,0.0,0.0,0.0,0.0,0.0,26.037497,15.94186,0.0,36.8456,26.037497,0.0,13.43593,0.0,17.071653,0.0,26.552425,18.7634,0.0,0.0,12.708381,7.7019315,0.0,25.90664,7.881477,18.162668,19.372776,0.0,14.7898445,32.220806,115.14966,0.0,0.0,24.862877,0.0,0.0,17.547066,20.667524,21.189457,24.518309,19.406551,0.0,0.0,47.867798,15.279681,0.0,4.5348735,32.849205,0.0,15.420598,43.837353,0.8381019,14.080473,10.550745,0.0,43.204483,0.0,78.99957,18.056303,41.610302,0.0,0.0,11.218953,0.0,28.390944,27.673214,0.0,21.287252,0.0,20.970264,0.0,15.0925865,32.267544,16.618387,0.0,21.583435,17.73931,64.56088,0.0,50.92703,0.0,22.790777,0.0,0.0,13.118218,78.386925,0.0,0.0,12.943253,0.0,0.0,23.96333,0.0,29.939865,17.696287,6.323031,14.710346,31.8603,21.871946,0.0,0.0,48.397682,47.97528,0.0,0.0,0.0,10.80403,29.887058,0.0,0.0,0.0,25.412848,27.19621,0.0,21.231104,79.54089,0.0,15.750253,0.0,0.0,0.0,48.220493,8.990268,15.669389,58.704304,0.0,9.198527,0.0,0.0,5.0921164,0.0,16.080359,74.781204,21.712032,25.833298,13.384585,28.615887,7.5525136,45.910233,16.465553,0.0,73.51815,21.178381,0.0,9.730664,0.0,11.976069,0.0,29.34452,0.0,68.94018,97.31098,0.0,0.0,17.75085,47.434612,38.770706,20.02382,88.587845,44.527046,0.0,44.300743,38.270023,64.344086,56.636406,90.9282,73.82671,104.18471,71.62513,27.474413,37.66228,48.258694,0.0,0.0,23.688444,17.93909,15.199887,0.0,78.472725,119.003586,51.409653,86.43599,118.555214,99.17438,93.38724,36.90748,28.461529,0.0,55.69244,18.102444,0.0,20.171831,29.078913,10.992146,23.870493,21.530552,24.012407,27.196886,5.5983396,7.5519075,20.90957,14.043134,22.475012,0.0,20.271706,30.170261,16.798683,18.294498,10.436839,42.920727,11.417703,18.72381,0.0,38.298145,37.27817,27.918932,20.995293,16.410486,0.0,0.0,0.0,0.0,0.0,0.0,0.0,18.25432,0.0,0.0,0.0,0.0,0.0,0.0,0.0,0.0,0.0,0.0,0.0,0.0,0.0,0.0,0.0,0.0,0.0,9.706314,33.00335,48.810772,33.929993,85.3923,52.719196,49.219437,46.54293,22.012848,31.546326,9.672461,10.5123415,27.043125,11.075019,18.179993,35.560066,27.385208,0.0,0.0,0.0,0.0,0.0,46.324757,39.40364,25.166748,40.826958,38.21301,22.213306,27.534903,9.918404,10.482607,40.410103,0.0,0.0,0.0,0.0,0.0,0.0,0.0,0.0,0.0,0.0,0.0,0.0,0.0,0.0,0.0,0.0,12.943253,10.80403,14.713236,11.65477,31.119389,0.0,35.439022,25.863588,23.512531,30.840843,45.23377,55.203842,17.491947,25.265953,31.907373,34.642075,25.511587,14.892946,14.390016,33.843655,18.776402,19.509436,45.913223,84.45903,60.82102,31.995232,29.875637,58.563274,62.67299,49.055943,4.8936434,50.034836,48.80505,65.42622,17.404581,24.897621,33.899628,34.78049,25.38807,0.0,34.871277,0.0,10.716928,17.95394,12.798934,11.222671,6.491719,9.229895,29.570032,17.271275,19.79026,0.0,23.451565,0.0,24.606735,50.460552,18.532373,39.320457,54.97628,0.0,0.0,0.0,0.0,36.285133,27.391262,15.010735,18.25432,0.0,0.0,0.0,15.726797,23.614014,19.615295,0.0,13.761236,29.286552,0.0,45.473183,92.67789,17.46611,0.0,0.0,0.0,108.42977,10.978372,24.73764,16.247063,12.800708,0.0,0.0,42.38315,0.0,0.0,61.235966,39.710735
C22x30_C23x30,12.622107,29.741796,0.0,0.0,53.010715,0.0,8.870377,0.0,22.15434,0.0,20.47429,43.7865,30.871597,30.192348,0.39018038,26.80977,67.53,14.335393,9.242771,7.629075,0.0,25.656641,0.0,0.0,14.618548,8.06336,12.193614,0.0,62.039593,22.54198,0.0,21.233547,32.109898,0.0,21.233547,43.527863,10.235642,61.664597,3.2098608,18.51638,47.59465,35.850178,0.0,13.376037,0.0,13.376037,20.227575,14.473628,27.420301,0.0,0.0,0.0,0.0,0.0,0.0,32.652065,17.574102,5.239816,14.863918,12.583288,12.434995,5.12069,4.9832187,8.958798,0.0,10.740429,12.04978,0.0,12.205244,0.0,0.0,0.0,0.0,0.0,0.0,54.317223,18.670988,51.060387,46.383812,69.245865,23.660131,0.0,100.73779,0.0,21.327938,24.745377,33.54459,0.0,0.0,16.841808,15.56463,55.25896,0.0,25.045036,0.0,25.045036,37.873726,58.270447,0.0,0.0,0.0,76.84214,75.78628,18.698622,75.22452,18.478256,29.122673,33.69553,14.855318,0.0,0.0,0.0,0.0,0.0,0.0,16.823935,0.0,21.934666,21.98835,15.678866,14.258706,0.0,32.76614,0.0,20.135408,21.580927,14.270977,0.0,17.068987,26.319063,0.0,21.252453,8.40557,11.394509,14.558875,8.811652,19.703453,0.0,92.239235,0.0,0.0,26.924849,0.0,0.0,9.516845,19.80309,18.469177,17.946104,17.464384,0.0,0.0,42.994072,0.0,0.0,3.3192873,24.617887,0.0,4.766972,36.436752,16.705849,18.810516,14.152289,0.0,62.777683,11.3775215,60.97271,32.78817,44.44732,0.0,0.0,16.047802,0.0,24.55799,17.572208,0.0,11.612106,5.404732,28.025175,0.0,25.337141,55.588108,20.380363,0.0,0.0,17.127874,48.17843,0.0,54.68454,0.0,16.681643,0.0,0.0,17.81639,86.3815,0.0,0.0,25.438995,0.0,0.0,13.230706,0.0,24.276735,31.14692,0.0,2.7515094,14.251969,18.267113,0.0,0.0,39.43815,34.759018,0.0,0.0,0.0,15.496874,37.038906,10.793702,0.0,0.0,28.87531,21.711903,0.0,15.529259,52.995712,0.0,19.968363,0.0,0.0,0.0,35.165756,3.3051639,11.824594,62.41608,0.0,0.0,0.0,0.0,0.0,0.0,15.498244,81.04924,19.90905,22.408978,12.95916,33.358574,16.895617,28.24351,16.864876,0.0,80.309685,18.938997,0.0,9.697383,0.0,21.535614,0.0,29.396557,0.0,57.86651,67.58056,0.0,0.0,0.0,49.416046,28.343773,14.638645,89.03726,30.697607,35.8378,38.633587,36.098087,41.109066,22.984392,92.62055,86.72694,74.57912,53.343616,13.964029,39.338768,46.151066,0.0,0.0,26.40527,43.44074,15.356416,8.034741,49.895176,114.887856,46.57861,85.37645,130.67184,111.90676,110.78551,29.000881,30.330456,22.7768,38.963917,14.563577,10.936068,16.507887,20.20738,17.49892,25.2757,23.660131,21.128744,25.178038,0.0,22.490612,23.475231,14.855318,14.954026,11.22898,11.829835,15.678866,16.42935,19.444206,30.497936,0.0,22.546515,24.537773,10.916694,36.875465,27.016064,33.13082,0.0,0.0,16.881144,15.548111,0.0,9.877877,0.0,0.0,9.955411,11.527056,0.0,14.241014,5.826946,8.669767,0.0,12.079627,11.326274,13.641085,13.477072,16.82223,3.4356549,9.14899,15.86035,7.13763,16.23964,11.1726885,10.24773,18.900126,27.00873,18.57091,47.702366,73.00381,52.174343,35.641853,35.069336,16.42935,17.219181,25.30398,31.470295,22.282755,11.23918,14.565966,37.038906,23.984415,0.0,0.0,0.0,0.0,0.0,29.580053,25.938253,29.276815,31.622547,17.093708,18.266352,22.411888,10.688421,0.0,25.7078,0.0,0.0,0.0,0.0,0.0,0.0,0.0,0.0,0.0,14.357589,0.0,7.678822,21.682072,8.569598,16.23964,11.1726885,30.498032,18.578726,11.775942,10.220632,19.074783,0.0,38.16847,32.375565,30.356443,36.120968,45.086594,65.6456,19.130129,27.465755,53.510857,63.50724,25.528084,17.61895,0.0,31.531328,15.965711,57.009354,13.089268,60.06455,10.4788475,46.014423,26.381874,56.016083,38.786865,21.980589,42.1169,50.751064,54.562588,33.290565,32.922672,24.749231,28.157938,57.396122,24.171951,0.0,34.505085,18.136189,9.341101,46.22499,11.088623,14.874203,14.559074,0.0,24.706436,6.3439946,15.590548,0.0,24.100985,0.0,19.166199,61.88038,0.0,41.048706,32.803307,25.178038,0.0,0.0,26.621006,51.51576,41.526955,17.686344,11.527056,0.0,0.0,0.0,14.802153,20.206495,17.097107,0.0,13.71417,24.896399,24.834648,32.916946,68.50046,13.475615,0.0,0.0,0.0,127.49682,11.232563,31.318499,13.835329,23.984415,0.0,0.0,25.582663,0.0,0.0,45.53027,15.642818
C22x31_C22x32,17.499954,39.131084,0.0,0.0,34.406075,10.299781,0.0,0.0,13.37983,41.421375,95.609886,0.0,48.639004,5.6560335,0.0,0.0,85.33038,0.0,0.0,0.0,0.0,38.03757,0.0,18.557844,0.0,0.0,0.0,19.195621,22.097641,0.0,0.0,0.0,0.0,0.0,0.0,0.0,31.676338,42.581898,0.0,4.4033494,16.5802,42.6367,25.75826,0.0,0.0,0.0,0.0,43.777912,0.0,36.427685,0.0,0.0,0.0,0.0,0.0,52.868103,8.611349,0.0,24.969604,0.0,0.0,5.4682975,19.260134,0.0,19.260134,0.0,5.4251595,26.265089,7.831477,16.136501,0.0,0.0,29.327917,0.0,0.0,92.877975,0.0,109.96678,15.355058,51.90895,0.0,50.635735,116.21603,0.0,57.21111,0.0,0.0,0.0,0.0,10.0140705,0.0,41.260838,0.0,0.0,0.0,0.0,0.0,0.0,0.0,0.0,0.0,128.64122,109.46578,32.99567,99.13047,0.0,24.40981,73.08735,0.0,0.0,0.0,0.0,0.0,0.0,26.63115,16.305334,0.0,38.75399,26.63115,40.109726,0.0,0.0,28.300613,0.0,24.655666,0.0,0.0,0.0,0.0,0.0,0.0,63.924526,0.0,0.0,46.932323,0.0,30.35429,15.178313,94.42345,0.0,0.0,0.0,0.0,0.0,0.0,18.09211,12.654348,28.413675,39.933437,0.0,0.0,82.369484,11.943206,16.017635,14.2149725,29.6942,0.0,0.0,50.417786,0.0,1.0595409,0.0,0.0,60.79108,0.0,87.21788,0.0,0.0,14.547365,0.0,0.0,0.0,0.0,49.158886,0.0,0.0,0.0,0.0,0.0,0.0,29.373396,0.0,0.0,0.0,0.0,27.761724,0.0,66.13721,0.0,32.529045,0.0,17.135221,16.286348,80.99041,0.0,0.0,0.0,0.0,0.0,29.337309,0.0,0.0,25.989689,0.0,0.0,32.189426,0.0,0.0,37.987125,55.107544,68.83235,27.053652,0.0,0.0,0.0,0.0,0.0,0.0,0.0,0.0,0.0,0.0,0.0,104.38476,0.0,0.0,0.0,0.0,18.20579,76.0573,0.0,0.0,75.131744,0.0,0.0,0.0,0.0,0.0,0.0,0.0,93.983154,0.0,0.0,0.0,37.514656,0.0,89.45947,0.0,27.093975,104.021645,0.0,0.0,10.197867,0.0,0.0,0.0,24.53882,0.0,61.04556,160.79153,0.0,0.0,23.22841,38.57513,55.008026,46.393234,76.35532,69.166504,26.79475,77.30766,40.696712,81.08765,41.096645,67.60198,85.293144,90.34087,63.725567,52.415283,68.38818,55.137924,0.0,0.0,9.916264,0.0,0.0,0.0,72.098854,135.71846,55.318493,102.483986,104.36023,107.79919,93.15281,66.24594,33.152115,40.263527,50.819237,21.120996,0.0,19.46089,35.49294,14.166449,32.062534,32.710243,34.583652,39.55956,0.0,18.158348,29.699621,17.559237,31.72653,0.0,21.222448,39.532932,15.822649,24.221079,0.0,15.424137,24.219234,5.8827105,27.87754,41.21092,65.1996,45.63442,14.679907,18.82017,0.0,0.0,0.0,0.0,0.0,42.020267,0.0,31.080538,0.0,0.0,0.0,0.0,0.0,0.0,0.0,0.0,0.0,0.0,0.0,0.0,0.0,0.0,0.0,0.0,0.0,0.0,28.181128,31.457853,14.203497,91.39038,58.293686,64.20194,51.464344,35.896732,16.30506,7.4361753,17.387693,10.197867,23.195593,29.731693,88.7772,40.110874,0.0,0.0,0.0,0.0,0.0,79.13396,70.09919,20.608364,80.99157,74.30046,26.225512,22.376131,19.269669,21.221277,68.70947,0.0,0.0,0.0,0.0,0.0,0.0,0.0,0.0,0.0,0.0,0.0,0.0,0.0,0.0,0.0,0.0,0.0,0.0,17.962221,18.180025,27.047098,14.614537,32.67683,51.846893,45.281754,42.607025,39.75746,78.1859,0.0,43.02755,20.809437,32.096233,27.63235,19.640816,8.829132,10.280674,0.0,0.0,12.718775,29.653181,24.995403,20.539442,69.9195,0.0,0.0,0.0,0.0,0.0,0.0,0.0,0.0,0.0,0.0,0.0,31.808908,28.109276,21.106297,2.299957,12.008412,6.8413258,23.068914,20.263372,27.575108,8.829132,52.56218,16.452536,5.220656,0.0,32.170456,0.0,0.0,48.757797,22.67531,66.759766,76.37096,0.0,0.0,0.0,0.0,43.142742,35.79413,18.052555,0.0,0.0,0.0,0.0,0.0,25.772306,30.396461,20.466053,14.421962,10.197867,0.0,59.720463,131.19171,43.003357,18.802391,0.0,0.0,110.600655,0.0,0.0,0.0,0.0,0.0,0.0,21.657701,0.0,0.0,58.196556,27.572952
C22x31_C23x31,25.137035,56.208115,0.0,0.0,44.237324,13.508914,0.0,0.0,36.550262,11.009983,54.51376,38.527485,37.505764,11.428531,0.0,22.642427,58.7104,16.114511,7.7655416,0.0,0.0,36.33652,9.50322,16.40652,11.846895,0.0,10.041802,0.0,21.109426,16.300035,0.0,0.0,18.213694,0.0,24.376541,21.48775,15.423993,37.278393,0.0,9.162642,15.358463,33.58591,12.905363,17.914867,0.0,0.0,13.385653,23.699318,15.791829,18.250938,0.0,0.0,13.088922,0.0,0.0,37.497215,7.617849,0.0,32.046432,7.9006257,0.0,4.7286177,16.654875,10.19381,16.654875,12.026229,0.0,0.0,28.961775,13.953767,8.0825,0.0,26.192858,0.0,0.0,60.17345,22.440548,89.73807,27.565495,58.012577,16.731035,38.683712,75.52152,0.0,32.951244,20.069862,23.677576,0.0,0.0,14.788045,10.431218,32.744484,0.0,25.679329,0.0,0.0,19.18711,22.636145,0.0,0.0,0.0,89.096085,80.45357,27.853033,55.239414,14.679885,17.31871,60.07775,13.892543,0.0,0.0,0.0,0.0,0.0,1.1233677,32.60176,0.0,43.023186,51.422165,35.682415,15.720275,0.0,41.969765,0.0,30.7212,18.95769,25.372278,0.0,12.603894,9.985202,0.0,26.560438,7.8166766,9.2217865,13.538881,5.3474026,32.886692,15.403645,79.76201,0.0,0.0,24.535288,0.0,0.0,16.596235,19.359343,21.987797,25.408463,32.545254,0.0,0.0,69.326294,13.439807,0.0,5.334785,35.716496,0.0,0.0,36.00792,0.8241853,7.029054,10.463999,0.0,40.774193,9.902771,70.75367,24.510891,28.916916,0.0,0.0,0.0,0.0,28.157518,49.85293,0.0,19.8105,0.0,20.692165,0.0,12.434312,43.522034,17.491726,0.0,28.28637,16.933151,46.769478,0.0,43.717545,0.0,30.931492,0.0,0.0,30.683128,82.37585,0.0,0.0,16.888046,0.0,0.0,0.0,0.0,26.099258,25.561049,0.0,12.6995,12.106849,21.69212,0.0,0.0,56.53037,92.4596,0.0,0.0,0.0,12.252163,32.582127,0.0,0.0,0.0,25.84874,27.242407,0.0,17.67004,72.31502,0.0,15.474303,0.0,0.0,0.0,54.131973,0.0,15.4586115,63.264706,0.0,0.0,0.0,0.0,5.05025,0.0,16.693855,82.66196,21.100704,24.893724,12.138894,39.415096,9.842212,50.10059,16.258787,0.0,100.67187,18.098503,0.0,15.164792,0.0,13.68599,0.0,22.571667,0.0,56.69503,103.06238,0.0,0.0,14.187656,36.77068,39.539314,47.57854,72.616806,41.24017,0.0,35.40809,39.77765,56.382214,45.26757,66.41361,79.889206,91.53289,52.779083,21.959372,46.517376,46.7973,0.0,0.0,24.505377,23.223032,13.552487,4.87593,44.153717,125.24755,52.757275,97.24657,92.969284,97.77166,88.252686,37.874947,36.136806,31.988434,41.849655,15.386763,0.0,17.390207,24.585817,7.6748214,19.968987,16.731035,20.175627,24.31021,4.779384,10.675625,18.716597,13.892543,20.085684,0.0,17.306252,23.794844,12.718975,10.935465,16.026775,18.511942,0.0,21.895884,23.294968,37.415615,44.795963,52.195347,17.415426,23.845848,24.217184,22.996689,12.718975,13.051069,0.0,0.0,0.0,11.732065,0.0,0.0,0.0,0.0,0.0,0.0,0.0,0.0,0.0,0.0,0.0,0.0,0.0,0.0,0.0,0.0,0.0,14.588224,17.390207,25.469225,35.100117,76.019806,45.969875,43.021523,40.968422,39.20145,29.264471,14.487794,17.26902,22.033972,14.30355,21.028608,32.582127,19.296772,0.0,18.527695,0.0,0.0,0.0,45.273052,39.158375,25.210146,42.659763,42.469585,34.33202,26.958332,18.502136,11.283443,43.497303,0.0,0.0,0.0,0.0,0.0,0.0,0.0,0.0,0.0,36.460247,0.0,26.513647,32.80448,16.246252,37.684994,13.172457,19.923805,14.454585,20.839321,18.263266,11.74422,12.671572,34.33949,54.427654,42.486935,43.888454,42.373764,81.75175,11.973341,30.741877,32.548656,37.693043,25.589664,15.372936,0.0,12.002796,8.707671,16.026775,4.7900305,22.808662,18.636652,15.946124,40.848736,30.495253,32.139446,23.371592,20.510204,24.893724,21.35185,33.219055,11.611426,14.454585,14.982334,14.6694765,36.431725,24.683039,17.496231,4.2214246,13.019778,16.906494,16.437946,10.258121,29.174913,13.315563,25.78356,14.827859,17.117626,0.0,26.487787,0.0,15.985147,54.985115,13.948825,43.011612,75.825554,0.0,0.0,0.0,0.0,39.019703,27.232014,32.605583,0.0,0.0,0.0,0.0,18.554363,29.36033,18.674221,0.0,21.446255,15.164792,0.0,42.175194,105.12853,22.55774,0.0,0.0,0.0,96.66205,10.888109,25.687962,16.113483,14.279949,0.0,0.0,29.864952,0.0,0.0,32.07701,14.306182
C22x32_C22x33,0.0,0.0,0.0,0.0,74.896355,0.0,0.0,0.0,0.0,0.0,41.342968,0.0,74.74648,0.0,36.470417,0.0,177.09447,0.0,0.0,0.0,0.0,0.0,0.0,0.0,0.0,0.0,0.0,0.0,0.0,0.0,0.0,0.0,0.0,0.0,0.0,0.0,0.0,44.174255,0.0,25.708683,0.0,55.11456,0.0,0.0,0.0,0.0,0.0,45.25663,0.0,0.0,0.0,0.0,0.0,0.0,0.0,24.73504,21.82069,0.0,31.639147,14.040242,0.0,15.756095,0.0,0.0,0.0,0.0,0.0,0.0,0.0,0.0,0.0,0.0,0.0,0.0,0.0,96.952,0.0,95.75041,0.0,48.238655,0.0,44.032833,118.549,0.0,26.663967,0.0,0.0,0.0,0.0,0.0,0.0,0.0,0.0,0.0,0.0,0.0,0.0,0.0,0.0,0.0,0.0,195.80484,182.30083,0.0,88.02705,0.0,0.0,89.609535,0.0,0.0,0.0,0.0,0.0,0.0,0.0,0.0,0.0,42.443924,0.0,59.55086,0.0,0.0,0.0,0.0,0.0,0.0,0.0,0.0,0.0,0.0,0.0,132.43079,0.0,0.0,77.64966,0.0,50.160255,0.0,160.23174,0.0,0.0,0.0,0.0,0.0,0.0,0.0,0.0,39.884354,30.873644,0.0,0.0,52.99723,16.096376,0.0,46.131283,38.199066,0.0,0.0,15.220999,0.0,14.295049,0.0,0.0,83.602745,0.0,34.827065,0.0,0.0,7.9890223,0.0,0.0,0.0,0.0,0.0,0.0,0.0,0.0,0.0,0.0,0.0,0.0,0.0,0.0,0.0,0.0,9.697969,0.0,92.66124,0.0,45.68864,0.0,22.712626,28.914755,108.29924,0.0,0.0,0.0,0.0,0.0,43.84641,0.0,0.0,0.0,0.0,0.0,25.215014,0.0,0.0,56.60814,82.05012,190.54007,80.18554,0.0,0.0,0.0,0.0,0.0,0.0,0.0,0.0,0.0,0.0,0.0,75.3094,0.0,0.0,0.0,0.0,0.0,92.07646,0.0,0.0,113.770134,0.0,0.0,29.56276,0.0,0.0,0.0,0.0,114.370255,0.0,0.0,0.0,0.0,0.0,162.01938,0.0,0.0,100.58687,0.0,0.0,0.0,0.0,0.0,0.0,16.5541,0.0,79.95444,116.246086,0.0,0.0,16.02963,0.0,60.797188,63.22458,56.652683,55.319984,18.490715,66.343475,89.11943,59.087303,55.547848,116.944176,69.67381,97.60199,47.57952,91.73123,63.35241,34.5735,0.0,0.0,11.068879,0.0,0.0,0.0,64.00235,97.7032,153.69534,101.90195,201.6819,120.15945,82.055626,158.19966,32.52828,58.419914,80.38505,38.146152,7.5302324,43.696674,65.05807,15.885415,42.883335,25.643158,26.547607,39.023827,13.6901455,20.1409,31.671185,33.005905,25.543251,15.792042,38.496746,41.516262,36.432438,31.42994,0.0,0.0,0.0,0.0,30.472183,29.466291,62.17677,56.800205,0.0,0.0,0.0,0.0,0.0,0.0,0.0,0.0,0.0,54.266724,0.0,0.0,0.0,0.0,0.0,0.0,0.0,0.0,0.0,0.0,0.0,0.0,0.0,0.0,0.0,0.0,0.0,0.0,0.0,0.0,9.241206,80.80332,91.74064,105.02362,131.77512,48.379585,70.532936,23.051588,53.900555,0.0,54.235565,63.102833,94.549286,36.47611,0.0,0.0,0.0,0.0,0.0,74.82017,4.9681225,72.80903,31.08428,58.201942,0.0,0.0,0.0,13.6901455,86.45155,0.0,0.0,0.0,0.0,0.0,0.0,0.0,0.0,0.0,0.0,0.0,0.0,0.0,0.0,0.0,0.0,0.0,0.0,0.0,0.0,12.738305,16.02963,18.664959,76.124374,20.27819,48.940647,59.09863,80.6195,27.923708,52.32925,0.0,0.0,24.431297,39.987167,0.0,0.0,0.0,0.0,0.0,0.0,0.0,0.0,52.631916,0.0,0.0,0.0,0.0,0.0,0.0,0.0,0.0,0.0,0.0,0.0,26.48036,36.76872,0.0,0.0,0.0,0.0,0.0,0.0,15.564743,0.0,27.081427,15.482123,0.0,0.0,117.59339,0.0,0.0,82.67183,0.0,42.97204,58.97825,0.0,0.0,0.0,0.0,0.0,85.7635,17.72647,0.0,0.0,0.0,0.0,0.0,0.0,0.0,51.507202,0.0,0.0,0.0,45.69254,105.94792,59.969765,17.451412,0.0,0.0,104.0769,0.0,0.0,0.0,0.0,0.0,0.0,0.0,0.0,0.0,11.316219,34.95454
C22x32_C23x32,22.087267,49.388634,0.0,0.0,53.275105,0.0,0.0,0.0,20.259626,29.152336,51.320522,0.0,25.5561,0.0,0.0,0.0,64.848206,0.0,0.0,0.0,0.0,48.15237,0.0,43.727783,0.0,0.0,0.0,20.69437,0.0,0.0,0.0,0.0,0.0,47.656975,0.0,0.0,28.902552,33.53534,0.0,15.128329,0.0,43.04312,0.0,0.0,23.502697,0.0,0.0,43.66218,0.0,0.0,0.0,0.0,0.0,12.431066,0.0,35.094986,12.84043,0.0,52.178417,5.2532516,0.0,5.89525,22.13844,0.0,20.104202,0.0,0.0,31.98656,22.119837,0.0,0.0,0.0,0.0,0.0,0.0,68.21412,0.0,126.07586,0.0,61.518974,0.0,19.924574,103.70504,60.099796,28.18282,0.0,0.0,0.0,0.0,10.795945,0.0,32.219242,50.340996,0.0,0.0,0.0,0.0,0.0,0.0,0.0,32.901707,126.949295,108.58654,35.571896,92.5566,0.0,0.0,80.67961,0.0,53.638985,0.0,0.0,24.970358,0.0,1.2686229,26.183111,0.0,49.876404,1.2686229,34.142586,0.0,0.0,34.68741,0.0,28.6885,0.0,0.0,25.790087,0.0,0.0,40.648327,59.995026,0.0,0.0,0.0,0.0,12.851102,0.0,78.034744,0.0,28.420822,0.0,22.189928,0.0,0.0,7.35214,0.0,22.859274,45.941162,0.0,0.0,54.031372,12.875704,0.0,16.615456,28.201698,0.0,0.0,70.36051,0.0,14.486064,0.0,0.0,43.422916,16.681261,67.88214,0.0,0.0,12.366976,0.0,0.0,26.600182,0.0,49.416542,22.078056,0.0,0.0,0.0,0.0,0.0,0.0,0.0,0.0,0.0,0.0,28.25521,0.0,46.5879,11.969041,34.007835,0.0,24.845112,31.629559,101.53836,20.731272,3.3595505,0.0,0.0,29.440962,22.375326,0.0,0.0,0.0,0.0,0.0,26.424503,0.0,0.0,24.297855,44.237354,97.91492,40.607697,34.821255,15.572537,0.0,0.0,0.0,0.0,44.200867,0.0,0.0,51.281967,0.0,70.72736,0.0,0.0,0.0,44.682747,15.966098,63.40324,0.0,0.0,82.93638,0.0,0.0,0.0,0.0,0.0,0.0,0.0,100.14836,0.0,0.0,0.0,0.0,0.0,82.16207,0.0,0.0,96.95278,0.0,65.68825,12.85893,9.38043,0.0,8.319578,24.037544,50.80615,75.282555,110.6707,0.0,0.0,25.331675,13.584759,54.665585,50.594006,62.15707,75.42933,29.220936,81.09565,48.38297,84.514786,53.018795,70.791565,92.3735,101.00747,67.01718,57.16134,53.640434,61.352947,0.0,0.0,6.511377,0.0,0.0,0.0,69.62791,104.17566,81.09019,141.64735,118.64715,154.8186,112.32125,95.80278,29.454187,60.19935,34.770775,23.619211,7.603302,25.713402,47.21298,12.969084,31.768812,38.70341,20.740065,30.524693,8.055995,23.110624,18.636974,23.988083,26.044508,9.29286,21.998882,25.12393,21.438745,31.15296,0.0,0.0,0.0,0.0,24.302803,30.974035,74.105606,40.310837,0.0,0.0,0.0,0.0,0.0,0.0,0.0,32.46,0.0,30.775957,0.0,0.0,0.0,0.0,0.0,0.0,0.0,0.0,0.0,0.0,0.0,0.0,0.0,0.0,0.0,0.0,0.0,0.0,25.713402,32.09625,10.515479,92.13043,62.532524,71.58189,66.58468,38.699463,52.167553,21.5488,69.3349,12.85893,32.743465,32.053074,39.51977,54.0232,0.0,0.0,0.0,20.484379,0.0,75.46527,18.166157,40.408813,41.494698,45.76858,30.87084,23.71647,22.311031,13.328838,34.33193,0.0,0.0,0.0,0.0,0.0,0.0,0.0,0.0,0.0,0.0,0.0,0.0,0.0,0.0,0.0,0.0,0.0,0.0,20.291458,18.221157,18.415491,14.631077,17.036478,42.29868,34.407818,47.890354,37.96238,58.339924,20.00838,52.342133,0.0,0.0,13.127373,39.997005,0.0,0.0,0.0,0.0,0.0,0.0,0.0,0.0,50.204124,0.0,0.0,0.0,0.0,0.0,0.0,0.0,0.0,0.0,0.0,0.0,24.665266,32.167377,0.0,0.0,0.0,0.0,16.32886,0.0,25.795326,25.988537,34.89139,9.10751,3.5721836,0.0,52.8707,0.0,0.0,63.29424,17.857924,42.982613,50.007233,0.0,0.0,0.0,0.0,13.072397,41.238388,24.633778,0.0,0.0,0.0,0.0,12.3370905,29.632366,32.769745,19.527628,18.185272,12.85893,0.0,48.68934,101.26678,54.438633,27.66447,0.0,0.0,96.22638,0.0,0.0,0.0,0.0,0.0,0.0,39.070477,37.7025,13.423874,20.098562,16.767092
C23x15_C23x16,0.0,0.0,0.0,0.0,143.50456,0.0,0.0,0.0,0.0,115.840965,0.0,0.0,0.0,0.0,0.0,0.0,228.4155,0.0,26.558035,0.0,0.0,15.19432,0.0,0.0,0.0,9.082072,0.0,0.0,0.0,0.0,0.0,0.0,0.0,0.0,0.0,0.0,0.0,0.0,0.0,0.0,0.0,0.0,0.0,0.0,0.0,27.1376,0.0,0.0,0.0,0.0,0.0,94.11656,0.0,0.0,0.0,0.0,0.0,0.0,0.0,0.0,171.98488,0.0,115.27883,0.0,0.0,0.0,0.0,0.0,0.0,231.4798,0.0,0.0,0.0,0.0,0.0,157.14592,0.0,92.87904,92.87904,0.0,0.0,0.0,112.493546,0.0,0.0,0.0,0.0,0.0,44.04408,0.0,0.0,126.45937,0.0,0.0,0.0,0.0,0.0,0.0,0.0,0.0,0.0,0.0,0.0,0.0,72.62262,0.0,80.31564,0.0,0.0,0.0,0.0,106.109055,0.0,0.0,0.0,0.0,0.0,0.0,0.0,0.0,108.7506,0.0,0.0,0.0,153.79659,0.0,0.0,0.0,0.0,0.0,0.0,100.93331,0.0,0.0,0.0,0.0,0.0,0.0,161.3773,0.0,0.0,0.0,0.0,0.0,0.0,0.0,0.0,0.0,0.0,0.0,63.956505,0.0,0.0,0.0,0.0,0.0,0.0,0.0,66.41609,163.78094,0.0,0.0,0.0,0.0,0.0,100.862595,0.0,0.0,0.0,0.0,0.0,0.0,0.0,0.0,0.0,0.0,0.0,0.0,0.0,0.0,0.0,0.0,0.0,0.0,0.0,0.0,0.0,72.357346,0.0,0.0,0.0,0.0,0.0,148.90256,0.0,0.0,0.0,0.0,0.0,0.0,133.82576,0.0,0.0,0.0,0.0,0.0,0.0,0.0,0.0,0.0,51.034657,0.0,0.0,0.0,0.0,0.0,0.0,0.0,0.0,0.0,0.0,0.0,0.0,0.0,0.0,0.0,110.28671,0.0,0.0,114.176895,0.0,0.0,0.0,0.0,0.0,0.0,0.0,0.0,0.0,0.0,128.7998,0.0,104.47779,0.0,24.945381,0.0,120.244,0.0,0.0,0.0,0.0,0.0,0.0,0.0,0.0,0.0,0.0,0.0,109.045906,125.10374,0.0,0.0,82.325226,46.781807,140.96263,186.7175,37.161293,80.31564,152.8829,156.95073,119.11654,123.06633,164.6659,101.02451,68.67747,49.12025,0.0,110.99994,166.41011,130.28244,0.0,0.0,0.0,0.0,0.0,0.0,99.72369,0.0,76.43572,84.26035,0.0,0.0,0.0,100.93331,136.8436,130.46625,0.0,0.0,0.0,0.0,0.0,0.0,0.0,0.0,0.0,0.0,0.0,0.0,0.0,0.0,0.0,0.0,0.0,0.0,0.0,0.0,0.0,0.0,0.0,0.0,0.0,0.0,53.336952,236.38547,0.0,0.0,0.0,0.0,0.0,0.0,108.218254,0.0,112.45824,108.909065,58.58821,73.334915,0.0,77.31967,83.98496,92.61202,32.965336,93.515686,69.24808,74.903496,62.275105,79.59119,70.74106,94.301796,30.914776,123.394905,135.05711,0.0,0.0,0.0,0.0,55.546,122.22297,124.12878,82.00235,0.0,27.249863,0.0,95.822876,91.68929,0.0,0.0,0.0,0.0,67.00919,52.936836,0.0,0.0,0.0,0.0,0.0,0.0,0.0,0.0,0.0,0.0,0.0,0.0,0.0,0.0,0.0,0.0,0.0,0.0,0.0,0.0,0.0,0.0,0.0,0.0,0.0,0.0,0.0,0.0,0.0,0.0,0.0,0.0,0.0,0.0,0.0,0.0,0.0,0.0,0.0,0.0,0.0,0.0,0.0,44.9125,92.76116,0.0,0.0,0.0,0.0,0.0,0.0,0.0,0.0,0.0,0.0,0.0,0.0,0.0,0.0,0.0,0.0,0.0,0.0,0.0,0.0,0.0,0.0,0.0,0.0,0.0,0.0,0.0,0.0,166.41011,0.0,0.0,0.0,0.0,0.0,0.0,0.0,137.17567,0.0,0.0,0.0,0.0,0.0,0.0,0.0,0.0,0.0,0.0,0.0,0.0,0.0,0.0,0.0,0.0,0.0,0.0,0.0,0.0,0.0,0.0,0.0,0.0,0.0,0.0,157.19409,0.0,0.0,0.0,38.14307,0.0,0.0,0.0,0.0,0.0,0.0,0.0,0.0,0.0,0.0,0.0
C23x16_C23x17,0.0,0.0,0.0,0.0,63.858013,0.0,0.0,0.0,0.0,0.0,0.0,0.0,129.16934,0.0,0.0,0.0,50.81769,0.0,54.454216,0.0,0.0,113.128716,0.0,0.0,0.0,100.27999,0.0,0.0,0.0,0.0,0.0,0.0,0.0,0.0,0.0,0.0,0.0,0.0,96.01105,0.0,0.0,0.0,0.0,0.0,0.0,0.0,0.0,0.0,0.0,0.0,0.0,77.40765,0.0,0.0,0.0,0.0,0.0,23.2127,0.0,0.0,108.94368,0.0,72.79928,0.0,0.0,0.0,0.0,0.0,68.87475,94.07565,0.0,0.0,0.0,0.0,0.0,150.68141,0.0,58.818142,78.565575,0.0,0.0,0.0,97.18821,0.0,0.0,0.0,0.0,0.0,75.19818,0.0,70.988914,70.988914,0.0,0.0,0.0,79.877205,0.0,0.0,0.0,0.0,0.0,21.570269,16.156647,0.0,112.735535,0.0,89.08231,0.0,0.0,0.0,0.0,0.0,0.0,66.56774,0.0,0.0,0.0,0.0,66.56774,0.0,95.422195,0.0,0.0,0.0,134.94736,0.0,0.0,0.0,0.0,0.0,0.0,67.14076,0.0,0.0,64.60284,0.0,208.7835,0.0,171.15637,0.0,0.0,0.0,0.0,0.0,0.0,0.0,0.0,21.87219,40.568913,0.0,0.0,54.21844,0.0,0.0,0.0,52.221497,0.0,0.0,31.716555,93.646805,0.0,0.0,0.0,0.0,51.448376,81.253716,0.0,0.0,0.0,38.808006,54.495636,0.0,0.0,0.0,0.0,0.0,0.0,0.0,0.0,0.0,43.262035,0.0,0.0,0.0,0.0,0.0,0.0,69.094315,0.0,26.9142,0.0,0.0,0.0,164.00774,0.0,0.0,0.0,63.05286,0.0,0.0,85.20804,0.0,0.0,0.0,0.0,0.0,0.0,0.0,0.0,0.0,0.0,0.0,0.0,0.0,0.0,0.0,0.0,0.0,0.0,0.0,0.0,0.0,0.0,0.0,0.0,0.0,92.84302,0.0,0.0,119.399605,0.0,0.0,0.0,0.0,0.0,0.0,0.0,0.0,0.0,0.0,80.61364,0.0,63.699963,0.0,35.256943,0.0,65.16579,0.0,0.0,62.45482,0.0,0.0,0.0,0.0,0.0,0.0,0.0,0.0,67.67938,85.40509,0.0,0.0,51.052464,72.74962,69.33508,45.896187,41.389877,89.08231,73.02923,15.02697,61.460358,76.797,95.85413,61.29116,65.88718,0.0,34.385338,70.83065,73.01885,76.00273,0.0,0.0,0.0,0.0,0.0,0.0,63.306984,39.233696,66.24144,72.80844,59.76807,62.45482,32.59405,67.14076,79.39935,82.8231,0.0,0.0,0.0,0.0,0.0,0.0,0.0,0.0,0.0,0.0,0.0,0.0,0.0,0.0,0.0,0.0,0.0,0.0,0.0,0.0,0.0,0.0,0.0,0.0,0.0,0.0,93.97104,105.94394,0.0,0.0,0.0,61.763977,37.66149,52.345997,0.0,0.0,145.43405,155.99553,65.09222,66.08446,147.63222,90.814224,120.88016,68.00502,62.00223,159.69754,60.71018,62.664062,122.914894,119.23445,0.0,117.8887,79.75668,122.63499,134.44643,0.0,0.0,0.0,0.0,0.0,81.38875,73.92465,52.345997,54.21844,20.124168,76.47767,100.02443,0.0,0.0,0.0,0.0,0.0,0.0,0.0,0.0,0.0,0.0,0.0,0.0,0.0,0.0,0.0,0.0,0.0,0.0,0.0,0.0,0.0,0.0,0.0,0.0,0.0,0.0,0.0,0.0,0.0,0.0,0.0,0.0,0.0,0.0,0.0,0.0,0.0,0.0,0.0,0.0,0.0,0.0,0.0,0.0,0.0,0.0,0.0,0.0,0.0,0.0,48.37287,86.45382,63.05286,0.0,0.0,0.0,0.0,0.0,0.0,0.0,0.0,0.0,0.0,0.0,0.0,0.0,0.0,0.0,0.0,0.0,0.0,0.0,0.0,0.0,35.065525,0.0,0.0,0.0,0.0,0.0,73.01885,0.0,0.0,0.0,0.0,0.0,0.0,0.0,119.399605,0.0,0.0,85.42566,0.0,0.0,40.652702,0.0,0.0,0.0,0.0,58.003735,89.340675,0.0,90.06406,0.0,0.0,0.0,0.0,0.0,0.0,0.0,0.0,0.0,0.0,0.0,0.0,100.17453,0.0,128.13748,0.0,0.0,0.0,0.0,0.0,0.0,0.0,0.0,0.0,0.0,0.0,77.51926,0.0
C23x16_C24x16,0.0,0.0,0.0,0.0,41.307205,0.0,0.0,0.0,0.0,0.0,0.0,0.0,58.59201,0.0,0.0,0.0,0.0,0.0,29.517197,0.0,0.0,227.4269,0.0,0.0,0.0,135.93947,0.0,0.0,0.0,0.0,0.0,0.0,0.0,0.0,0.0,0.0,0.0,0.0,103.05715,0.0,0.0,0.0,0.0,0.0,0.0,0.0,0.0,0.0,0.0,0.0,0.0,102.90297,0.0,0.0,0.0,0.0,0.0,0.0,0.0,0.0,158.10182,0.0,53.318466,0.0,0.0,0.0,0.0,0.0,0.0,221.01181,0.0,0.0,0.0,0.0,0.0,303.48462,0.0,109.70554,129.37743,0.0,0.0,0.0,231.39072,0.0,0.0,0.0,0.0,0.0,175.92445,0.0,0.0,0.0,0.0,0.0,0.0,98.838005,0.0,0.0,0.0,0.0,0.0,87.20321,65.31729,0.0,44.43562,0.0,41.40872,0.0,0.0,0.0,0.0,0.0,0.0,122.50591,0.0,0.0,0.0,0.0,122.50591,0.0,120.08247,0.0,0.0,0.0,136.09569,0.0,0.0,0.0,0.0,0.0,0.0,38.823647,0.0,0.0,123.914055,0.0,174.05875,0.0,168.01038,0.0,0.0,0.0,0.0,0.0,0.0,0.0,0.0,33.308823,96.44938,0.0,0.0,72.02939,96.44938,0.0,93.1092,109.55991,0.0,0.0,51.675926,108.15478,0.0,0.0,0.0,0.0,0.0,126.64301,0.0,0.0,0.0,93.498535,0.0,0.0,0.0,0.0,0.0,0.0,0.0,0.0,0.0,0.0,38.199783,0.0,0.0,0.0,0.0,0.0,0.0,70.59821,0.0,98.170135,0.0,0.0,0.0,199.99341,0.0,0.0,0.0,0.0,0.0,0.0,85.19632,0.0,0.0,0.0,0.0,0.0,0.0,0.0,0.0,0.0,54.092583,0.0,0.0,0.0,0.0,0.0,0.0,0.0,0.0,0.0,0.0,0.0,0.0,0.0,0.0,0.0,0.0,0.0,0.0,0.0,0.0,0.0,0.0,0.0,0.0,0.0,0.0,0.0,0.0,0.0,34.782406,0.0,27.484652,0.0,0.0,0.0,129.47978,0.0,0.0,59.994366,0.0,0.0,0.0,0.0,0.0,0.0,0.0,0.0,117.92836,145.26657,0.0,0.0,91.49811,108.880035,55.284546,130.22705,49.705627,35.11251,110.72824,86.72978,55.48328,182.84227,0.0,104.578964,63.2915,54.593353,0.0,40.957294,0.0,140.22879,0.0,0.0,0.0,0.0,0.0,0.0,73.31796,47.116234,52.592907,173.31718,99.130974,59.994366,0.0,38.823647,136.68526,117.888016,0.0,0.0,0.0,0.0,0.0,0.0,0.0,0.0,0.0,0.0,0.0,0.0,0.0,0.0,0.0,0.0,0.0,0.0,0.0,0.0,0.0,0.0,0.0,0.0,0.0,0.0,89.95125,96.57013,0.0,0.0,0.0,0.0,0.0,0.0,0.0,0.0,140.12894,117.93076,86.475235,0.0,123.07812,101.630844,104.64972,0.0,95.88547,173.77731,0.0,0.0,44.56008,0.0,0.0,125.62073,0.0,134.77571,0.0,0.0,0.0,0.0,0.0,0.0,0.0,0.0,0.0,72.02939,26.735027,141.93884,111.19745,0.0,0.0,0.0,0.0,0.0,0.0,0.0,0.0,0.0,0.0,0.0,0.0,0.0,0.0,0.0,0.0,0.0,0.0,0.0,0.0,0.0,0.0,0.0,0.0,0.0,0.0,0.0,0.0,0.0,0.0,0.0,0.0,0.0,0.0,0.0,0.0,0.0,0.0,0.0,0.0,0.0,0.0,0.0,0.0,0.0,0.0,0.0,0.0,0.0,0.0,91.82014,130.09502,0.0,0.0,0.0,0.0,0.0,0.0,0.0,0.0,0.0,0.0,0.0,0.0,0.0,0.0,0.0,0.0,0.0,0.0,0.0,0.0,0.0,0.0,58.735287,0.0,0.0,0.0,0.0,0.0,0.0,0.0,0.0,0.0,0.0,57.125412,0.0,0.0,0.0,0.0,0.0,0.0,0.0,0.0,73.95248,0.0,0.0,0.0,0.0,0.0,0.0,0.0,0.0,0.0,0.0,0.0,0.0,0.0,0.0,0.0,0.0,0.0,0.0,0.0,0.0,145.52647,0.0,180.48055,0.0,0.0,0.0,0.0,0.0,0.0,0.0,0.0,0.0,0.0,0.0,0.0,0.0
C23x17_C23x18,0.0,89.22769,0.0,0.0,66.74987,0.0,0.0,0.0,0.0,0.0,0.0,0.0,76.2726,0.0,0.0,0.0,66.46319,0.0,72.06754,0.0,0.0,91.9851,0.0,88.577415,0.0,108.3225,0.0,0.0,0.0,0.0,11.457752,75.34075,0.0,0.0,0.0,0.0,0.0,0.0,79.72799,0.0,0.0,0.0,0.0,0.0,0.0,0.0,0.0,0.0,0.0,0.0,0.0,71.41245,0.0,0.0,0.0,0.0,0.0,50.42554,0.0,0.0,98.705666,0.0,87.33446,0.0,25.80398,0.0,0.0,0.0,120.574936,51.89099,0.0,0.0,0.0,0.0,0.0,70.55486,0.0,0.0,0.0,30.868694,0.0,0.0,80.95366,0.0,58.17331,0.0,0.0,0.0,48.382607,0.0,47.059925,47.059925,0.0,0.0,58.32809,37.49076,0.0,0.0,0.0,0.0,0.0,13.867424,0.0,0.0,94.28025,0.0,132.01773,83.83608,0.0,0.0,0.0,35.621998,0.0,33.230522,0.0,0.0,0.0,0.0,0.0,0.0,31.286552,0.0,50.20199,0.0,44.24586,0.0,0.0,0.0,0.0,0.0,0.0,0.0,0.0,0.0,50.98131,0.0,163.54253,0.0,213.8124,0.0,0.0,0.0,0.0,0.0,0.0,0.0,0.0,57.582832,12.017036,0.0,0.0,16.827087,12.017036,0.0,58.342934,44.822273,115.36041,18.578436,20.275805,58.72789,0.0,0.0,0.0,124.54221,0.0,56.943474,0.0,0.0,0.0,39.662453,52.945305,0.0,0.0,51.78581,0.0,0.0,0.0,0.0,0.0,0.0,0.0,0.0,0.0,0.0,0.0,0.0,0.0,34.250114,0.0,39.06551,0.0,0.0,0.0,171.70877,0.0,0.0,0.0,13.9986,0.0,0.0,75.089424,0.0,0.0,0.0,0.0,0.0,0.0,0.0,0.0,0.0,32.46956,0.0,0.0,0.0,0.0,0.0,0.0,0.0,0.0,0.0,0.0,0.0,0.0,120.25546,0.0,0.0,84.57032,0.0,0.0,91.31418,0.0,0.0,132.94057,0.0,0.0,0.0,0.0,0.0,0.0,0.0,52.057026,0.0,55.55585,0.0,0.0,0.0,27.613176,0.0,0.0,0.0,0.0,0.0,0.0,0.0,0.0,0.0,0.0,0.0,52.27216,76.627754,61.49758,32.2075,0.0,63.4485,63.400173,52.16638,36.09814,56.807346,67.23953,52.99177,58.591877,58.17331,93.89513,58.32809,59.164665,0.0,11.457752,62.872696,81.95482,24.891218,0.0,0.0,0.0,0.0,0.0,0.0,56.289104,71.195045,115.558624,114.73309,115.03837,116.68832,22.597708,124.00152,84.59821,56.289104,82.84071,0.0,0.0,0.0,0.0,0.0,0.0,0.0,0.0,0.0,0.0,0.0,0.0,0.0,0.0,0.0,0.0,0.0,0.0,0.0,0.0,0.0,0.0,0.0,0.0,0.0,75.22536,173.83502,0.0,0.0,13.615908,0.0,11.688518,73.036644,0.0,0.0,116.07921,141.7519,81.80345,0.0,115.64204,42.3135,89.80756,51.042545,71.21379,144.75507,55.179325,52.740448,98.024704,46.452595,0.0,66.86856,0.0,60.399693,56.75084,0.0,0.0,0.0,55.134907,13.615908,82.258354,48.96318,73.036644,16.827087,80.99739,69.097046,90.008286,0.0,0.0,0.0,0.0,0.0,100.08476,146.02505,0.0,0.0,0.0,0.0,0.0,0.0,0.0,0.0,0.0,0.0,0.0,0.0,56.823593,0.0,0.0,0.0,0.0,0.0,0.0,0.0,0.0,0.0,0.0,0.0,0.0,0.0,0.0,0.0,0.0,0.0,0.0,0.0,0.0,0.0,0.0,0.0,0.0,0.0,0.0,0.0,0.0,0.0,0.0,62.957134,66.94374,13.9986,0.0,0.0,0.0,0.0,0.0,0.0,0.0,0.0,0.0,0.0,0.0,0.0,0.0,0.0,0.0,0.0,0.0,0.0,0.0,0.0,0.0,71.20724,0.0,0.0,0.0,0.0,0.0,0.0,0.0,0.0,0.0,0.0,64.983696,0.0,0.0,91.31418,0.0,0.0,62.71832,0.0,0.0,44.92192,0.0,38.412537,0.0,0.0,139.93016,30.987806,0.0,76.17946,0.0,0.0,0.0,0.0,0.0,0.0,0.0,0.0,0.0,0.0,0.0,0.0,79.006355,0.0,102.49726,0.0,0.0,0.0,0.0,0.0,0.0,0.0,0.0,0.0,0.0,0.0,69.4701,0.0
C23x17_C24x17,0.0,0.0,0.0,0.0,84.773895,0.0,0.0,0.0,0.0,0.0,0.0,0.0,55.005966,0.0,0.0,0.0,47.867508,0.0,47.838947,0.0,0.0,103.14455,0.0,0.0,0.0,121.463974,0.0,0.0,0.0,0.0,38.879597,39.464584,0.0,0.0,0.0,0.0,0.0,0.0,88.49388,0.0,0.0,0.0,0.0,0.0,0.0,0.0,0.0,0.0,0.0,0.0,0.0,129.98288,0.0,0.0,0.0,0.0,0.0,35.58602,0.0,0.0,94.48573,0.0,68.44534,0.0,0.0,0.0,0.0,0.0,93.15224,95.66281,0.0,0.0,0.0,0.0,0.0,194.0211,0.0,0.0,76.994354,0.0,0.0,0.0,104.6101,0.0,50.554073,0.0,0.0,0.0,68.71832,0.0,66.839714,66.839714,0.0,0.0,65.45197,89.56273,0.0,0.0,0.0,0.0,0.0,36.41681,0.0,0.0,31.423594,0.0,44.00149,100.72562,0.0,0.0,0.0,35.882088,0.0,49.353848,0.0,0.0,0.0,0.0,49.353848,0.0,77.6175,0.0,0.0,0.0,109.767715,0.0,0.0,0.0,0.0,0.0,0.0,0.0,0.0,0.0,87.10935,0.0,140.1037,0.0,209.01897,0.0,0.0,0.0,0.0,0.0,0.0,0.0,0.0,58.003273,44.810112,0.0,0.0,50.639988,36.164467,0.0,106.014305,0.0,0.0,0.0,24.556602,66.27197,0.0,0.0,0.0,110.48411,0.0,89.45505,0.0,0.0,0.0,92.488106,65.35214,0.0,0.0,0.0,0.0,0.0,0.0,0.0,0.0,0.0,0.0,0.0,0.0,0.0,0.0,0.0,0.0,48.40213,0.0,112.61163,0.0,0.0,0.0,113.48256,0.0,0.0,0.0,0.0,0.0,0.0,51.019257,0.0,0.0,0.0,0.0,0.0,0.0,0.0,0.0,0.0,43.336224,0.0,0.0,0.0,0.0,0.0,0.0,0.0,0.0,0.0,0.0,0.0,0.0,105.66099,0.0,0.0,47.600685,0.0,0.0,0.0,0.0,0.0,135.24855,0.0,0.0,0.0,0.0,0.0,0.0,0.0,46.017395,0.0,55.268524,0.0,0.0,0.0,80.69175,0.0,0.0,0.0,0.0,0.0,0.0,0.0,0.0,0.0,0.0,0.0,35.020683,100.128914,0.0,0.0,44.850452,43.689392,69.854675,58.92776,27.312244,78.260315,60.743347,54.08818,58.93824,50.554073,95.12564,50.853916,57.085575,0.0,30.208097,63.331753,82.55321,74.90845,0.0,0.0,0.0,0.0,0.0,0.0,89.23859,74.87829,93.80852,109.60528,80.94118,90.85974,48.080452,100.80141,93.32521,51.64808,80.00691,0.0,0.0,0.0,0.0,0.0,0.0,0.0,0.0,0.0,0.0,0.0,0.0,0.0,0.0,0.0,0.0,0.0,0.0,0.0,0.0,0.0,0.0,0.0,0.0,0.0,54.791626,142.3571,0.0,0.0,0.0,0.0,35.175808,49.624496,0.0,0.0,138.60812,126.48161,59.287415,0.0,99.06827,96.82096,107.23763,49.146553,97.17972,171.29767,17.273573,52.355152,63.219524,37.307655,0.0,92.32019,70.621216,104.66578,0.0,0.0,0.0,0.0,64.238556,0.0,46.29938,83.50472,49.624496,50.639988,21.347801,77.541374,112.23035,0.0,0.0,0.0,0.0,0.0,103.464226,147.09125,0.0,0.0,0.0,0.0,0.0,0.0,0.0,0.0,0.0,0.0,0.0,44.850452,35.825558,0.0,0.0,0.0,0.0,0.0,0.0,0.0,0.0,0.0,0.0,0.0,0.0,0.0,0.0,0.0,0.0,0.0,0.0,0.0,0.0,0.0,0.0,0.0,0.0,0.0,0.0,0.0,0.0,0.0,0.0,69.08106,97.87725,0.0,0.0,0.0,0.0,0.0,0.0,0.0,0.0,0.0,0.0,0.0,0.0,0.0,0.0,0.0,0.0,0.0,0.0,0.0,0.0,0.0,0.0,68.57148,0.0,0.0,0.0,0.0,0.0,0.0,0.0,0.0,0.0,0.0,88.356606,0.0,0.0,0.0,0.0,0.0,59.160908,0.0,0.0,78.51808,0.0,53.5131,0.0,0.0,106.71697,66.3054,0.0,67.97299,0.0,0.0,0.0,0.0,0.0,0.0,0.0,0.0,0.0,0.0,0.0,0.0,71.36579,0.0,95.104095,0.0,0.0,0.0,0.0,0.0,0.0,0.0,0.0,0.0,0.0,0.0,44.135952,0.0
C23x18_C23x19,0.0,43.571312,0.0,0.0,64.16603,0.0,0.0,45.209435,0.0,0.0,0.0,0.0,68.36803,0.0,0.0,0.0,44.160336,0.0,25.607569,0.0,30.064886,62.56368,0.0,90.07934,0.0,61.3035,0.0,0.0,0.0,0.0,0.0,0.0,0.0,0.0,0.0,0.0,0.0,63.81409,69.43372,0.0,0.0,0.0,0.0,0.0,0.0,0.0,0.0,0.0,0.0,0.0,0.0,65.63197,0.0,86.00761,0.0,0.0,0.0,0.0,0.0,0.0,48.043194,0.0,4.2005587,0.0,6.0479746,0.0,0.0,0.0,110.51451,33.55696,0.0,0.0,0.0,0.0,43.49366,57.503254,0.0,0.0,35.680275,0.0,0.0,0.0,189.12517,0.0,52.14938,0.0,0.0,0.0,0.0,0.0,0.0,0.0,0.0,0.0,29.917141,29.314539,0.0,0.0,0.0,0.0,14.468122,24.30195,0.0,0.0,218.70058,0.0,71.303474,234.32942,86.07112,0.0,0.0,12.2180195,18.482653,17.086615,0.0,0.0,0.0,0.0,0.0,0.0,32.29068,0.0,33.55074,0.0,45.665916,0.0,0.0,47.710915,0.0,0.0,0.0,0.0,0.0,0.0,50.674892,0.0,82.49856,0.0,156.64726,42.601654,49.345642,0.0,0.0,0.0,0.0,0.0,0.0,50.50366,35.541092,0.0,25.853548,30.808632,0.0,0.0,48.07947,0.0,139.20216,48.85268,64.46304,7.87578,0.0,0.0,17.041481,208.72972,0.0,56.28568,0.0,0.0,0.0,0.0,0.0,0.0,0.0,0.0,113.737236,0.0,0.0,0.0,74.10386,0.0,0.0,0.0,16.471535,0.0,0.0,33.53321,33.567707,60.155594,77.509,47.96867,0.0,35.980495,0.0,137.55615,67.37768,125.13349,0.0,0.0,42.292305,0.0,0.0,0.0,0.0,0.0,0.0,0.0,0.0,36.60825,0.0,0.0,62.704556,0.0,0.0,68.21177,0.0,0.0,0.0,0.0,0.0,0.0,0.0,0.0,0.0,119.75301,0.0,0.0,0.0,0.0,0.0,59.957985,0.0,0.0,252.93326,66.417725,0.0,0.0,0.0,0.0,57.455143,0.0,121.80783,0.0,44.642292,0.0,0.0,0.0,34.377777,0.0,0.0,0.0,0.0,0.0,0.0,0.0,0.0,52.10531,34.44439,0.0,27.344805,74.49326,87.58571,4.1521254,57.455143,66.98113,54.81995,79.66871,18.660284,92.06742,82.26569,79.94416,68.38088,79.61691,59.790527,29.917141,69.740654,0.0,52.916027,60.721725,48.233006,48.571655,0.0,0.0,66.53123,0.0,0.0,0.0,51.754093,0.0,134.86513,102.85232,59.004486,137.54694,0.0,119.75925,80.40599,45.69294,62.94916,0.0,0.0,0.0,0.0,0.0,0.0,0.0,0.0,0.0,0.0,0.0,0.0,0.0,0.0,0.0,0.0,0.0,0.0,0.0,0.0,0.0,0.0,0.0,0.0,0.0,36.41995,187.61032,0.0,0.0,0.0,0.0,0.0,0.0,0.0,0.0,0.0,0.0,32.84969,43.083153,58.33529,43.692596,80.608665,34.503735,65.70187,107.04529,63.28154,21.703022,35.1626,42.502453,39.091324,63.54511,14.243572,35.326378,25.84596,61.790146,0.0,0.0,14.010387,0.0,0.0,0.0,0.0,25.332798,51.76786,48.92891,63.709297,0.0,0.0,0.0,0.0,0.0,169.3756,171.79839,0.0,0.0,0.0,0.0,0.0,0.0,0.0,0.0,0.0,0.0,0.0,33.52496,55.539547,0.0,0.0,0.0,0.0,0.0,0.0,0.0,0.0,0.0,0.0,0.0,0.0,0.0,0.0,0.0,0.0,0.0,0.0,0.0,0.0,0.0,0.0,0.0,0.0,0.0,0.0,0.0,0.0,0.0,0.0,49.688324,68.01114,0.0,0.0,0.0,0.0,0.0,0.0,0.0,0.0,0.0,0.0,0.0,0.0,0.0,0.0,0.0,0.0,0.0,0.0,0.0,0.0,0.0,0.0,0.0,0.0,0.0,0.0,0.0,0.0,0.0,0.0,0.0,0.0,0.0,62.19809,0.0,0.0,54.752205,0.0,0.0,42.939915,57.396095,48.183437,20.835787,0.0,106.46946,57.396095,0.0,70.11761,94.989204,0.0,0.0,0.0,0.0,0.0,0.0,0.0,0.0,9.572049,0.0,0.0,0.0,0.0,0.0,0.0,0.0,0.0,0.0,0.0,0.0,0.0,0.0,0.0,14.584016,23.29381,0.0,0.0,21.756565,59.27819,0.0
C23x18_C24x18,0.0,71.73376,0.0,0.0,38.2833,0.0,0.0,0.0,0.0,0.0,0.0,0.0,53.717278,0.0,0.0,0.0,56.476357,0.0,87.07636,0.0,0.0,104.5502,0.0,123.192154,0.0,83.83843,0.0,0.0,0.0,0.0,70.5996,38.31113,0.0,0.0,0.0,0.0,0.0,0.0,49.109802,0.0,0.0,0.0,0.0,0.0,0.0,0.0,0.0,0.0,0.0,0.0,0.0,53.195503,0.0,0.0,0.0,65.93054,0.0,0.0,87.18695,0.0,81.81615,0.0,70.96547,0.0,109.15967,0.0,0.0,0.0,131.77956,0.0,0.0,0.0,0.0,0.0,0.0,78.642555,0.0,0.0,22.419409,30.185272,0.0,0.0,147.57745,0.0,110.61813,0.0,0.0,0.0,0.0,0.0,0.0,0.0,0.0,0.0,33.07022,53.02889,0.0,0.0,0.0,0.0,0.0,19.393106,0.0,0.0,178.74152,0.0,40.98495,204.72264,89.37076,0.0,0.0,22.322086,0.0,40.38037,0.0,0.0,0.0,0.0,13.622221,0.0,45.99058,0.0,47.785244,0.0,65.040504,0.0,0.0,0.0,0.0,0.0,0.0,0.0,0.0,0.0,54.39681,0.0,58.573124,0.0,255.23225,0.0,0.0,0.0,0.0,0.0,0.0,0.0,0.0,65.70831,42.793663,0.0,0.0,30.502249,0.0,0.0,75.18339,42.738586,104.14224,8.990513,50.523766,0.0,0.0,0.0,0.0,108.9454,0.0,58.667355,0.0,0.0,0.0,43.9894,0.0,0.0,0.0,71.38643,0.0,0.0,0.0,0.0,0.0,0.0,0.0,0.0,0.0,0.0,0.0,0.0,0.0,26.595007,0.0,63.766857,0.0,0.0,0.0,163.94768,0.0,0.0,0.0,0.0,0.0,0.0,0.0,0.0,0.0,0.0,0.0,0.0,0.0,0.0,0.0,0.0,52.060448,0.0,0.0,0.0,0.0,0.0,0.0,0.0,0.0,0.0,0.0,0.0,0.0,108.48913,0.0,0.0,0.0,0.0,0.0,60.787712,0.0,0.0,216.70467,0.0,0.0,0.0,0.0,0.0,0.0,0.0,100.7121,0.0,75.48975,0.0,0.0,0.0,31.06417,0.0,0.0,0.0,0.0,0.0,0.0,0.0,0.0,0.0,58.70435,0.0,51.114872,69.37271,47.199207,0.0,81.63671,73.71777,77.892426,115.40633,26.513971,133.97746,89.62451,73.0446,94.136,110.61813,81.361244,33.07022,59.881565,0.0,70.5996,74.15346,68.53318,61.55672,0.0,0.0,0.0,0.0,0.0,0.0,69.524956,62.453766,133.12842,156.43767,74.39781,84.685326,99.84291,104.86882,80.51566,95.04381,92.92229,0.0,0.0,0.0,0.0,0.0,0.0,0.0,0.0,0.0,0.0,0.0,0.0,0.0,0.0,0.0,0.0,0.0,0.0,0.0,0.0,0.0,0.0,0.0,0.0,0.0,94.08649,143.99213,0.0,0.0,0.0,0.0,0.0,0.0,0.0,0.0,0.0,0.0,19.96933,26.242748,41.41745,53.249702,76.7804,18.796234,52.6277,115.80179,26.183722,27.674267,35.456573,39.137375,0.0,30.47341,53.020615,42.803143,0.0,61.558533,0.0,0.0,94.53271,0.0,0.0,0.0,0.0,30.502249,54.133812,51.371113,61.249805,0.0,0.0,0.0,0.0,0.0,152.54575,169.94373,0.0,0.0,0.0,34.090164,65.91249,62.441006,113.32973,27.3996,0.0,0.0,0.0,81.63671,45.912525,0.0,0.0,0.0,0.0,0.0,0.0,0.0,0.0,0.0,0.0,0.0,0.0,0.0,0.0,0.0,0.0,0.0,0.0,0.0,0.0,0.0,0.0,0.0,0.0,0.0,0.0,0.0,0.0,0.0,0.0,35.766396,50.675484,0.0,0.0,0.0,0.0,0.0,0.0,0.0,0.0,0.0,0.0,0.0,0.0,0.0,0.0,0.0,0.0,0.0,0.0,0.0,0.0,0.0,0.0,64.037895,0.0,0.0,0.0,0.0,0.0,0.0,0.0,0.0,0.0,0.0,80.92348,0.0,0.0,17.388844,0.0,0.0,49.52903,0.0,0.0,43.92737,0.0,127.6606,0.0,0.0,85.32627,91.12805,0.0,0.0,0.0,0.0,0.0,0.0,0.0,0.0,0.0,0.0,0.0,0.0,0.0,0.0,91.93264,0.0,0.0,0.0,0.0,0.0,0.0,0.0,0.0,0.0,0.0,0.0,0.0,0.0,59.285408,0.0
C23x19_C23x20,0.0,132.89499,0.0,0.0,48.621025,0.0,0.0,134.59732,0.0,0.0,0.0,0.0,79.19624,0.0,0.0,0.0,192.31804,0.0,0.0,0.0,71.16844,0.0,0.0,0.0,0.0,0.0,0.0,0.0,0.0,0.0,0.0,0.0,0.0,0.0,0.0,0.0,0.0,58.590572,0.0,0.0,0.0,0.0,0.0,0.0,0.0,0.0,0.0,75.89683,0.0,0.0,0.0,0.0,0.0,141.34782,0.0,0.0,0.0,0.0,0.0,0.0,0.0,71.65433,0.0,0.0,0.0,0.0,0.0,0.0,66.90258,0.0,0.0,0.0,0.0,0.0,0.0,41.85214,0.0,67.47188,0.0,0.0,0.0,0.0,210.56018,0.0,0.0,0.0,0.0,0.0,0.0,0.0,0.0,0.0,0.0,0.0,0.0,0.0,0.0,0.0,0.0,0.0,0.0,35.396793,0.0,0.0,175.56796,0.0,0.0,189.13106,71.94117,0.0,0.0,50.40505,0.0,70.49029,0.0,0.0,0.0,0.0,0.0,0.0,0.0,0.0,47.89636,0.0,0.0,0.0,0.0,170.22879,0.0,0.0,0.0,59.827362,0.0,0.0,82.10124,0.0,0.0,0.0,139.41954,74.49049,147.34789,0.0,72.83742,0.0,0.0,0.0,0.0,32.81565,48.409283,0.0,37.737293,0.0,0.0,0.0,54.872936,32.58346,133.5089,33.073856,23.649916,0.0,11.829878,0.0,80.049866,133.119,82.50913,108.02808,0.0,0.0,0.0,0.0,0.0,30.785051,0.0,0.0,104.35102,0.0,0.0,0.0,103.52136,0.0,0.0,0.0,82.107376,0.0,0.0,34.67814,100.41156,70.154076,37.892677,45.31111,0.0,34.27315,0.0,139.06622,67.91265,134.88359,0.0,0.0,91.82372,0.0,0.0,0.0,0.0,0.0,0.0,52.36415,0.0,36.123074,0.0,0.0,90.01442,0.0,0.0,0.0,0.0,0.0,0.0,0.0,0.0,0.0,0.0,0.0,0.0,196.22736,0.0,0.0,0.0,0.0,0.0,93.18734,0.0,0.0,247.03694,49.572556,0.0,0.0,0.0,0.0,73.90247,0.0,81.959854,0.0,0.0,0.0,0.0,0.0,0.0,0.0,0.0,74.15061,0.0,0.0,0.0,87.56345,0.0,117.34257,55.650024,0.0,135.05594,131.45505,53.49445,93.91656,73.90247,100.30474,76.13928,97.00881,0.0,117.31036,127.37088,120.36993,90.037766,75.073456,42.427387,42.59214,101.75708,0.0,41.909332,82.10124,0.0,64.87893,25.539852,44.426186,69.63664,0.0,0.0,0.0,46.3656,9.771758,93.53343,94.83184,40.907936,72.17177,29.724422,77.64853,122.625786,50.96142,56.966663,0.0,0.0,0.0,0.0,0.0,0.0,0.0,0.0,0.0,0.0,0.0,0.0,0.0,0.0,0.0,0.0,0.0,0.0,0.0,0.0,0.0,0.0,0.0,0.0,0.0,0.0,53.18616,0.0,0.0,0.0,0.0,0.0,0.0,0.0,0.0,0.0,0.0,0.0,0.0,0.0,0.0,0.0,0.0,0.0,0.0,0.0,0.0,0.0,0.0,0.0,0.0,0.0,0.0,0.0,46.144684,0.0,0.0,0.0,0.0,0.0,0.0,0.0,0.0,0.0,101.98008,73.13321,0.0,0.0,0.0,0.0,0.0,0.0,0.0,0.0,0.0,0.0,0.0,0.0,0.0,0.0,0.0,0.0,0.0,0.0,0.0,0.0,0.0,0.0,0.0,0.0,0.0,0.0,0.0,0.0,0.0,0.0,0.0,0.0,0.0,0.0,0.0,0.0,0.0,0.0,0.0,0.0,0.0,74.127045,62.10486,36.23284,100.71668,82.35687,31.173002,0.0,83.7663,0.0,0.0,0.0,0.0,0.0,0.0,0.0,0.0,0.0,0.0,0.0,0.0,0.0,0.0,0.0,0.0,0.0,0.0,0.0,0.0,0.0,0.0,0.0,0.0,0.0,0.0,0.0,0.0,0.0,0.0,0.0,0.0,0.0,0.0,0.0,0.0,46.515053,0.0,0.0,0.0,0.0,0.0,68.10031,3.234115,39.45955,101.75708,0.0,117.04985,3.234115,0.0,61.767555,102.4242,0.0,0.0,0.0,0.0,0.0,0.0,0.0,0.0,0.0,0.0,0.0,0.0,0.0,0.0,0.0,0.0,0.0,0.0,0.0,0.0,0.0,0.0,0.0,32.69013,75.60599,0.0,0.0,92.63508,0.0,83.78006
C23x19_C24x19,0.0,47.959755,0.0,0.0,28.302217,0.0,0.0,94.14709,0.0,0.0,0.0,0.0,89.63103,0.0,0.0,0.0,116.83597,0.0,49.140263,0.0,40.94461,63.231045,0.0,0.0,0.0,0.0,0.0,0.0,0.0,0.0,29.39372,0.0,0.0,0.0,0.0,0.0,0.0,73.39321,0.0,0.0,0.0,0.0,0.0,0.0,0.0,0.0,0.0,0.0,0.0,0.0,0.0,0.0,0.0,142.05675,0.0,0.0,0.0,0.0,0.0,0.0,41.12071,0.0,39.31781,0.0,0.0,0.0,0.0,0.0,72.02257,0.0,0.0,0.0,0.0,0.0,39.672863,0.0,0.0,0.0,0.0,0.0,47.834682,0.0,157.08159,0.0,62.795765,0.0,0.0,0.0,0.0,0.0,0.0,0.0,0.0,0.0,14.733011,0.0,0.0,0.0,0.0,0.0,60.532433,70.45311,0.0,0.0,218.63145,0.0,0.0,208.53961,109.31573,0.0,0.0,0.0,45.082607,41.677414,0.0,0.0,0.0,0.0,0.0,0.0,0.0,0.0,43.29043,0.0,0.0,0.0,0.0,46.093193,0.0,0.0,0.0,0.0,0.0,0.0,77.664,0.0,0.0,0.0,223.29733,61.353416,50.488823,0.0,25.360893,0.0,0.0,0.0,0.0,61.790882,39.447723,0.0,0.0,0.0,0.0,0.0,94.180565,38.49238,117.748665,31.034311,179.26907,0.0,0.0,0.0,46.241753,162.67242,76.01579,93.27229,0.0,0.0,0.0,0.0,0.0,47.495586,0.0,62.095474,70.79221,0.0,0.0,0.0,29.009525,0.0,0.0,0.0,30.960016,0.0,0.0,64.160675,46.47122,79.011444,39.623245,68.683105,0.0,44.609535,0.0,168.10051,43.937023,50.431213,0.0,0.0,82.81946,0.0,0.0,0.0,0.0,0.0,0.0,0.0,0.0,36.375057,0.0,0.0,115.617004,0.0,0.0,15.334281,0.0,0.0,0.0,0.0,0.0,0.0,0.0,0.0,0.0,156.42012,0.0,0.0,0.0,0.0,0.0,84.58024,0.0,0.0,181.4125,55.273315,0.0,0.0,0.0,0.0,28.246067,0.0,97.20086,0.0,38.85753,0.0,0.0,0.0,52.823032,0.0,0.0,0.0,0.0,0.0,0.0,52.495106,0.0,0.0,87.92725,0.0,84.55872,79.03651,48.896606,71.83664,49.91594,64.1163,59.203064,74.38919,0.0,87.40126,84.725555,84.4232,82.22399,62.795765,51.97631,54.55504,74.043236,29.020178,29.39372,77.664,27.704,50.191658,0.0,0.0,44.81582,0.0,0.0,0.0,61.93033,0.0,94.94654,88.806625,56.05728,104.71295,41.568996,79.80258,86.711044,31.515524,66.79547,0.0,0.0,0.0,0.0,0.0,0.0,0.0,0.0,0.0,0.0,0.0,0.0,0.0,0.0,0.0,0.0,0.0,0.0,0.0,0.0,0.0,0.0,0.0,0.0,0.0,0.0,120.778755,0.0,0.0,0.0,0.0,0.0,0.0,0.0,0.0,0.0,0.0,0.0,0.0,0.0,0.0,0.0,0.0,0.0,0.0,0.0,0.0,0.0,0.0,0.0,0.0,0.0,0.0,0.0,55.838245,0.0,0.0,47.861027,0.0,0.0,0.0,0.0,0.0,0.0,81.992485,57.48858,0.0,0.0,0.0,0.0,0.0,170.30545,180.43959,0.0,0.0,0.0,0.0,0.0,0.0,0.0,0.0,0.0,0.0,0.0,58.8931,68.82406,0.0,0.0,0.0,0.0,0.0,0.0,0.0,0.0,0.0,0.0,0.0,0.0,0.0,0.0,0.0,0.0,0.0,0.0,0.0,0.0,0.0,94.50242,80.230034,70.019585,128.32135,125.975624,23.262428,0.0,129.69626,52.45008,0.0,0.0,0.0,28.947918,0.0,0.0,0.0,0.0,0.0,0.0,0.0,0.0,47.414055,0.0,0.0,0.0,0.0,0.0,0.0,0.0,0.0,0.0,0.0,0.0,0.0,0.0,0.0,0.0,0.0,0.0,0.0,0.0,0.0,0.0,0.0,59.86141,0.0,0.0,0.0,0.0,0.0,49.705463,47.25121,26.22504,24.31768,0.0,157.21898,28.217037,0.0,83.658936,67.62448,50.075294,0.0,0.0,0.0,0.0,0.0,0.0,0.0,0.0,0.0,0.0,0.0,0.0,0.0,36.507854,0.0,0.0,0.0,0.0,0.0,0.0,0.0,0.0,58.595863,35.437702,0.0,0.0,87.01586,0.0,76.9892
C23x20_C23x21,0.0,71.1145,0.0,0.0,47.18646,0.0,0.0,62.454315,0.0,0.0,0.0,0.0,0.0,0.0,0.0,0.0,118.4694,0.0,0.0,0.0,61.839367,0.0,0.0,0.0,0.0,0.0,0.0,0.0,0.0,0.0,0.0,0.0,0.0,0.0,0.0,0.0,0.0,0.0,0.0,0.0,0.0,0.0,0.0,0.0,135.64136,0.0,0.0,94.57963,0.0,0.0,0.0,0.0,0.0,98.44912,0.0,0.0,0.0,0.0,0.0,0.0,0.0,67.78735,0.0,0.0,0.0,0.0,0.0,0.0,0.0,0.0,0.0,0.0,0.0,0.0,12.448091,16.976437,0.0,0.0,0.0,0.0,0.0,0.0,139.88132,0.0,0.0,0.0,0.0,0.0,0.0,0.0,0.0,120.058266,0.0,0.0,0.0,0.0,0.0,0.0,0.0,0.0,47.26309,40.742256,24.353266,0.0,106.225685,0.0,0.0,170.32004,0.0,0.0,0.0,0.0,161.91469,79.83195,60.265976,0.0,0.0,33.613068,0.0,0.0,0.0,0.0,59.689915,0.0,43.19208,0.0,0.0,141.77873,0.0,0.0,0.0,55.654152,0.0,0.0,76.37434,0.0,47.164207,0.0,64.66525,0.0,122.30469,0.0,105.2891,0.0,0.0,0.0,0.0,37.32704,0.0,0.0,0.0,0.0,0.0,0.0,64.8364,120.12521,84.15664,45.11843,0.0,0.0,55.335762,0.0,87.98091,0.0,111.77072,111.13313,0.0,0.0,0.0,0.0,0.0,78.02288,0.0,54.403576,205.70326,0.0,0.0,0.0,112.615234,0.0,0.0,0.0,112.57085,0.0,0.0,0.0,61.62811,0.0,61.492928,55.05556,0.0,58.000668,0.0,135.48656,0.0,71.40411,0.0,0.0,101.79506,0.0,0.0,0.0,0.0,0.0,0.0,131.55083,0.0,46.916737,0.0,0.0,57.9194,0.0,0.0,46.52569,0.0,0.0,0.0,0.0,0.0,0.0,0.0,0.0,0.0,180.61469,0.0,0.0,0.0,0.0,0.0,0.0,0.0,0.0,193.33401,51.133404,0.0,0.0,0.0,0.0,80.41065,0.0,92.80185,0.0,0.0,0.0,0.0,0.0,80.77082,0.0,0.0,31.809032,0.0,0.0,0.0,0.0,0.0,69.64103,0.0,0.0,134.33081,110.956985,23.06293,93.020485,80.41065,99.49916,104.99265,66.700264,60.621506,108.704544,103.12781,100.25271,109.87059,114.8673,96.049644,51.103302,75.81435,39.69917,0.0,97.90386,50.703415,51.289364,56.502426,34.439514,48.109802,0.0,0.0,0.0,45.016106,15.638531,140.75482,147.1561,65.46826,97.12548,0.0,125.42428,63.889828,52.739796,0.0,0.0,0.0,0.0,0.0,0.0,0.0,0.0,0.0,0.0,0.0,0.0,0.0,0.0,0.0,0.0,0.0,0.0,0.0,0.0,0.0,0.0,0.0,0.0,55.714436,0.0,0.0,0.0,0.0,0.0,0.0,0.0,0.0,0.0,0.0,0.0,0.0,0.0,0.0,0.0,0.0,0.0,0.0,0.0,0.0,0.0,0.0,0.0,0.0,0.0,0.0,0.0,0.0,0.0,0.0,0.0,0.0,0.0,0.0,37.388096,110.38213,41.851444,77.61613,0.0,0.0,25.754524,156.54677,0.0,0.0,0.0,0.0,0.0,0.0,0.0,0.0,0.0,0.0,0.0,0.0,0.0,0.0,0.0,0.0,0.0,0.0,0.0,0.0,0.0,0.0,0.0,0.0,0.0,0.0,0.0,0.0,0.0,0.0,0.0,0.0,0.0,0.0,0.0,0.0,0.0,0.0,0.0,0.0,0.0,0.0,72.042656,76.23598,98.05058,141.11986,131.98973,54.86283,128.7922,70.07031,0.0,0.0,0.0,35.85273,0.0,0.0,0.0,0.0,0.0,0.0,0.0,0.0,0.0,0.0,0.0,0.0,0.0,0.0,0.0,0.0,0.0,0.0,0.0,0.0,0.0,0.0,0.0,0.0,0.0,0.0,0.0,0.0,0.0,0.0,0.0,52.909798,0.0,0.0,0.0,0.0,0.0,93.8973,0.0,0.0,43.65162,0.0,99.20787,0.0,0.0,29.539186,97.9935,0.0,0.0,0.0,0.0,0.0,0.0,0.0,0.0,0.0,0.0,0.0,0.0,0.0,0.0,0.0,0.0,0.0,0.0,0.0,0.0,0.0,0.0,0.0,51.5791,52.896717,0.0,0.0,50.68842,0.0,71.20058
C23x20_C24x20,0.0,74.704544,65.94591,0.0,48.17585,0.0,0.0,153.2021,0.0,0.0,0.0,0.0,76.20129,0.0,0.0,0.0,178.11147,0.0,0.0,0.0,43.141644,0.0,0.0,0.0,0.0,0.0,0.0,0.0,0.0,0.0,0.0,0.0,0.0,0.0,0.0,0.0,0.0,0.0,0.0,0.0,0.0,51.753635,0.0,0.0,72.96896,0.0,0.0,50.879597,0.0,0.0,0.0,0.0,0.0,153.55005,0.0,0.0,0.0,0.0,0.0,51.7252,0.0,79.32553,0.0,0.0,0.0,0.0,0.0,0.0,0.0,0.0,0.0,0.0,0.0,0.0,0.0,67.58368,0.0,0.0,0.0,0.0,0.0,0.0,170.9794,0.0,0.0,0.0,0.0,0.0,0.0,0.0,0.0,0.0,0.0,0.0,0.0,0.0,0.0,0.0,0.0,0.0,43.10589,39.925385,22.211184,0.0,148.32948,0.0,0.0,151.8813,74.16474,0.0,0.0,45.399124,142.72519,85.38223,101.22863,0.0,0.0,50.939056,0.0,0.0,0.0,0.0,75.634254,0.0,0.0,0.0,0.0,0.0,0.0,0.0,0.0,84.94275,0.0,0.0,116.567154,0.0,0.0,0.0,100.74001,44.32743,67.20961,0.0,100.05003,0.0,0.0,0.0,0.0,32.51519,37.39177,0.0,37.39177,37.035675,0.0,0.0,57.910004,94.17358,71.42724,57.62233,46.843292,0.0,71.80464,0.0,79.35552,117.53035,131.43227,168.95291,0.0,0.0,0.0,35.967224,0.0,0.0,0.0,0.0,109.34655,0.0,0.0,0.0,56.263447,0.0,0.0,0.0,43.36296,0.0,0.0,0.0,89.02199,71.44266,64.597244,47.958313,0.0,90.41447,0.0,96.09852,0.0,110.96924,0.0,0.0,130.3904,0.0,0.0,0.0,0.0,0.0,0.0,123.55799,0.0,0.0,0.0,0.0,78.49236,0.0,0.0,54.27643,0.0,0.0,0.0,0.0,0.0,0.0,0.0,0.0,0.0,206.23419,0.0,0.0,0.0,0.0,0.0,88.89376,0.0,0.0,185.24979,57.41838,0.0,0.0,0.0,0.0,93.48958,0.0,89.843666,0.0,0.0,0.0,0.0,0.0,119.62303,0.0,0.0,0.0,0.0,0.0,0.0,55.4328,0.0,25.429796,104.57602,0.0,154.49002,82.71316,0.0,104.21613,93.48958,96.88901,100.09962,114.54198,69.55189,102.57398,128.71278,0.0,119.106316,29.252714,89.86184,84.48233,0.0,57.45785,0.0,116.567154,38.379227,52.282215,25.30601,0.0,93.03247,0.0,0.0,0.0,45.941074,49.33006,84.47681,20.747646,59.91955,0.0,0.0,82.67589,120.827515,0.0,58.759758,0.0,0.0,0.0,0.0,0.0,0.0,0.0,0.0,0.0,0.0,0.0,0.0,0.0,0.0,0.0,0.0,0.0,0.0,0.0,0.0,0.0,0.0,0.0,0.0,0.0,0.0,0.0,0.0,0.0,0.0,0.0,0.0,0.0,0.0,0.0,0.0,0.0,0.0,0.0,0.0,0.0,0.0,0.0,0.0,0.0,0.0,0.0,0.0,0.0,0.0,0.0,0.0,0.0,0.0,21.24672,0.0,0.0,0.0,0.0,0.0,0.0,0.0,0.0,0.0,66.52598,110.283646,0.0,0.0,0.0,0.0,0.0,0.0,0.0,0.0,0.0,0.0,0.0,0.0,0.0,0.0,0.0,0.0,0.0,0.0,0.0,0.0,0.0,0.0,0.0,0.0,0.0,0.0,0.0,0.0,0.0,0.0,0.0,0.0,0.0,0.0,0.0,0.0,0.0,0.0,0.0,0.0,0.0,93.773674,39.316017,0.0,89.2925,43.494728,121.954666,57.63245,84.186424,38.495853,0.0,0.0,0.0,57.31478,0.0,0.0,0.0,0.0,0.0,0.0,0.0,0.0,0.0,0.0,0.0,0.0,0.0,0.0,0.0,0.0,0.0,0.0,0.0,0.0,0.0,0.0,0.0,0.0,0.0,0.0,0.0,0.0,0.0,2.9703183,66.86641,35.281563,0.0,0.0,0.0,0.0,0.0,122.64705,0.0,0.0,0.0,0.0,169.50623,0.0,0.0,85.15625,75.7138,0.0,0.0,6.800078,57.49576,21.299137,0.0,0.0,0.0,0.0,0.0,0.0,0.0,0.0,0.0,0.0,0.0,0.0,0.0,0.0,0.0,0.0,0.0,0.0,37.403343,0.0,0.0,0.0,88.6605,0.0,28.247915
C23x21_C23x22,0.0,26.666155,0.0,0.0,39.084866,0.0,0.0,71.69577,0.0,0.0,0.0,0.0,0.0,0.0,0.0,0.0,114.437126,0.0,0.0,0.0,36.668507,0.0,0.0,0.0,0.0,0.0,0.0,0.0,0.0,0.0,0.0,0.0,0.0,0.0,0.0,0.0,0.0,50.509193,0.0,0.0,0.0,0.0,0.0,0.0,0.0,0.0,0.0,0.0,0.0,0.0,0.0,0.0,0.0,62.28571,0.0,59.71493,0.0,0.0,0.0,0.0,0.0,125.63462,0.0,0.0,0.0,0.0,0.0,0.0,0.0,0.0,0.0,0.0,0.0,0.0,0.0,0.0,0.0,0.0,0.0,0.0,0.0,0.0,183.65576,0.0,0.0,0.0,0.0,0.0,0.0,0.0,0.0,70.191414,0.0,0.0,0.0,0.0,0.0,0.0,0.0,0.0,28.472097,33.498676,0.0,0.0,87.0946,0.0,0.0,116.85801,0.0,0.0,0.0,0.0,40.315804,37.91092,53.614132,0.0,0.0,29.903036,0.0,0.0,0.0,0.0,82.62784,0.0,59.79014,0.0,0.0,0.0,0.0,0.0,0.0,0.0,0.0,0.0,80.05639,0.0,84.81304,0.0,132.76645,53.932022,62.688217,0.0,96.480865,0.0,0.0,60.879448,0.0,53.81093,0.0,0.0,0.0,87.506516,0.0,0.0,123.4083,5.283992,0.0,0.0,55.505318,0.0,0.0,0.0,32.313923,93.99672,42.9728,109.25095,0.0,0.0,0.0,122.12691,0.0,0.0,0.0,0.0,123.34912,0.0,0.0,0.0,43.847538,0.0,0.0,0.0,69.69312,0.0,0.0,49.66329,70.52081,0.0,0.0,70.591576,0.0,0.0,0.0,149.40703,0.0,91.52204,0.0,0.0,68.096275,0.0,0.0,0.0,0.0,0.0,0.0,92.86611,0.0,0.0,0.0,0.0,62.63754,0.0,0.0,0.0,0.0,0.0,0.0,0.0,0.0,0.0,0.0,0.0,0.0,121.777176,0.0,0.0,0.0,0.0,0.0,0.0,0.0,0.0,162.39221,0.0,0.0,0.0,0.0,0.0,78.725716,0.0,151.37169,0.0,0.0,0.0,0.0,0.0,80.90619,0.0,0.0,0.0,0.0,0.0,0.0,86.47267,0.0,88.12948,53.373417,0.0,123.94498,97.18622,0.0,65.66626,119.12097,146.52863,34.6735,133.36047,66.68947,79.20264,118.933586,0.0,69.473335,167.01405,60.81352,25.096722,96.58605,0.0,0.0,121.134445,0.0,87.506516,83.35623,82.02845,37.812836,0.0,0.0,0.0,37.01466,88.91098,174.29626,146.78624,54.31799,84.888084,0.0,120.71129,93.04399,50.9451,77.624176,0.0,0.0,0.0,0.0,0.0,0.0,0.0,0.0,0.0,0.0,0.0,0.0,0.0,0.0,0.0,0.0,0.0,0.0,0.0,0.0,0.0,0.0,0.0,154.40482,0.0,0.0,0.0,0.0,0.0,0.0,0.0,0.0,0.0,0.0,0.0,0.0,0.0,0.0,0.0,0.0,0.0,0.0,0.0,0.0,0.0,0.0,0.0,0.0,0.0,0.0,0.0,0.0,0.0,0.0,0.0,0.0,0.0,0.0,114.7764,100.31271,205.24371,155.73047,0.0,0.0,0.0,0.0,0.0,0.0,0.0,0.0,0.0,0.0,0.0,0.0,0.0,0.0,36.99489,25.338717,101.11449,65.92204,46.11787,0.0,0.0,0.0,0.0,0.0,0.0,0.0,0.0,0.0,0.0,0.0,0.0,0.0,0.0,0.0,0.0,0.0,0.0,0.0,0.0,0.0,0.0,0.0,0.0,0.0,0.0,148.05927,114.996025,0.0,132.62834,131.07169,218.16135,0.0,98.048164,0.0,0.0,0.0,0.0,0.0,0.0,0.0,0.0,0.0,0.0,0.0,0.0,0.0,42.473244,0.0,0.0,0.0,0.0,0.0,0.0,0.0,0.0,0.0,0.0,0.0,0.0,0.0,0.0,0.0,0.0,0.0,0.0,0.0,0.0,98.292076,76.05782,52.043667,0.0,0.0,101.946396,0.0,0.0,136.0747,69.503,37.29395,63.83263,0.0,0.0,0.0,0.0,25.532213,102.72491,0.0,0.0,0.0,0.0,0.0,0.0,0.0,0.0,0.0,0.0,77.90403,0.0,0.0,0.0,0.0,0.0,0.0,0.0,0.0,0.0,0.0,0.0,0.0,0.0,46.04979,0.0,0.0,52.91826,0.0,0.0
C23x21_C24x21,0.0,73.33306,0.0,0.0,32.03256,0.0,0.0,87.56339,0.0,0.0,0.0,0.0,0.0,0.0,0.0,0.0,155.82402,0.0,0.0,0.0,29.69963,0.0,0.0,60.278824,0.0,0.0,0.0,0.0,0.0,0.0,0.0,0.0,0.0,0.0,0.0,0.0,0.0,0.0,0.0,0.0,0.0,106.242256,0.0,0.0,79.89017,0.0,0.0,0.0,0.0,0.0,0.0,0.0,0.0,110.07257,0.0,0.0,0.0,0.0,100.12405,0.0,0.0,99.75614,0.0,0.0,14.296007,0.0,0.0,0.0,0.0,0.0,0.0,0.0,0.0,0.0,0.0,9.173186,0.0,0.0,0.0,0.0,0.0,0.0,68.84702,0.0,0.0,0.0,0.0,0.0,0.0,0.0,0.0,93.06206,0.0,0.0,0.0,0.0,0.0,0.0,0.0,0.0,53.608376,63.072613,0.0,0.0,61.77064,0.0,0.0,82.87993,0.0,0.0,0.0,0.0,111.23412,104.59887,147.92514,0.0,0.0,87.3455,76.57869,0.0,0.0,0.0,46.223618,0.0,44.897278,0.0,0.0,0.0,0.0,0.0,0.0,0.0,0.0,0.0,93.325645,0.0,75.95454,0.0,44.66328,18.032206,83.453354,0.0,79.55018,0.0,0.0,58.95469,0.0,39.866005,45.132072,0.0,0.0,46.220665,0.0,0.0,64.776794,99.065056,77.018776,0.0,0.0,0.0,52.210995,0.0,40.32534,0.0,80.13833,80.741905,0.0,0.0,0.0,88.48011,0.0,0.0,0.0,0.0,104.737404,0.0,0.0,0.0,45.528645,0.0,0.0,0.0,12.899226,0.0,0.0,0.0,52.880573,0.0,66.27194,79.47002,0.0,63.972023,0.0,114.08456,0.0,66.727196,0.0,0.0,99.62571,0.0,0.0,54.747143,0.0,0.0,0.0,139.11601,0.0,0.0,0.0,0.0,73.6129,0.0,0.0,73.38822,0.0,0.0,0.0,0.0,0.0,0.0,0.0,0.0,0.0,220.5274,0.0,0.0,0.0,0.0,68.11176,0.0,72.16132,0.0,133.78421,1.2690191,0.0,0.0,0.0,0.0,80.92317,0.0,58.536022,0.0,0.0,0.0,0.0,0.0,72.45638,0.0,0.0,0.0,0.0,0.0,25.562393,0.0,0.0,56.448383,46.448463,0.0,131.13084,66.46166,0.0,98.36988,122.445984,100.80507,85.87729,119.43133,97.19817,56.17338,114.41421,0.0,103.190445,62.60855,64.00534,70.49271,83.81289,41.647312,0.0,141.21234,78.52049,71.47637,29.890299,27.279285,56.230366,0.0,0.0,0.0,37.15885,111.992874,118.89723,121.81481,81.22252,96.57019,0.0,162.70651,164.42923,0.0,54.878815,0.0,0.0,0.0,0.0,0.0,0.0,0.0,0.0,0.0,0.0,0.0,0.0,0.0,0.0,0.0,0.0,0.0,0.0,0.0,0.0,0.0,0.0,0.0,103.9129,0.0,0.0,25.562393,0.0,0.0,0.0,0.0,0.0,0.0,0.0,0.0,0.0,0.0,0.0,0.0,0.0,0.0,0.0,0.0,0.0,0.0,0.0,0.0,0.0,0.0,0.0,0.0,0.0,0.0,0.0,0.0,0.0,0.0,0.0,112.31793,25.730669,105.1016,68.22027,0.0,0.0,13.91641,83.977005,0.0,0.0,0.0,0.0,0.0,0.0,0.0,0.0,0.0,0.0,29.963985,0.0,74.87082,51.024082,24.83631,0.0,0.0,0.0,0.0,0.0,0.0,0.0,0.0,0.0,0.0,0.0,0.0,0.0,0.0,0.0,0.0,0.0,0.0,0.0,0.0,0.0,0.0,0.0,0.0,0.0,0.0,152.19202,0.0,0.0,99.45236,24.259546,140.08765,51.76477,77.86538,97.59563,0.0,0.0,0.0,49.93655,0.0,0.0,0.0,0.0,0.0,0.0,0.0,0.0,34.401173,0.0,0.0,0.0,0.0,0.0,0.0,0.0,0.0,0.0,0.0,0.0,55.918755,0.0,0.0,0.0,0.0,0.0,0.0,0.0,0.0,0.0,0.0,63.394062,0.0,0.0,82.57142,0.0,0.0,105.463844,0.0,0.0,55.390995,0.0,85.97775,0.0,0.0,27.87113,40.643856,0.0,0.0,0.0,0.0,0.0,0.0,0.0,0.0,22.888798,0.0,28.945562,0.0,0.0,0.0,0.0,67.448944,0.0,0.0,0.0,0.0,0.0,0.0,0.0,0.0,33.63536,0.0,0.0,0.0,0.0,58.984764
C23x22_C23x23,0.0,0.0,0.0,0.0,4.5630627,0.0,0.0,0.0,0.0,0.0,92.3302,0.0,0.0,0.0,0.0,0.0,119.87682,0.0,0.0,0.0,0.0,0.0,0.0,0.0,0.0,0.0,0.0,0.0,0.0,0.0,0.0,0.0,0.0,0.0,0.0,0.0,0.0,118.458145,0.0,0.0,0.0,0.0,0.0,0.0,0.0,0.0,0.0,0.0,0.0,0.0,0.0,0.0,0.0,0.0,0.0,123.77734,0.0,0.0,0.0,0.0,0.0,127.72806,0.0,0.0,0.0,0.0,0.0,0.0,0.0,0.0,0.0,0.0,0.0,0.0,0.0,0.0,0.0,79.49135,0.0,0.0,0.0,0.0,153.30011,0.0,0.0,0.0,0.0,0.0,0.0,0.0,0.0,63.450256,0.0,0.0,0.0,0.0,0.0,0.0,0.0,0.0,0.0,36.332787,34.63408,0.0,72.09067,0.0,0.0,0.0,0.0,0.0,0.0,0.0,0.0,69.06505,97.67273,0.0,0.0,0.0,77.992485,0.0,0.0,0.0,124.746704,0.0,129.51326,0.0,0.0,0.0,0.0,0.0,0.0,106.00788,0.0,0.0,0.0,0.0,104.31403,0.0,200.96611,0.0,0.0,0.0,0.0,0.0,0.0,113.5666,0.0,123.43023,0.0,0.0,0.0,100.98301,0.0,0.0,99.51652,64.50587,0.0,0.0,92.37948,0.0,0.0,0.0,0.0,119.259544,44.504215,122.19826,0.0,0.0,0.0,52.97442,0.0,0.0,0.0,0.0,0.0,0.0,0.0,0.0,0.0,0.0,0.0,0.0,0.0,0.0,0.0,90.11241,0.0,0.0,0.0,110.00499,0.0,0.0,0.0,143.37265,0.0,0.0,0.0,0.0,0.0,0.0,0.0,54.03413,0.0,0.0,0.0,134.67316,0.0,0.0,0.0,0.0,76.36485,0.0,0.0,0.0,0.0,0.0,0.0,0.0,0.0,0.0,0.0,0.0,0.0,94.818054,0.0,0.0,0.0,0.0,0.0,0.0,149.31137,0.0,100.33022,0.0,0.0,0.0,0.0,0.0,0.0,0.0,114.69773,0.0,0.0,0.0,0.0,0.0,133.47157,0.0,0.0,83.80284,0.0,0.0,86.35659,0.0,0.0,0.0,54.138283,0.0,184.96082,146.28279,52.51873,95.22831,0.0,0.0,0.0,0.0,0.0,0.0,0.0,0.0,0.0,0.0,0.0,0.0,0.0,0.0,0.0,0.0,0.0,122.94875,106.096405,24.939041,58.790794,0.0,0.0,0.0,0.0,108.686104,139.15872,198.26169,161.93358,132.17032,0.0,127.06092,168.60524,32.541847,141.82327,0.0,0.0,0.0,0.0,0.0,0.0,0.0,0.0,0.0,0.0,0.0,0.0,0.0,0.0,0.0,0.0,0.0,0.0,0.0,0.0,0.0,0.0,0.0,232.75859,0.0,0.0,135.3864,0.0,0.0,0.0,0.0,0.0,0.0,0.0,0.0,0.0,0.0,0.0,0.0,0.0,0.0,0.0,0.0,0.0,0.0,0.0,0.0,0.0,0.0,0.0,0.0,0.0,0.0,0.0,0.0,0.0,0.0,0.0,175.19148,220.32675,138.52116,97.544044,0.0,0.0,76.318924,123.89992,0.0,0.0,0.0,0.0,0.0,0.0,0.0,0.0,0.0,0.0,72.16796,60.523594,30.533546,98.57008,98.86697,0.0,0.0,0.0,15.108402,154.64514,0.0,0.0,0.0,0.0,0.0,0.0,0.0,0.0,0.0,0.0,0.0,0.0,0.0,0.0,0.0,0.0,0.0,0.0,0.0,0.0,0.0,213.61852,162.40163,89.54899,154.85558,91.66196,143.71042,25.29884,118.93725,0.0,0.0,0.0,0.0,0.0,0.0,0.0,0.0,0.0,0.0,0.0,0.0,0.0,104.93607,0.0,0.0,0.0,0.0,0.0,0.0,0.0,0.0,0.0,0.0,0.0,53.600246,0.0,0.0,0.0,0.0,0.0,0.0,0.0,0.0,28.317589,166.76613,0.0,0.0,0.0,161.18619,0.0,0.0,100.86705,20.02356,0.0,0.0,0.0,0.0,0.0,0.0,0.0,112.077515,0.0,0.0,0.0,0.0,0.0,0.0,0.0,0.0,0.0,61.063328,69.70079,0.0,0.0,46.970646,0.0,0.0,0.0,0.0,46.970646,0.0,0.0,0.0,0.0,0.0,0.0,0.0,0.0,0.0,0.0,0.0
C23x22_C24x22,0.0,35.62598,0.0,0.0,63.111332,0.0,0.0,0.0,0.0,0.0,0.0,0.0,60.28993,0.0,0.0,0.0,190.78656,0.0,0.0,0.0,0.0,0.0,0.0,0.0,0.0,0.0,0.0,0.0,0.0,0.0,0.0,0.0,0.0,0.0,0.0,0.0,0.0,115.30954,0.0,0.0,0.0,63.495125,0.0,0.0,0.0,0.0,0.0,0.0,0.0,0.0,0.0,0.0,0.0,0.0,0.0,69.817825,0.0,0.0,0.0,93.42081,0.0,134.45522,0.0,0.0,0.0,0.0,0.0,0.0,0.0,0.0,0.0,0.0,0.0,0.0,0.0,0.0,0.0,0.0,0.0,0.0,0.0,0.0,99.437935,0.0,0.0,0.0,0.0,0.0,0.0,0.0,0.0,148.44212,0.0,0.0,0.0,0.0,0.0,0.0,0.0,0.0,0.0,0.0,40.415554,0.0,49.70156,0.0,0.0,49.70156,0.0,0.0,0.0,0.0,0.0,70.19078,99.264755,0.0,0.0,71.040115,0.0,0.0,0.0,0.0,52.11787,0.0,106.18755,0.0,0.0,0.0,0.0,0.0,0.0,61.1183,0.0,0.0,0.0,0.0,91.89289,0.0,145.06845,0.0,0.0,0.0,0.0,0.0,0.0,117.62605,18.803722,139.05838,0.0,0.0,0.0,123.23188,0.0,88.93193,104.56511,62.47115,0.0,0.0,0.0,0.0,0.0,0.0,0.0,85.59576,53.979076,87.630646,0.0,0.0,0.0,97.55114,0.0,0.0,0.0,0.0,0.0,0.0,0.0,0.0,0.0,0.0,0.0,0.0,0.0,0.0,0.0,51.283745,0.0,39.77527,0.0,131.7453,0.0,0.0,0.0,122.96436,0.0,0.0,0.0,0.0,0.0,0.0,0.0,60.09552,0.0,0.0,0.0,150.85184,0.0,0.0,0.0,0.0,56.46348,0.0,0.0,0.0,0.0,0.0,0.0,0.0,0.0,0.0,0.0,0.0,0.0,91.087776,0.0,0.0,0.0,0.0,0.0,77.490486,121.48807,0.0,73.38832,0.0,0.0,0.0,0.0,0.0,0.0,0.0,82.805,0.0,0.0,0.0,0.0,0.0,138.97406,0.0,0.0,70.56708,0.0,0.0,81.486855,0.0,0.0,0.0,69.64823,0.0,199.38846,109.481415,45.57081,106.66836,0.0,0.0,0.0,0.0,0.0,0.0,0.0,0.0,0.0,0.0,0.0,0.0,0.0,0.0,0.0,0.0,0.0,150.03717,0.0,12.953716,49.339603,0.0,0.0,0.0,0.0,157.93095,232.93968,367.00415,121.87211,172.3857,45.007824,232.46756,98.09588,0.0,120.80712,0.0,0.0,0.0,0.0,0.0,0.0,0.0,0.0,0.0,0.0,0.0,0.0,0.0,0.0,0.0,0.0,0.0,0.0,0.0,0.0,0.0,0.0,0.0,201.13043,0.0,35.924088,0.0,0.0,0.0,0.0,0.0,0.0,0.0,0.0,0.0,107.54014,45.24788,0.0,0.0,0.0,0.0,0.0,0.0,0.0,0.0,0.0,0.0,0.0,0.0,0.0,0.0,0.0,0.0,0.0,0.0,0.0,0.0,0.0,168.73436,102.15834,161.89647,87.599594,0.0,0.0,12.710204,94.1939,0.0,0.0,0.0,0.0,0.0,0.0,0.0,0.0,0.0,0.0,0.0,37.40266,108.425156,73.11696,0.0,0.0,0.0,0.0,94.47519,110.305504,0.0,0.0,0.0,0.0,0.0,0.0,0.0,0.0,0.0,0.0,0.0,0.0,0.0,0.0,0.0,0.0,0.0,0.0,0.0,0.0,0.0,109.99356,49.239315,104.22619,69.32753,84.7287,172.68951,21.95195,128.0927,44.71662,0.0,0.0,0.0,0.0,0.0,0.0,0.0,0.0,0.0,0.0,0.0,0.0,69.01061,0.0,0.0,0.0,0.0,0.0,0.0,0.0,0.0,0.0,0.0,0.0,0.0,0.0,39.059982,145.6552,40.043262,34.5964,0.0,0.0,0.0,115.06844,109.775826,67.90852,0.0,0.0,113.39541,0.0,0.0,116.54868,81.36568,33.07829,0.0,0.0,0.0,0.0,0.0,29.555737,45.923138,0.0,0.0,0.0,0.0,0.0,0.0,0.0,0.0,0.0,57.619907,75.78643,0.0,0.0,20.909264,0.0,0.0,0.0,0.0,20.909264,0.0,0.0,0.0,0.0,0.0,0.0,0.0,0.0,0.0,25.55968,0.0
C23x23_C23x24,0.0,0.0,0.0,0.0,64.927795,0.0,0.0,0.0,124.50512,0.0,80.566025,0.0,212.42369,0.0,0.0,0.0,92.92656,0.0,0.0,0.0,0.0,0.0,0.0,0.0,0.0,0.0,0.0,0.0,0.0,0.0,0.0,0.0,0.0,0.0,0.0,0.0,0.0,184.04858,0.0,0.0,0.0,0.0,0.0,0.0,0.0,0.0,0.0,0.0,0.0,0.0,0.0,0.0,0.0,0.0,0.0,88.54058,0.0,0.0,146.5562,0.0,0.0,82.84757,0.0,0.0,0.0,0.0,0.0,0.0,0.0,0.0,0.0,0.0,0.0,0.0,0.0,44.30978,0.0,103.68164,0.0,0.0,0.0,0.0,171.51329,0.0,0.0,0.0,0.0,0.0,0.0,0.0,0.0,123.98162,0.0,0.0,0.0,0.0,0.0,0.0,0.0,0.0,0.0,27.10408,52.880573,0.0,70.46902,0.0,0.0,52.208355,51.27056,0.0,0.0,0.0,0.0,0.0,0.0,0.0,0.0,0.0,91.087616,0.0,0.0,0.0,0.0,0.0,0.0,0.0,0.0,0.0,0.0,0.0,0.0,168.15404,0.0,0.0,0.0,0.0,0.0,0.0,177.84613,0.0,0.0,0.0,0.0,0.0,0.0,0.0,86.70014,81.81899,64.61264,0.0,0.0,58.96781,64.61264,78.40118,114.2379,0.0,0.0,0.0,130.9486,0.0,0.0,0.0,0.0,158.0273,0.0,109.13577,0.0,0.0,0.0,0.0,0.0,0.0,0.0,0.0,0.0,0.0,0.0,0.0,0.0,0.0,0.0,0.0,0.0,0.0,0.0,117.39365,0.0,140.42793,0.0,111.97572,0.0,0.0,0.0,104.18504,0.0,0.0,0.0,0.0,0.0,0.0,0.0,157.5819,0.0,0.0,0.0,77.17196,0.0,0.0,0.0,0.0,93.45522,0.0,0.0,0.0,0.0,0.0,0.0,0.0,0.0,0.0,0.0,0.0,0.0,96.52835,0.0,0.0,0.0,0.0,0.0,309.21265,53.66227,0.0,104.69118,0.0,0.0,0.0,0.0,0.0,0.0,0.0,154.20494,0.0,0.0,0.0,0.0,0.0,127.91115,0.0,0.0,172.26204,0.0,0.0,143.274,0.0,0.0,0.0,0.0,0.0,176.24748,156.69618,52.612465,80.30697,0.0,0.0,0.0,0.0,0.0,0.0,0.0,0.0,0.0,0.0,0.0,0.0,0.0,0.0,0.0,0.0,0.0,107.8521,0.0,0.0,24.036362,0.0,0.0,0.0,73.11251,98.39118,72.57722,132.231,84.455284,77.93083,45.827377,66.44791,0.0,59.248363,0.0,0.0,0.0,0.0,0.0,0.0,0.0,0.0,0.0,0.0,0.0,0.0,0.0,0.0,0.0,0.0,0.0,0.0,0.0,0.0,44.240177,108.97911,67.08969,0.0,103.01051,0.0,0.0,166.4935,0.0,0.0,0.0,0.0,0.0,0.0,0.0,0.0,0.0,0.0,0.0,0.0,0.0,0.0,0.0,0.0,0.0,0.0,0.0,0.0,0.0,0.0,0.0,0.0,0.0,0.0,0.0,97.97315,0.0,0.0,0.0,201.33469,147.30934,175.52586,100.96393,0.0,0.0,0.0,31.588688,0.0,0.0,0.0,0.0,0.0,0.0,0.0,0.0,0.0,0.0,0.0,55.11227,49.98215,90.323494,75.78575,0.0,0.0,0.0,53.064873,103.75605,0.0,0.0,0.0,0.0,0.0,0.0,0.0,0.0,0.0,0.0,0.0,0.0,0.0,0.0,0.0,0.0,0.0,0.0,0.0,0.0,0.0,0.0,0.0,0.0,0.0,0.0,0.0,0.0,0.0,0.0,0.0,0.0,44.717308,0.0,0.0,0.0,0.0,0.0,0.0,0.0,0.0,0.0,0.0,0.0,0.0,0.0,0.0,0.0,0.0,0.0,0.0,0.0,0.0,0.0,54.395885,0.0,56.4563,167.74371,38.366245,33.1475,0.0,0.0,0.0,99.45918,203.61497,31.281322,0.0,0.0,152.12979,0.0,0.0,59.51387,142.80144,0.0,0.0,0.0,144.50731,0.0,0.0,97.20327,253.21019,0.0,0.0,0.0,0.0,0.0,0.0,0.0,0.0,0.0,101.31002,0.0,0.0,0.0,0.0,0.0,0.0,0.0,0.0,0.0,0.0,0.0,0.0,0.0,0.0,0.0,0.0,0.0,0.0,118.701706,97.68427
C23x23_C24x23,0.0,0.0,0.0,0.0,88.028015,0.0,0.0,0.0,56.471622,0.0,28.011278,0.0,137.80753,0.0,0.0,0.0,110.03622,0.0,0.0,65.39129,0.0,0.0,63.8583,0.0,0.0,0.0,0.0,0.0,0.0,0.0,0.0,0.0,0.0,0.0,0.0,0.0,0.0,85.49604,0.0,78.0422,0.0,0.0,0.0,0.0,0.0,0.0,0.0,0.0,0.0,0.0,0.0,0.0,0.0,0.0,0.0,78.46398,88.917305,0.0,153.83684,0.0,0.0,63.297874,0.0,0.0,0.0,0.0,0.0,0.0,0.0,0.0,0.0,0.0,0.0,0.0,0.0,0.0,0.0,52.470303,33.46616,57.96509,0.0,0.0,83.104546,0.0,0.0,0.0,0.0,0.0,0.0,0.0,0.0,88.84409,0.0,27.532501,0.0,0.0,0.0,0.0,0.0,0.0,0.0,34.719887,33.09659,0.0,13.649353,0.0,32.87479,43.247543,0.0,0.0,0.0,0.0,0.0,0.0,0.0,0.0,0.0,0.0,0.0,0.0,66.27677,0.0,0.0,0.0,71.96873,0.0,37.015,0.0,0.0,0.0,0.0,78.64306,0.0,0.0,0.0,0.0,63.718487,0.0,238.25063,0.0,0.0,0.0,0.0,0.0,0.0,67.81234,0.0,94.44455,42.806133,0.0,0.0,69.27871,42.806133,0.0,51.63812,22.237906,0.0,0.0,141.80754,0.0,0.0,0.0,0.0,55.276833,0.0,81.94525,0.0,0.0,0.0,0.0,0.0,0.0,0.0,0.0,0.0,0.0,0.0,0.0,0.0,0.0,0.0,0.0,0.0,0.0,0.0,50.633404,0.0,102.807365,0.0,82.83287,0.0,0.0,0.0,146.86136,0.0,0.0,0.0,0.0,0.0,0.0,0.0,117.92074,0.0,0.0,0.0,54.831642,0.0,0.0,0.0,0.0,58.247715,0.0,0.0,0.0,0.0,0.0,0.0,0.0,0.0,0.0,0.0,0.0,0.0,71.592514,0.0,0.0,0.0,0.0,0.0,225.99632,81.61956,0.0,76.85236,0.0,0.0,0.0,0.0,0.0,0.0,0.0,45.220722,0.0,0.0,0.0,0.0,0.0,78.354355,0.0,0.0,63.05047,0.0,0.0,96.597824,0.0,0.0,0.0,38.572796,0.0,113.269485,73.60417,0.0,0.0,0.0,0.0,0.0,0.0,0.0,0.0,0.0,0.0,0.0,0.0,0.0,0.0,0.0,0.0,0.0,0.0,0.0,90.639465,0.0,0.0,57.017075,0.0,0.0,0.0,39.51322,74.729774,47.688324,90.01661,94.09594,71.64423,0.0,89.3621,72.258316,32.020428,133.55647,52.20061,0.0,122.06284,48.121914,84.31517,101.7368,47.328297,67.96332,40.26662,129.49187,116.87921,33.96122,46.49197,68.191475,111.3573,90.59188,0.0,53.235924,156.86502,31.677874,78.033745,64.59611,64.35404,110.16214,0.0,34.462326,80.727974,0.0,0.0,0.0,0.0,0.0,0.0,0.0,0.0,0.0,0.0,0.0,0.0,0.0,0.0,0.0,0.0,0.0,0.0,0.0,0.0,0.0,0.0,0.0,0.0,0.0,0.0,0.0,0.0,0.0,0.0,0.0,84.43065,99.23803,98.03601,72.294525,0.0,0.0,77.18443,54.08319,0.0,56.18523,53.235924,0.0,41.462135,0.0,0.0,0.0,0.0,0.0,45.755726,38.372997,32.569984,52.18457,52.359753,0.0,0.0,0.0,212.7027,129.8591,0.0,0.0,0.0,0.0,0.0,0.0,0.0,0.0,0.0,64.751595,89.18879,103.0301,26.325436,95.44312,39.61919,32.79665,0.0,0.0,0.0,0.0,0.0,0.0,0.0,0.0,0.0,0.0,0.0,0.0,0.0,0.0,52.250465,44.621708,59.701485,0.0,0.0,0.0,0.0,0.0,0.0,0.0,0.0,0.0,77.90222,0.0,0.0,0.0,0.0,0.0,0.0,0.0,0.0,0.0,0.0,0.0,0.0,0.0,0.0,0.0,0.0,0.0,0.0,0.0,0.0,91.56458,129.28027,46.205067,0.0,0.0,99.79285,0.0,0.0,65.63286,45.959988,0.0,0.0,0.0,0.0,0.0,0.0,73.421684,190.94046,0.0,0.0,0.0,0.0,0.0,0.0,0.0,0.0,0.0,68.30497,47.914833,0.0,0.0,37.456627,0.0,0.0,0.0,0.0,0.0,0.0,0.0,0.0,0.0,0.0,0.0,0.0,0.0,0.0,86.90159,0.0
C23x24_C23x25,0.0,0.0,0.0,0.0,103.41058,0.0,0.0,0.0,0.0,41.430077,55.964325,0.0,173.69823,0.0,0.0,0.0,133.575,0.0,0.0,0.0,0.0,0.0,0.0,91.83704,0.0,0.0,0.0,0.0,0.0,0.0,0.0,0.0,0.0,0.0,0.0,0.0,0.0,150.91055,0.0,0.0,0.0,0.0,78.29177,0.0,0.0,0.0,0.0,0.0,0.0,0.0,0.0,0.0,0.0,0.0,0.0,146.75906,0.0,0.0,95.688866,0.0,0.0,13.699444,0.0,0.0,31.334162,0.0,0.0,0.0,0.0,0.0,0.0,0.0,0.0,38.557037,0.0,0.0,0.0,52.742176,0.0,0.0,92.69247,0.0,121.146454,0.0,0.0,0.0,0.0,0.0,0.0,0.0,0.0,84.51164,0.0,0.0,0.0,0.0,0.0,0.0,0.0,53.56179,0.0,0.0,0.0,0.0,100.87109,0.0,0.0,74.73233,21.358826,0.0,0.0,0.0,0.0,0.0,0.0,0.0,0.0,0.0,99.00085,0.0,0.0,0.0,0.0,0.0,0.0,0.0,0.0,0.0,0.0,0.0,0.0,201.3432,0.0,0.0,0.0,0.0,0.0,0.0,112.69788,0.0,0.0,0.0,0.0,0.0,0.0,0.0,8.301444,0.0,32.885914,0.0,0.0,0.0,32.885914,106.50361,88.38449,31.923653,0.0,0.0,106.92666,0.0,89.60119,0.0,0.0,139.34799,0.0,105.088615,0.0,0.0,48.25847,0.0,0.0,0.0,0.0,0.0,0.0,0.0,0.0,0.0,0.0,0.0,0.0,0.0,0.0,0.0,0.0,115.90748,0.0,154.51486,0.0,115.83252,0.0,0.0,0.0,95.399254,0.0,0.0,0.0,0.0,0.0,0.0,0.0,0.0,0.0,0.0,0.0,81.01685,0.0,0.0,0.0,0.0,0.0,0.0,0.0,0.0,0.0,0.0,0.0,0.0,0.0,0.0,0.0,0.0,0.0,77.93293,0.0,0.0,0.0,0.0,0.0,155.56335,0.0,0.0,56.707146,0.0,0.0,0.0,0.0,0.0,0.0,0.0,105.08941,0.0,0.0,0.0,0.0,0.0,0.0,0.0,0.0,154.91563,0.0,0.0,0.0,0.0,0.0,0.0,0.0,0.0,189.21982,55.674744,63.347305,84.30806,84.34153,33.00546,85.24429,75.54216,75.34723,15.811819,107.768585,36.793118,41.645924,75.11522,40.970074,16.777498,58.390247,0.0,0.0,38.444992,0.0,99.808304,0.0,0.0,43.051662,0.0,0.0,0.0,75.08945,0.0,68.017456,93.399864,56.59015,61.21661,56.005943,79.562965,0.0,0.0,0.0,0.0,0.0,0.0,0.0,0.0,0.0,0.0,0.0,0.0,0.0,0.0,0.0,0.0,0.0,0.0,0.0,0.0,0.0,0.0,114.6891,39.820126,136.47499,119.91603,0.0,0.0,0.0,150.1471,0.0,0.0,0.0,0.0,0.0,0.0,0.0,0.0,0.0,0.0,0.0,0.0,0.0,0.0,0.0,0.0,0.0,0.0,0.0,0.0,0.0,0.0,0.0,0.0,0.0,0.0,0.0,123.05814,0.0,0.0,0.0,124.872604,150.0662,132.83456,113.60836,0.0,0.0,0.0,0.0,0.0,0.0,0.0,0.0,0.0,0.0,0.0,0.0,0.0,0.0,101.20516,68.83957,6.589095,96.53624,146.0737,0.0,0.0,0.0,0.0,0.0,57.528275,49.15146,91.09926,59.994473,45.15711,0.0,0.0,51.108177,74.0369,0.0,0.0,0.0,0.0,0.0,0.0,0.0,0.0,0.0,0.0,0.0,0.0,84.34153,61.850857,60.510452,85.805664,63.562927,78.87214,0.0,31.231306,0.0,0.0,0.0,88.29826,0.0,0.0,0.0,0.0,0.0,0.0,0.0,0.0,0.0,0.0,0.0,0.0,0.0,0.0,0.0,0.0,0.0,0.0,0.0,0.0,0.0,152.81865,0.0,91.38261,92.911835,0.0,46.560055,0.0,0.0,0.0,71.746025,72.96216,0.0,72.04608,0.0,76.53574,0.0,0.0,93.6298,113.92971,37.31406,0.0,68.38643,138.51424,0.0,0.0,0.0,135.71658,0.0,0.0,0.0,0.0,0.0,0.0,0.0,0.0,0.0,0.0,0.0,0.0,96.71301,57.97725,0.0,0.0,0.0,0.0,0.0,0.0,0.0,0.0,0.0,0.0,0.0,0.0,0.0,0.0,0.0,90.28373
C23x24_C24x24,0.0,0.0,0.0,0.0,52.22753,0.0,0.0,0.0,108.26456,0.0,71.64955,0.0,167.83243,0.0,0.0,0.0,201.28427,0.0,0.0,0.0,0.0,0.0,0.0,0.0,0.0,0.0,0.0,0.0,0.0,0.0,0.0,0.0,0.0,0.0,0.0,0.0,0.0,139.24863,0.0,0.0,0.0,0.0,0.0,0.0,0.0,0.0,0.0,0.0,0.0,0.0,0.0,0.0,0.0,0.0,0.0,57.831184,0.0,0.0,68.33221,0.0,0.0,76.005615,0.0,0.0,0.0,0.0,0.0,0.0,0.0,0.0,0.0,0.0,0.0,0.0,0.0,47.414986,0.0,87.349304,0.0,0.0,63.552013,0.0,135.12836,0.0,0.0,0.0,0.0,0.0,0.0,0.0,0.0,73.457825,0.0,0.0,0.0,0.0,0.0,0.0,0.0,0.0,0.0,20.310905,38.356632,0.0,103.32733,0.0,0.0,0.0,75.17702,0.0,0.0,0.0,0.0,0.0,0.0,0.0,0.0,0.0,89.76468,0.0,0.0,0.0,0.0,0.0,0.0,0.0,0.0,0.0,0.0,0.0,0.0,161.2693,0.0,0.0,0.0,0.0,0.0,0.0,291.3463,0.0,0.0,0.0,0.0,0.0,0.0,0.0,74.67538,70.471214,62.482975,0.0,0.0,37.310017,62.482975,53.471237,75.047455,0.0,0.0,0.0,132.64963,0.0,72.940544,0.0,0.0,197.73259,0.0,126.19643,0.0,0.0,0.0,0.0,0.0,0.0,0.0,0.0,0.0,0.0,0.0,0.0,0.0,0.0,0.0,0.0,0.0,0.0,0.0,76.85854,0.0,108.44089,0.0,86.689415,0.0,0.0,67.14804,117.87829,0.0,0.0,0.0,0.0,0.0,0.0,0.0,140.04514,81.44593,0.0,0.0,145.73273,0.0,0.0,0.0,0.0,84.32729,0.0,0.0,0.0,0.0,0.0,0.0,0.0,0.0,0.0,0.0,0.0,0.0,56.606663,58.545296,0.0,0.0,0.0,0.0,267.98657,38.511177,0.0,59.405663,0.0,0.0,0.0,0.0,0.0,0.0,0.0,141.0859,0.0,0.0,0.0,0.0,0.0,37.84115,0.0,0.0,158.45752,0.0,0.0,125.994675,0.0,0.0,0.0,69.11609,0.0,128.40082,84.054054,132.98921,123.47673,0.0,0.0,0.0,0.0,0.0,0.0,0.0,0.0,0.0,0.0,0.0,0.0,0.0,0.0,0.0,0.0,0.0,109.73391,0.0,0.0,0.0,0.0,0.0,0.0,66.73311,75.96445,55.466633,104.17944,72.10708,64.69001,11.528969,65.83791,0.0,0.0,0.0,0.0,0.0,0.0,0.0,0.0,0.0,0.0,0.0,0.0,0.0,0.0,0.0,0.0,0.0,0.0,0.0,0.0,0.0,0.0,82.41595,155.68254,114.33416,146.53352,0.0,0.0,105.711914,122.104546,0.0,0.0,0.0,0.0,0.0,0.0,0.0,0.0,0.0,0.0,0.0,0.0,0.0,0.0,0.0,0.0,0.0,0.0,0.0,0.0,0.0,0.0,0.0,0.0,0.0,0.0,0.0,36.96626,0.0,0.0,12.970642,224.5241,142.77188,163.65527,84.83632,0.0,0.0,0.0,33.802402,0.0,0.0,0.0,0.0,0.0,0.0,0.0,0.0,0.0,0.0,0.0,26.948765,45.1959,114.47929,116.52509,0.0,0.0,0.0,89.17068,90.222015,0.0,0.0,0.0,0.0,0.0,0.0,0.0,0.0,0.0,0.0,0.0,0.0,0.0,0.0,0.0,0.0,0.0,0.0,0.0,0.0,0.0,0.0,0.0,0.0,0.0,0.0,0.0,0.0,0.0,0.0,0.0,0.0,158.76251,0.0,0.0,0.0,0.0,0.0,0.0,0.0,0.0,0.0,109.658676,0.0,0.0,0.0,0.0,0.0,0.0,0.0,0.0,0.0,0.0,0.0,94.316734,0.0,43.89573,80.97616,0.0,0.0,0.0,0.0,0.0,0.0,137.6383,12.970642,66.15421,0.0,63.845123,0.0,0.0,114.14794,73.339584,30.387903,0.0,0.0,114.742615,0.0,22.396912,124.63554,232.08316,0.0,0.0,0.0,0.0,0.0,48.87245,60.282524,39.4166,0.0,89.09169,0.0,0.0,0.0,73.72378,0.0,0.0,0.0,0.0,44.022163,0.0,0.0,0.0,0.0,0.0,0.0,0.0,0.0,0.0,143.91672,0.0
C23x25_C23x26,0.0,0.0,0.0,0.0,65.42294,0.0,0.0,0.0,0.0,112.9674,77.39591,0.0,100.99685,78.7449,0.0,0.0,152.18713,0.0,77.83332,0.0,0.0,0.0,0.0,75.24892,0.0,0.0,0.0,0.0,51.554333,0.0,0.0,0.0,0.0,0.0,0.0,0.0,0.0,10.972257,0.0,0.0,85.22751,51.733242,0.0,0.0,0.0,0.0,0.0,40.407555,0.0,0.0,0.0,0.0,0.0,0.0,83.09381,102.22115,0.0,0.0,34.512955,0.0,30.852528,0.0,0.0,0.0,0.0,0.0,0.0,0.0,0.0,0.0,0.0,0.0,37.279686,37.954613,0.0,37.279686,0.0,32.92549,0.0,0.0,30.202366,0.0,125.391045,0.0,70.33831,0.0,0.0,0.0,0.0,0.0,0.0,67.17744,0.0,0.0,0.0,0.0,0.0,0.0,0.0,47.835724,0.0,49.685825,0.0,0.0,96.39464,0.0,0.0,91.36113,107.764015,0.0,39.6521,0.0,0.0,0.0,39.6521,0.0,0.0,0.0,72.60194,0.0,0.0,0.0,27.19212,0.0,0.0,0.0,0.0,0.0,0.0,0.0,0.0,97.171265,0.0,0.0,48.585632,0.0,0.0,88.9932,179.88692,0.0,0.0,0.0,0.0,0.0,0.0,0.0,0.0,20.388191,18.772106,0.0,0.0,26.547768,0.0,0.0,78.89037,126.56391,63.150013,0.0,25.958096,57.203846,0.0,0.0,0.0,218.55083,0.0,54.006577,0.0,0.0,37.159157,21.072348,0.0,0.0,0.0,20.551764,0.0,0.0,0.0,0.0,0.0,0.0,0.0,0.0,0.0,49.152958,0.0,74.801285,0.0,84.979385,0.0,64.32943,0.0,0.0,0.0,152.15709,0.0,0.0,0.0,0.0,0.0,0.0,0.0,0.0,0.0,0.0,0.0,0.0,0.0,0.0,0.0,0.0,44.668785,0.0,0.0,0.0,0.0,0.0,0.0,13.316596,0.0,0.0,0.0,0.0,0.0,54.29485,0.0,0.0,0.0,0.0,0.0,112.85449,0.0,0.0,45.02311,0.0,0.0,0.0,33.81626,0.0,0.0,0.0,100.54996,0.0,56.403667,0.0,0.0,0.0,13.121739,0.0,0.0,81.17954,0.0,0.0,0.0,0.0,0.0,0.0,0.0,0.0,90.42974,36.27785,0.0,0.0,0.0,89.58832,121.98535,69.00696,0.0,100.146774,166.6425,38.48556,94.921455,130.27185,21.459583,78.97412,90.822426,146.04047,71.732124,108.713715,35.620384,142.76347,0.0,0.0,0.0,0.0,0.0,0.0,50.6489,0.0,94.857765,130.18443,78.921135,90.76148,71.68399,108.64077,0.0,61.191044,0.0,0.0,0.0,0.0,0.0,0.0,0.0,0.0,0.0,0.0,0.0,0.0,0.0,0.0,0.0,0.0,0.0,0.0,0.0,0.0,0.0,0.0,0.0,0.0,30.621458,0.0,0.0,56.71024,0.0,0.0,0.0,0.0,0.0,0.0,0.0,0.0,0.0,0.0,0.0,0.0,0.0,0.0,0.0,0.0,0.0,0.0,0.0,0.0,0.0,0.0,0.0,0.0,0.0,0.0,0.0,30.182995,0.0,0.0,13.316596,123.01891,119.253975,105.5158,86.507675,18.772106,9.134684,32.68645,22.750853,0.0,1.1395242,22.679363,78.85234,0.0,0.0,0.0,0.0,0.0,0.0,74.058975,0.0,74.85989,97.85124,117.100365,0.0,0.0,0.0,0.0,81.45603,96.47508,61.42972,77.57759,32.313713,33.102894,0.0,62.422855,87.57367,108.59336,0.0,0.0,0.0,0.0,0.0,0.0,0.0,0.0,0.0,0.0,0.0,0.0,0.0,0.0,52.016582,50.042843,27.451937,86.937996,115.0932,17.23677,28.072111,0.0,0.0,0.0,0.0,0.0,0.0,0.0,51.333496,11.586777,78.85234,33.529655,72.133446,47.357327,0.0,0.0,0.0,0.0,0.0,0.0,0.0,0.0,0.0,0.0,0.0,96.378525,0.0,0.0,0.0,0.0,0.0,15.919231,0.0,0.0,0.0,32.330505,61.469902,0.0,0.0,51.423462,0.0,0.0,68.7767,81.51216,54.4544,40.58977,24.104706,70.23932,0.0,0.0,0.0,62.126816,0.0,0.0,0.0,0.0,0.0,0.0,0.0,0.0,0.0,0.0,0.0,0.0,0.0,24.104706,0.0,0.0,0.0,53.809067,51.91517,0.0,0.0,0.0,0.0,0.0,0.0,0.0,0.0,0.0,0.0,56.30889
C23x25_C24x25,0.0,0.0,0.0,0.0,181.14774,0.0,0.0,0.0,0.0,37.011925,83.36202,0.0,163.77737,85.86936,0.0,0.0,251.4351,0.0,57.422794,0.0,0.0,0.0,0.0,61.532406,0.0,0.0,0.0,0.0,55.066494,0.0,0.0,0.0,0.0,0.0,0.0,0.0,0.0,150.65851,0.0,0.0,71.689735,54.17563,0.0,0.0,0.0,0.0,0.0,0.0,0.0,0.0,0.0,0.0,0.0,0.0,0.0,104.32704,0.0,0.0,46.457577,0.0,31.440687,33.666145,0.0,0.0,23.332314,0.0,18.06837,0.0,0.0,0.0,0.0,0.0,0.0,20.960419,0.0,27.948496,0.0,57.192394,36.78954,36.78954,78.020615,0.0,110.79655,0.0,69.461426,0.0,0.0,0.0,0.0,0.0,0.0,77.60339,0.0,0.0,0.0,0.0,0.0,0.0,0.0,17.226088,0.0,24.618917,0.0,0.0,96.75888,0.0,36.694424,111.90503,131.99635,0.0,0.0,0.0,0.0,0.0,0.0,0.0,0.0,51.58632,83.94511,0.0,35.30936,0.0,0.0,0.0,0.0,0.0,0.0,0.0,0.0,0.0,0.0,62.259907,0.0,0.0,0.0,0.0,0.0,0.0,204.85869,0.0,0.0,0.0,0.0,0.0,0.0,0.0,0.0,21.350742,36.57752,0.0,0.0,29.610275,30.892214,0.0,125.388626,100.19029,66.96859,0.0,83.06257,72.51463,77.647415,0.0,0.0,101.464424,0.0,74.20184,0.0,0.0,0.0,0.0,0.0,0.0,0.0,18.877972,0.0,0.0,0.0,0.0,0.0,0.0,0.0,0.0,0.0,0.0,0.0,47.800606,0.0,128.33191,0.0,59.14298,0.0,0.0,0.0,183.90091,0.0,0.0,0.0,0.0,0.0,0.0,0.0,0.0,0.0,0.0,0.0,72.38115,0.0,0.0,0.0,0.0,46.77765,0.0,0.0,0.0,0.0,0.0,0.0,0.0,0.0,0.0,0.0,0.0,0.0,68.52289,0.0,0.0,0.0,0.0,0.0,151.80644,0.0,0.0,85.8157,0.0,0.0,0.0,0.0,0.0,0.0,0.0,95.94338,0.0,36.982296,0.0,0.0,0.0,33.22666,0.0,0.0,52.20779,0.0,0.0,0.0,0.0,0.0,0.0,0.0,0.0,92.08805,44.8934,0.0,0.0,43.293835,92.35277,68.40221,52.507988,53.892036,97.71617,93.08414,27.392504,60.342155,75.36281,16.460266,59.52278,60.470543,75.97481,43.826004,65.958435,29.397427,63.186954,0.0,0.0,0.0,0.0,0.0,0.0,112.577255,0.0,0.0,0.0,0.0,0.0,0.0,0.0,107.075874,54.84359,0.0,0.0,0.0,0.0,0.0,0.0,0.0,0.0,0.0,0.0,0.0,0.0,0.0,0.0,0.0,0.0,0.0,0.0,0.0,0.0,91.525444,35.012028,123.40605,90.21313,0.0,0.0,0.0,120.55669,0.0,0.0,0.0,0.0,0.0,0.0,0.0,0.0,0.0,0.0,0.0,0.0,0.0,0.0,0.0,0.0,0.0,0.0,0.0,0.0,0.0,0.0,0.0,0.0,0.0,0.0,0.0,57.120842,0.0,0.0,0.0,136.07541,125.67235,117.56559,106.22937,29.610275,10.783358,24.50496,0.0,0.0,17.318602,28.850124,75.97481,0.0,0.0,0.0,0.0,0.0,0.0,45.24749,22.381426,68.87906,143.29324,129.68448,0.0,0.0,0.0,0.0,0.0,53.702187,62.50734,42.28624,62.957863,27.410078,0.0,85.5543,65.73713,34.69646,0.0,0.0,0.0,0.0,0.0,0.0,0.0,0.0,0.0,0.0,0.0,0.0,0.0,0.0,45.314766,35.386524,30.334723,32.612244,60.12825,30.83941,29.397427,57.260315,101.11249,96.21984,0.0,43.293835,0.0,0.0,49.349174,12.133801,75.97481,55.86638,75.53895,0.0,0.0,0.0,0.0,0.0,0.0,0.0,0.0,0.0,0.0,0.0,0.0,55.085217,0.0,0.0,0.0,0.0,0.0,0.0,0.0,0.0,43.293835,49.395725,53.32647,0.0,0.0,0.0,0.0,0.0,78.24645,0.0,39.71045,0.0,70.84196,96.805695,0.0,0.0,0.0,123.07472,37.152744,0.0,0.0,0.0,0.0,0.0,0.0,0.0,0.0,0.0,0.0,0.0,100.18565,60.05902,0.0,0.0,0.0,0.0,51.930138,0.0,0.0,0.0,0.0,0.0,0.0,0.0,0.0,0.0,0.0,0.0
C23x26_C23x27,24.977247,36.77823,0.0,0.0,95.35582,0.0,0.0,0.0,0.0,57.056343,44.19565,0.0,80.19467,30.468113,0.0,0.0,31.040565,0.0,36.98594,25.943459,0.0,35.98569,0.0,0.0,0.0,0.0,0.0,0.0,20.776348,0.0,0.0,0.0,0.0,13.629033,0.0,0.0,46.14233,16.034512,0.0,18.383265,13.086869,38.216915,0.0,0.0,0.0,0.0,0.0,26.183065,0.0,0.0,18.104094,0.0,0.0,30.11843,56.056755,52.16665,29.532862,17.050806,27.19418,0.0,47.08364,12.72514,20.17958,0.0,0.0,0.0,11.650687,0.0,0.0,25.821285,0.0,0.0,0.0,29.279196,0.0,0.0,0.0,14.41886,0.0,0.0,13.418252,0.0,75.1623,19.500372,16.339714,0.0,0.0,0.0,0.0,23.91395,0.0,39.880352,12.693964,0.0,0.0,0.0,0.0,0.0,0.0,22.808195,17.385933,67.0124,75.49665,0.0,101.06869,0.0,0.0,55.40216,45.41717,26.221615,47.283466,25.404678,25.404678,0.0,47.283466,59.766533,0.0,62.083813,75.393,22.501255,0.0,0.0,33.66856,0.0,0.0,0.0,0.0,16.71139,0.0,0.0,17.318203,75.202545,0.0,0.0,36.59065,0.0,0.0,77.87779,160.85294,0.0,27.237019,0.0,29.491383,0.0,0.0,22.00455,5.2296557,21.407955,47.327457,30.424936,22.39989,77.37036,0.0,27.214804,36.964848,109.59807,30.526691,0.0,22.935734,34.08542,30.013302,0.0,0.0,217.65799,0.0,29.930246,0.0,0.0,18.135653,0.0,7.3235407,4.8623343,0.0,15.457547,30.989891,0.0,0.0,0.0,0.0,0.0,20.223877,0.0,0.0,64.7604,0.0,28.986593,0.0,108.319756,0.0,27.333134,20.5573,0.0,35.606293,156.52446,26.526623,27.869968,0.0,0.0,21.389107,19.882278,0.0,0.0,0.0,0.0,0.0,30.559067,0.0,0.0,0.0,26.276077,60.2458,0.0,13.967779,13.967779,0.0,0.0,0.0,50.309666,14.393117,0.0,0.0,22.167065,0.0,34.00141,0.0,0.0,0.0,36.104103,0.0,48.277283,0.0,0.0,25.587511,0.0,0.0,0.0,20.803593,0.0,0.0,0.0,97.13531,0.0,47.04121,0.0,53.666862,0.0,0.0,0.0,0.0,65.38527,0.0,15.057408,0.0,0.0,0.0,21.262613,0.0,0.0,59.882397,23.169668,18.221447,41.507236,59.243916,78.81111,43.65069,59.833855,40.783245,74.29959,72.31804,47.35213,21.287493,55.254784,33.41777,59.08797,44.05509,53.614086,38.6182,49.071552,39.57804,47.858006,0.0,0.0,0.0,0.0,0.0,0.0,49.45871,70.11407,36.597206,94.99336,61.836884,73.350075,66.39195,84.36323,40.908737,35.075985,39.743675,30.883425,0.0,23.247303,40.782482,16.208023,43.64963,13.418252,42.535152,0.0,36.214077,55.72681,0.0,45.41717,52.929855,44.20591,28.971247,38.973316,38.79775,27.299631,17.447592,4.8623343,24.245884,20.660343,41.298595,0.0,7.7774425,23.063236,0.0,0.0,0.0,0.0,0.0,0.0,23.247303,0.0,0.0,0.0,0.0,0.0,0.0,0.0,0.0,0.0,0.0,0.0,0.0,0.0,0.0,0.0,0.0,0.0,0.0,0.0,0.0,20.93462,18.981344,47.32989,39.202404,83.91598,141.6474,95.56666,102.6865,61.197662,49.62921,0.0,0.0,0.0,11.219179,22.39989,22.09627,19.359943,0.0,0.0,0.0,0.0,0.0,38.771164,42.34212,43.800854,42.535152,52.929855,50.319584,47.616978,61.575184,41.340515,36.973297,68.8439,0.0,29.058344,30.951109,0.0,0.0,35.360256,34.895687,17.530022,0.0,0.0,0.0,0.0,0.0,0.0,0.0,0.0,0.0,0.0,0.0,0.0,41.816414,49.2046,50.80773,38.373676,19.196167,36.02236,37.842686,34.705723,27.935558,0.0,0.0,0.0,24.192904,20.908207,33.71092,0.0,42.816063,18.887499,22.09627,29.294302,5.7920694,39.607952,0.0,0.0,0.0,0.0,0.0,0.0,0.0,0.0,0.0,0.0,0.0,105.750595,0.0,30.568554,27.133324,0.0,16.353535,32.183483,0.0,0.0,36.214077,36.827923,22.212395,39.685905,0.0,37.111843,0.0,0.0,75.14317,31.587154,21.101875,31.813942,17.273504,37.57615,20.908207,0.0,34.084255,36.635883,20.267157,9.161776,0.0,0.0,0.0,0.0,0.0,0.0,0.0,0.0,8.168628,0.0,24.428425,0.0,19.43219,0.0,0.0,56.071297,16.42673,0.0,0.0,0.0,0.0,0.0,0.0,0.0,0.0,0.0,59.035664,26.348862
C23x26_C24x26,0.0,37.601566,0.0,18.505611,63.193024,0.0,0.0,0.0,0.0,58.333637,74.04572,41.102234,112.5139,76.65878,0.0,0.0,114.88946,0.0,46.226635,11.124501,0.0,28.918385,0.0,62.676727,0.0,0.0,0.0,0.0,41.087967,0.0,0.0,0.0,0.0,14.724524,0.0,0.0,46.447376,44.952534,0.0,18.503448,26.290163,45.215485,6.428337,0.0,6.428337,0.0,0.0,29.025793,0.0,0.0,18.639227,0.0,0.0,31.964603,27.127457,90.72673,32.301964,31.867537,29.661797,0.0,40.614914,16.503813,15.452029,0.0,25.904615,0.0,21.954628,0.0,0.0,24.63379,0.0,0.0,7.379317,7.5129156,0.0,7.379317,0.0,21.554995,0.0,0.0,27.383886,0.0,68.72258,19.103779,42.95688,0.0,0.0,0.0,0.0,0.0,0.0,33.20562,10.821397,0.0,0.0,0.0,0.0,0.0,0.0,32.2587,17.775145,63.943043,41.984356,0.0,90.54004,0.0,0.0,43.007153,54.543167,25.168684,29.046024,24.816795,24.816795,0.0,29.046024,0.0,39.10003,24.816795,70.1925,23.00498,0.0,0.0,20.825485,0.0,0.0,0.0,0.0,17.0855,0.0,0.0,17.056774,51.8174,0.0,0.0,25.9087,0.0,0.0,56.719967,159.47015,0.0,28.093565,0.0,30.018095,47.29492,0.0,20.576393,0.0,12.642444,22.767504,0.0,22.767504,39.43447,0.0,46.476894,42.8537,107.78025,39.443058,0.0,20.671741,71.27783,28.963648,0.0,0.0,146.97958,0.0,30.239664,0.0,0.0,24.452585,13.866659,23.16894,4.971185,0.0,22.446333,31.68365,0.0,0.0,0.0,0.0,0.0,0.0,0.0,0.0,23.332119,0.0,18.797943,0.0,107.554115,16.608305,26.57973,18.174019,0.0,31.478325,172.44131,26.50199,29.394947,0.0,0.0,19.092821,18.882816,0.0,0.0,0.0,0.0,0.0,29.138056,0.0,0.0,0.0,25.329163,67.00836,0.0,14.28047,14.28047,0.0,0.0,0.0,40.954575,8.432954,0.0,0.0,23.065023,0.0,24.845493,0.0,0.0,0.0,37.43639,0.0,69.14361,0.0,0.0,23.797836,0.0,0.0,0.0,12.867948,0.0,0.0,0.0,95.2707,0.0,65.1749,0.0,0.0,0.0,18.810625,0.0,0.0,49.03612,0.0,14.985235,0.0,14.058755,0.0,21.924452,0.0,0.0,51.82629,20.720936,0.0,0.0,70.56089,85.757454,58.463196,74.37492,56.272163,87.034904,90.55551,56.397495,42.34834,63.059628,23.878206,58.782673,49.703434,61.9058,48.60415,56.30267,47.138374,79.237656,0.0,0.0,0.0,0.0,0.0,0.0,45.8698,62.069504,46.711205,62.26365,64.83865,54.824047,26.979845,57.933613,0.0,42.108006,21.5969,31.574799,0.0,24.533619,41.69546,17.689281,45.87117,0.0,46.164684,0.0,37.024788,56.974342,0.0,43.59344,50.468594,47.516384,38.92819,39.845795,39.43447,22.362793,17.36661,4.971185,23.685251,21.413622,41.752552,0.0,16.762907,22.830395,0.0,0.0,0.0,0.0,0.0,0.0,24.533619,0.0,0.0,0.0,0.0,0.0,0.0,0.0,0.0,0.0,0.0,0.0,0.0,0.0,0.0,0.0,0.0,0.0,0.0,0.0,0.0,32.65099,20.031616,49.175335,16.719635,59.66265,83.71031,63.603626,59.83585,45.535007,31.705437,20.66905,15.495063,0.0,28.227827,56.029484,46.15305,0.0,0.0,0.0,0.0,0.0,0.0,55.125576,0.0,44.79214,75.65109,82.704,0.0,0.0,0.0,24.570942,26.353271,66.63715,37.012558,45.321278,69.41865,16.505424,0.0,50.927784,25.765429,32.494553,0.0,0.0,0.0,0.0,0.0,0.0,0.0,0.0,0.0,0.0,3.8887343,0.0,42.75254,28.11751,48.932766,37.595886,35.28097,36.828777,42.904884,23.145224,30.470116,0.0,0.0,0.0,24.734499,52.60574,34.597767,0.0,42.7382,17.802082,46.15305,58.640568,14.573038,27.690018,0.0,0.0,0.0,0.0,0.0,0.0,0.0,0.0,0.0,0.0,0.0,104.89525,0.0,53.576344,47.48147,25.920137,28.569782,17.279102,0.0,0.0,60.673336,62.22927,26.342571,0.0,0.0,13.379532,0.0,14.580681,67.46067,23.03984,21.95171,24.51806,19.910427,33.27648,21.37627,0.0,0.0,48.92786,13.923574,16.00571,0.0,0.0,0.0,0.0,0.0,0.0,0.0,14.580681,9.254361,0.0,24.975294,13.901075,19.86721,0.0,0.0,43.912464,27.80215,0.0,0.0,0.0,0.0,0.0,0.0,0.0,7.233851,7.964045,0.0,9.377955
C23x27_C23x28,17.284622,15.274365,0.0,0.0,55.940544,0.0,0.0,0.0,0.0,50.766045,34.919785,0.0,92.2208,17.00419,0.0,0.0,85.496765,0.0,9.77282,8.485466,0.0,19.673979,8.992244,19.88286,5.9038057,5.9038057,0.0,0.0,11.358777,0.0,0.0,11.92278,0.0,12.133391,11.92278,11.92278,22.609304,14.857353,0.0,25.73369,14.857353,40.158726,0.0,16.28029,0.0,16.28029,0.0,0.0,16.28029,0.0,17.686443,27.055258,0.0,13.442193,25.018757,26.457113,15.254164,8.584355,35.121952,0.0,27.81132,27.81132,0.0,0.0,9.910591,6.506742,6.506742,0.0,0.0,0.0,11.563539,0.0,40.44666,20.976057,0.0,55.41961,8.396619,20.071932,0.0,0.0,18.679024,0.0,57.650013,14.956923,0.0,0.0,9.532778,0.0,0.0,52.953316,18.001226,55.853065,22.183723,19.270779,0.0,19.270779,0.0,19.270779,0.0,16.463366,10.513877,40.52472,45.65544,0.0,93.9611,0.0,24.26065,85.07978,29.091156,16.795786,33.87739,18.2018,18.2018,0.0,33.87739,54.784874,0.0,54.784874,51.48246,27.21472,0.0,0.0,50.643074,0.0,0.0,0.0,11.652152,11.982407,0.0,0.0,14.5564375,63.209854,0.0,12.191065,30.75547,0.0,0.0,43.17991,86.172874,0.0,18.531134,0.0,0.0,0.0,0.0,13.580285,19.754604,0.0,20.65756,14.526087,0.0,29.975363,0.0,11.964053,26.704344,53.726517,36.801506,0.0,30.060282,25.29007,25.29007,0.0,0.0,107.207085,0.0,49.419144,0.0,1.9238188,19.924797,21.18567,6.68625,14.838566,0.0,47.172367,9.743006,0.0,0.0,0.0,0.0,0.0,34.949135,0.0,0.0,40.226265,0.0,24.16558,0.0,64.67369,1.5745823,27.44935,29.327295,39.100994,39.100994,130.23717,20.565502,23.877186,0.0,0.0,16.554888,21.439405,0.0,0.0,28.534473,0.0,0.0,18.75976,0.0,0.0,0.0,18.299746,39.16075,0.0,10.250355,10.250355,0.0,0.0,0.0,41.95898,17.778719,0.0,0.0,23.957096,0.0,44.533752,0.0,0.0,0.0,17.204979,0.0,46.329823,0.0,0.0,49.354683,0.0,0.0,0.0,64.90034,0.0,0.0,0.0,117.514305,0.0,14.842705,0.0,17.907772,0.0,21.459352,0.0,0.0,61.35367,0.0,14.128982,0.0,11.130323,0.0,10.626387,0.0,16.5576,46.18503,29.32966,43.830563,32.761005,54.50397,84.92731,51.339252,62.919964,48.37363,76.154945,55.386864,32.602604,24.163992,40.695877,36.864796,60.49159,46.438774,48.03225,37.425983,39.606213,32.694664,27.464567,0.0,0.0,17.689535,0.0,0.0,0.0,68.50627,78.14658,39.03642,65.74334,97.508835,66.256516,53.397522,63.983006,85.20064,0.0,20.000381,26.774513,18.729713,13.252671,22.996357,31.428928,33.782032,18.679024,25.630024,28.678604,19.331837,42.97999,20.755692,29.091156,32.49286,19.644987,28.682112,22.7263,9.522675,15.187604,22.155054,14.838566,0.0,19.199478,13.664122,0.0,62.596256,48.02602,0.0,0.0,11.785714,18.623857,8.552996,22.499802,13.252671,0.0,23.52485,10.201135,17.363308,20.567972,20.044386,8.1321125,17.64457,20.397842,14.228753,28.410967,8.388699,15.558694,30.391518,11.744002,5.906067,9.499878,6.008347,17.220175,10.415525,29.045584,10.820762,28.956861,34.812466,64.94987,92.482834,80.58408,69.81095,0.0,48.416286,74.74605,97.99409,10.889327,11.378459,13.027294,17.653254,17.28264,0.0,0.0,18.729713,25.575878,32.652218,20.438843,26.198557,30.694687,23.02016,32.49286,34.66945,66.61885,66.18655,37.490376,26.529043,16.11041,0.0,29.353964,30.181856,0.0,15.753194,25.848076,30.053402,0.0,19.994787,21.335524,0.0,1.9238188,24.720577,6.008347,17.220175,15.558694,10.415525,16.492971,16.465128,0.0,42.830215,50.73518,51.104725,35.098183,39.56915,38.378757,40.795895,46.270535,25.692059,9.934303,23.836899,0.0,17.754135,17.363308,20.567972,8.773623,26.024815,11.744002,17.653254,21.067907,12.033521,10.674149,12.000492,19.994787,0.0,19.652838,30.342062,14.79398,6.008347,17.220175,10.415525,22.192034,6.798947,66.43678,0.0,5.6802616,15.049644,13.539762,13.639082,19.078074,0.0,0.0,29.653656,28.90295,22.533625,39.341583,0.0,29.29259,0.0,0.0,58.248146,29.489191,17.689337,29.852322,30.817186,33.59379,0.0,13.490995,54.024483,31.730032,43.830563,21.9492,0.0,0.0,0.0,0.0,0.0,0.0,7.0902915,0.0,19.04764,0.0,45.459644,35.819263,5.3730936,0.0,0.0,15.957818,63.819668,0.0,0.0,0.0,0.0,0.0,0.0,17.28264,9.238527,0.0,78.88252,6.768399
C23x27_C24x27,9.070936,25.11912,0.0,0.0,57.65589,0.0,0.0,0.0,0.0,65.21437,48.06179,0.0,94.459724,32.76703,9.690294,0.0,32.63062,0.0,44.315884,18.31734,0.0,14.09684,6.487405,26.132435,0.0,0.0,0.0,0.0,11.376617,0.0,0.0,0.0,0.0,14.713719,0.0,0.0,24.526085,10.042049,0.0,19.55712,15.680449,50.17322,20.091255,0.0,20.091255,0.0,0.0,31.372074,0.0,16.346153,32.590675,0.0,0.0,31.521639,35.055126,66.406876,34.059643,17.488703,28.632208,0.0,55.020237,63.334675,15.536503,0.0,12.435392,0.0,12.538472,0.0,0.0,0.0,0.0,0.0,21.163511,11.491555,0.0,47.538258,0.0,24.341562,0.0,0.0,0.0,0.0,54.56649,13.903307,16.673634,0.0,0.0,0.0,0.0,0.0,0.0,71.99254,24.102243,0.0,0.0,0.0,0.0,0.0,0.0,23.68861,6.7003546,15.493947,19.153383,0.0,72.94486,0.0,0.0,79.85133,61.03448,31.544994,22.09423,24.837168,24.837168,0.0,22.09423,27.927217,0.0,32.79636,70.250114,25.190279,0.0,16.977753,26.965046,0.0,0.0,0.0,0.0,0.0,0.0,0.0,15.948268,45.58912,0.0,0.0,15.948268,0.0,0.0,45.69345,93.32457,0.0,27.444374,0.0,23.467134,0.0,0.0,1.536558,15.621848,6.5366554,21.557726,4.569703,10.55512,26.903557,0.0,17.85167,20.74931,60.692703,40.77613,0.0,21.328453,45.763653,52.67927,0.0,0.0,144.69957,82.52463,68.59299,0.0,0.0,25.685688,27.31112,26.526546,8.549674,0.0,40.35733,27.231483,0.0,0.0,0.0,0.0,0.0,14.778528,0.0,0.0,28.920416,0.0,16.91975,0.0,66.24383,28.02917,0.0,35.54009,0.0,61.55724,121.65394,29.566458,26.509636,0.0,0.0,14.439915,14.928353,0.0,0.0,23.172518,0.0,0.0,44.12975,0.0,0.0,0.0,17.342909,60.534542,0.0,12.85364,12.85364,0.0,0.0,0.0,35.541134,16.923931,0.0,0.0,25.835295,0.0,40.59346,0.0,0.0,0.0,37.27265,0.0,47.454613,0.0,0.0,43.23628,0.0,0.0,0.0,52.22284,0.0,0.0,0.0,85.83484,0.0,57.96095,0.0,21.979578,0.0,31.662006,0.0,0.0,55.416607,0.0,18.330265,0.0,24.895014,0.0,20.148533,0.0,0.0,55.617306,34.42267,25.85564,26.689495,43.99178,66.90945,37.000458,54.16719,46.218822,64.76265,44.363037,29.804659,20.306938,42.723442,25.063894,51.22169,43.38905,51.55915,30.207623,32.742184,27.446293,24.863142,0.0,0.0,0.0,0.0,0.0,0.0,69.986176,75.81327,33.309708,70.07976,84.01953,71.17156,38.251747,41.461246,58.943813,29.98684,22.169395,19.252197,40.43132,19.54478,48.508636,34.551136,72.2906,0.0,55.340107,0.0,41.73111,51.568832,29.5614,61.434593,47.8144,42.08329,63.506382,49.058643,20.556335,11.2108135,29.871641,8.549674,19.777775,22.389387,40.702824,0.0,34.14518,64.500534,0.0,0.0,0.0,0.0,0.0,0.0,17.382368,0.0,0.0,0.0,0.0,0.0,0.0,0.0,0.0,0.0,0.0,0.0,0.0,0.0,0.0,0.0,0.0,0.0,0.0,0.0,0.0,28.271385,14.192644,50.386536,26.430567,70.562805,120.789925,101.8287,93.23121,21.11024,54.056927,65.01839,84.5907,32.434685,17.270893,19.642994,29.598207,26.149942,0.0,0.0,18.485424,23.902464,31.645542,48.833195,55.09912,56.941067,59.86345,51.72261,51.494877,25.322042,0.0,18.477678,30.126226,35.288433,0.0,32.222572,34.264954,5.889136,6.210679,24.464077,21.26637,12.282728,0.0,0.0,0.0,0.0,0.0,0.0,0.0,0.0,0.0,0.0,12.150944,0.0,53.510902,62.169483,64.543465,42.253124,27.568678,47.94938,39.717854,48.380527,32.09896,0.0,0.0,0.0,25.032753,33.45905,38.873043,0.0,46.643944,19.062973,24.834593,37.224113,0.0,0.0,0.0,0.0,0.0,0.0,0.0,0.0,0.0,0.0,0.0,0.0,0.0,97.45599,0.0,26.844086,26.060781,35.690224,14.509607,21.698195,0.0,0.0,50.436092,47.42502,15.580614,19.965233,0.0,28.52611,0.0,0.0,54.57797,21.427792,12.85364,27.708303,37.673702,34.528564,21.427792,14.705792,60.991413,35.09826,31.44819,15.593617,0.0,0.0,0.0,0.0,0.0,0.0,0.0,18.726173,34.24795,0.0,0.0,37.673702,17.956226,0.0,0.0,35.787,75.347404,0.0,0.0,0.0,0.0,0.0,0.0,14.051614,12.20828,13.4405985,82.463455,6.6801195
C23x28_C23x29,21.370808,0.0,0.0,0.0,54.498005,0.0,0.0,0.0,0.0,26.354752,36.940407,31.525541,42.06041,0.0,0.0,16.601381,61.246456,0.0,17.981094,9.447141,0.0,10.306451,29.414015,29.414015,13.580819,10.571134,8.525829,0.0,10.571134,12.3791275,0.0,9.223653,7.4390607,0.0,9.223653,17.60555,21.334204,35.415302,20.248386,17.954218,20.248386,18.425934,0.0,8.240328,0.0,8.240328,6.645989,11.361798,15.728638,0.0,0.0,30.106247,24.281288,0.0,14.071964,29.6102,13.985679,0.0,35.55689,40.97745,33.897877,37.267773,0.0,0.0,0.0,0.0,0.0,0.0,0.0,0.0,0.0,0.0,55.697655,0.0,0.0,116.913826,18.076283,25.622004,19.474148,24.451145,0.0,0.0,95.207794,0.0,0.0,16.67776,39.47019,0.0,21.121685,41.538414,21.664116,65.24754,0.0,24.76424,0.0,24.76424,19.972853,47.26848,0.0,0.0,0.0,49.207645,57.217052,0.0,126.75456,22.203873,35.36861,73.84956,0.0,0.0,0.0,0.0,0.0,0.0,0.0,0.0,0.0,0.0,43.94671,10.874913,34.886127,15.345055,17.106798,0.0,54.39269,15.751138,19.529757,0.0,9.421895,18.815619,0.0,51.314,16.501776,39.053703,28.581917,17.53941,43.560413,35.044224,86.34581,0.0,0.0,18.835312,0.0,0.0,6.6131706,20.681086,0.0,11.489098,20.10992,14.391104,0.0,31.28399,0.0,0.0,0.0,0.0,19.259607,8.603882,25.229218,28.041155,30.828815,22.79554,0.0,99.42351,0.0,54.641594,9.7594795,23.097137,0.0,14.852362,0.0,0.0,16.82161,28.757755,0.0,4.0396256,14.726092,20.09444,0.0,20.92871,0.0,19.410675,0.0,32.17909,11.087452,25.421581,0.0,41.11929,0.0,28.314457,17.990139,22.852098,22.852098,114.87632,0.0,0.0,0.0,22.375011,0.0,21.140913,21.261324,0.0,21.503183,0.0,16.894646,23.18686,25.579826,0.0,0.0,38.27548,50.727512,0.0,0.0,0.0,10.816711,19.264208,22.84387,28.611656,0.0,19.962133,26.32696,0.0,10.163519,33.80363,0.0,23.322475,28.193375,0.0,0.0,50.463654,0.0,13.536666,45.02264,0.0,17.958477,0.0,23.002913,0.0,0.0,8.135906,69.87743,12.210973,12.210973,10.696483,0.0,0.0,29.349155,17.524136,0.0,60.011612,16.018429,0.0,0.0,0.0,17.989277,0.0,0.0,0.0,55.60572,23.54199,5.3233795,13.933228,0.0,66.35031,58.45049,47.92766,58.42733,60.673626,44.67708,49.97817,27.511059,45.573135,30.292156,82.61676,62.101803,68.094604,65.80515,45.092255,29.557419,22.432377,0.0,0.0,30.73391,38.788647,0.0,23.491709,17.996832,103.611946,52.25634,86.56465,119.80128,90.05286,95.42303,85.65123,54.905277,0.0,19.373238,19.266262,8.5144,14.453032,7.6567903,22.855001,31.340553,13.440954,18.311361,19.081581,0.0,29.170006,28.845362,24.411228,23.18686,16.653006,26.51611,9.081356,9.434185,11.649858,0.0,0.0,0.0,0.0,11.149469,0.0,54.810062,64.54761,0.0,0.0,22.94963,25.584375,0.0,21.807343,0.0,0.0,19.941957,28.245497,0.0,22.304813,21.747026,10.243225,16.413006,31.716295,13.747275,30.772173,24.067198,0.0,20.30415,13.74497,24.069357,28.324,20.857029,0.0,13.411586,0.0,9.986752,30.001688,48.49076,69.11923,87.092896,66.91679,65.67891,10.517311,22.771486,34.50992,53.825394,39.972195,13.358147,12.9062395,34.72289,26.749851,0.0,0.0,8.5144,11.248317,19.083189,24.97139,26.768347,34.32295,27.600302,34.94903,56.27605,66.33488,23.730461,0.0,0.0,0.0,0.0,0.0,0.0,0.0,0.0,0.0,0.0,0.0,32.642666,22.266626,5.008711,12.100729,13.262516,20.857029,0.0,0.0,17.22997,21.140913,0.0,33.897552,0.0,49.875076,70.91979,30.739841,53.815887,24.041601,53.40981,63.33439,29.989216,24.788763,39.041832,18.509335,9.814142,0.0,22.304813,12.33217,32.532482,13.74497,23.885593,0.0,15.65086,0.0,47.24311,62.306335,9.560324,66.45315,28.89893,37.909798,39.81063,0.0,25.59922,39.983486,49.530647,34.814774,0.0,0.0,0.0,0.0,0.0,18.542519,0.0,0.0,0.0,21.00105,39.15006,32.94872,0.0,40.941483,0.0,30.05624,56.22018,0.0,23.457441,27.744734,30.433321,0.0,0.0,17.931814,38.40344,36.371967,5.3233795,0.0,0.0,0.0,0.0,0.0,0.0,0.0,16.137358,0.0,33.044224,0.0,75.43231,57.413776,2.2354016,0.0,22.054325,6.870539,95.707664,10.067835,16.76532,11.085593,19.412418,0.0,0.0,19.239975,0.0,0.0,53.28218,15.720098
C23x28_C24x28,14.418426,13.299456,12.215257,0.0,61.918537,0.0,0.0,0.0,0.0,77.404076,33.361576,0.0,54.04676,21.928875,0.0,0.0,89.895706,0.0,15.38085,12.590036,0.0,21.806097,18.352484,23.252739,6.1469045,6.1469045,0.0,0.0,32.74519,0.0,0.0,12.0969515,0.0,12.495978,12.0969515,12.0969515,26.742338,31.390026,0.0,36.803406,42.91699,18.256308,5.684913,0.0,5.684913,0.0,0.0,13.272095,0.0,0.0,19.172304,22.701735,0.0,15.436353,16.770823,26.73655,28.131483,11.0125,16.09945,49.16961,28.995909,28.995909,0.0,0.0,0.0,0.0,0.0,0.0,0.0,0.0,9.8154545,0.0,39.521008,0.0,0.0,85.382225,17.39062,23.897572,9.715587,13.1470175,17.530897,0.0,61.16619,14.701738,0.0,0.0,0.0,0.0,21.850555,46.265987,15.727901,56.12194,21.739183,17.28563,0.0,17.28563,0.0,17.28563,0.0,0.0,10.195363,50.497242,43.731434,0.0,81.26304,0.0,9.943152,96.30742,33.8307,19.532164,20.25081,16.131334,16.131334,0.0,20.25081,47.994606,0.0,47.994606,50.17146,17.895098,0.0,35.074833,29.710863,0.0,30.71443,0.0,15.224602,10.699582,0.0,0.0,14.115457,60.546078,0.0,12.12419,15.048518,0.0,21.98935,20.116764,63.983757,0.0,17.615126,0.0,4.203456,0.0,0.0,39.228043,19.156147,0.0,18.830484,19.557402,0.0,37.618782,0.0,11.24034,20.232355,0.0,29.556557,0.0,33.440815,23.94628,23.94628,0.0,0.0,93.64558,0.0,43.36354,0.0,19.859388,0.0,24.405489,11.990883,11.495399,0.0,29.827526,9.447845,0.0,0.0,0.0,0.0,0.0,0.0,0.0,0.0,16.150118,0.0,25.179892,0.0,77.99286,14.72227,29.469824,22.548122,30.062576,30.062576,70.578735,20.121428,23.641375,0.0,16.59961,11.354177,42.717506,21.995014,0.0,17.152794,0.0,0.0,17.215405,0.0,0.0,0.0,28.188665,31.623915,0.0,5.491028,5.491028,0.0,0.0,0.0,32.396683,17.41642,0.0,0.0,22.032076,0.0,42.86647,0.0,0.0,28.795513,19.696209,0.0,52.80648,0.0,0.0,56.325363,0.0,0.0,0.0,42.123108,0.0,0.0,0.0,86.87889,0.0,15.379119,0.0,0.0,0.0,34.79061,0.0,0.0,60.93634,0.0,14.206442,0.0,14.495574,0.0,2.5191526,3.272188,10.916188,55.461884,21.572674,22.838919,26.824257,41.776176,69.760735,57.34921,47.14292,54.58901,61.220467,45.73343,57.37054,26.992716,46.080265,31.054052,68.138016,47.72383,75.09642,39.166664,44.242657,49.97027,35.99175,12.999779,13.17933,12.017427,0.0,0.0,0.0,71.68129,80.56915,39.839165,68.01092,100.56645,72.51394,57.806965,65.298744,51.543037,0.0,21.091278,37.20349,2.4535015,20.54669,0.0,46.83765,39.286037,25.85534,27.467037,27.885458,0.0,60.005505,29.68405,49.895008,43.976837,29.682941,53.07037,0.0,0.0,21.720772,21.833092,11.495399,0.0,17.101345,11.172054,27.802536,24.213554,76.55014,0.0,0.0,22.545826,16.315538,11.515447,0.0,13.931432,0.0,19.842554,29.513462,13.594921,15.910576,7.6572394,15.825783,14.8827,17.389894,7.5123205,17.612247,19.446327,0.0,23.814358,10.049834,13.253464,24.022976,24.031244,11.59851,16.261463,18.215996,13.960178,37.807133,30.877394,71.37455,73.95968,60.45212,56.492973,14.292947,39.463577,28.165878,66.15117,11.839816,6.96589,15.353118,38.87622,36.253223,0.0,0.0,1.6035216,15.312985,18.227003,22.472515,23.819157,29.208776,20.122402,29.817955,66.32194,51.444584,0.0,29.353777,24.040264,0.0,0.0,0.0,0.0,0.0,0.0,0.0,0.0,0.0,25.053007,0.0,5.7792897,19.859388,13.460999,24.031244,11.59851,0.0,16.261463,42.717506,15.989022,40.60674,30.399168,46.550518,69.206726,37.11356,48.87445,25.714489,54.645226,55.00869,36.36174,14.839821,22.851633,0.0,13.20971,13.594921,43.18007,16.517563,65.03741,29.513447,50.010242,16.910366,19.929037,0.0,15.481331,25.053007,5.7792897,13.238304,20.652693,15.530422,24.031244,11.59851,16.261463,11.507124,12.044914,33.231945,0.0,9.172011,12.678496,17.88083,13.225891,34.20713,0.0,0.0,13.594921,20.053164,15.3082695,44.558437,0.0,36.734066,0.0,0.0,48.81255,23.089104,27.617863,19.276327,30.204502,36.269707,0.0,6.8702602,30.08609,35.349636,22.838919,20.187288,11.889279,28.758905,30.49027,0.0,0.0,0.0,6.375363,24.742971,56.74349,0.0,72.253426,75.140915,5.9673567,0.0,22.81538,19.469778,102.36895,0.0,0.0,0.0,0.0,0.0,0.0,22.82038,9.9076805,7.043019,44.94362,9.49957
C23x29_C23x30,18.887516,29.500374,0.0,0.0,43.15874,0.0,16.954996,0.0,15.382857,0.0,26.137394,30.40314,31.227058,18.311197,0.0,27.760586,52.194267,9.584361,11.887135,8.7264385,0.0,25.349297,0.0,0.0,26.0003,26.0003,22.736465,0.0,26.0003,28.959635,0.0,16.464903,30.633396,0.0,16.464903,39.3053,21.513496,35.516964,20.064093,17.790802,20.064093,27.63918,0.0,12.360617,0.0,12.360617,0.0,17.04287,22.653011,0.0,0.0,17.591848,11.676738,0.0,0.0,28.906807,6.1224008,0.0,16.106295,29.039051,28.696827,3.6391425,5.19289,0.0,0.0,5.3262506,5.3262506,0.0,0.0,9.140982,0.0,0.0,0.0,0.0,0.0,73.376526,15.494637,37.970467,23.673956,24.258078,8.288571,0.0,66.07603,0.0,16.713497,17.876818,30.478281,0.0,15.445866,24.85504,15.842535,46.95978,0.0,31.697777,0.0,31.697777,36.397728,58.091778,0.0,0.0,0.0,113.15503,60.89897,21.335402,70.007126,21.083965,31.924095,38.952435,16.950136,0.0,0.0,0.0,0.0,0.0,0.0,12.407701,0.0,18.650728,7.5201163,9.117988,42.09236,0.0,22.414185,0.0,62.161568,21.789427,11.741306,0.0,23.265675,31.273548,0.0,42.80228,16.935532,21.729755,29.3332,15.265656,34.135044,0.0,99.089294,0.0,0.0,32.134373,0.0,0.0,19.371634,19.38894,14.21735,14.9464,26.398539,16.90807,0.0,28.92277,0.0,4.5815954,4.065972,0.0,0.0,13.459986,40.76055,28.854782,10.6939945,24.072756,0.0,104.94388,19.352932,44.775906,16.464,38.9395,0.0,0.0,0.0,0.0,24.748867,17.70879,0.0,3.440416,5.4449606,24.120207,0.0,29.012169,33.081192,15.598288,0.0,0.0,20.813265,39.87432,0.0,63.62957,0.0,16.587442,16.67389,0.0,28.624609,89.023674,0.0,0.0,16.139032,27.474182,0.0,18.793068,0.0,13.246723,0.0,0.0,25.915707,13.055123,21.7368,0.0,0.0,38.514427,55.552006,0.0,0.0,0.0,11.413586,31.622267,28.629389,0.0,0.0,23.547583,27.308393,0.0,5.4307513,46.420464,0.0,17.193811,19.365032,0.0,0.0,37.465908,15.577588,10.760476,54.67203,0.0,12.223605,0.0,0.0,0.0,0.0,0.0,124.7044,37.55708,37.55708,15.312261,17.45984,13.203199,37.88459,10.652031,0.0,66.270805,26.221296,0.0,17.073757,0.0,7.961222,0.0,14.912603,0.0,61.900616,35.929214,14.99286,13.336261,0.0,40.60966,30.81297,28.141273,73.85256,38.866962,38.339664,42.8888,29.665081,38.390396,16.128817,73.1723,70.3271,69.50196,56.470734,31.219584,33.86651,65.956924,0.0,0.0,0.0,30.541708,48.14686,9.842182,22.480463,131.49435,52.818626,68.35403,130.28316,125.21728,99.5874,55.05644,52.675697,4.3958864,19.067,15.439246,10.958838,15.608829,14.776818,22.069235,30.193453,20.991665,20.338184,22.002312,0.0,27.037794,27.93013,16.950136,13.273815,16.72018,13.107276,12.988789,16.551636,19.983448,20.869902,19.95452,10.645478,17.544165,10.310126,26.579185,36.29691,47.44021,0.0,0.0,28.179752,4.133741,18.666586,0.0,0.0,0.0,16.72018,21.543915,0.0,15.897971,5.8703156,17.603308,12.275032,4.5424085,14.438102,5.1516347,12.692823,23.540457,0.0,0.0,28.108152,10.341754,0.0,19.609911,14.670758,17.413605,17.162552,22.935438,76.86584,83.52925,58.875153,56.724762,30.33876,16.551636,16.81284,35.17976,40.43435,37.818565,13.869326,18.199207,31.622267,27.404373,0.0,0.0,0.0,0.0,0.0,26.193642,24.398973,25.341614,30.655287,19.677692,44.210655,47.097485,10.106452,0.0,20.02554,0.0,0.0,0.0,0.0,0.0,0.0,0.0,0.0,0.0,20.39554,10.015012,12.576942,21.247337,19.173182,0.0,19.609911,23.540457,14.670758,16.726702,13.082514,29.198893,0.0,35.548946,29.314482,32.284576,28.382017,52.638065,67.323105,38.609905,32.80481,29.731968,41.135254,23.189787,12.976513,0.0,15.897971,8.044422,24.02267,7.0544014,30.10781,11.928213,18.550125,20.954906,58.63183,37.37843,23.049469,35.975933,48.188988,55.832954,31.75494,35.938625,26.886753,33.252098,59.880753,40.071987,0.0,11.001132,19.092152,10.2465725,22.412657,13.288675,0.0,0.0,0.0,23.75861,20.742085,27.785456,0.0,26.442976,0.0,33.745087,85.66491,0.0,25.969816,45.416615,17.68808,9.826984,0.0,0.0,43.744965,40.20836,14.99286,0.0,0.0,0.0,0.0,18.716131,17.398857,13.360655,0.0,24.14594,21.521112,11.185425,33.163586,66.56204,13.869326,0.0,17.567245,0.0,98.58971,0.0,22.001877,8.749318,17.39604,0.0,0.0,13.985285,0.0,0.0,51.00337,13.35717
C23x29_C24x29,21.400894,14.232475,0.0,0.0,42.39084,0.0,12.733999,0.0,0.0,34.814594,20.550556,17.538177,64.18404,22.073515,20.535088,22.335068,57.77655,0.0,9.301783,12.356351,0.0,40.857098,26.888268,26.888268,19.215921,23.230415,12.063461,0.0,14.957425,25.207203,0.0,26.252222,6.5579686,0.0,8.131192,25.259783,24.347519,37.102383,17.723276,19.937967,0.0,30.140495,0.0,13.479239,0.0,13.479239,10.871275,0.0,25.728355,0.0,0.0,20.960596,16.905138,0.0,0.0,19.554977,7.4115376,0.0,12.326465,35.91861,10.171392,11.182563,0.0,4.447848,0.0,7.084989,5.514864,0.0,0.0,0.0,0.0,0.0,0.0,0.0,0.0,102.38531,15.782854,24.219206,18.407944,23.112448,6.0140862,0.0,61.555042,0.0,0.0,10.78273,25.5188,0.0,20.135212,32.15624,20.496302,61.730343,0.0,21.67785,0.0,33.282116,17.48362,41.37737,0.0,0.0,0.0,111.9447,60.97808,0.0,27.596836,0.0,24.81998,61.520996,17.550377,0.0,0.0,0.0,0.0,0.0,0.0,19.619406,0.0,19.619406,21.70418,0.0,32.725487,21.192123,0.0,0.0,34.995552,24.228561,30.040873,0.0,17.230816,18.848053,0.0,56.18973,18.069736,42.764492,31.297703,6.883151,19.107378,0.0,87.2569,0.0,0.0,18.111109,0.0,0.0,20.323887,9.374324,0.0,0.0,17.963844,0.0,0.0,24.130287,0.0,0.0,5.4288273,0.0,19.459316,9.889456,29.674099,18.9798,20.86664,22.666842,0.0,95.48182,14.9946995,42.641567,18.223513,43.128426,0.0,8.383825,0.0,0.0,27.81804,20.44041,0.0,5.6592026,10.266918,17.406622,0.0,23.425913,0.0,21.233896,0.0,0.0,11.143315,37.693684,0.0,90.0003,0.0,25.12371,37.029312,0.0,9.37578,72.90742,0.0,0.0,5.495337,32.03749,0.0,12.3473835,17.678719,0.0,35.585793,2.840133,13.391976,12.024988,9.0515785,0.0,0.0,48.274754,36.644726,0.0,0.0,0.0,12.476714,31.634583,28.638245,0.0,0.0,22.811218,18.489706,0.0,14.1393795,38.354137,0.0,12.0645275,23.850012,0.0,0.0,44.87202,0.0,11.798297,41.32665,0.0,0.0,0.0,0.0,9.457013,0.0,0.0,152.7288,26.75384,26.75384,12.527324,0.0,19.80781,24.917076,10.120224,0.0,80.459595,25.874546,0.0,0.0,0.0,14.208678,0.0,0.0,0.0,52.277767,19.986862,9.742148,12.283941,27.781404,49.6614,26.866432,20.220295,67.011406,25.733625,69.6317,50.61813,27.93151,31.675901,19.406986,51.360775,76.01039,92.93138,37.037712,53.08258,36.652237,40.643745,0.0,0.0,27.72941,0.0,25.375153,8.372451,20.909899,114.894295,47.889923,60.172222,129.49295,130.3235,102.14129,91.01266,37.304768,0.0,19.13709,11.791258,9.882126,17.566849,9.52232,26.864698,31.987669,12.705065,16.22352,23.192589,10.397164,31.419205,31.894022,20.519169,16.702265,26.059597,21.007467,16.683695,11.466722,16.27342,0.0,0.0,0.0,0.0,9.813144,23.467262,26.70798,40.96779,0.0,0.0,29.181538,12.505356,0.0,15.897124,0.0,0.0,11.95043,40.282284,11.725702,17.617268,13.206449,17.78491,29.389462,18.921179,18.005732,23.595444,26.3278,18.367342,29.800528,8.19111,19.324965,35.50841,34.491447,24.5596,15.469815,14.427194,22.592901,34.138405,62.69796,87.88836,45.052452,87.26961,47.878635,10.193008,17.188896,17.442463,52.31578,29.193161,17.947842,17.267387,34.67315,32.737312,0.0,0.0,7.740703,9.385708,6.071497,33.722248,23.236382,25.790482,24.453346,18.124992,45.782337,42.092712,24.940681,12.326185,19.20524,0.0,0.0,0.0,0.0,0.0,0.0,0.0,0.0,0.0,22.925293,0.0,7.0168166,22.595242,15.532565,34.491447,24.5596,8.753538,19.874193,0.0,0.0,34.363537,26.219467,39.39341,26.476263,30.894722,58.870754,25.701286,87.70655,79.39922,34.59156,31.06043,32.440575,23.535494,15.517703,11.725702,17.617268,19.008644,27.918291,8.19111,39.22356,14.300015,14.900578,31.419569,53.98586,43.758408,13.393273,38.31169,63.316605,61.23564,65.83518,46.877884,29.527845,31.693935,55.44062,28.062733,0.0,0.0,0.0,0.0,0.0,14.012455,0.0,0.0,15.064102,37.787266,16.453642,29.513027,0.0,30.536587,0.0,16.904398,45.687206,20.317085,26.804499,44.81603,28.848343,14.797162,0.0,39.187557,33.3037,30.766088,9.742148,0.0,0.0,0.0,0.0,0.0,0.0,0.0,0.0,0.0,18.584919,16.216667,71.669106,69.5365,18.633675,0.0,18.47465,0.0,106.40886,9.508109,18.639872,6.606294,15.286518,0.0,0.0,18.594404,0.0,0.0,48.573093,25.755384
C23x30_C23x31,13.735316,30.713102,0.0,0.0,55.17955,0.0,6.173392,0.0,23.28896,0.0,34.73487,31.152649,38.26531,11.280977,0.3247773,33.00343,55.942898,15.0720005,18.693256,7.023367,0.0,40.977177,21.455185,37.0406,21.455185,11.446644,17.3099,0.0,15.878011,23.162182,0.0,16.094183,24.338024,0.0,21.05111,32.992386,12.074985,50.52853,5.752968,17.134155,7.9801273,26.55386,12.129942,14.163941,0.0,9.948471,15.044327,20.493172,20.39394,17.154327,0.0,5.792578,8.759681,0.0,0.0,34.055336,8.1618185,0.0,14.062821,3.1302104,6.3541317,0.0,8.242525,9.581314,7.450686,11.486744,8.788739,0.0,11.4160185,14.509217,7.5968623,0.0,0.0,0.0,0.0,71.244064,14.525261,57.023594,53.95752,68.47181,27.523441,35.549416,67.41263,0.0,27.678621,16.641668,22.559282,0.0,0.0,17.349203,12.237812,37.451233,0.0,39.25451,0.0,14.806106,22.390162,30.351883,16.974808,0.0,0.0,92.72201,84.10938,22.300161,40.695236,0.0,11.12288,48.950962,11.12288,0.0,0.0,0.0,0.0,0.0,4.1362514,4.7484074,0.0,19.774946,19.147331,25.252699,31.10734,0.0,26.975979,0.0,44.13445,16.728846,13.69668,0.0,14.468054,14.29656,0.0,0.0,0.0,0.0,0.0,21.128794,47.24542,0.0,103.724335,0.0,0.0,22.859093,0.0,0.0,29.403355,19.978622,20.666656,23.881792,22.254997,0.0,0.0,52.539818,18.654085,0.0,5.0142436,25.005503,0.0,0.0,31.010916,12.215865,0.0,8.063506,0.0,35.41462,6.4825344,75.997185,18.966694,25.711061,0.0,0.0,0.0,0.0,29.07591,0.0,0.0,27.99156,0.0,22.680779,0.0,32.256947,36.781055,20.305508,0.0,0.0,22.443106,37.992527,0.0,39.010685,0.0,23.489803,13.241061,0.0,22.76539,116.090256,0.0,0.0,17.866749,0.0,0.0,7.938324,0.0,34.70706,33.99135,20.203196,26.18809,0.0,14.993832,0.0,0.0,44.697666,112.820694,0.0,0.0,0.0,20.62216,29.533146,12.788003,0.0,0.0,30.07871,21.669579,0.0,28.0144,54.117683,0.0,13.436622,0.0,0.0,0.0,46.137302,22.625292,4.2466087,72.409836,0.0,16.077654,0.0,0.0,0.0,0.0,10.096283,97.68593,24.11502,24.11502,31.701447,36.147648,0.0,22.703337,19.087093,0.0,78.88533,30.13827,0.0,18.22462,0.0,13.38906,0.0,19.758293,0.0,72.79905,57.82607,0.0,0.0,0.0,41.83122,32.962734,39.66479,77.67149,33.351486,30.996437,33.414536,34.918114,41.64106,26.299664,83.22859,65.60827,73.59687,45.689434,0.0,38.71369,42.75961,0.0,0.0,31.823364,44.396107,17.96384,0.0,41.93379,128.52548,64.22236,68.904785,137.721,108.56409,84.033264,0.0,42.762028,30.066404,36.861828,15.344783,10.067801,15.366543,31.283587,14.926003,22.953074,27.523441,22.437773,23.511494,0.0,21.370077,22.160048,11.12288,13.470032,10.337459,11.946159,25.252699,14.996673,23.015728,8.307677,23.44333,0.0,18.80667,12.38912,32.420383,38.806225,44.601974,0.0,0.0,22.77483,13.539207,12.335523,10.144241,0.0,0.0,0.0,14.562524,0.0,8.853882,13.971992,5.787136,0.0,9.91508,14.841116,14.104368,13.427571,11.814877,0.0,9.264102,7.9119363,8.456416,19.22724,0.0,13.636965,20.47019,15.366543,17.197132,31.169397,69.69753,48.908005,55.19055,38.201775,0.0,0.0,32.36776,40.255444,40.83193,13.053921,18.654085,29.533146,11.964627,0.0,22.266064,0.0,0.0,0.0,28.647247,32.26145,33.51794,35.477066,25.784214,32.287235,34.320583,0.0,0.0,29.572607,0.0,0.0,0.0,0.0,0.0,0.0,0.0,0.0,0.0,25.605648,10.631787,18.510183,24.271791,21.242384,19.22724,22.470854,21.419897,24.723272,9.113178,7.23314,28.76463,0.0,33.96471,23.560835,35.266396,31.90744,51.993916,65.07586,22.216812,33.18801,51.441807,55.33092,22.28502,23.44607,0.0,12.281507,9.31121,9.451379,12.850536,27.090137,20.767042,12.454412,33.29092,40.774406,29.375069,37.945084,25.315264,32.690086,40.855145,39.415016,15.889294,27.955196,35.500317,43.7272,41.683777,49.409607,17.725523,0.0,12.237483,8.362276,17.745916,15.907759,13.406333,0.0,39.644688,45.488583,23.69224,0.0,28.53618,0.0,36.988056,45.967506,0.0,36.91447,52.201015,23.511494,12.925388,0.0,22.158722,22.795385,44.51499,3.1623333,0.0,0.0,0.0,0.0,29.471552,32.041172,31.8563,0.0,25.773506,18.22462,27.28314,34.538868,87.61606,21.850792,0.0,0.0,0.0,118.46873,18.600315,29.245518,14.009406,11.964627,0.0,0.0,28.287094,0.0,0.0,26.427324,4.3772397
C23x30_C24x30,17.42002,25.527266,13.466014,0.0,52.78078,15.806755,21.91277,0.0,7.699898,16.827904,29.146782,15.218308,37.479744,17.77802,0.0,27.724949,57.347622,0.0,8.621463,14.949841,0.0,27.409632,18.441025,0.0,24.923574,13.747449,20.789234,0.0,19.069532,29.639559,0.0,4.4452467,6.722213,0.0,20.56851,30.140642,17.646708,42.95339,5.167924,36.471523,7.168595,35.366585,16.866114,13.832881,0.0,13.832881,20.918428,20.883856,25.078463,23.852287,0.0,16.419222,24.829556,0.0,0.0,28.645485,11.581422,0.0,8.348808,16.676128,16.479599,3.3101435,0.0,7.680985,0.0,9.208498,7.0456076,0.0,0.0,10.143237,6.8243055,0.0,0.0,0.0,0.0,56.16058,12.172846,45.377968,42.468197,27.664843,32.407356,24.369072,75.15871,0.0,17.408964,18.62069,22.678986,0.0,14.7296095,10.894064,11.531288,37.5534,0.0,36.223206,0.0,9.567947,14.468888,53.080685,15.248568,0.0,0.0,90.01659,57.635067,4.8876467,28.527847,4.8300457,24.625282,31.819504,18.791481,0.0,0.0,0.0,0.0,3.4570448,3.4570448,6.3269033,0.0,8.266748,8.269062,16.293999,33.13418,12.592856,22.283857,0.0,61.800125,26.906025,17.792343,0.0,18.099907,14.74404,0.0,39.399284,15.2454605,18.277315,26.40591,18.980118,42.440834,0.0,81.29589,0.0,0.0,14.899577,0.0,0.0,24.141281,8.739611,13.598424,16.985394,15.610854,0.0,0.0,39.667427,8.663541,8.007019,7.10589,0.0,0.0,0.0,33.81322,19.23863,12.077518,18.469044,0.0,64.35831,8.265593,52.34933,20.872826,30.696623,0.0,0.0,0.0,0.0,25.497616,18.244549,0.0,20.273327,0.0,19.256123,0.0,31.712004,36.159683,20.170908,0.0,0.0,16.5614,32.523224,0.0,62.31449,0.0,16.12484,20.841064,0.0,27.586433,85.90075,0.0,0.0,11.327154,24.957638,0.0,9.197746,0.0,13.921965,29.156155,12.774236,12.334184,12.586219,2.431257,0.0,0.0,35.709187,35.908142,0.0,0.0,0.0,16.982239,36.921333,30.748707,0.0,0.0,31.992476,22.270157,0.0,26.601276,54.376526,0.0,23.658434,14.688258,0.0,0.0,20.883493,15.567773,20.047035,40.97879,0.0,4.1734166,0.0,0.0,11.5232525,0.0,0.0,101.531166,25.15451,25.15451,23.626276,26.939915,29.247417,22.767078,22.860748,0.0,56.913967,22.022724,0.0,16.08956,0.0,25.963327,0.0,24.79471,0.0,50.20617,43.944443,0.0,0.0,22.966278,49.486248,24.525776,37.828094,63.762215,20.367277,50.78311,36.0738,44.946186,37.11174,34.368572,52.211166,45.29308,73.58562,29.646908,30.38478,33.84625,47.56847,0.0,0.0,20.151905,29.212132,26.169533,17.200676,33.974174,111.71392,78.7475,65.02124,109.38256,94.889145,62.110363,53.235336,47.445847,20.345924,41.327637,25.5858,21.430183,32.635143,28.45837,29.412899,49.303516,40.831097,37.932747,44.598625,0.0,43.7004,43.581795,23.676006,25.956953,9.067278,8.50242,24.239944,32.19475,38.870007,20.730877,20.558222,23.581614,8.471936,10.519341,34.158688,23.819147,41.19366,21.189808,18.847607,19.53845,5.84711,13.586827,7.368203,0.0,0.0,7.812847,21.953138,7.620065,17.168959,12.551121,5.5134788,16.849512,1.6077349,10.951678,12.579475,13.338564,7.49039,11.4381485,11.403274,19.59872,20.33342,16.860994,19.340652,11.22997,25.779713,22.406363,15.337863,50.892597,57.301117,58.355106,50.009186,27.483427,0.0,0.0,25.017025,30.498573,36.97077,15.582298,20.194645,36.921333,29.637672,0.0,21.843184,10.391241,12.208476,12.860692,25.670338,25.031326,22.723461,31.857855,21.79997,16.622784,14.395799,7.972812,16.3938,34.97935,0.0,0.0,0.0,0.0,0.0,0.0,0.0,0.0,0.0,19.927372,10.309074,13.40629,20.947924,19.152369,16.860994,19.340652,17.888172,20.359486,14.953291,13.619132,19.468061,19.482252,43.89595,12.038783,28.0002,34.10276,33.642292,62.422543,51.98654,28.711708,41.9132,50.329235,23.231121,22.555046,10.570039,23.815619,14.86995,23.584856,15.817849,33.86717,20.007654,0.0,21.25092,43.297092,29.201132,24.305067,28.69557,43.119682,46.047386,30.568308,35.06383,20.359486,24.03373,46.14459,45.371162,26.08155,21.48801,12.88689,2.623624,12.182076,12.151462,0.0,0.0,15.636849,41.72989,28.499098,7.518484,0.0,8.9279585,0.0,31.799887,38.964455,20.304535,29.923538,38.14448,29.979033,11.610951,0.0,15.915088,50.592983,20.5293,0.0,0.0,21.719053,20.810404,19.87397,31.118711,23.940573,29.596209,0.0,22.754072,16.08956,30.177366,18.821512,59.93858,15.582298,0.0,16.752615,0.0,73.98175,22.551598,18.329096,17.244314,29.637672,0.0,0.0,28.849285,0.0,0.0,51.465862,0.0
C23x31_C23x32,13.083295,29.255136,0.0,0.0,46.38083,0.0,0.0,0.0,26.581846,17.543259,54.680714,28.019821,24.243187,0.0,1.225881,25.76808,23.23603,0.0,0.0,6.0310154,0.0,47.758835,10.6371765,43.370415,13.260509,0.0,11.2400255,0.0,0.0,26.226877,0.0,0.0,27.19696,39.066082,36.399418,32.085827,9.554256,30.446709,0.0,14.549714,0.0,49.953133,0.0,26.645214,12.22579,0.0,19.908802,35.423065,23.487566,0.0,15.917596,0.0,0.0,20.342522,0.0,64.99174,8.526836,0.0,27.40278,0.0,0.0,5.2928524,18.595158,0.0,16.8865,0.0,0.0,0.0,16.144184,0.0,0.0,0.0,0.0,0.0,0.0,62.736027,7.7694077,83.52324,23.713528,65.9988,19.022272,67.67789,89.92797,15.109905,42.431942,22.49641,26.54032,0.0,0.0,9.692779,6.83711,39.01461,51.957127,21.695171,0.0,0.0,16.210224,19.12414,0.0,0.0,23.024601,92.00176,79.07975,25.858412,54.479557,13.628625,16.078478,55.798103,12.897665,0.0,0.0,0.0,16.631397,0.0,13.778374,15.817542,0.0,30.4484,26.561161,26.164982,0.0,16.039722,35.83546,22.683592,16.440926,12.827989,17.16851,9.470542,19.015146,0.0,0.0,25.688929,7.5298176,8.883362,14.2819395,5.6155334,17.599823,0.0,68.484406,0.0,18.576468,16.159735,10.678248,0.0,29.764685,32.06665,0.0,21.35098,38.999355,0.0,0.0,49.928246,15.043491,0.0,17.294153,21.26553,0.0,0.0,52.325092,11.699388,7.2251167,8.491446,0.0,34.365395,8.036015,72.692795,6.1127276,7.2115383,0.0,0.0,0.0,23.628572,11.492408,36.23539,18.465244,22.519545,0.0,15.644404,0.0,20.46131,0.0,21.704325,0.0,0.0,11.413792,34.439888,0.0,28.868864,4.5745034,30.781248,12.820968,0.0,25.552973,112.87045,11.175667,15.176032,17.898293,0.0,22.18276,14.287267,0.0,0.0,26.868639,15.65449,25.319939,12.535307,9.465938,0.0,0.0,38.236248,79.750534,0.0,11.197162,5.007523,24.336952,18.404535,8.397595,0.0,59.758327,10.039047,13.204447,40.174786,10.101934,76.12279,0.0,11.632944,0.0,30.32982,0.0,37.126877,0.0,17.303186,70.84244,0.0,0.0,0.0,0.0,5.652863,0.0,14.516657,86.11137,21.541649,25.413929,29.460613,0.0,9.354551,59.00382,17.592512,0.0,98.44112,19.32795,64.08972,4.6750464,11.37075,6.582214,19.949392,20.44839,53.24916,53.484737,87.94075,0.0,0.0,15.296024,22.324356,45.864193,53.847477,83.810776,36.877556,0.0,51.452892,48.21092,60.87281,35.703465,72.86964,89.88554,80.54196,73.59198,20.374859,65.85312,52.381313,0.0,0.0,0.0,11.905516,0.0,15.806651,37.95142,137.60304,79.15413,93.7604,119.63954,147.57677,113.35131,31.382727,40.38317,33.84006,36.71598,16.648952,8.599289,17.165852,32.98196,16.273489,20.63248,25.47949,23.61678,23.813747,5.3496766,16.315983,17.17162,12.897665,17.11929,0.0,15.627407,25.526487,18.251648,23.21957,0.0,0.0,0.0,0.0,21.052767,25.271587,46.639652,42.19357,0.0,0.0,15.293543,11.157407,14.236647,0.0,0.0,0.0,0.0,11.3748045,0.0,0.0,0.0,0.0,0.0,0.0,0.0,0.0,0.0,0.0,0.0,0.0,0.0,0.0,0.0,0.0,0.0,24.83841,17.165852,18.404736,23.223965,72.71637,44.463276,61.26495,40.865494,43.924404,23.263382,31.41726,34.14529,6.792697,12.725205,18.708178,26.324804,19.968725,27.110695,5.711772,8.599289,18.096949,17.207352,79.00296,30.211561,30.883205,75.45257,39.071396,21.681227,25.081331,0.0,15.12699,33.094547,0.0,0.0,0.0,0.0,0.0,0.0,0.0,0.0,0.0,17.672348,0.0,30.139336,8.181051,39.42901,15.381019,12.51979,21.115652,28.711712,16.40175,19.945744,22.098557,14.183587,16.51542,23.750963,28.638323,54.45828,44.90857,46.178783,21.070393,61.0638,14.011546,28.00774,16.160286,23.031662,0.0,0.0,0.0,0.0,0.0,0.0,0.0,0.0,39.221493,11.843645,15.57805,26.567608,11.155553,25.413929,22.8023,13.558258,11.036106,28.711712,29.871399,24.13939,39.838566,43.338043,0.0,0.0,0.0,0.0,32.65134,0.0,20.010223,9.991866,66.15294,16.832582,16.791632,0.0,25.05135,0.0,4.927948,53.292255,16.213194,69.80175,41.547775,0.0,0.0,0.0,14.732321,17.442654,41.714363,7.4596386,0.0,0.0,0.0,0.0,20.460304,22.071886,17.748955,0.0,6.611514,4.6750464,0.0,47.627495,79.62638,29.648722,0.0,0.0,0.0,95.15504,0.0,18.921793,8.143212,19.968725,0.0,0.0,23.336952,25.4571,7.2444015,15.146971,15.22637
C23x31_C24x31,12.010229,26.855688,0.0,0.0,44.784653,0.0,13.679889,0.0,16.534431,0.0,24.660671,17.428877,41.50662,5.6889524,1.1755536,22.00493,0.0,0.0,17.83559,9.837242,0.0,22.381569,28.459686,20.231428,32.772427,0.0,12.382882,0.0,16.250484,18.943949,0.0,0.0,17.974281,37.257706,32.67895,30.319702,0.0,43.14455,0.0,22.473013,11.195966,62.220325,0.0,0.0,0.0,0.0,26.775452,51.848476,26.775452,0.0,13.409699,0.0,14.789456,17.137459,0.0,23.636555,13.457149,0.0,23.632355,3.1403801,6.032871,0.0,15.013477,8.306393,13.57117,12.7601185,6.3272123,0.0,17.748148,0.0,0.0,13.953863,0.0,0.0,0.0,46.089283,19.270647,65.348434,51.3172,58.682945,43.077175,46.429115,48.402817,25.475788,21.03937,11.824742,20.731773,9.671501,0.0,1.1564126,13.905106,28.135303,45.14935,39.600758,0.0,0.0,14.84668,36.74179,17.029957,0.0,18.964497,74.24891,65.39861,6.869154,14.819459,3.620374,3.620374,11.979919,0.0,0.0,0.0,0.0,14.017012,0.0,0.0,0.0,0.0,23.893053,43.467278,24.782187,29.291931,13.512586,24.659447,19.109682,28.560026,18.560202,10.548085,8.382158,12.912908,5.9412203,0.0,0.0,0.0,0.0,0.0,21.718925,51.38506,0.0,51.193733,0.0,15.649654,10.008282,13.559735,0.0,20.738407,16.839993,0.0,25.630907,30.752022,0.0,0.0,53.27589,0.0,0.0,10.314677,22.342264,0.0,0.0,43.42366,13.04923,0.0,0.0,0.0,29.794077,10.688358,51.57012,10.00814,23.628231,0.0,0.0,0.0,17.342012,24.183891,46.830124,15.615492,18.877048,0.0,13.011784,0.0,22.216902,50.491222,12.758809,0.0,0.0,14.788142,55.16095,0.0,49.86724,11.000691,28.087603,19.679525,0.0,30.761122,86.37633,9.4148855,0.0,15.52197,0.0,18.158888,11.3938875,0.0,20.936462,40.13008,14.483143,10.504442,0.0,7.8830996,0.0,0.0,32.71038,65.72195,0.0,32.01162,14.316031,11.895432,26.2036,16.618156,13.344568,47.645298,24.150833,13.07548,35.00956,21.522715,91.91518,0.0,13.618647,0.0,24.919369,0.0,56.054466,18.580097,11.9408,47.001686,0.0,0.0,0.0,7.149766,0.0,0.0,9.354775,66.91535,10.495621,26.200891,22.086596,45.376957,16.35668,22.008642,9.58424,0.0,66.71546,12.639604,54.041786,21.387718,5.0364223,16.347408,16.806267,23.307371,45.68742,41.323223,72.70235,0.0,0.0,0.0,39.97092,37.573593,58.698948,66.60076,9.784652,28.496609,34.899242,59.17767,35.611217,28.917887,63.111813,75.54207,70.81951,52.080517,0.0,44.7473,52.332645,0.0,0.0,19.186024,33.08947,12.322068,13.316236,49.041443,117.06931,106.13946,57.31954,84.85183,101.56392,87.12897,0.0,38.89891,36.563606,45.08952,26.572535,14.668406,19.334612,49.221138,24.07352,36.5793,45.834736,38.521538,39.559696,0.0,28.983692,28.008781,0.0,21.116173,0.0,19.379038,40.72838,29.770422,39.68555,0.0,0.0,0.0,0.0,21.242424,27.155256,44.396976,54.786163,0.0,0.0,25.18322,19.439157,21.323853,12.306748,0.0,0.0,0.0,16.614714,0.0,0.0,0.0,0.0,0.0,0.0,0.0,0.0,0.0,0.0,0.0,0.0,0.0,0.0,0.0,0.0,0.0,32.872623,20.517996,27.392384,25.589478,50.955208,38.619225,42.575745,35.28841,34.68865,25.895596,24.137297,38.706417,31.075687,15.601799,20.974916,26.621521,19.198778,17.804682,41.633038,7.576029,15.245687,14.190333,35.154503,26.38983,22.179459,27.140564,31.265066,20.360476,21.374243,16.69542,0.0,55.792572,0.0,0.0,0.0,0.0,0.0,0.0,0.0,0.0,0.0,30.707092,21.587652,35.21638,25.4668,41.261574,34.012337,0.0,25.778662,27.8488,13.080157,22.692005,29.07894,0.0,37.98782,19.94348,34.36442,29.648697,36.06968,60.891464,38.61698,27.642397,48.439682,49.599518,15.175851,31.033602,0.0,4.858069,6.7033505,11.487593,8.92409,18.824259,12.867188,12.275666,33.038616,38.772953,28.4902,32.673943,20.761494,34.37858,43.97831,31.556826,16.35668,26.050524,32.62447,42.597404,56.44826,29.35955,0.0,0.0,0.0,0.0,15.959345,7.388982,10.50002,0.0,43.728153,27.133133,19.112986,18.535496,32.05211,0.0,22.544708,23.552382,0.0,53.214333,23.97376,24.071077,12.9673815,0.0,23.56603,24.966959,34.109554,0.0,0.0,0.0,0.0,0.0,31.41215,25.839478,31.034515,0.0,30.246801,21.387718,28.76842,62.161285,104.95218,28.199636,0.0,0.0,16.03704,72.367455,21.896057,17.586905,5.602083,17.488956,0.0,0.0,20.438908,20.68747,6.103011,30.201227,10.175612
C23x32_C24x32,0.0,0.0,10.035545,0.0,37.44221,0.0,0.0,0.0,17.836697,17.43602,54.346462,0.0,22.21842,10.340786,4.3115134,22.863476,25.150043,9.980861,14.885508,0.0,0.0,24.720648,13.489387,18.390078,15.962629,8.224292,11.630905,0.0,23.26181,18.182108,0.0,12.39489,17.52902,59.668777,32.783997,20.329948,7.564956,28.344908,6.3101907,20.431246,17.847912,50.515682,0.0,17.926767,16.650116,6.777706,9.585124,47.740078,11.116713,22.479109,15.9206505,3.3071685,4.6770425,21.35718,0.0,21.75595,19.587145,0.0,24.841902,6.6719995,5.059818,4.611837,2.9807603,0.0,2.9807603,0.0,0.0,0.0,0.0,0.0,0.0,5.0795026,0.0,5.0795026,0.0,25.36297,8.159705,62.01978,27.448483,50.734993,27.448483,41.649254,98.49046,62.931446,21.441584,18.487501,21.441584,5.397808,0.0,0.0,10.476671,20.858212,48.99165,26.91763,0.0,10.176949,14.392378,16.692108,15.943438,17.797857,22.133307,68.32826,77.65854,8.365015,61.035877,11.456956,14.556825,56.06005,14.556825,38.999474,0.0,0.0,17.216343,0.0,0.0,0.0,0.0,14.077386,27.202711,21.804031,13.3897705,16.720741,19.324585,27.951443,12.222341,10.783898,20.168798,27.767475,15.985157,7.1876516,21.547218,20.257618,6.3299704,7.3414245,7.752599,0.0,19.390844,0.0,56.613213,0.0,22.155857,12.754664,33.33466,0.0,25.08677,14.812152,18.082613,25.309881,48.59727,0.0,0.0,55.155174,0.0,0.0,14.06158,0.0,10.37383,0.0,56.217113,7.645035,13.78837,7.138366,0.0,34.996777,14.701798,36.103146,5.7562604,6.676042,6.066082,6.066082,0.0,13.331376,7.6745954,39.44172,22.773968,18.789265,0.0,9.032151,0.0,21.3509,50.0723,18.245825,0.0,0.0,9.889656,31.412231,0.0,55.91028,25.311665,25.754719,11.71897,0.0,24.129297,110.542465,0.0,3.4424465,14.851171,0.0,21.420334,15.110758,0.0,13.13904,19.215982,14.422397,21.215616,18.43503,7.9575763,0.0,0.0,0.0,96.61614,0.0,69.642265,35.53881,20.458954,13.955021,0.0,0.0,32.63654,9.587704,11.100369,37.785652,10.775894,57.380123,0.0,3.0358372,0.0,10.333989,0.0,69.19908,7.635783,14.640836,71.63911,0.0,8.584316,0.0,0.0,4.7521014,0.0,10.224743,86.086685,16.159208,24.099926,23.527159,55.176075,6.912224,51.670185,15.742528,0.0,63.06835,19.707191,67.083275,9.745963,9.998624,5.755999,21.068935,20.019339,58.7126,38.73902,74.54641,10.233622,8.31818,18.246237,17.95804,53.22975,53.620647,52.33762,43.990295,0.0,61.37684,41.112675,70.98488,26.28455,55.26118,75.66802,66.75017,80.02145,24.304644,78.55449,57.44727,0.0,0.0,4.8771095,0.0,0.0,0.0,40.249752,94.16907,73.97245,84.27041,88.27139,89.83005,143.9795,28.853506,31.923475,50.79485,24.545303,36.042248,10.1640625,34.726692,70.10695,18.687244,36.99623,49.460484,27.725235,39.489277,10.879854,30.894188,16.446503,26.230505,26.93275,0.0,31.114677,31.572153,33.441055,43.33796,0.0,0.0,0.0,0.0,21.416351,18.550491,47.725147,37.920204,0.0,0.0,16.923788,13.602298,20.046265,0.0,0.0,0.0,0.0,0.0,3.360243,4.070106,0.0,10.725339,0.0,5.6268563,6.993043,10.21505,12.901746,10.501363,0.0,4.840586,7.614271,0.0,5.4267583,4.8876805,14.466664,28.20798,40.81758,38.875565,15.470742,52.769253,49.45849,58.495647,38.052807,23.17514,21.302586,15.674506,58.325348,9.745963,17.915607,20.65654,24.138878,18.845137,20.997654,26.24024,7.043844,20.527452,16.032108,28.381279,27.126457,10.106223,8.56294,57.46028,16.394241,16.595901,11.8221655,9.0561905,34.144833,7.1448946,0.0,15.698552,0.0,10.32827,10.200723,10.5983305,7.244327,4.57882,20.760685,16.054987,35.140995,10.765759,44.002136,14.353563,12.927724,20.382223,28.078526,15.458001,15.090492,19.9478,7.8435435,21.00504,13.1343155,30.92529,30.115503,27.450233,46.293335,29.132877,33.768364,21.374395,24.661407,0.0,23.72805,9.504203,11.511998,10.839709,0.0,13.691245,27.910042,36.168835,28.551632,19.659824,11.119704,12.874076,21.791565,2.2984037,18.741257,22.856167,8.900905,8.016715,23.72805,24.60562,24.76252,41.730587,22.13263,24.204119,0.0,22.48108,7.867158,10.168204,0.0,0.0,14.792941,41.638687,15.372702,15.526989,9.046812,26.121239,0.0,0.0,46.808334,15.093963,64.983185,24.136284,0.0,0.0,0.0,11.167413,15.661468,22.083328,10.233622,0.0,3.9004242,7.614271,16.679283,19.093765,21.730324,10.763889,0.0,13.782873,9.745963,0.0,57.965134,84.39682,37.9064,0.0,0.0,0.0,91.88778,0.0,17.248121,6.8456225,10.768206,0.0,0.0,18.845137,23.302496,10.838229,21.935822,10.978876
C24x16_C24x17,0.0,0.0,0.0,0.0,125.18191,0.0,0.0,0.0,0.0,0.0,0.0,0.0,72.55226,0.0,0.0,0.0,71.68492,0.0,25.383947,0.0,0.0,143.90242,0.0,0.0,0.0,97.33213,0.0,0.0,0.0,0.0,0.0,0.0,0.0,0.0,0.0,0.0,0.0,0.0,91.473206,0.0,0.0,0.0,0.0,0.0,0.0,0.0,0.0,0.0,0.0,0.0,0.0,0.0,0.0,0.0,0.0,0.0,0.0,0.0,0.0,0.0,129.61418,0.0,102.501656,0.0,0.0,0.0,0.0,0.0,0.0,125.51204,0.0,0.0,0.0,0.0,0.0,236.09982,0.0,116.21677,82.79202,93.28911,0.0,0.0,158.09064,0.0,117.62576,0.0,0.0,0.0,78.009346,0.0,0.0,0.0,0.0,0.0,98.1735,74.741,0.0,0.0,0.0,0.0,0.0,48.941395,0.0,0.0,78.77198,0.0,29.587545,38.863712,0.0,0.0,0.0,0.0,0.0,0.0,0.0,0.0,0.0,0.0,0.0,0.0,87.386566,0.0,0.0,0.0,123.58325,0.0,0.0,0.0,0.0,0.0,0.0,0.0,0.0,0.0,65.198784,0.0,202.23032,0.0,130.63318,0.0,0.0,0.0,0.0,0.0,0.0,0.0,0.0,37.661808,32.932602,0.0,65.54116,78.10276,21.555305,0.0,0.0,0.0,0.0,0.0,128.8141,117.29452,0.0,0.0,0.0,0.0,140.68135,102.808624,0.0,0.0,0.0,81.282776,0.0,0.0,0.0,0.0,0.0,0.0,0.0,0.0,0.0,0.0,0.0,0.0,0.0,0.0,0.0,0.0,0.0,67.19898,0.0,59.774067,0.0,0.0,0.0,140.58638,0.0,0.0,0.0,54.542408,0.0,0.0,90.95672,0.0,0.0,0.0,0.0,0.0,0.0,0.0,0.0,0.0,73.5695,0.0,0.0,0.0,0.0,0.0,0.0,0.0,0.0,0.0,0.0,0.0,0.0,153.7786,0.0,0.0,90.63662,0.0,0.0,32.0387,0.0,0.0,129.20226,0.0,0.0,0.0,0.0,0.0,0.0,0.0,87.551384,0.0,0.0,0.0,0.0,0.0,96.081474,0.0,0.0,0.0,0.0,0.0,0.0,0.0,0.0,0.0,0.0,0.0,119.85235,76.09425,0.0,0.0,78.68576,0.0,103.61524,145.93796,0.0,30.195757,87.836655,120.82214,74.51265,117.62576,87.31858,76.277405,47.937664,46.948723,0.0,47.40195,98.32598,64.22101,0.0,0.0,0.0,0.0,0.0,0.0,124.91565,0.0,118.59738,187.21799,121.40624,76.29955,0.0,75.446884,62.970627,17.475557,40.638664,0.0,0.0,0.0,0.0,0.0,0.0,0.0,0.0,0.0,0.0,0.0,0.0,0.0,0.0,0.0,0.0,0.0,0.0,0.0,0.0,0.0,0.0,0.0,0.0,0.0,209.05525,91.96474,0.0,0.0,0.0,0.0,0.0,0.0,0.0,0.0,136.37444,131.38667,77.100845,0.0,142.99843,89.02284,86.06741,50.4322,0.0,143.42148,0.0,0.0,90.36642,85.559784,0.0,123.94264,68.99166,121.543976,96.345474,0.0,0.0,0.0,0.0,0.0,0.0,0.0,0.0,64.22101,23.836803,74.39896,166.2128,0.0,0.0,0.0,0.0,0.0,61.84016,80.27377,0.0,0.0,0.0,0.0,0.0,0.0,0.0,0.0,0.0,0.0,0.0,78.68576,14.225559,0.0,0.0,0.0,0.0,0.0,0.0,0.0,0.0,0.0,0.0,0.0,0.0,0.0,0.0,0.0,0.0,0.0,0.0,0.0,0.0,0.0,0.0,0.0,0.0,0.0,0.0,0.0,0.0,0.0,0.0,13.783607,31.9438,54.542408,0.0,0.0,0.0,0.0,0.0,0.0,0.0,0.0,0.0,0.0,0.0,0.0,0.0,0.0,0.0,0.0,0.0,0.0,0.0,0.0,0.0,45.928402,0.0,0.0,0.0,0.0,0.0,0.0,0.0,0.0,0.0,0.0,0.0,0.0,0.0,32.0387,0.0,0.0,0.0,0.0,0.0,65.93562,0.0,25.87657,0.0,0.0,71.03758,42.08335,0.0,0.0,0.0,0.0,0.0,0.0,0.0,0.0,0.0,0.0,0.0,0.0,0.0,0.0,106.87523,0.0,171.05856,0.0,0.0,0.0,0.0,0.0,0.0,0.0,0.0,0.0,0.0,0.0,54.082005,0.0
C24x17_C24x18,0.0,0.0,0.0,0.0,217.22342,0.0,0.0,0.0,0.0,0.0,0.0,0.0,48.628887,0.0,0.0,0.0,37.978886,0.0,19.164223,0.0,0.0,118.49018,0.0,0.0,0.0,81.22976,0.0,0.0,0.0,0.0,53.944122,47.874214,0.0,0.0,0.0,0.0,0.0,0.0,45.65271,0.0,0.0,0.0,0.0,0.0,0.0,0.0,0.0,0.0,0.0,0.0,0.0,27.695972,0.0,0.0,0.0,72.89498,0.0,0.0,23.741127,0.0,128.58884,0.0,29.97909,0.0,0.0,0.0,0.0,0.0,87.31872,112.878204,0.0,0.0,0.0,0.0,0.0,138.74326,0.0,0.0,0.0,0.0,51.462193,0.0,193.1884,0.0,144.80626,0.0,0.0,0.0,0.0,0.0,0.0,0.0,0.0,0.0,87.97914,38.7805,0.0,0.0,0.0,0.0,0.0,69.39031,0.0,0.0,76.970024,0.0,65.92819,88.158066,38.485012,0.0,0.0,22.575953,0.0,60.215176,0.0,0.0,0.0,0.0,60.215176,0.0,46.348278,0.0,50.169037,0.0,65.546364,0.0,0.0,0.0,0.0,0.0,0.0,0.0,0.0,0.0,67.73759,0.0,69.46843,0.0,177.53366,0.0,0.0,0.0,0.0,0.0,0.0,0.0,0.0,72.35146,50.134933,0.0,59.480564,49.48188,0.0,0.0,57.07523,0.0,0.0,0.0,60.45314,95.59719,0.0,0.0,0.0,241.554,54.003193,79.71988,0.0,0.0,0.0,73.54768,0.0,0.0,0.0,0.0,0.0,0.0,0.0,0.0,0.0,0.0,0.0,0.0,0.0,0.0,0.0,0.0,0.0,35.190163,0.0,71.69097,0.0,0.0,0.0,115.742744,0.0,0.0,0.0,0.0,0.0,0.0,0.0,0.0,0.0,0.0,0.0,0.0,0.0,0.0,0.0,0.0,73.8903,0.0,0.0,0.0,0.0,0.0,0.0,0.0,0.0,0.0,0.0,0.0,0.0,127.67694,0.0,0.0,0.0,0.0,0.0,49.54909,0.0,0.0,154.58253,0.0,0.0,0.0,0.0,0.0,0.0,0.0,90.334694,0.0,67.711266,0.0,0.0,0.0,51.204224,0.0,0.0,0.0,0.0,0.0,0.0,0.0,0.0,0.0,65.66743,0.0,48.409195,125.10119,0.0,0.0,59.405716,131.6302,36.580185,99.26595,101.82763,57.693634,107.45161,67.06097,127.39472,144.80626,77.2676,87.97914,60.600876,35.445072,0.0,55.224842,58.041683,33.00729,0.0,0.0,0.0,0.0,0.0,0.0,143.9578,162.20822,202.9358,230.67188,140.14803,96.53531,53.944122,87.97146,89.020775,83.31758,93.27157,0.0,0.0,0.0,0.0,0.0,0.0,0.0,0.0,0.0,0.0,0.0,0.0,0.0,0.0,0.0,0.0,0.0,0.0,0.0,0.0,0.0,0.0,0.0,0.0,0.0,79.92485,113.16339,0.0,0.0,0.0,0.0,0.0,0.0,0.0,0.0,0.0,0.0,45.168415,26.541204,49.1216,41.186966,73.62933,19.01,33.74818,113.61992,26.481506,27.989002,46.14823,40.773186,0.0,31.942783,53.62361,32.215107,0.0,70.9648,0.0,0.0,74.893234,0.0,0.0,0.0,0.0,30.849148,59.001957,57.496616,76.31874,0.0,0.0,0.0,0.0,0.0,134.20085,128.57872,0.0,0.0,0.0,23.786255,58.169758,16.523567,123.76938,46.86292,0.0,0.0,0.0,59.405716,89.72555,0.0,0.0,0.0,0.0,0.0,0.0,0.0,0.0,0.0,0.0,0.0,0.0,0.0,0.0,0.0,0.0,0.0,0.0,0.0,0.0,0.0,0.0,0.0,0.0,0.0,0.0,0.0,0.0,0.0,0.0,28.801945,19.899328,0.0,0.0,0.0,0.0,0.0,0.0,0.0,0.0,0.0,0.0,0.0,0.0,0.0,0.0,0.0,0.0,0.0,0.0,0.0,0.0,0.0,0.0,84.632904,0.0,0.0,0.0,0.0,0.0,0.0,0.0,0.0,0.0,0.0,65.58314,0.0,0.0,49.54909,0.0,0.0,58.084938,0.0,0.0,21.964422,0.0,13.8598585,0.0,0.0,93.37419,55.831352,0.0,0.0,0.0,0.0,0.0,0.0,0.0,0.0,0.0,0.0,0.0,0.0,0.0,0.0,81.8244,0.0,0.0,0.0,0.0,0.0,0.0,0.0,0.0,0.0,0.0,0.0,0.0,0.0,59.959656,0.0
C24x17_C25x17,0.0,0.0,0.0,0.0,262.32925,0.0,0.0,0.0,0.0,0.0,0.0,0.0,13.875762,0.0,0.0,0.0,45.078312,0.0,0.0,0.0,0.0,96.89065,0.0,0.0,0.0,94.93905,0.0,0.0,0.0,0.0,61.170494,59.938377,0.0,0.0,0.0,0.0,0.0,0.0,49.231438,0.0,0.0,0.0,0.0,0.0,0.0,18.18154,0.0,0.0,0.0,0.0,0.0,117.53335,0.0,0.0,0.0,102.2576,0.0,0.0,32.9603,0.0,53.47638,0.0,0.0,0.0,0.0,0.0,0.0,0.0,0.0,63.568306,0.0,0.0,0.0,0.0,0.0,63.855305,0.0,0.0,0.0,107.11803,0.0,0.0,151.99486,0.0,72.298836,0.0,0.0,0.0,0.0,0.0,0.0,0.0,0.0,0.0,124.60372,36.78434,0.0,0.0,0.0,0.0,0.0,49.087303,0.0,0.0,68.48108,0.0,11.627787,88.683464,0.0,0.0,0.0,60.77886,0.0,83.59798,0.0,0.0,0.0,0.0,83.59798,0.0,87.9471,0.0,0.0,0.0,124.375984,0.0,0.0,0.0,0.0,0.0,0.0,0.0,0.0,0.0,55.408447,0.0,137.02426,0.0,193.40306,0.0,0.0,0.0,0.0,0.0,0.0,0.0,0.0,92.992744,54.416943,0.0,0.0,0.0,0.0,0.0,73.10028,0.0,0.0,0.0,132.44064,88.87429,0.0,0.0,0.0,214.60591,106.22439,138.91908,0.0,0.0,81.65434,0.0,0.0,0.0,0.0,0.0,0.0,0.0,0.0,0.0,0.0,0.0,0.0,0.0,0.0,0.0,0.0,0.0,0.0,0.0,0.0,41.76259,0.0,0.0,0.0,158.36955,0.0,0.0,0.0,0.0,0.0,0.0,0.0,0.0,0.0,0.0,0.0,0.0,0.0,0.0,0.0,0.0,45.182842,0.0,0.0,0.0,0.0,0.0,0.0,0.0,0.0,0.0,0.0,0.0,0.0,108.84255,0.0,0.0,0.0,0.0,0.0,24.415848,0.0,0.0,122.53033,0.0,0.0,0.0,0.0,0.0,0.0,0.0,49.360504,0.0,87.94406,0.0,0.0,0.0,144.4626,0.0,0.0,0.0,0.0,0.0,0.0,0.0,0.0,0.0,79.16424,0.0,123.19528,124.63835,0.0,0.0,0.0,119.94941,83.634,98.8825,135.1641,11.866813,113.30418,69.2431,171.39127,72.298836,43.434715,37.540493,28.298658,41.640797,61.170494,40.284008,0.0,0.0,0.0,0.0,0.0,0.0,0.0,0.0,100.282875,191.15091,242.38383,196.83437,124.60372,78.12682,86.50814,72.186104,61.173325,105.899895,51.907497,0.0,0.0,0.0,0.0,0.0,0.0,0.0,0.0,0.0,0.0,0.0,0.0,0.0,0.0,0.0,0.0,0.0,0.0,0.0,0.0,0.0,0.0,0.0,0.0,0.0,53.615284,144.20244,0.0,0.0,0.0,0.0,0.0,0.0,0.0,0.0,0.0,0.0,0.0,0.0,96.89078,65.52508,111.021965,66.848755,90.142624,169.60387,14.970784,95.850296,65.076035,42.55984,76.031944,77.52133,136.13246,81.83014,0.0,0.0,0.0,0.0,38.058544,0.0,0.0,0.0,0.0,0.0,80.45429,16.514381,131.56596,0.0,0.0,0.0,0.0,0.0,144.17279,169.93349,0.0,0.0,0.0,33.022957,86.637245,19.69663,171.0992,4.8944783,0.0,0.0,0.0,0.0,0.0,0.0,0.0,0.0,0.0,0.0,0.0,0.0,0.0,0.0,0.0,0.0,0.0,0.0,0.0,0.0,0.0,0.0,0.0,0.0,0.0,0.0,0.0,0.0,0.0,0.0,0.0,0.0,0.0,0.0,0.0,52.680374,0.0,0.0,0.0,0.0,0.0,0.0,0.0,0.0,0.0,0.0,0.0,0.0,0.0,0.0,0.0,0.0,0.0,0.0,0.0,0.0,0.0,0.0,0.0,61.78541,0.0,0.0,0.0,0.0,0.0,0.0,0.0,0.0,0.0,0.0,52.34744,0.0,0.0,24.415848,0.0,0.0,0.0,0.0,0.0,38.923256,0.0,66.173584,0.0,0.0,112.1677,24.91775,0.0,0.0,0.0,0.0,0.0,0.0,0.0,0.0,0.0,0.0,0.0,0.0,0.0,0.0,19.770195,0.0,0.0,0.0,0.0,0.0,0.0,0.0,0.0,0.0,0.0,0.0,0.0,0.0,58.58836,0.0
C24x18_C24x19,0.0,77.83629,0.0,0.0,155.18814,0.0,0.0,0.0,0.0,27.902472,21.553988,0.0,57.638298,0.0,0.0,0.0,104.92792,0.0,79.15203,0.0,0.0,102.71619,0.0,0.0,0.0,0.0,0.0,0.0,0.0,0.0,0.0,0.0,0.0,0.0,0.0,0.0,0.0,57.310963,0.0,0.0,0.0,0.0,0.0,0.0,0.0,0.0,0.0,0.0,0.0,0.0,0.0,0.0,0.0,0.0,0.0,116.3947,0.0,0.0,25.04211,0.0,99.65217,0.0,0.0,0.0,0.0,0.0,0.0,0.0,70.14636,85.406906,0.0,0.0,0.0,0.0,0.0,183.73492,0.0,0.0,0.0,33.636505,31.889072,0.0,222.0743,0.0,41.761654,0.0,0.0,0.0,0.0,0.0,0.0,0.0,0.0,0.0,79.89717,0.0,0.0,0.0,0.0,0.0,0.0,0.0,0.0,0.0,197.91725,0.0,0.0,188.03369,92.72089,0.0,0.0,60.32983,0.0,44.99726,0.0,0.0,0.0,0.0,35.252964,0.0,0.0,0.0,65.4164,0.0,0.0,0.0,0.0,0.0,0.0,0.0,0.0,0.0,0.0,0.0,87.10001,0.0,0.0,0.0,227.11589,0.0,0.0,0.0,0.0,0.0,0.0,0.0,0.0,77.86806,49.950607,0.0,54.76536,54.76536,0.0,0.0,91.437065,69.71201,120.46538,15.9062,44.92137,47.17381,0.0,0.0,0.0,192.89195,62.67328,103.14643,0.0,0.0,0.0,0.0,0.0,0.0,0.0,79.5484,0.0,0.0,0.0,0.0,0.0,0.0,0.0,0.0,0.0,0.0,0.0,54.610554,0.0,0.0,0.0,59.239822,0.0,0.0,0.0,169.33815,0.0,0.0,0.0,0.0,0.0,0.0,0.0,0.0,0.0,0.0,0.0,0.0,0.0,0.0,0.0,0.0,114.377426,0.0,0.0,0.0,0.0,0.0,0.0,0.0,0.0,0.0,0.0,0.0,0.0,115.29874,0.0,0.0,0.0,0.0,0.0,69.68545,0.0,0.0,185.2385,0.0,0.0,0.0,0.0,0.0,0.0,0.0,115.80112,0.0,68.56741,0.0,0.0,0.0,54.9202,0.0,0.0,0.0,0.0,0.0,0.0,0.0,0.0,0.0,48.35496,0.0,99.85248,73.945946,66.89745,0.0,42.581165,90.36671,80.5556,114.9015,0.0,77.348,128.64716,78.65213,128.21024,41.761654,73.46611,79.89717,62.866955,43.748146,0.0,118.7343,16.34587,40.27951,0.0,0.0,0.0,0.0,0.0,0.0,103.20319,0.0,204.2349,66.52501,127.273705,100.14511,0.0,189.14005,133.83237,33.555965,78.57818,0.0,0.0,0.0,0.0,0.0,0.0,0.0,0.0,0.0,0.0,0.0,0.0,0.0,0.0,0.0,0.0,0.0,0.0,0.0,0.0,0.0,0.0,0.0,0.0,0.0,0.0,98.350266,0.0,0.0,0.0,0.0,0.0,0.0,0.0,0.0,0.0,0.0,0.0,0.0,0.0,0.0,0.0,0.0,0.0,0.0,0.0,0.0,0.0,0.0,0.0,0.0,0.0,0.0,0.0,79.20376,0.0,0.0,67.560196,0.0,0.0,0.0,0.0,0.0,0.0,17.963509,137.98688,0.0,0.0,0.0,0.0,0.0,229.05457,195.53467,0.0,0.0,0.0,70.45237,73.7015,72.18966,79.07281,67.075676,0.0,0.0,0.0,45.927593,110.01363,0.0,0.0,0.0,0.0,0.0,0.0,0.0,0.0,0.0,0.0,0.0,0.0,0.0,0.0,0.0,0.0,0.0,0.0,0.0,0.0,0.0,91.85519,0.0,40.46945,109.22111,42.784225,51.84824,62.56585,68.60417,0.0,0.0,0.0,0.0,0.0,0.0,0.0,0.0,0.0,0.0,0.0,0.0,0.0,68.09284,0.0,0.0,0.0,0.0,0.0,0.0,0.0,0.0,0.0,0.0,0.0,60.33477,0.0,0.0,0.0,0.0,0.0,0.0,0.0,0.0,0.0,0.0,71.59127,0.0,0.0,0.0,0.0,0.0,53.46578,45.927593,0.0,46.117363,0.0,143.65215,0.0,0.0,118.305786,71.48253,67.883514,0.0,0.0,0.0,0.0,0.0,0.0,0.0,0.0,0.0,0.0,0.0,0.0,0.0,0.0,0.0,0.0,0.0,0.0,0.0,0.0,0.0,0.0,0.0,0.0,0.0,0.0,0.0,60.94353,91.81651
C24x18_C25x18,0.0,0.0,0.0,0.0,260.54205,0.0,0.0,0.0,0.0,28.361042,0.0,0.0,57.90229,0.0,0.0,0.0,114.14603,0.0,64.193504,0.0,0.0,127.50656,0.0,0.0,0.0,0.0,0.0,0.0,0.0,0.0,60.412678,0.0,0.0,0.0,0.0,0.0,0.0,53.39765,0.0,0.0,0.0,0.0,0.0,0.0,0.0,0.0,0.0,0.0,0.0,0.0,0.0,0.0,0.0,0.0,0.0,124.40851,0.0,0.0,83.58937,0.0,108.11104,0.0,92.93116,0.0,0.0,0.0,0.0,0.0,84.72524,81.56546,0.0,0.0,0.0,0.0,0.0,70.23559,0.0,18.522806,0.0,33.161194,16.84335,0.0,85.89669,0.0,64.38471,0.0,0.0,0.0,0.0,0.0,0.0,0.0,0.0,0.0,67.67843,0.0,0.0,0.0,0.0,0.0,0.0,95.732895,0.0,0.0,23.94546,0.0,0.0,82.90084,11.97273,0.0,0.0,121.00183,0.0,73.84227,0.0,0.0,0.0,0.0,73.84227,0.0,0.0,0.0,67.813965,0.0,0.0,0.0,0.0,0.0,0.0,0.0,0.0,0.0,0.0,0.0,40.017296,0.0,0.0,0.0,195.16568,0.0,0.0,0.0,0.0,0.0,0.0,0.0,0.0,82.31235,51.06818,0.0,0.0,33.37627,0.0,0.0,45.443336,60.253838,0.0,0.0,73.499245,72.400536,0.0,0.0,0.0,288.1176,0.0,62.75216,0.0,0.0,0.0,0.0,0.0,0.0,0.0,0.0,0.0,0.0,0.0,0.0,0.0,0.0,0.0,0.0,0.0,0.0,0.0,53.251926,0.0,37.02021,0.0,53.367565,0.0,0.0,0.0,154.46414,0.0,0.0,0.0,0.0,0.0,0.0,0.0,0.0,0.0,0.0,0.0,0.0,0.0,0.0,0.0,0.0,106.299706,0.0,0.0,0.0,0.0,0.0,0.0,0.0,0.0,0.0,0.0,0.0,0.0,160.85925,0.0,0.0,0.0,0.0,0.0,53.830444,0.0,0.0,194.05345,0.0,0.0,0.0,0.0,0.0,0.0,0.0,138.12253,0.0,103.531105,0.0,0.0,0.0,56.45244,0.0,0.0,0.0,0.0,0.0,0.0,0.0,0.0,0.0,44.496975,0.0,84.24718,71.96356,0.0,0.0,9.24673,97.58832,11.941508,99.57531,143.11781,17.948555,163.41283,76.95629,169.26369,64.38471,0.0,33.143913,40.820053,76.0761,0.0,54.551376,60.91625,57.8094,0.0,0.0,57.83653,0.0,0.0,0.0,117.61686,227.98225,269.63177,102.562836,67.67843,65.02507,60.412678,86.89864,119.643456,110.025505,95.677734,0.0,0.0,0.0,0.0,0.0,0.0,0.0,0.0,0.0,0.0,0.0,0.0,0.0,0.0,0.0,0.0,0.0,0.0,0.0,0.0,0.0,96.765335,104.23104,0.0,0.0,0.0,86.178566,0.0,0.0,0.0,0.0,0.0,0.0,0.0,0.0,0.0,0.0,0.0,0.0,0.0,0.0,0.0,0.0,0.0,0.0,0.0,0.0,0.0,0.0,0.0,0.0,0.0,0.0,0.0,62.855812,0.0,0.0,81.474815,0.0,0.0,0.0,0.0,0.0,0.0,0.0,95.35362,0.0,82.7683,48.759697,0.0,0.0,158.2444,193.0035,0.0,0.0,0.0,53.944027,99.25818,64.30952,135.05551,0.0,0.0,0.0,0.0,48.86856,111.82168,0.0,0.0,0.0,0.0,0.0,0.0,0.0,0.0,0.0,0.0,0.0,0.0,0.0,0.0,0.0,0.0,0.0,0.0,0.0,0.0,0.0,97.73712,57.43086,41.134556,106.50385,55.184105,45.11902,0.0,73.103386,0.0,0.0,0.0,0.0,0.0,0.0,0.0,0.0,0.0,0.0,0.0,0.0,0.0,69.08603,0.0,0.0,0.0,0.0,0.0,0.0,0.0,0.0,0.0,0.0,0.0,63.092495,0.0,0.0,0.0,0.0,0.0,0.0,0.0,0.0,50.482136,30.041811,69.74544,0.0,0.0,0.0,0.0,0.0,58.547,48.86856,0.0,29.944397,0.0,126.42694,0.0,0.0,75.663345,60.77872,68.99917,0.0,0.0,0.0,0.0,0.0,0.0,0.0,0.0,0.0,0.0,0.0,0.0,0.0,58.526028,0.0,0.0,0.0,0.0,0.0,0.0,0.0,0.0,0.0,0.0,0.0,0.0,0.0,67.01345,0.0
C24x19_C24x20,0.0,71.681305,22.272573,0.0,29.932434,0.0,0.0,79.41278,0.0,0.0,0.0,0.0,82.58047,0.0,0.0,0.0,204.60965,0.0,0.0,0.0,45.990814,30.298302,0.0,0.0,0.0,0.0,0.0,0.0,0.0,0.0,0.0,0.0,0.0,0.0,0.0,0.0,0.0,38.141785,0.0,0.0,0.0,64.11872,0.0,0.0,0.0,0.0,0.0,44.6802,0.0,0.0,0.0,0.0,0.0,131.72897,0.0,0.0,0.0,0.0,0.0,54.77595,35.058445,0.0,4.0910926,0.0,0.0,0.0,0.0,0.0,0.0,0.0,0.0,0.0,0.0,0.0,36.788578,72.2718,0.0,0.0,0.0,0.0,0.0,0.0,131.29007,0.0,49.17687,0.0,0.0,0.0,0.0,0.0,0.0,0.0,0.0,0.0,53.112774,0.0,0.0,0.0,0.0,0.0,56.13162,53.413445,0.0,0.0,194.00578,0.0,0.0,190.48161,90.888435,0.0,0.0,106.0794,0.0,61.79631,0.0,0.0,0.0,0.0,0.0,0.0,0.0,0.0,88.66008,0.0,0.0,0.0,0.0,73.40731,0.0,0.0,0.0,0.0,0.0,0.0,67.967865,0.0,0.0,0.0,122.9278,59.75811,71.42116,0.0,33.801033,0.0,0.0,0.0,0.0,26.553148,46.259785,0.0,59.227867,43.6379,0.0,0.0,73.90179,53.323997,70.77221,50.601364,142.90544,46.713913,0.0,0.0,38.92376,155.26949,57.000343,86.369255,0.0,0.0,0.0,0.0,0.0,44.042576,0.0,0.0,65.6455,0.0,0.0,0.0,26.900482,0.0,0.0,0.0,44.143307,0.0,0.0,53.763073,54.377083,52.72752,36.74257,46.415802,0.0,28.920797,0.0,95.68263,40.742725,0.0,0.0,0.0,74.02016,0.0,0.0,0.0,0.0,0.0,0.0,0.0,0.0,35.506195,0.0,0.0,66.376686,0.0,0.0,14.219452,0.0,0.0,0.0,0.0,0.0,0.0,0.0,0.0,0.0,230.3953,0.0,0.0,0.0,0.0,0.0,85.00965,0.0,0.0,222.29291,51.254852,0.0,0.0,0.0,0.0,26.192528,0.0,111.3364,0.0,41.702892,0.0,0.0,0.0,48.259464,0.0,0.0,0.0,0.0,0.0,0.0,48.67862,0.0,54.454147,50.422768,0.0,94.039406,89.2375,0.0,75.5346,59.983173,61.06679,72.98005,67.73225,45.652744,72.668076,77.13993,51.90681,80.98652,49.17687,68.60371,53.112774,38.670727,37.714413,26.800173,75.05808,31.703827,79.61305,0.0,0.0,18.255587,0.0,0.0,0.0,52.90021,64.56273,114.532234,69.54659,75.1128,39.09859,0.0,106.148155,136.40459,0.0,59.160465,0.0,0.0,0.0,0.0,0.0,0.0,0.0,0.0,0.0,0.0,0.0,0.0,0.0,0.0,0.0,0.0,0.0,0.0,0.0,0.0,0.0,0.0,0.0,0.0,0.0,0.0,104.014404,0.0,0.0,0.0,0.0,0.0,0.0,0.0,0.0,0.0,0.0,0.0,0.0,0.0,0.0,0.0,0.0,0.0,0.0,0.0,0.0,0.0,0.0,0.0,0.0,0.0,0.0,0.0,99.380394,0.0,0.0,60.394344,0.0,0.0,0.0,0.0,0.0,0.0,97.81653,98.1056,0.0,0.0,0.0,0.0,0.0,40.809536,155.3942,0.0,0.0,0.0,0.0,0.0,0.0,0.0,0.0,0.0,0.0,0.0,70.77088,84.09633,0.0,0.0,0.0,0.0,0.0,0.0,0.0,0.0,0.0,0.0,0.0,0.0,0.0,0.0,0.0,0.0,0.0,0.0,0.0,0.0,9.502437,113.56203,41.696457,47.301483,107.526146,79.32697,149.63889,71.40211,112.576126,60.022682,0.0,0.0,0.0,14.724161,0.0,0.0,0.0,0.0,0.0,0.0,0.0,0.0,60.47968,0.0,0.0,0.0,0.0,0.0,0.0,0.0,0.0,0.0,0.0,0.0,0.0,0.0,0.0,0.0,0.0,0.0,0.0,0.0,0.0,24.253428,35.65428,75.53726,0.0,0.0,0.0,0.0,0.0,101.74142,56.781013,30.011341,38.670727,0.0,122.28044,0.0,0.0,63.482468,67.96781,0.0,0.0,42.60815,0.0,49.51606,0.0,0.0,0.0,0.0,0.0,0.0,0.0,0.0,0.0,0.0,0.0,0.0,0.0,0.0,0.0,0.0,0.0,0.0,54.335842,41.272945,0.0,0.0,80.68966,61.505592,75.606895
C24x19_C25x19,0.0,81.24765,25.319124,0.0,124.69971,0.0,0.0,0.0,0.0,51.673233,0.0,0.0,20.629932,0.0,0.0,0.0,182.98146,0.0,75.26046,0.0,0.0,63.98997,0.0,0.0,0.0,0.0,0.0,0.0,0.0,0.0,0.0,0.0,0.0,0.0,0.0,0.0,0.0,54.65798,0.0,0.0,0.0,0.0,0.0,0.0,0.0,0.0,0.0,20.536089,0.0,0.0,0.0,0.0,0.0,0.0,0.0,99.67636,0.0,0.0,16.216583,60.82639,57.20293,0.0,1.7895453,0.0,0.0,0.0,0.0,0.0,0.0,51.806355,0.0,0.0,0.0,0.0,0.0,89.128456,0.0,0.0,0.0,47.091362,44.644943,0.0,113.897835,0.0,42.66232,0.0,0.0,0.0,0.0,0.0,0.0,97.20357,0.0,0.0,61.89662,0.0,0.0,0.0,0.0,0.0,0.0,179.40964,0.0,0.0,134.85013,0.0,0.0,132.40053,63.175,0.0,0.0,82.3578,0.0,47.97735,0.0,0.0,0.0,0.0,0.0,0.0,0.0,0.0,93.18113,0.0,41.135746,0.0,0.0,0.0,0.0,0.0,0.0,0.0,0.0,0.0,0.0,0.0,78.22691,0.0,146.00864,0.0,0.0,0.0,0.0,0.0,0.0,0.0,0.0,65.7232,53.903877,0.0,69.01484,65.473015,0.0,0.0,69.43098,39.882767,136.61812,9.818071,178.73512,30.82312,0.0,0.0,0.0,113.44059,53.010067,91.0429,0.0,0.0,0.0,0.0,0.0,0.0,0.0,101.79395,0.0,0.0,0.0,0.0,0.0,0.0,0.0,0.0,0.0,0.0,0.0,83.013794,0.0,66.92472,0.0,23.118607,0.0,0.0,0.0,133.36568,0.0,0.0,0.0,0.0,0.0,0.0,0.0,0.0,0.0,0.0,0.0,0.0,0.0,0.0,0.0,0.0,177.59818,0.0,0.0,0.0,0.0,0.0,0.0,0.0,0.0,0.0,0.0,0.0,0.0,106.56233,0.0,0.0,0.0,0.0,0.0,24.23898,0.0,0.0,254.08922,0.0,0.0,0.0,0.0,0.0,0.0,0.0,141.20352,0.0,52.890114,0.0,0.0,0.0,44.412548,0.0,0.0,0.0,0.0,0.0,0.0,0.0,0.0,0.0,65.33007,0.0,70.42475,80.10345,50.17894,29.58813,39.91754,62.7802,32.099834,33.20177,58.379475,50.510345,72.37309,35.4083,94.43905,42.66232,31.925817,61.89662,40.03916,32.38617,0.0,68.8768,24.721817,100.99489,0.0,0.0,0.0,0.0,0.0,0.0,110.455666,82.56104,133.55699,60.333626,87.535034,56.623924,0.0,97.4065,190.8479,0.0,69.57896,0.0,0.0,0.0,0.0,0.0,0.0,0.0,0.0,0.0,0.0,0.0,0.0,0.0,0.0,0.0,0.0,0.0,0.0,0.0,0.0,0.0,0.0,0.0,0.0,0.0,0.0,155.81454,0.0,0.0,0.0,0.0,0.0,0.0,0.0,0.0,0.0,0.0,0.0,0.0,0.0,0.0,0.0,0.0,0.0,0.0,0.0,0.0,0.0,0.0,0.0,0.0,0.0,0.0,0.0,102.18038,0.0,0.0,23.09602,60.900883,63.354935,54.40827,37.25411,0.0,0.0,120.63123,120.295135,0.0,0.0,0.0,0.0,0.0,137.53816,84.17673,0.0,0.0,0.0,63.960983,75.73397,62.040665,70.00532,65.73414,0.0,0.0,0.0,39.91754,105.84409,0.0,0.0,0.0,0.0,0.0,0.0,0.0,0.0,0.0,0.0,0.0,0.0,0.0,0.0,0.0,0.0,0.0,0.0,0.0,0.0,30.544626,79.003654,103.82287,56.962574,166.02759,135.42816,156.68008,81.16883,131.61168,0.0,0.0,0.0,0.0,25.831835,0.0,0.0,0.0,0.0,0.0,0.0,0.0,0.0,66.963646,0.0,0.0,0.0,0.0,0.0,0.0,0.0,0.0,0.0,0.0,0.0,0.0,0.0,0.0,0.0,0.0,0.0,0.0,0.0,0.0,27.570929,40.531246,28.886976,0.0,0.0,0.0,0.0,0.0,0.0,39.501827,0.0,0.0,24.70833,124.695625,0.0,0.0,68.844376,19.379805,54.684044,0.0,54.64418,0.0,56.289104,0.0,0.0,0.0,0.0,0.0,0.0,0.0,0.0,52.37259,21.002388,0.0,0.0,0.0,53.341557,0.0,0.0,0.0,0.0,0.0,0.0,0.0,0.0,0.0,86.105995,33.479885
C24x20_C24x21,0.0,84.566505,16.242012,0.0,32.99006,0.0,0.0,77.98784,0.0,0.0,0.0,0.0,57.59975,0.0,0.0,0.0,188.16508,0.0,0.0,0.0,31.459578,0.0,0.0,43.554184,0.0,0.0,0.0,0.0,0.0,0.0,0.0,0.0,0.0,0.0,0.0,0.0,0.0,0.0,0.0,0.0,0.0,19.908306,0.0,0.0,92.97908,0.0,0.0,0.0,0.0,0.0,0.0,0.0,0.0,116.595276,0.0,68.101036,0.0,0.0,16.079556,57.550087,0.0,75.90138,0.0,0.0,3.8561845,0.0,0.0,0.0,0.0,0.0,0.0,0.0,0.0,0.0,0.0,0.0,0.0,0.0,0.0,0.0,0.0,0.0,96.63226,0.0,0.0,0.0,0.0,0.0,0.0,0.0,0.0,0.0,0.0,0.0,0.0,0.0,0.0,0.0,0.0,0.0,58.409954,81.91391,0.0,0.0,74.706345,0.0,0.0,87.370636,0.0,0.0,0.0,83.88038,126.88897,44.50594,62.940903,0.0,0.0,65.82187,57.708218,0.0,0.0,0.0,85.22853,0.0,75.65927,0.0,0.0,56.614754,0.0,0.0,0.0,0.0,0.0,0.0,96.29495,0.0,76.95461,0.0,62.070354,19.100761,94.48719,0.0,82.12112,0.0,0.0,93.373634,0.0,35.016956,46.924885,0.0,46.924885,46.478,0.0,0.0,59.8013,114.66875,65.08915,0.0,76.50878,0.0,68.315865,0.0,45.386967,59.434948,72.53361,83.63347,0.0,0.0,0.0,0.0,0.0,0.0,0.0,0.0,128.99808,0.0,0.0,0.0,60.738365,0.0,0.0,0.0,46.102554,0.0,0.0,0.0,52.768353,11.98457,70.1991,69.803795,0.0,61.87223,0.0,75.76296,0.0,59.465034,0.0,0.0,103.617615,0.0,0.0,68.338394,0.0,0.0,0.0,111.63807,0.0,25.008316,0.0,0.0,92.94336,0.0,0.0,77.737076,0.0,0.0,0.0,0.0,0.0,0.0,0.0,0.0,0.0,181.16603,0.0,0.0,0.0,0.0,40.907692,52.100937,80.28698,0.0,106.86027,20.162848,0.0,0.0,0.0,0.0,85.7423,0.0,78.03586,0.0,0.0,0.0,0.0,0.0,61.839436,0.0,0.0,0.0,0.0,0.0,43.352943,0.0,0.0,61.95417,63.44178,0.0,121.72395,66.147545,0.0,78.94004,85.7423,70.56877,52.36825,77.86045,68.043755,0.0,70.71149,40.03268,74.12382,48.72326,20.361471,41.257782,58.673367,0.0,0.0,96.29495,54.968414,46.924885,24.076466,0.0,43.722725,0.0,0.0,0.0,57.20289,64.056694,134.63518,84.037735,89.21197,45.744522,0.0,124.22094,162.65903,0.0,65.78649,0.0,0.0,0.0,0.0,0.0,0.0,0.0,0.0,0.0,0.0,0.0,0.0,0.0,0.0,0.0,0.0,0.0,0.0,0.0,0.0,0.0,0.0,0.0,0.0,0.0,0.0,43.352943,0.0,0.0,0.0,0.0,0.0,0.0,0.0,0.0,0.0,0.0,0.0,0.0,0.0,0.0,0.0,0.0,0.0,0.0,0.0,0.0,0.0,0.0,0.0,0.0,0.0,0.0,0.0,12.011228,0.0,0.0,0.0,0.0,0.0,0.0,0.0,0.0,0.0,116.65281,126.483894,0.0,0.0,0.0,0.0,0.0,0.0,0.0,0.0,0.0,0.0,38.06337,57.89987,71.60422,74.28226,81.95633,0.0,0.0,0.0,0.0,0.0,0.0,0.0,0.0,0.0,0.0,0.0,0.0,0.0,0.0,0.0,0.0,0.0,0.0,0.0,0.0,0.0,0.0,0.0,0.0,0.0,0.0,54.413074,42.985554,36.324516,84.95405,63.45279,112.126656,54.832256,89.12056,40.604836,0.0,0.0,0.0,80.4963,0.0,0.0,0.0,0.0,0.0,0.0,0.0,0.0,68.19221,0.0,0.0,0.0,0.0,0.0,0.0,0.0,0.0,0.0,0.0,0.0,38.857853,0.0,0.0,0.0,0.0,0.0,0.0,0.0,0.0,79.39458,40.56498,40.87509,0.0,0.0,72.54413,0.0,0.0,141.34996,0.0,0.0,58.673367,0.0,173.94693,0.0,0.0,29.522722,55.730644,0.0,0.0,38.79809,26.82324,37.807037,0.0,0.0,0.0,24.245146,0.0,49.090683,0.0,0.0,0.0,0.0,89.9261,0.0,0.0,0.0,0.0,0.0,0.0,0.0,26.777163,35.628532,0.0,0.0,0.0,27.599926,113.44529
C24x20_C25x20,48.075817,66.7595,63.492985,0.0,46.14514,0.0,0.0,62.58854,0.0,0.0,0.0,0.0,17.425493,0.0,0.0,0.0,231.4797,0.0,0.0,0.0,2.682102,0.0,0.0,44.11748,47.56637,0.0,0.0,0.0,0.0,0.0,0.0,0.0,0.0,0.0,0.0,0.0,0.0,50.02251,0.0,0.0,0.0,66.12359,0.0,0.0,58.657024,0.0,0.0,0.0,0.0,0.0,0.0,0.0,0.0,111.77345,0.0,0.0,0.0,0.0,15.884067,69.217415,0.0,0.0,0.0,0.0,3.8093028,4.1070952,0.0,0.0,0.0,0.0,0.0,0.0,0.0,0.0,44.109737,87.025536,0.0,27.48887,0.0,0.0,25.698536,0.0,88.68282,0.0,0.0,0.0,0.0,0.0,0.0,0.0,0.0,0.0,0.0,0.0,0.0,0.0,0.0,0.0,0.0,0.0,83.12791,116.57828,0.0,0.0,125.25393,0.0,0.0,110.46563,59.04146,0.0,0.0,34.39901,52.036663,0.0,0.0,0.0,0.0,38.59663,86.54076,0.0,0.0,0.0,70.71414,0.0,0.0,0.0,0.0,23.460958,0.0,0.0,0.0,0.0,0.0,0.0,76.659775,0.0,0.0,0.0,92.58456,43.034744,94.36977,0.0,63.98695,0.0,0.0,0.0,0.0,19.990345,52.389442,0.0,52.389442,47.805294,0.0,0.0,33.17921,78.56871,57.465916,0.0,134.6102,0.0,0.0,0.0,18.436602,180.4223,26.998743,141.03506,0.0,0.0,0.0,0.0,0.0,47.136574,0.0,0.0,114.48714,0.0,0.0,0.0,55.797974,0.0,0.0,0.0,27.371408,0.0,0.0,54.355457,77.61218,33.60411,43.37632,56.93637,0.0,55.258877,0.0,46.60733,0.0,35.161148,0.0,0.0,23.605787,0.0,0.0,63.805435,0.0,0.0,0.0,0.0,0.0,36.682423,0.0,0.0,130.51003,0.0,0.0,70.80527,0.0,0.0,0.0,0.0,0.0,0.0,0.0,0.0,0.0,85.17199,0.0,0.0,0.0,0.0,32.784805,29.24698,76.59206,0.0,152.73723,53.954636,0.0,0.0,0.0,0.0,58.244152,0.0,118.42701,0.0,0.0,0.0,0.0,0.0,91.240845,0.0,0.0,0.0,0.0,0.0,72.345406,0.0,0.0,61.748215,68.57528,0.0,139.70662,80.2011,0.0,0.0,58.244152,79.07574,67.743164,51.859196,73.07354,63.154682,54.837166,16.589403,72.13592,44.715046,27.589048,48.069496,54.776695,0.0,27.519516,76.659775,50.066887,58.39602,0.0,0.0,44.21671,0.0,0.0,0.0,68.08987,48.16697,108.68493,66.88096,69.67043,36.40552,0.0,101.230515,155.93224,0.0,77.316475,0.0,0.0,0.0,0.0,0.0,0.0,0.0,0.0,0.0,0.0,0.0,0.0,0.0,0.0,0.0,0.0,0.0,0.0,0.0,0.0,0.0,0.0,0.0,0.0,0.0,0.0,121.17044,0.0,0.0,0.0,0.0,0.0,0.0,0.0,0.0,0.0,0.0,0.0,0.0,0.0,0.0,0.0,0.0,0.0,0.0,0.0,0.0,0.0,0.0,0.0,0.0,0.0,0.0,0.0,76.997635,0.0,0.0,0.0,0.0,0.0,0.0,0.0,0.0,0.0,88.92625,116.87754,0.0,0.0,0.0,0.0,0.0,0.0,0.0,0.0,0.0,0.0,0.0,0.0,0.0,0.0,0.0,0.0,0.0,0.0,68.80365,84.0924,0.0,0.0,0.0,0.0,0.0,0.0,0.0,0.0,0.0,0.0,0.0,0.0,0.0,0.0,0.0,0.0,72.33542,29.866938,0.0,57.741325,51.44986,115.08964,59.907715,50.62442,90.92177,84.71015,145.99721,76.41812,87.692345,60.28153,0.0,0.0,0.0,73.31845,0.0,0.0,0.0,0.0,0.0,0.0,0.0,0.0,64.728386,0.0,0.0,0.0,0.0,0.0,0.0,0.0,0.0,0.0,0.0,0.0,13.741974,0.0,0.0,0.0,0.0,0.0,0.0,0.0,0.0,75.308105,48.490044,41.336903,0.0,0.0,0.0,0.0,0.0,120.417656,68.80365,36.037903,54.776695,0.0,124.44092,0.0,0.0,72.2663,31.284523,0.0,0.0,67.51172,51.51623,56.596313,0.0,0.0,0.0,23.950384,0.0,0.0,0.0,0.0,0.0,0.0,121.78193,0.0,0.0,0.0,0.0,0.0,0.0,0.0,59.095257,40.561317,0.0,0.0,0.0,67.55964,54.30628
C24x21_C24x22,0.0,18.968067,0.0,0.0,62.47561,0.0,0.0,0.0,62.472546,0.0,58.102272,0.0,69.32692,0.0,0.0,0.0,121.690834,0.0,0.0,0.0,0.0,0.0,0.0,81.79131,0.0,0.0,0.0,0.0,0.0,0.0,0.0,0.0,0.0,0.0,0.0,0.0,0.0,0.0,0.0,0.0,0.0,0.0,0.0,0.0,0.0,0.0,0.0,0.0,0.0,0.0,0.0,0.0,0.0,0.0,0.0,130.46439,0.0,0.0,98.95563,78.11613,0.0,118.12697,0.0,0.0,32.78677,0.0,0.0,0.0,0.0,0.0,0.0,0.0,0.0,0.0,0.0,0.0,0.0,0.0,0.0,0.0,0.0,0.0,105.93486,0.0,0.0,0.0,0.0,0.0,0.0,0.0,0.0,107.07648,0.0,0.0,0.0,0.0,0.0,0.0,0.0,0.0,0.0,15.501048,63.163452,0.0,50.22417,0.0,0.0,58.73822,0.0,0.0,0.0,0.0,0.0,13.486049,19.072153,0.0,0.0,19.945135,17.48656,0.0,0.0,0.0,52.20204,0.0,65.824066,0.0,0.0,0.0,0.0,0.0,0.0,132.61127,0.0,0.0,0.0,0.0,103.79368,0.0,51.63515,0.0,0.0,0.0,0.0,0.0,0.0,82.42333,23.407774,27.97021,67.20521,0.0,0.0,67.20521,0.0,70.71406,84.49701,58.577446,70.252785,0.0,161.70576,0.0,44.971653,0.0,0.0,84.66375,59.38453,96.10392,0.0,0.0,0.0,91.86546,0.0,0.0,0.0,0.0,0.0,0.0,0.0,0.0,0.0,0.0,0.0,0.0,0.0,0.0,0.0,0.0,0.0,13.862767,0.0,91.32815,0.0,36.24357,0.0,136.79655,0.0,0.0,0.0,0.0,0.0,0.0,0.0,103.879814,0.0,0.0,0.0,123.92467,0.0,0.0,0.0,0.0,48.35712,0.0,0.0,0.0,0.0,0.0,0.0,0.0,0.0,0.0,0.0,0.0,0.0,66.17315,0.0,0.0,0.0,0.0,68.843216,66.23543,126.706345,0.0,82.05474,0.0,0.0,0.0,0.0,0.0,0.0,0.0,82.76479,0.0,0.0,0.0,0.0,0.0,82.170975,0.0,0.0,81.12044,0.0,0.0,165.86417,0.0,0.0,0.0,29.606197,0.0,139.00551,74.646355,39.02829,87.627975,0.0,0.0,0.0,0.0,0.0,0.0,0.0,0.0,0.0,0.0,0.0,0.0,0.0,0.0,0.0,0.0,0.0,73.299034,33.93844,48.33079,64.409775,0.0,0.0,0.0,0.0,215.83484,281.64923,154.199,175.09814,188.21034,32.0059,307.676,49.541637,0.0,113.34832,0.0,0.0,0.0,0.0,0.0,0.0,0.0,0.0,0.0,0.0,0.0,0.0,0.0,0.0,0.0,0.0,0.0,0.0,0.0,0.0,0.0,0.0,0.0,125.14916,0.0,30.835135,31.89111,0.0,0.0,0.0,0.0,0.0,0.0,0.0,0.0,115.12808,69.2267,0.0,0.0,0.0,0.0,0.0,0.0,0.0,0.0,0.0,0.0,0.0,0.0,0.0,0.0,0.0,0.0,0.0,0.0,0.0,0.0,0.0,130.57661,49.506622,146.61699,101.73661,0.0,0.0,99.87839,100.09489,0.0,0.0,0.0,0.0,0.0,0.0,0.0,0.0,0.0,0.0,17.40759,46.717808,140.90538,82.8778,115.78983,0.0,0.0,0.0,102.905624,109.57733,0.0,0.0,0.0,0.0,0.0,0.0,0.0,0.0,0.0,0.0,0.0,0.0,0.0,0.0,0.0,0.0,0.0,0.0,0.0,0.0,44.971653,19.527756,42.170116,89.26263,70.88041,93.082985,166.85118,18.800348,109.70265,9.296333,0.0,0.0,0.0,7.238614,0.0,0.0,0.0,0.0,0.0,0.0,0.0,0.0,72.80565,0.0,0.0,0.0,0.0,0.0,0.0,0.0,0.0,0.0,0.0,0.0,0.0,0.0,41.283047,96.127495,22.075945,64.409775,0.0,0.0,0.0,0.0,0.0,76.96395,0.0,0.0,96.92536,0.0,0.0,201.76509,0.0,0.0,0.0,19.719242,120.136925,0.0,0.0,0.0,0.0,0.0,0.0,0.0,0.0,0.0,0.0,0.0,0.0,14.515187,117.283676,154.26112,0.0,0.0,20.943033,0.0,92.490204,0.0,0.0,17.907358,0.0,0.0,0.0,0.0,0.0,0.0,0.0,0.0,0.0,31.92533,65.153824
C24x21_C25x21,0.0,92.06627,0.0,0.0,78.07392,0.0,38.005653,0.0,0.0,0.0,70.41069,0.0,69.25097,0.0,0.0,0.0,131.91489,0.0,0.0,0.0,0.0,0.0,0.0,118.52798,0.0,0.0,0.0,0.0,0.0,0.0,0.0,0.0,0.0,0.0,0.0,0.0,0.0,0.0,0.0,0.0,0.0,85.97888,0.0,0.0,0.0,0.0,0.0,0.0,0.0,0.0,0.0,0.0,0.0,0.0,0.0,84.68903,0.0,0.0,70.09557,107.83804,0.0,98.00642,0.0,0.0,36.231613,0.0,0.0,0.0,0.0,0.0,0.0,0.0,0.0,0.0,0.0,0.0,0.0,0.0,0.0,0.0,0.0,0.0,71.29983,0.0,0.0,0.0,0.0,0.0,0.0,0.0,0.0,0.0,0.0,0.0,0.0,0.0,0.0,0.0,0.0,0.0,0.0,66.44806,26.97081,0.0,66.95548,0.0,0.0,66.95548,0.0,0.0,0.0,0.0,0.0,50.572056,71.519684,0.0,0.0,74.79333,176.08578,0.0,0.0,0.0,60.011856,0.0,62.304905,0.0,0.0,0.0,0.0,0.0,0.0,172.66397,0.0,0.0,0.0,0.0,29.409319,0.0,51.607944,0.0,0.0,0.0,0.0,0.0,0.0,47.24627,37.163883,0.0,85.98845,0.0,0.0,84.80325,0.0,71.92018,0.0,62.449497,118.08863,0.0,84.939026,0.0,51.678535,0.0,0.0,97.93443,73.137794,126.58583,0.0,0.0,0.0,39.416443,0.0,0.0,0.0,0.0,0.0,0.0,0.0,0.0,0.0,0.0,0.0,0.0,0.0,0.0,0.0,0.0,0.0,13.764636,0.0,0.0,0.0,91.90741,72.432846,132.70747,0.0,0.0,0.0,0.0,0.0,0.0,0.0,71.73166,0.0,0.0,0.0,118.97858,0.0,0.0,0.0,0.0,79.90609,0.0,0.0,0.0,0.0,0.0,0.0,0.0,0.0,0.0,0.0,0.0,0.0,144.79945,0.0,0.0,0.0,0.0,90.89712,62.37001,92.80646,0.0,103.26156,0.0,0.0,0.0,0.0,0.0,0.0,0.0,60.85116,0.0,0.0,0.0,0.0,0.0,101.47825,0.0,0.0,69.9159,0.0,0.0,135.26668,0.0,0.0,0.0,64.44018,0.0,199.43465,106.49245,0.0,57.384495,0.0,0.0,0.0,0.0,0.0,0.0,0.0,0.0,0.0,0.0,0.0,0.0,0.0,0.0,0.0,0.0,0.0,51.580418,43.579414,47.01744,63.95383,0.0,0.0,0.0,0.0,235.46973,288.6463,166.69817,170.16937,137.08937,26.875893,338.5552,136.53064,0.0,78.11944,0.0,0.0,0.0,0.0,0.0,0.0,0.0,0.0,0.0,0.0,0.0,0.0,0.0,0.0,0.0,0.0,0.0,0.0,0.0,0.0,0.0,0.0,0.0,0.0,0.0,37.18149,135.26668,0.0,0.0,0.0,0.0,0.0,0.0,0.0,0.0,115.942276,68.6563,0.0,0.0,0.0,0.0,0.0,0.0,0.0,0.0,0.0,0.0,0.0,0.0,0.0,0.0,0.0,0.0,0.0,0.0,0.0,0.0,0.0,0.0,0.0,0.0,0.0,53.22536,97.37488,89.70577,113.39763,0.0,0.0,0.0,0.0,0.0,0.0,0.0,0.0,0.0,0.0,49.410854,61.881596,17.35354,55.56824,59.577152,0.0,0.0,0.0,88.24801,107.59341,0.0,0.0,0.0,0.0,0.0,0.0,0.0,0.0,0.0,0.0,0.0,0.0,0.0,0.0,0.0,0.0,0.0,0.0,0.0,0.0,49.13275,86.2166,0.0,78.07302,124.322624,59.779892,86.46336,71.270584,96.48371,133.35768,0.0,0.0,0.0,103.83931,0.0,0.0,0.0,0.0,0.0,0.0,0.0,0.0,41.818554,0.0,0.0,0.0,0.0,0.0,0.0,0.0,0.0,0.0,0.0,0.0,65.522545,0.0,36.30427,96.455185,0.0,63.95383,0.0,0.0,0.0,85.03681,45.566086,0.0,0.0,0.0,46.996883,0.0,0.0,178.60211,0.0,0.0,0.0,44.120815,123.75901,0.0,0.0,0.0,0.0,0.0,0.0,49.502502,18.792349,43.025345,0.0,0.0,0.0,0.0,0.0,0.0,0.0,0.0,40.06681,0.0,144.2343,0.0,0.0,40.06681,0.0,0.0,0.0,0.0,0.0,0.0,0.0,0.0,0.0,31.699337,0.0
C24x22_C24x23,0.0,25.363495,0.0,0.0,24.522589,0.0,0.0,0.0,62.802666,0.0,126.25271,0.0,119.20901,0.0,0.0,0.0,89.49815,0.0,0.0,53.896545,0.0,0.0,71.57747,0.0,0.0,0.0,0.0,0.0,0.0,0.0,0.0,0.0,0.0,0.0,17.475899,0.0,0.0,82.09326,0.0,106.10508,0.0,0.0,60.193153,30.561192,0.0,0.0,0.0,0.0,0.0,0.0,0.0,0.0,0.0,0.0,0.0,49.86209,97.61895,0.0,99.05064,30.092873,0.0,75.49225,0.0,0.0,0.0,0.0,0.0,0.0,0.0,0.0,0.0,0.0,0.0,0.0,0.0,0.0,0.0,44.663216,0.0,0.0,0.0,0.0,0.0,0.0,0.0,0.0,0.0,0.0,0.0,0.0,0.0,81.735435,0.0,22.876904,0.0,0.0,0.0,0.0,0.0,0.0,0.0,0.0,43.367996,0.0,0.0,0.0,39.917645,52.512585,0.0,0.0,0.0,0.0,0.0,0.0,0.0,0.0,0.0,19.285254,0.0,0.0,0.0,0.0,0.0,0.0,100.669205,0.0,26.054482,0.0,0.0,0.0,0.0,116.372665,0.0,0.0,0.0,0.0,88.21997,0.0,107.89001,0.0,0.0,0.0,0.0,0.0,0.0,105.0003,70.44627,84.17704,57.38593,0.0,0.0,52.589478,57.38593,34.85818,59.02322,47.66597,0.0,0.0,136.9328,0.0,11.237852,0.0,0.0,79.23659,0.0,66.864975,0.0,0.0,0.0,0.0,0.0,0.0,0.0,0.0,0.0,0.0,0.0,0.0,0.0,0.0,0.0,0.0,0.0,0.0,0.0,43.586266,0.0,27.025448,0.0,76.452736,0.0,0.0,0.0,164.54788,0.0,0.0,0.0,0.0,0.0,0.0,0.0,106.08193,0.0,0.0,0.0,112.86657,0.0,0.0,0.0,0.0,0.0,0.0,0.0,0.0,0.0,0.0,0.0,0.0,0.0,0.0,0.0,0.0,0.0,78.045235,0.0,0.0,0.0,0.0,0.0,59.01785,145.94373,0.0,62.0374,0.0,0.0,0.0,0.0,0.0,0.0,0.0,0.0,0.0,0.0,0.0,0.0,0.0,70.01854,0.0,0.0,86.45602,0.0,0.0,134.16156,0.0,0.0,0.0,80.60838,0.0,99.014656,66.795006,0.0,0.0,0.0,0.0,0.0,0.0,0.0,0.0,0.0,0.0,0.0,0.0,0.0,0.0,0.0,0.0,0.0,0.0,0.0,52.589478,0.0,0.0,44.248657,0.0,0.0,0.0,0.0,180.71611,104.185425,230.69275,253.2806,155.68283,0.0,158.09686,47.197697,35.65998,79.88466,43.712578,84.50217,110.63886,62.34865,76.22552,93.0278,0.0,94.82278,20.127907,74.87074,140.02788,0.0,56.452076,85.69955,101.29374,112.65865,12.597447,71.36811,88.792244,0.0,0.0,98.93433,124.694725,113.77132,0.0,58.99133,0.0,0.0,0.0,0.0,0.0,0.0,0.0,0.0,0.0,62.441223,54.462723,0.0,0.0,0.0,0.0,0.0,0.0,0.0,0.0,0.0,0.0,0.0,0.0,0.0,0.0,0.0,0.0,0.0,0.0,0.0,0.0,0.0,91.199295,89.19284,99.409706,65.03036,0.0,0.0,56.11162,43.13489,0.0,22.06112,71.36811,0.0,35.90462,0.0,0.0,0.0,0.0,0.0,0.0,33.714825,36.76849,96.408394,116.78778,0.0,0.0,0.0,122.98231,216.53015,0.0,0.0,0.0,0.0,0.0,0.0,0.0,0.0,0.0,0.0,97.703094,50.516373,0.0,49.5754,0.0,50.230816,0.0,0.0,0.0,0.0,11.237852,0.0,0.0,0.0,0.0,0.0,0.0,0.0,0.0,0.0,49.104992,52.06671,64.48764,0.0,0.0,0.0,0.0,0.0,0.0,0.0,0.0,0.0,74.382965,0.0,0.0,0.0,0.0,0.0,0.0,0.0,0.0,0.0,0.0,0.0,0.0,0.0,28.86164,58.506695,0.0,37.67626,0.0,0.0,0.0,89.09199,94.01031,45.019783,0.0,0.0,86.36355,0.0,0.0,105.77287,57.92733,23.549694,0.0,0.0,0.0,0.0,0.0,42.310352,0.0,0.0,0.0,0.0,0.0,0.0,0.0,0.0,0.0,0.0,94.86655,48.72361,0.0,0.0,18.723288,0.0,0.0,0.0,0.0,0.0,0.0,0.0,0.0,0.0,0.0,0.0,0.0,0.0,0.0,47.291405,0.0
C24x22_C25x22,0.0,13.136286,0.0,0.0,41.73183,0.0,0.0,0.0,85.08448,0.0,79.132385,0.0,65.06257,0.0,0.0,0.0,80.87429,0.0,0.0,43.40914,0.0,0.0,56.023533,46.02396,0.0,0.0,0.0,0.0,0.0,0.0,0.0,0.0,0.0,0.0,0.0,0.0,0.0,0.0,0.0,79.510284,0.0,0.0,0.0,22.90116,0.0,0.0,0.0,0.0,0.0,0.0,0.0,0.0,0.0,0.0,0.0,54.793182,77.85628,0.0,84.68525,97.887,0.0,116.98062,0.0,0.0,0.0,0.0,0.0,0.0,0.0,0.0,31.61594,0.0,0.0,0.0,0.0,0.0,0.0,24.885344,0.0,0.0,0.0,0.0,0.0,0.0,0.0,0.0,0.0,0.0,0.0,0.0,0.0,68.23902,0.0,35.27732,0.0,0.0,0.0,0.0,0.0,0.0,0.0,0.0,21.121824,0.0,0.0,0.0,24.002913,31.888271,0.0,0.0,0.0,0.0,0.0,0.0,0.0,0.0,0.0,23.945274,49.086124,0.0,26.583904,0.0,25.49299,0.0,49.03848,0.0,15.154254,0.0,0.0,0.0,0.0,153.86584,0.0,0.0,0.0,0.0,41.66501,0.0,62.38223,0.0,0.0,0.0,0.0,0.0,0.0,30.145687,68.93099,57.83176,62.658054,0.0,0.0,41.863888,0.0,61.53848,51.629585,45.08425,38.803215,0.0,80.00748,0.0,0.0,0.0,0.0,54.490387,0.0,90.9194,0.0,0.0,51.759884,0.0,0.0,0.0,0.0,0.0,0.0,0.0,0.0,0.0,0.0,0.0,0.0,0.0,0.0,0.0,0.0,0.0,0.0,0.0,0.0,53.321064,0.0,26.913603,0.0,119.82178,0.0,0.0,0.0,0.0,0.0,0.0,0.0,101.54905,0.0,0.0,0.0,127.021545,0.0,0.0,0.0,0.0,0.0,0.0,0.0,0.0,0.0,0.0,0.0,0.0,0.0,0.0,0.0,0.0,0.0,64.635284,0.0,0.0,0.0,0.0,42.46219,46.422905,91.98266,0.0,50.00222,0.0,0.0,0.0,0.0,0.0,0.0,0.0,0.0,0.0,0.0,0.0,0.0,0.0,148.0918,0.0,0.0,103.1517,0.0,0.0,45.98358,0.0,0.0,0.0,38.112057,0.0,216.68457,146.59436,0.0,0.0,95.55966,137.63109,71.40159,155.21156,110.6869,57.816822,116.69572,53.459953,77.11924,148.13554,24.498034,84.973976,108.60145,19.071306,0.0,161.99495,38.344666,68.83977,0.0,0.0,39.887592,0.0,0.0,0.0,0.0,195.23633,136.02763,261.29053,149.88228,191.55788,76.43142,285.7366,58.386646,33.427822,62.478237,22.81024,76.39538,77.55622,0.0,50.922256,65.57419,0.0,76.62081,0.0,56.10471,104.63016,0.0,33.945244,76.39269,68.51405,84.42124,0.0,61.737995,66.53684,0.0,0.0,0.0,0.0,90.659615,0.0,1.4889497,52.28173,0.0,0.0,0.0,0.0,0.0,0.0,0.0,0.0,105.03651,39.241283,0.0,0.0,0.0,0.0,0.0,0.0,0.0,0.0,0.0,0.0,0.0,0.0,0.0,0.0,0.0,0.0,0.0,0.0,0.0,0.0,42.38788,56.268044,32.341774,103.79247,37.28223,56.20744,51.30558,75.16034,70.87324,0.0,0.0,61.737995,11.19709,26.90528,0.0,0.0,0.0,0.0,0.0,50.230694,18.235474,10.391349,30.485466,29.592203,0.0,0.0,0.0,68.71396,120.563736,0.0,0.0,0.0,0.0,0.0,0.0,0.0,0.0,0.0,0.0,74.40443,37.85466,18.008087,35.4254,0.0,37.640675,0.0,0.0,0.0,0.0,0.0,0.0,0.0,0.0,0.0,0.0,0.0,0.0,0.0,0.0,36.797035,37.098164,0.0,0.0,0.0,0.0,0.0,0.0,0.0,0.0,0.0,0.0,31.033186,0.0,0.0,0.0,0.0,0.0,0.0,0.0,0.0,0.0,0.0,0.0,0.0,0.0,18.238781,80.0668,23.58393,32.38971,0.0,0.0,0.0,39.67202,41.86211,46.792034,0.0,0.0,32.43551,0.0,0.0,98.80818,0.0,0.0,0.0,0.0,0.0,0.0,0.0,14.293394,22.391058,0.0,0.0,0.0,0.0,0.0,0.0,0.0,0.0,0.0,32.515305,42.766796,0.0,0.0,0.0,0.0,63.609745,0.0,0.0,0.0,0.0,0.0,0.0,0.0,0.0,0.0,0.0,0.0,0.0,29.63419,0.0
C24x23_C24x24,0.0,0.0,0.0,0.0,0.72525805,0.0,0.0,0.0,65.5694,0.0,32.52399,0.0,198.12784,0.0,54.688988,0.0,75.4248,0.0,0.0,45.315105,0.0,0.0,74.70036,0.0,0.0,0.0,0.0,0.0,0.0,0.0,0.0,0.0,0.0,0.0,8.506196,0.0,0.0,108.562584,0.0,140.31653,0.0,0.0,0.0,36.741753,0.0,0.0,0.0,0.0,0.0,0.0,0.0,0.0,0.0,0.0,0.0,67.23271,24.978989,0.0,92.04562,0.0,0.0,83.4487,0.0,0.0,0.0,0.0,0.0,0.0,0.0,0.0,0.0,0.0,0.0,0.0,0.0,0.0,0.0,56.217045,56.217045,97.37078,0.0,0.0,98.31348,0.0,0.0,0.0,0.0,0.0,0.0,0.0,0.0,64.53083,0.0,32.609783,0.0,0.0,0.0,0.0,0.0,0.0,0.0,41.98892,51.13711,0.0,0.0,0.0,58.77541,58.77541,0.0,0.0,0.0,0.0,0.0,0.0,0.0,0.0,0.0,0.0,20.82338,0.0,38.050682,0.0,0.0,0.0,41.31854,0.0,45.02905,0.0,0.0,0.0,0.0,122.12916,0.0,0.0,0.0,0.0,67.779175,0.0,176.87979,0.0,0.0,0.0,0.0,0.0,0.0,68.22799,0.0,76.68328,92.48617,0.0,0.0,55.225613,92.48617,0.0,49.52252,69.12864,0.0,0.0,210.33437,0.0,13.251044,0.0,0.0,118.616394,0.0,70.8204,0.0,0.0,0.0,0.0,0.0,0.0,0.0,0.0,0.0,0.0,0.0,0.0,0.0,0.0,0.0,0.0,0.0,0.0,0.0,60.533096,0.0,90.13317,0.0,67.23952,0.0,0.0,0.0,114.931694,0.0,0.0,0.0,0.0,0.0,0.0,0.0,102.51404,86.24433,0.0,0.0,126.64702,0.0,0.0,0.0,0.0,73.91433,0.0,0.0,0.0,0.0,0.0,0.0,0.0,0.0,0.0,0.0,0.0,0.0,98.619,101.99643,0.0,0.0,0.0,0.0,191.92937,83.870766,0.0,124.838234,0.0,0.0,0.0,0.0,0.0,0.0,0.0,61.12527,0.0,0.0,0.0,0.0,0.0,58.622253,0.0,0.0,97.41846,0.0,0.0,91.934006,0.0,0.0,0.0,91.84657,0.0,86.78906,57.11281,0.0,0.0,0.0,0.0,0.0,0.0,0.0,0.0,0.0,0.0,0.0,0.0,0.0,0.0,0.0,0.0,0.0,0.0,0.0,75.94082,0.0,0.0,0.0,0.0,0.0,0.0,58.26345,46.30935,44.438484,76.54266,35.410366,48.357834,9.236722,48.175198,61.915325,0.0,92.18744,83.1236,51.068237,98.37916,0.0,63.498722,113.49562,79.50291,122.170555,42.693325,0.0,104.04945,32.515408,83.12098,128.52089,78.380035,77.20049,18.502653,67.524254,107.64622,0.0,0.0,102.95303,55.275654,0.0,0.0,71.2523,92.02604,0.0,0.0,0.0,0.0,0.0,0.0,0.0,0.0,0.0,0.0,0.0,0.0,0.0,0.0,0.0,0.0,0.0,0.0,0.0,0.0,0.0,0.0,0.0,0.0,0.0,0.0,0.0,0.0,0.0,0.0,37.515724,88.26414,124.4733,69.82764,49.512836,0.0,0.0,100.7074,70.56576,0.0,1.670567,67.524254,53.518272,0.0,0.0,0.0,0.0,0.0,0.0,48.513237,22.878733,36.10107,93.80674,98.68274,0.0,0.0,0.0,0.0,64.07814,0.0,0.0,0.0,0.0,0.0,0.0,0.0,0.0,0.0,56.287163,86.5827,64.528145,32.559345,76.38899,8.972608,23.246943,0.0,0.0,0.0,0.0,0.0,0.0,0.0,0.0,0.0,0.0,0.0,0.0,0.0,0.0,66.466125,59.116886,62.412163,0.0,0.0,0.0,0.0,0.0,0.0,0.0,0.0,0.0,93.94215,0.0,0.0,0.0,0.0,0.0,0.0,0.0,0.0,0.0,0.0,0.0,0.0,0.0,0.0,0.0,0.0,0.0,0.0,0.0,0.0,0.0,142.33835,37.515724,0.0,0.0,50.30575,0.0,0.0,141.20311,63.529305,21.814817,0.0,0.0,0.0,0.0,27.636873,60.6205,166.2157,0.0,0.0,0.0,0.0,0.0,40.256737,52.556324,35.492966,0.0,65.007164,45.601467,0.0,0.0,30.18874,0.0,0.0,0.0,0.0,0.0,0.0,0.0,0.0,0.0,0.0,0.0,0.0,0.0,0.0,69.99853,0.0
C24x23_C25x23,0.0,15.250442,0.0,0.0,24.375868,0.0,0.0,0.0,118.52527,0.0,58.791374,0.0,92.86696,0.0,35.59652,0.0,37.217102,0.0,0.0,47.46063,0.0,21.824455,61.171707,0.0,0.0,0.0,0.0,0.0,0.0,0.0,0.0,0.0,0.0,0.0,0.0,0.0,0.0,76.52143,0.0,76.19908,0.0,0.0,0.0,0.0,0.0,0.0,0.0,0.0,0.0,0.0,0.0,0.0,0.0,16.562082,0.0,18.01675,90.28791,0.0,81.824715,57.160385,0.0,61.12696,11.612236,0.0,0.0,0.0,0.0,0.0,0.0,24.44323,68.51187,0.0,0.0,0.0,0.0,0.0,0.0,43.477547,37.689518,43.076298,0.0,0.0,53.89361,0.0,0.0,0.0,36.208015,0.0,0.0,0.0,0.0,48.589355,0.0,60.595245,0.0,0.0,0.0,30.857224,0.0,0.0,0.0,0.0,34.36557,7.8134227,8.721921,0.0,17.438301,27.248323,0.0,0.0,0.0,0.0,8.431483,0.0,8.431483,0.0,0.0,8.431483,0.0,0.0,99.50974,0.0,33.43806,0.0,33.43806,0.0,17.70313,21.148071,0.0,0.0,0.0,126.93283,0.0,35.59829,35.59829,0.0,41.79338,0.0,141.72656,0.0,16.633835,0.0,14.578691,0.0,0.0,39.6073,54.54611,88.8511,31.834219,0.0,0.0,40.653885,31.834219,29.006248,47.248775,68.02664,46.41226,0.0,64.6218,0.0,31.24871,0.0,0.0,76.68465,0.0,85.220665,0.0,18.700844,0.0,21.666336,0.0,0.0,0.0,0.0,46.415134,0.0,0.0,0.0,0.0,0.0,0.0,0.0,0.0,0.0,0.0,68.00438,0.0,42.10378,17.733513,77.92711,5.5505533,0.0,9.251058,101.23335,0.0,32.450855,0.0,0.0,18.191938,0.0,0.0,116.77311,49.999195,0.0,0.0,105.20705,0.0,0.0,0.0,0.0,33.50478,0.0,0.0,0.0,0.0,0.0,0.0,0.0,0.0,0.0,0.0,0.0,0.0,91.059906,70.66836,0.0,0.0,0.0,0.0,91.60703,77.60867,0.0,96.766815,0.0,0.0,0.0,0.0,0.0,0.0,0.0,35.51798,0.0,0.0,0.0,0.0,0.0,81.486244,0.0,0.0,101.25018,0.0,0.0,69.7892,27.969307,0.0,28.421217,53.594395,0.0,123.35506,76.67807,0.0,0.0,29.485022,22.010365,30.753439,37.471817,29.516453,5.8597574,25.366632,21.148071,16.892666,36.208015,14.985844,30.857224,28.395594,7.1454773,0.0,35.59829,0.0,36.419266,0.0,0.0,43.21655,0.0,0.0,0.0,42.767574,130.7159,74.81048,160.35,136.6536,125.75208,13.440972,157.64977,36.49764,6.7186255,65.62723,18.301664,96.53596,64.54053,33.20973,86.92655,66.26931,35.171654,99.75323,0.0,81.883835,99.78947,0.0,16.273327,111.56893,70.44652,69.91838,0.0,75.85186,98.116264,45.950203,11.502789,16.695702,90.73848,0.0,0.0,64.42365,12.78626,0.0,0.0,0.0,0.0,0.0,0.0,0.0,0.0,52.275112,20.731552,0.0,0.0,0.0,0.0,0.0,0.0,0.0,0.0,0.0,0.0,0.0,0.0,0.0,0.0,0.0,0.0,0.0,0.0,0.0,0.0,0.0,18.955605,25.654936,77.336845,18.704971,27.313005,11.392028,77.12264,41.582916,0.0,38.774357,75.85186,19.843943,0.0,0.0,0.0,0.0,0.0,0.0,24.724432,25.871597,24.92263,35.919495,40.174137,0.0,0.0,0.0,146.1479,127.30949,0.0,0.0,0.0,0.0,0.0,0.0,0.0,0.0,0.0,32.20047,87.0144,60.139587,36.723404,50.599037,0.0,34.022797,0.0,0.0,0.0,0.0,0.0,0.0,0.0,0.0,0.0,0.0,0.0,0.0,0.0,0.0,39.150238,57.5366,13.403637,0.0,0.0,0.0,0.0,0.0,0.0,0.0,0.0,0.0,82.85583,29.516453,16.397608,30.625185,32.450855,23.86249,28.395594,0.0,17.3256,0.0,31.60925,31.1031,0.0,0.0,20.442295,42.252323,0.0,0.0,0.0,0.0,0.0,57.900616,55.81159,0.0,0.0,0.0,7.930706,0.0,0.0,84.07833,82.23023,17.812965,28.395594,0.0,0.0,0.0,19.915615,49.99416,85.05438,0.0,0.0,0.0,0.0,0.0,37.896957,34.20839,23.10202,0.0,49.348415,34.61711,0.0,0.0,11.46327,13.9620075,0.0,0.0,0.0,0.0,0.0,0.0,0.0,0.0,0.0,0.0,0.0,0.0,39.88987,54.18598,0.0
C24x24_C24x25,0.0,0.0,0.0,0.0,88.06217,0.0,0.0,0.0,92.11066,0.0,71.53871,0.0,116.05026,88.31996,18.728703,0.0,104.53094,0.0,0.0,0.0,0.0,0.0,0.0,0.0,0.0,0.0,0.0,0.0,76.898766,0.0,0.0,0.0,0.0,0.0,0.0,0.0,0.0,91.05076,0.0,0.0,86.5873,0.0,131.52847,0.0,0.0,0.0,0.0,0.0,0.0,0.0,0.0,0.0,0.0,0.0,0.0,69.82415,0.0,0.0,49.752846,0.0,32.855244,62.38493,0.0,0.0,0.0,0.0,0.0,0.0,0.0,0.0,0.0,0.0,0.0,0.0,0.0,24.810406,0.0,52.833298,55.092976,55.092976,56.445698,0.0,119.69456,0.0,75.039825,0.0,0.0,0.0,0.0,0.0,0.0,98.40386,0.0,0.0,0.0,0.0,0.0,0.0,0.0,0.0,0.0,28.615295,34.849754,81.42424,111.9666,0.0,18.678633,136.36093,19.137259,0.0,0.0,0.0,0.0,0.0,0.0,0.0,0.0,18.970287,85.54273,0.0,48.689884,0.0,0.0,0.0,0.0,0.0,0.0,0.0,0.0,0.0,0.0,92.453964,0.0,0.0,0.0,0.0,0.0,0.0,207.19739,0.0,0.0,0.0,0.0,0.0,0.0,0.0,0.0,91.28826,54.375965,0.0,0.0,54.375965,30.383188,0.0,82.053154,0.0,61.536457,0.0,112.82625,37.2535,84.72675,0.0,0.0,230.85284,0.0,65.69333,0.0,0.0,0.0,0.0,0.0,0.0,0.0,9.236668,0.0,0.0,0.0,0.0,0.0,0.0,0.0,0.0,0.0,0.0,0.0,59.887005,0.0,251.03064,0.0,120.684364,0.0,0.0,51.469246,112.051254,0.0,0.0,0.0,0.0,0.0,0.0,0.0,63.76002,37.080864,0.0,0.0,126.973175,0.0,0.0,0.0,0.0,83.29142,0.0,0.0,0.0,0.0,0.0,0.0,0.0,0.0,0.0,0.0,0.0,0.0,51.386246,53.146088,0.0,0.0,0.0,0.0,162.16803,58.062103,0.0,95.26676,0.0,0.0,0.0,0.0,0.0,0.0,0.0,107.94426,0.0,65.86552,0.0,0.0,0.0,33.859024,0.0,0.0,86.11401,0.0,0.0,80.888565,0.0,0.0,0.0,36.847775,0.0,110.059364,48.48478,0.0,0.0,0.0,41.654194,75.50653,68.62104,57.69683,18.199118,55.076965,39.305183,0.0,75.039825,0.0,50.06405,49.595085,11.835884,0.0,41.265553,0.0,98.62755,0.0,0.0,0.0,0.0,0.0,0.0,100.35026,0.0,0.0,0.0,0.0,0.0,0.0,0.0,57.687492,48.887047,0.0,0.0,0.0,0.0,0.0,0.0,0.0,0.0,0.0,0.0,0.0,0.0,0.0,0.0,0.0,0.0,0.0,0.0,0.0,0.0,167.76198,35.678368,115.16879,215.61852,0.0,0.0,69.66766,130.57538,0.0,0.0,0.0,0.0,0.0,0.0,0.0,0.0,0.0,0.0,0.0,0.0,0.0,0.0,0.0,0.0,0.0,0.0,0.0,0.0,0.0,0.0,0.0,0.0,0.0,0.0,0.0,60.5786,0.0,0.0,26.438148,134.91246,168.68542,138.51483,173.26898,54.375965,36.502052,52.789562,31.533754,0.0,0.0,52.980038,11.835884,0.0,0.0,0.0,0.0,0.0,0.0,57.133804,26.944176,44.18159,91.85957,116.936646,0.0,0.0,0.0,0.0,57.51433,0.0,0.0,0.0,0.0,0.0,0.0,0.0,0.0,0.0,0.0,0.0,0.0,0.0,0.0,0.0,0.0,0.0,0.0,0.0,0.0,0.0,0.0,0.0,0.0,0.0,0.0,0.0,0.0,0.0,0.0,68.07725,54.46007,95.397514,0.0,0.0,26.548475,36.807404,36.897728,0.0,11.835884,55.92826,38.07125,58.809093,0.0,0.0,0.0,0.0,0.0,0.0,0.0,0.0,0.0,0.0,0.0,73.219215,0.0,0.0,0.0,0.0,0.0,0.0,0.0,0.0,0.0,87.07172,26.438148,0.0,0.0,0.0,0.0,0.0,89.69424,0.0,24.605276,0.0,32.67917,96.93342,0.0,33.76713,21.68933,140.44164,100.89006,0.0,0.0,0.0,0.0,26.055311,71.22399,39.704334,0.0,57.19685,0.0,0.0,50.803043,73.51064,0.0,0.0,0.0,0.0,60.359932,0.0,0.0,0.0,0.0,0.0,0.0,0.0,0.0,0.0,37.56702,0.0
C24x24_C25x24,0.0,0.0,0.0,0.0,54.20583,0.0,0.0,0.0,54.383347,0.0,23.607946,0.0,114.6728,74.66086,32.56442,20.708591,53.20093,23.16674,0.0,29.355663,0.0,30.221987,43.620907,0.0,0.0,30.221987,30.221987,0.0,67.57841,18.525253,0.0,3.441404,3.441404,0.0,4.967151,0.0,0.0,83.574715,39.948116,85.71659,89.326706,14.864838,0.0,21.455166,0.0,14.864838,14.864838,0.0,0.0,0.0,0.0,24.310015,24.310015,0.0,0.0,24.761343,42.05717,0.0,49.459824,0.0,0.0,40.213596,0.0,0.0,0.0,0.0,0.0,0.0,0.0,15.912252,22.966951,9.301961,9.301961,0.0,0.0,28.25797,0.0,71.60384,44.47531,61.588005,39.393898,0.0,132.53004,0.0,29.979599,29.979599,0.0,30.334576,30.334576,0.0,0.0,31.450785,0.0,31.066677,0.0,21.524008,21.524008,0.0,0.0,0.0,0.0,29.355104,40.77807,43.696724,105.1198,23.779129,46.49932,47.02876,41.18666,0.0,0.0,0.0,0.0,20.091372,0.0,0.0,0.0,34.287613,29.161064,0.0,30.54102,0.0,15.618268,0.0,27.051634,18.416195,26.581015,0.0,15.4473295,1.8226525,0.0,34.727108,20.190659,0.0,0.0,22.567776,39.08853,17.699501,122.46488,0.0,0.0,11.603734,0.0,0.0,47.496616,0.0,0.0,67.75069,56.111847,0.0,0.0,47.016087,56.111847,0.0,60.896736,35.349102,18.624949,0.0,89.99595,0.0,52.405396,23.902378,0.0,114.08619,0.0,91.973564,14.916173,0.0,0.0,0.0,0.0,0.0,0.0,0.0,0.0,26.106548,0.0,32.625698,0.0,18.012808,0.0,16.853607,0.0,21.212292,21.212292,44.377842,0.0,48.08864,0.0,89.014496,0.0,15.015525,27.592655,55.38629,0.0,0.0,23.75286,22.087263,0.0,0.0,30.469269,43.586243,55.47491,38.571114,38.179184,41.89497,20.59118,0.0,0.0,0.0,59.182304,0.0,0.0,0.0,8.066135,15.616521,18.213627,0.0,0.0,22.675432,19.66118,0.0,23.497507,46.471783,81.83886,18.690027,18.690027,0.0,0.0,58.247604,38.785717,27.448635,69.52268,0.0,33.273388,0.0,0.0,0.0,0.0,18.77547,133.92209,30.29449,0.0,31.183352,0.0,9.40516,30.714025,23.779877,0.0,52.57842,19.209549,0.0,33.1992,0.0,10.433817,0.0,88.93008,0.0,98.10347,51.30117,0.0,0.0,0.0,34.379555,42.846508,31.915651,32.067905,33.628765,29.92256,21.845825,23.414885,42.397552,0.0,30.439543,27.166405,22.085094,4.8668804,28.553902,11.407238,81.73139,0.0,0.0,0.0,0.0,0.0,0.0,50.15297,45.350864,33.113647,59.959198,43.048016,38.419098,6.882808,40.381317,45.56595,0.0,47.19598,51.024433,38.09658,53.69635,0.0,47.60285,65.00282,48.801918,77.54708,26.20679,0.0,66.862854,19.959198,51.022823,82.669945,45.399628,47.388607,0.0,36.93667,66.077354,77.29529,19.349457,63.374886,79.04527,0.0,0.0,98.45599,52.048374,0.0,0.0,0.0,0.0,0.0,0.0,0.0,0.0,0.0,0.0,0.0,10.433817,22.567776,25.025122,21.158445,20.59118,21.212292,40.010128,16.853607,23.75286,15.0355,0.0,0.0,18.213627,0.0,9.40516,8.066135,39.21517,0.0,0.0,0.0,47.20979,46.03202,92.742744,47.813446,34.783016,15.989118,53.936638,20.218405,0.0,0.97551936,35.137905,31.876524,0.0,0.0,0.0,0.0,0.0,0.0,18.07499,8.524124,7.913097,36.14073,38.528236,0.0,0.0,0.0,21.13017,35.523243,0.0,0.0,0.0,0.0,0.0,0.0,0.0,0.0,0.0,28.37797,48.025146,37.68089,21.52926,45.00849,0.0,13.574938,0.0,0.0,0.0,0.0,0.0,0.0,10.433817,20.59118,21.212292,16.853607,23.75286,15.616521,18.213627,8.066135,38.735825,38.61621,33.382362,0.0,0.0,23.330723,0.0,30.902433,0.0,34.9196,47.972202,33.040443,112.012436,0.0,0.0,0.0,0.0,0.0,0.0,0.0,0.0,0.0,0.0,0.0,46.514633,0.0,0.0,0.0,0.0,0.0,0.0,0.0,0.0,0.0,58.857098,0.0,0.0,8.980035,20.825504,0.0,0.0,93.29099,0.0,16.875011,0.0,0.0,0.0,0.0,30.694998,26.668343,46.152935,60.14774,0.0,0.0,0.0,0.0,62.88306,34.344948,17.282999,6.9873247,23.475378,0.0,0.0,19.21439,51.6617,0.47791338,0.0,25.28417,0.0,53.99255,16.556824,12.213644,0.0,0.0,0.0,0.0,0.0,0.0,0.0,30.793951,0.0
C24x25_C24x26,0.0,37.48108,0.0,26.656416,104.16342,0.0,0.0,0.0,0.0,57.117535,64.38326,35.738674,66.64487,75.7365,0.0,0.0,108.30199,0.0,83.32591,22.52539,0.0,33.45953,0.0,33.814777,0.0,0.0,0.0,0.0,47.54014,0.0,0.0,0.0,0.0,13.644467,0.0,0.0,40.23148,40.16657,0.0,69.57054,98.84756,44.37214,53.155144,0.0,19.200771,0.0,0.0,86.69701,0.0,0.0,30.373005,0.0,0.0,32.37492,0.0,91.89135,0.0,0.0,22.81995,0.0,38.818653,19.340557,0.0,0.0,0.0,0.0,0.0,0.0,0.0,17.579235,0.0,0.0,7.4287314,13.0035515,0.0,16.611149,0.0,31.071205,19.151491,19.151491,34.1576,0.0,98.56758,27.400213,61.612293,0.0,0.0,0.0,0.0,0.0,0.0,56.06551,18.962769,0.0,0.0,0.0,0.0,0.0,0.0,18.019127,8.811691,38.56817,28.452513,0.0,106.85658,0.0,48.262222,50.75762,51.44957,29.70442,0.0,29.57273,29.57273,0.0,0.0,0.0,46.593227,37.786118,83.64431,17.627033,0.0,0.0,8.750014,0.0,0.0,0.0,0.0,10.068914,0.0,0.0,22.820305,51.027756,0.0,0.0,22.820305,0.0,0.0,18.770044,139.76587,0.0,0.0,0.0,12.097431,19.060074,0.0,32.927273,0.0,20.274097,21.763096,0.0,9.36289,17.617685,18.38042,37.491295,53.990078,48.882713,35.257114,0.0,43.4608,45.266308,48.854305,0.0,0.0,68.87706,0.0,41.68377,0.0,0.0,0.0,0.0,37.066452,5.208395,0.0,23.517403,28.138245,0.0,0.0,0.0,0.0,0.0,0.0,0.0,0.0,11.924466,0.0,29.618399,0.0,124.78542,14.911674,23.356083,17.00009,0.0,29.445019,88.647026,19.894436,49.350708,0.0,0.0,21.378693,18.488415,0.0,0.0,0.0,0.0,0.0,53.81289,0.0,0.0,0.0,23.714958,61.556015,0.0,10.418952,10.418952,0.0,0.0,0.0,27.42221,14.528955,0.0,0.0,12.438749,0.0,31.84754,0.0,0.0,0.0,28.581764,0.0,95.35933,0.0,0.0,45.381462,0.0,0.0,0.0,14.756013,0.0,0.0,0.0,123.53372,0.0,84.509705,0.0,0.0,0.0,18.737362,0.0,0.0,46.560997,0.0,20.82271,0.0,0.0,0.0,22.841753,0.0,18.58702,61.711136,24.841047,0.0,0.0,0.0,106.246704,80.88818,35.74591,50.823204,103.90795,74.75959,35.2217,79.93166,95.84768,20.407003,66.33297,72.83916,97.33915,47.729206,79.826866,36.44615,35.097107,0.0,0.0,0.0,0.0,0.0,0.0,63.940754,26.621506,41.8687,50.2056,34.745613,38.1536,25.00085,41.813805,32.961346,58.696953,23.900276,48.223846,0.0,9.019937,0.0,27.023882,59.47932,34.1576,66.418015,32.193665,0.0,67.84108,12.8669405,51.44957,56.245975,37.016888,24.496984,30.530916,16.217001,32.033398,88.62698,19.197046,69.912346,49.223305,0.0,0.0,23.712889,47.8387,0.0,0.0,0.0,0.0,0.0,0.0,9.019937,0.0,0.0,0.0,0.0,0.0,0.0,0.0,0.0,0.0,0.0,0.0,0.0,0.0,0.0,0.0,0.0,0.0,0.0,0.0,0.0,34.208996,7.3647475,53.615883,11.195071,66.02677,71.90707,70.93108,73.51249,18.72578,41.139923,15.503025,19.719522,0.0,22.670563,23.041521,68.47958,24.270401,0.0,0.0,0.0,0.0,0.0,14.35489,16.667597,42.15005,108.84067,92.171524,0.0,0.0,0.0,0.0,0.0,29.757639,38.778683,24.41347,33.566216,16.38918,0.0,52.441578,43.70393,36.796185,0.0,0.0,0.0,0.0,0.0,0.0,0.0,0.0,0.0,0.0,13.678886,0.0,0.0,0.0,37.421917,27.556917,18.485495,32.24784,64.306015,25.25879,24.077742,0.0,35.076557,46.687977,18.046154,0.0,0.0,43.158417,43.930626,14.356639,68.47958,15.300029,27.355526,33.345814,0.0,0.0,0.0,0.0,0.0,0.0,0.0,0.0,0.0,0.0,0.0,72.7399,0.0,25.201122,49.487007,16.542923,19.129648,0.0,0.0,0.0,0.0,64.83289,36.788662,0.0,0.0,0.0,9.252059,30.552292,85.86841,32.44416,24.681696,20.82271,18.50289,28.363827,0.0,0.0,18.701408,67.478806,39.318165,0.0,0.0,0.0,0.0,0.0,0.0,0.0,0.0,30.552292,19.391544,0.0,28.764599,31.760693,15.9559145,0.0,0.0,48.98444,66.863625,0.0,0.0,0.0,0.0,0.0,0.0,9.862244,5.8338003,34.515465,26.428354,0.0
C24x25_C25x25,22.941738,0.0,0.0,28.782799,95.71381,0.0,0.0,0.0,0.0,0.0,19.639996,38.58955,82.895294,40.630074,12.311565,0.0,88.64465,0.0,36.32982,46.054066,0.0,30.907038,0.0,0.0,0.0,0.0,0.0,30.907038,36.86495,0.0,0.0,0.0,0.0,0.0,33.885254,0.0,0.0,62.432255,0.0,115.43589,18.768627,47.729942,57.39533,55.113796,27.556898,0.0,0.0,80.012344,0.0,0.0,0.0,0.0,0.0,46.18225,0.0,32.16128,0.0,0.0,33.68641,0.0,39.019196,41.78108,11.868181,0.0,0.0,0.0,0.0,0.0,0.0,16.735798,0.0,0.0,0.0,0.0,0.0,0.0,0.0,34.82501,51.011494,51.011494,0.0,0.0,137.97636,0.0,28.424706,0.0,0.0,0.0,0.0,0.0,0.0,35.63773,0.0,62.57862,0.0,0.0,0.0,0.0,0.0,0.0,0.0,36.16162,38.721237,53.76392,169.51741,0.0,86.30194,58.91743,11.784487,0.0,0.0,0.0,38.988323,0.0,0.0,0.0,46.21528,87.309296,0.0,0.0,15.418182,0.0,0.0,0.0,0.0,0.0,70.91481,9.041313,0.0,0.0,0.0,33.50985,0.0,0.0,0.0,0.0,0.0,0.0,189.01068,0.0,0.0,0.0,18.492085,21.919817,0.0,0.0,10.913332,26.284369,33.33022,0.0,0.0,28.521633,33.33022,44.387825,94.68404,0.0,44.02513,0.0,46.096134,25.546238,27.354467,0.0,0.0,137.0055,0.0,46.514465,0.0,0.0,0.0,0.0,25.897415,7.4750752,0.0,21.704123,39.410152,0.0,0.0,0.0,0.0,0.0,0.0,0.0,0.0,0.0,0.0,19.593525,0.0,73.651375,21.401194,61.603676,0.0,0.0,34.17175,59.962723,30.820553,67.23237,0.0,0.0,32.882393,0.0,0.0,0.0,24.142473,0.0,0.0,35.122173,0.0,0.0,30.737488,31.530567,81.95244,24.029257,0.0,14.953253,0.0,0.0,0.0,0.0,0.0,0.0,0.0,0.0,0.0,25.202393,39.833595,0.0,0.0,0.0,0.0,53.631027,0.0,0.0,45.181534,0.0,0.0,0.0,0.0,0.0,0.0,0.0,162.60915,0.0,47.22251,0.0,0.0,0.0,0.0,0.0,11.429384,40.635838,0.0,0.0,0.0,0.0,0.0,31.064331,51.77182,0.0,66.633835,19.13455,0.0,0.0,24.787077,84.99964,63.708527,30.532179,47.681072,95.41603,58.881577,21.717768,62.95517,77.66256,14.164338,60.065422,52.836884,78.018776,32.5244,62.97325,29.596664,49.05603,0.0,0.0,0.0,0.0,0.0,0.0,118.15901,29.44208,38.87352,47.95503,37.08916,32.62569,20.083145,38.884686,80.186806,58.934505,0.0,79.91768,0.0,14.948048,0.0,44.241066,95.35719,58.758434,104.646416,0.0,0.0,112.42782,0.0,99.40833,97.82307,61.34524,40.59697,0.0,27.88474,56.611874,57.336487,11.261152,69.156425,83.05052,0.0,0.0,39.336647,35.930447,0.0,0.0,0.0,0.0,0.0,0.0,0.0,0.0,0.0,0.0,0.0,0.0,0.0,0.0,0.0,0.0,0.0,0.0,0.0,0.0,0.0,0.0,0.0,0.0,0.0,0.0,0.0,44.14884,0.0,0.0,8.458333,51.990543,54.610115,74.8293,57.872467,24.20831,42.943996,0.0,34.98159,0.0,22.316624,31.126974,21.817236,29.105526,0.0,0.0,0.0,0.0,0.0,9.920406,0.0,39.33787,64.42035,40.7473,0.0,0.0,0.0,0.0,0.0,0.0,0.0,0.0,0.0,0.0,0.0,0.0,0.0,0.0,35.70412,75.97556,58.434666,48.84005,81.88135,14.9501505,29.688705,0.0,0.0,0.0,0.0,0.0,0.0,0.0,40.25377,31.176323,23.265295,29.018902,70.39328,27.170214,25.899794,49.8768,75.35042,36.762863,0.0,24.787077,0.0,49.450645,30.914991,14.164338,21.817236,26.240458,40.89444,61.69124,0.0,0.0,0.0,0.0,0.0,0.0,0.0,0.0,0.0,0.0,0.0,0.0,0.0,31.052814,56.843254,0.0,9.055638,0.0,0.0,0.0,24.787077,32.882385,36.159718,0.0,0.0,0.0,9.990096,30.76139,127.02136,26.064817,31.122334,0.0,48.66387,59.988697,0.0,23.043074,9.990096,43.480522,78.70105,0.0,0.0,0.0,0.0,33.601612,44.9328,16.056816,0.0,30.76139,0.0,0.0,68.82111,49.55399,0.88597065,0.0,0.0,0.0,46.27829,0.0,0.0,0.0,0.0,0.0,0.0,0.0,0.0,49.536507,13.627982,0.0
C24x26_C24x27,0.0,25.666893,0.0,10.501289,96.60097,0.0,0.0,0.0,0.0,53.947453,32.687664,15.70912,46.075115,22.53059,5.708654,0.0,110.17302,0.0,30.745766,46.576073,0.0,59.655567,27.453657,32.60319,0.0,0.0,0.0,0.0,30.832321,0.0,0.0,0.0,0.0,8.52925,0.0,0.0,32.89012,30.356953,0.0,59.120853,30.356953,54.935154,21.998114,0.0,21.998114,0.0,0.0,42.42402,0.0,0.0,35.062054,0.0,0.0,24.521,24.34067,43.305813,0.0,13.442644,20.773794,0.0,39.504417,13.240254,28.47295,0.0,15.561148,0.0,14.71593,0.0,0.0,34.655872,15.94873,0.0,0.0,10.872783,0.0,0.0,0.0,40.695732,0.0,22.55195,35.780293,0.0,62.932964,24.556208,29.212368,0.0,0.0,0.0,0.0,0.0,0.0,37.33931,23.474096,0.0,0.0,0.0,0.0,0.0,0.0,22.51353,18.00979,46.155727,57.88085,0.0,97.77699,0.0,0.0,99.77228,73.81838,38.152214,27.920109,28.126959,28.126959,0.0,32.20102,0.0,16.336485,37.140377,79.555046,19.591488,0.0,0.0,0.0,0.0,0.0,0.0,0.0,0.0,0.0,0.0,23.630453,75.94484,0.0,0.0,33.295853,0.0,0.0,57.00023,136.02293,0.0,22.33892,0.0,23.233835,6.3776145,0.0,47.087017,8.537584,0.0,26.097849,0.0,12.164924,33.000103,0.0,21.302397,20.03863,50.84395,25.988092,0.0,27.988157,31.363165,56.373516,0.0,0.0,167.16576,91.41798,51.462296,0.0,0.0,24.302622,11.809115,22.379581,0.0,0.0,54.849586,27.684574,0.0,0.0,0.0,0.0,0.0,0.0,0.0,0.0,36.928017,0.0,18.566319,0.0,117.7795,0.0,15.857644,31.767565,0.0,55.023037,115.64854,28.334167,32.834877,0.0,0.0,28.720234,21.936096,0.0,0.0,16.584213,0.0,0.0,65.56278,0.0,0.0,0.0,26.832981,73.666,0.0,16.866102,16.866102,0.0,0.0,0.0,36.283695,23.497234,0.0,0.0,16.793499,0.0,52.717415,0.0,0.0,0.0,34.01135,0.0,47.35832,0.0,0.0,51.202675,0.0,0.0,0.0,29.177925,0.0,0.0,0.0,68.894165,0.0,29.04732,0.0,0.0,0.0,30.417902,0.0,0.0,65.58534,0.0,20.407064,0.0,0.0,0.0,19.759113,0.0,0.0,68.0506,35.06121,0.0,0.0,41.91172,72.55191,48.35476,36.848484,47.092926,76.46429,37.738842,32.613476,34.83983,49.21531,32.42969,52.139458,44.944405,54.750015,26.41517,47.359917,33.802876,21.481237,0.0,0.0,0.0,0.0,0.0,0.0,61.334915,72.78063,53.843857,76.06071,72.70896,63.2091,26.41861,73.19326,45.85298,41.347275,30.007156,48.4443,19.93855,40.242428,39.926037,26.625278,52.353775,36.01485,57.23218,0.0,40.72669,60.223324,0.0,74.3023,71.037,18.090132,18.637241,38.154865,23.691465,60.679363,32.124374,0.0,24.467478,23.904596,35.55728,0.0,0.0,49.315857,0.0,0.0,0.0,0.0,0.0,0.0,35.790047,0.0,0.0,0.0,0.0,0.0,0.0,0.0,0.0,0.0,0.0,0.0,0.0,0.0,0.0,0.0,0.0,0.0,0.0,0.0,0.0,41.87482,29.222452,45.988586,20.868279,98.63835,116.81044,108.938,94.107254,27.161703,60.680992,34.11196,23.282848,24.798933,12.272138,20.479284,36.524216,30.114885,0.0,0.0,9.116016,22.601,28.286417,28.644243,16.69886,47.072327,50.90007,63.177544,0.0,0.0,0.0,18.032942,8.568811,27.19175,0.0,29.47162,26.871881,0.0,5.8762603,23.482115,20.121265,11.621354,0.0,0.0,0.0,0.0,0.0,0.0,0.0,0.0,0.0,0.0,7.336197,0.0,52.22296,27.167643,36.180428,46.365047,36.562763,29.80777,50.24489,28.403662,42.119156,0.0,0.0,0.0,32.84712,20.912048,34.899414,19.080952,52.330647,21.63413,36.524216,43.293205,24.503817,5.1001396,0.0,0.0,0.0,0.0,0.0,0.0,0.0,0.0,0.0,0.0,0.0,84.60911,0.0,25.382454,27.45887,23.162987,17.099922,16.742067,0.0,0.0,46.34279,43.787796,17.099922,0.0,0.0,15.898249,11.70051,12.376835,97.47922,20.912048,16.866102,28.754023,0.0,28.306454,20.912048,9.378274,20.390043,30.94966,26.460262,16.120663,0.0,0.0,0.0,0.0,0.0,0.0,0.0,14.31767,26.18532,0.0,0.0,30.17422,14.104562,0.0,0.0,52.72826,67.71994,0.0,0.0,0.0,0.0,0.0,0.0,0.0,0.0,27.89966,31.200285,9.286383
C24x26_C25x26,0.0,26.195831,0.0,18.89002,99.16402,0.0,37.815083,0.0,0.0,40.502342,45.654514,30.929443,45.909252,25.357857,6.1283994,0.0,58.777344,0.0,48.18275,19.506716,0.0,33.10894,30.768747,33.460464,0.0,0.0,0.0,0.0,47.042007,0.0,0.0,0.0,0.0,12.121358,0.0,0.0,14.516633,12.810912,0.0,22.189152,33.164455,54.313545,23.50263,0.0,23.50263,0.0,0.0,66.40477,0.0,0.0,23.909594,0.0,0.0,19.667732,0.0,55.82391,0.0,0.0,9.465627,0.0,40.323788,19.49752,13.990385,0.0,13.990385,0.0,16.562567,0.0,0.0,23.056395,17.923777,0.0,7.5980163,13.299874,0.0,16.989681,0.0,52.600212,25.094467,47.735928,29.17891,0.0,93.96814,21.07862,47.397526,0.0,0.0,0.0,0.0,0.0,0.0,26.58,0.0,0.0,0.0,0.0,0.0,0.0,0.0,30.037144,21.368078,52.585583,47.780476,0.0,147.54712,0.0,51.385975,134.81595,36.00043,7.75553,0.0,32.176735,12.908885,0.0,27.179657,0.0,49.659847,42.758434,36.51184,15.796205,0.0,0.0,16.437204,0.0,0.0,0.0,0.0,9.599034,0.0,0.0,20.052813,44.83945,0.0,0.0,20.052813,0.0,0.0,0.0,169.5055,0.0,0.0,0.0,0.0,40.357502,0.0,40.142334,14.829906,22.99495,16.507765,0.0,13.691447,20.323261,13.691447,39.49215,61.235725,40.66961,24.857702,0.0,36.59866,19.632841,51.644314,0.0,0.0,82.83965,101.45744,66.97723,0.0,0.0,33.73791,0.0,25.81661,0.0,0.0,29.849762,8.321257,0.0,0.0,0.0,0.0,0.0,0.0,0.0,0.0,5.864874,0.0,5.864874,0.0,117.355515,8.212314,0.0,34.045425,0.0,26.741676,113.9185,15.102932,20.80345,0.0,0.0,22.758924,17.706621,0.0,0.0,16.919937,0.0,0.0,61.01332,0.0,0.0,0.0,29.243813,99.425224,0.0,21.520517,21.520517,0.0,0.0,0.0,26.490585,12.799852,0.0,0.0,0.0,0.0,71.769424,0.0,0.0,0.0,19.030554,0.0,92.12585,0.0,0.0,71.01109,0.0,0.0,0.0,28.774008,0.0,0.0,0.0,107.51668,0.0,46.169662,0.0,0.0,0.0,35.820667,0.0,0.0,29.105867,0.0,13.016539,0.0,0.0,0.0,16.981346,21.643219,18.754675,80.15493,51.737774,0.0,0.0,53.286106,100.990395,74.94438,54.033222,69.70774,110.84145,27.630686,28.78954,52.459457,70.591446,44.365746,72.81766,63.57742,61.100033,36.354523,65.68674,64.54459,24.566835,0.0,0.0,0.0,0.0,0.0,0.0,66.833725,67.73809,50.97717,68.59683,70.76013,61.78098,23.370417,63.830708,37.31583,61.352676,23.606846,24.916466,19.549862,49.49669,9.925701,15.370916,32.49497,29.17891,39.456894,32.484047,29.960264,36.758743,13.1601515,13.43297,16.414745,0.0,0.0,27.359829,0.0,46.889454,23.065306,0.0,13.964633,16.855408,0.0,95.94333,19.078753,59.1123,0.0,0.0,0.0,0.0,0.0,0.0,49.49669,0.0,0.0,0.0,0.0,0.0,0.0,0.0,0.0,0.0,0.0,0.0,0.0,0.0,0.0,0.0,0.0,0.0,0.0,0.0,0.0,45.338024,40.413876,39.54672,19.972912,67.986626,81.410645,74.13307,66.99028,16.507765,34.604786,25.238762,19.988827,27.340406,20.270224,16.355595,36.30077,32.0557,0.0,0.0,0.0,0.0,0.0,27.10029,42.65496,48.30667,64.65889,26.899206,0.0,0.0,0.0,17.306908,15.864932,27.0256,0.0,45.81939,46.83083,0.0,6.478478,51.389637,29.523537,28.557755,0.0,0.0,0.0,0.0,0.0,0.0,0.0,0.0,0.0,0.0,10.44133,0.0,39.973915,11.472524,23.863329,25.374369,23.263933,29.432446,34.088375,27.36951,49.732975,14.215611,34.89397,31.298029,37.27463,42.56829,9.603775,40.29371,56.762356,36.403393,36.30077,54.81295,26.726545,10.634308,0.0,0.0,0.0,0.0,0.0,0.0,0.0,0.0,0.0,0.0,0.0,15.932664,0.0,45.380455,48.50574,16.409727,26.909822,0.0,0.0,0.0,49.096546,48.199,41.725822,0.0,0.0,15.432955,0.0,28.840696,84.10973,17.297565,21.520517,13.016539,0.0,0.0,17.297565,9.506701,45.224873,63.322636,34.71162,14.244232,0.0,0.0,0.0,0.0,0.0,0.0,0.0,32.877827,22.323349,0.0,29.764185,42.459522,14.266518,0.0,0.0,47.840473,46.46914,0.0,0.0,0.0,0.0,0.0,0.0,13.025788,14.792468,18.21017,65.79606,0.0
C24x27_C24x28,10.058404,21.85393,10.767629,0.0,67.48776,0.0,0.0,0.0,0.0,49.95566,47.065636,0.0,57.64482,27.131561,9.800404,0.0,0.0,0.0,15.232156,29.700901,0.0,22.049084,25.1793,31.90237,0.0,0.0,0.0,0.0,43.80434,0.0,0.0,0.0,0.0,15.569979,0.0,0.0,32.508457,10.156156,0.0,17.590977,15.858623,27.359415,0.0,0.0,0.0,0.0,0.0,22.731497,0.0,0.0,27.987066,0.0,0.0,15.111704,15.000571,31.835941,19.291807,4.5199757,22.626406,31.844711,42.318424,48.713413,10.50416,0.0,15.198256,0.0,20.868343,0.0,0.0,17.705933,20.21957,0.0,46.780277,0.0,0.0,77.13212,0.0,30.568632,0.0,16.817038,24.195017,0.0,61.739017,10.179986,12.208417,0.0,0.0,0.0,17.518421,28.190132,0.0,66.38738,22.622635,0.0,0.0,0.0,0.0,0.0,0.0,0.0,16.087505,43.159008,48.105095,0.0,73.00742,0.0,0.0,86.845924,33.64702,17.390089,23.554678,23.729185,23.729185,0.0,27.166248,25.463108,0.0,31.333317,67.11627,17.27549,0.0,18.317568,33.31889,0.0,16.040382,0.0,0.0,23.536097,0.0,0.0,16.497221,49.330227,0.0,0.0,23.244963,0.0,9.427244,26.63158,71.0718,0.0,22.672523,0.0,12.991501,0.0,0.0,37.29547,15.799356,6.6109304,20.88387,4.621628,14.821525,34.10889,0.0,9.99349,20.597153,23.847578,30.48933,0.0,30.039341,42.56418,48.996307,0.0,0.0,128.40797,52.937767,70.64307,0.0,0.0,0.0,25.121925,12.513799,31.061382,0.0,52.614956,9.989103,0.0,0.0,0.0,0.0,0.0,0.0,0.0,0.0,16.751154,0.0,20.523346,0.0,83.18508,0.0,14.612889,28.185087,0.0,48.818,86.08239,24.427876,21.756514,0.0,30.180899,28.965212,41.111767,0.0,0.0,14.918092,0.0,0.0,40.096195,0.0,0.0,0.0,28.403318,67.5567,0.0,20.930122,20.930122,0.0,0.0,0.0,0.0,20.66569,0.0,0.0,33.16201,0.0,58.81938,0.0,0.0,26.846846,13.408867,0.0,56.321976,0.0,0.0,52.355473,0.0,0.0,0.0,92.93095,0.0,0.0,0.0,70.04989,0.0,40.771896,0.0,0.0,0.0,50.504642,0.0,0.0,62.585842,0.0,20.01917,0.0,20.20886,0.0,25.204224,14.525805,29.76451,60.187843,34.55932,27.853666,25.710993,34.41956,77.66982,40.478203,30.800047,53.219986,58.250607,39.22239,46.296795,23.094194,49.259857,33.70453,59.205585,50.943474,63.81762,30.627008,32.45094,41.1707,33.803993,10.764787,14.773646,0.0,0.0,0.0,0.0,79.93701,77.7889,33.755592,72.00059,86.53774,74.46145,45.53615,48.24797,75.20839,34.06782,26.750904,33.71527,13.519324,35.280758,17.513151,21.197433,45.225708,27.386738,44.872555,51.553642,30.307451,51.179115,40.73739,37.5974,40.041435,33.03207,38.93745,29.922026,25.671635,25.70275,29.067753,31.061382,12.403726,26.195393,10.148887,29.835659,12.885399,50.8918,0.0,0.0,0.0,0.0,0.0,0.0,35.280758,0.0,17.496817,4.491516,0.0,0.0,0.0,0.0,0.0,0.0,0.0,0.0,0.0,0.0,0.0,0.0,0.0,0.0,0.0,0.0,0.0,68.89895,28.80662,34.5186,27.988005,94.990326,58.21268,65.494774,37.742718,33.093334,56.622433,25.597466,59.07999,29.843498,2.8743582,26.165016,57.273296,36.971786,0.0,0.0,0.0,28.944874,34.782135,27.33167,35.59608,53.425068,54.578854,46.995052,48.566223,31.572855,0.0,15.088943,39.462605,0.0,0.0,0.0,0.0,0.0,0.0,0.0,0.0,0.0,0.0,0.0,0.0,0.0,0.0,0.0,0.0,0.0,0.0,0.0,12.035101,23.649519,40.988712,47.338806,54.23716,24.450073,56.457787,0.0,75.99754,77.22763,49.028343,0.0,0.0,0.0,36.252033,27.322784,45.64565,23.135391,73.9715,29.87032,50.99419,72.09507,35.508953,0.0,0.0,0.0,0.0,0.0,0.0,0.0,0.0,0.0,0.0,0.0,0.0,40.6631,0.0,13.729525,23.431292,17.200346,0.0,20.776197,0.0,0.0,38.19036,55.00958,15.757653,10.16403,0.0,24.22123,0.0,0.0,69.90466,17.498014,20.930122,28.20747,37.396824,24.935799,17.498014,13.394327,39.402718,40.781876,27.853666,24.28779,18.419727,24.334572,35.007305,0.0,0.0,0.0,0.0,17.230154,31.511906,0.0,102.41541,77.39102,3.150341,0.0,0.0,33.71787,79.8512,0.0,0.0,0.0,0.0,0.0,0.0,20.943165,11.832873,13.584193,54.417286,8.779921
C24x27_C25x27,0.0,21.033606,8.917578,10.397277,54.813732,0.0,0.0,0.0,0.0,70.99304,52.32056,7.8558874,44.598854,12.542112,0.0,0.0,63.002426,0.0,33.52257,19.803072,0.0,28.811722,14.811622,34.10012,15.215953,15.215953,0.0,0.0,43.153328,0.0,0.0,6.6009636,0.0,19.46791,0.0,6.6009636,20.494278,13.277092,2.6397066,25.857437,20.731901,61.556,26.04546,0.0,26.04546,5.8972406,0.0,44.11847,5.8972406,8.339958,19.427101,25.280102,0.0,30.665098,30.439583,64.602394,18.755884,15.033596,19.36803,22.002028,32.119503,47.436306,11.116078,0.0,16.226898,7.24067,20.534962,0.0,0.0,21.390734,10.996615,0.0,26.433046,0.0,0.0,38.29412,0.0,30.668566,7.7614703,21.084003,37.404602,0.0,60.276054,25.538403,30.6271,0.0,9.110862,0.0,0.0,0.0,0.0,50.33279,13.487194,0.0,0.0,18.810125,0.0,18.810125,0.0,0.0,20.679937,48.809044,66.46231,0.0,102.20567,0.0,17.91195,74.62748,27.49892,13.138369,14.084655,14.189003,14.189003,12.09901,18.574738,0.0,18.100178,18.574738,40.13256,8.905712,0.0,17.527863,34.012012,0.0,0.0,0.0,0.0,17.848808,0.0,0.0,13.869401,44.574234,0.0,6.5884266,19.542305,0.0,0.0,0.0,91.8184,0.0,7.200752,0.0,9.925753,9.785296,0.0,44.279373,7.3378935,7.3378935,32.012634,0.0,14.9219675,39.574326,0.0,23.292679,23.292679,41.223907,20.999237,0.0,20.855545,18.005276,40.12178,0.0,0.0,112.29233,102.94941,78.854454,0.0,8.65996,0.0,26.427284,22.850468,8.472922,0.0,49.660976,3.2998242,0.0,0.0,0.0,0.0,0.0,12.09395,0.0,0.0,20.686148,0.0,25.627226,0.0,80.26073,0.0,16.219778,16.956244,0.0,43.59519,95.01793,12.720915,0.0,0.0,0.0,29.735863,28.244778,0.0,0.0,24.38292,0.0,0.0,52.800934,0.0,0.0,0.0,32.728584,83.650215,0.0,15.606724,15.606724,0.0,0.0,0.0,20.876204,20.890232,0.0,0.0,19.437128,0.0,49.120125,11.789721,0.0,0.0,17.369545,0.0,43.463562,0.0,0.0,45.727222,0.0,0.0,0.0,72.18535,0.0,0.0,0.0,75.48648,0.0,27.44007,0.0,18.348083,0.0,65.93193,0.0,0.0,54.761322,0.0,17.039143,0.0,12.552877,0.0,16.721327,16.957355,23.32938,31.122206,55.617634,0.0,0.0,42.629814,63.17275,56.06565,21.642075,45.02801,44.760387,30.138903,38.472347,21.611273,55.046944,29.71217,47.00485,39.015034,72.47638,41.962257,29.894905,33.639633,34.103477,10.583945,14.836876,0.0,0.0,0.0,0.0,81.15317,63.14372,28.62106,72.0859,75.81099,62.924747,54.951042,39.148426,54.609524,35.94182,30.692417,25.992174,22.239374,55.551914,16.264683,20.235573,34.224064,42.057842,39.9637,45.434494,38.517357,40.08649,25.8821,25.587269,27.789837,16.879295,27.034264,10.105579,29.060867,50.052277,28.18936,8.472922,7.272751,15.476267,31.269691,40.880123,14.414709,54.2392,0.0,0.0,0.0,0.0,0.0,0.0,49.405712,0.0,12.06081,11.021893,0.0,16.718964,6.498336,4.870381,12.06081,18.683624,8.878774,20.618065,15.605838,0.0,22.174122,10.3640785,11.115296,10.3484955,13.228271,15.018453,9.598083,55.448174,40.339592,38.84874,23.023705,89.19096,71.782,81.04756,7.1392574,33.3176,42.330032,32.904488,44.207474,25.068563,17.55903,24.902641,56.11466,32.95687,0.0,0.0,10.167966,14.536551,15.098147,16.3951,0.0,39.93974,43.230213,22.446304,0.0,0.0,0.0,0.0,38.898415,0.0,0.0,0.0,0.0,0.0,0.0,0.0,0.0,0.0,0.0,0.0,0.0,0.0,0.0,0.0,0.0,0.0,9.598083,0.0,7.032674,18.609388,46.742542,43.187042,48.26199,24.580336,40.311703,16.249743,79.46857,50.779476,36.88503,5.8236747,17.148096,0.0,30.394447,30.882334,47.415955,22.584692,73.14243,29.393127,52.50409,66.475464,31.765648,0.0,15.667138,18.115196,3.5845146,10.940206,13.229306,15.612807,13.228271,15.018453,9.598083,15.979378,8.551714,15.244411,0.0,25.974823,21.958975,22.407484,17.490425,15.491949,15.558467,17.309269,45.164513,38.185112,17.490425,0.0,0.0,23.547722,11.967709,12.452034,51.881664,19.777617,27.703403,24.008543,33.13082,26.445396,19.777617,0.0,14.622388,34.27325,29.83193,18.028563,17.625618,19.38748,33.498074,0.0,0.0,0.0,0.0,19.090574,29.214952,0.0,86.955284,81.89377,18.22392,0.0,0.0,48.225273,112.15716,0.0,0.0,0.0,0.0,0.0,0.0,19.748161,13.784622,21.903084,30.659258,12.273001
C24x28_C24x29,14.677841,21.61267,19.850761,0.0,69.0971,0.0,17.577827,0.0,0.0,44.950516,23.435251,0.0,45.885124,51.152958,21.761238,0.0,44.715767,0.0,8.150486,25.156683,0.0,21.351192,20.580542,26.075708,5.994797,8.549518,0.0,0.0,36.720573,0.0,0.0,16.25717,0.0,12.833069,11.399291,15.776801,28.14043,20.3548,10.974944,13.2802925,15.486341,30.590527,9.525721,0.0,9.525721,0.0,0.0,13.885036,0.0,0.0,12.598512,32.570816,0.0,10.552367,0.0,18.7931,6.3798785,2.4975011,19.665667,39.17,8.912463,8.912463,6.7503743,0.0,8.244073,0.0,11.609545,0.0,0.0,16.844814,16.236816,0.0,26.501614,0.0,0.0,99.86303,16.960281,22.08511,10.712659,12.14991,16.201302,0.0,41.8687,10.063447,0.0,0.0,10.675648,0.0,24.290937,34.07629,13.287873,54.39016,20.459734,16.891146,0.0,24.089413,0.0,23.377617,0.0,0.0,17.901316,74.47794,76.78493,0.0,54.315773,0.0,24.273464,50.561184,16.019356,6.720049,0.0,7.5331035,7.5331035,0.0,0.0,17.722229,0.0,22.432682,42.646835,17.90707,26.91678,24.060484,20.380932,0.0,26.710863,0.0,5.9907637,16.04666,0.0,0.0,15.833217,67.91414,0.0,9.059178,15.833217,0.0,21.8258,14.365395,70.01687,0.0,17.770327,0.0,15.10464,0.0,0.0,30.926374,0.0,0.0,15.882315,0.0,0.0,24.655418,0.0,0.0,0.0,0.0,4.632119,0.0,25.750029,16.505331,16.505331,0.0,0.0,100.457596,22.20112,36.500874,0.0,25.203655,0.0,19.72066,11.135955,23.421307,0.0,45.678623,4.1423697,0.0,0.0,0.0,0.0,0.0,0.0,0.0,0.0,12.03076,0.0,25.856455,0.0,61.430977,1.4890978,27.182909,25.52731,0.0,44.214596,50.467697,10.4119,13.568407,0.0,37.580883,19.355131,36.579865,15.941356,0.0,22.482132,0.0,0.0,5.3498816,0.0,0.0,0.0,45.977165,28.560991,0.0,9.559307,9.559307,0.0,0.0,0.0,38.536316,20.265753,0.0,0.0,15.088057,0.0,53.788464,0.0,0.0,18.789253,10.108857,0.0,41.622196,0.0,0.0,44.16131,0.0,0.0,0.0,59.489117,0.0,0.0,0.0,110.19045,0.0,26.485079,0.0,0.0,0.0,27.62744,0.0,0.0,98.506584,0.0,22.96541,0.0,11.386078,0.0,19.694643,25.581844,13.597918,52.987823,12.739346,9.832029,7.266544,28.24196,43.920822,32.2214,22.960974,69.0695,25.34059,71.31526,54.690037,28.394554,34.29812,21.915838,69.73062,78.27043,94.928925,43.737514,53.962578,32.579918,57.910515,0.0,9.309868,11.106762,0.0,0.0,0.0,37.934223,81.68876,33.582344,41.571293,91.03315,92.57073,61.43534,63.821743,38.03869,26.823545,39.83572,20.856022,11.318054,33.50233,19.386791,29.620493,67.656265,23.894396,23.865107,34.73595,21.167913,57.328762,67.69851,17.166399,21.36595,53.45221,43.20185,31.382107,13.653252,33.131573,18.651577,23.421307,17.356165,15.626834,7.7469363,24.616703,24.155354,48.928905,0.0,0.0,20.557873,18.452019,11.230493,8.720401,22.715845,0.0,12.930654,40.543594,18.908705,22.790468,17.027403,22.011534,8.399898,27.305988,10.448626,27.137644,23.657866,0.0,29.890848,13.977966,23.236818,28.218216,25.198593,13.948146,22.536745,32.8043,28.21448,34.78515,29.589128,72.678925,37.958973,78.97688,42.18552,14.189678,29.225557,16.695423,45.6455,28.846878,19.419512,20.529938,54.205383,29.785053,0.0,0.0,7.3970795,25.369469,42.618713,30.985302,21.159473,27.200174,27.995817,25.064093,45.534492,45.44189,26.429892,37.87749,31.02105,0.0,0.0,0.0,0.0,0.0,0.0,0.0,0.0,0.0,25.762022,8.869175,5.0533338,18.210524,13.127901,17.668888,9.780238,0.0,15.802439,0.0,5.2808347,35.149857,31.505703,37.973503,45.497265,38.635113,56.016796,27.083693,89.44666,76.79581,37.55075,23.010433,41.664955,0.0,27.169174,24.684212,33.917362,37.197643,55.56016,19.155014,82.97036,30.103495,19.435884,14.778765,17.142714,35.655052,6.9938946,21.319744,14.894749,16.694437,24.454023,13.536006,21.870829,15.171171,19.690336,31.002195,0.0,15.195538,15.099678,7.016187,15.732386,12.98405,0.0,0.0,24.265009,57.67097,21.368711,30.01717,0.0,28.065903,0.0,0.0,40.14811,35.06923,41.798016,22.96541,32.10574,10.782527,8.286503,29.165724,30.790295,24.655184,10.935864,10.789847,13.181768,23.079887,20.599697,0.0,0.0,0.0,0.0,15.0793705,34.581783,14.101702,90.003586,91.06641,17.283495,0.0,15.172936,23.904339,97.82885,0.0,0.0,0.0,0.0,0.0,0.0,19.808287,6.430349,8.865114,40.214622,18.975687
C24x28_C25x28,11.545091,13.456111,18.842432,0.0,58.2113,0.0,0.0,0.0,0.0,76.84291,33.119713,0.0,44.837265,44.89095,22.403292,0.0,0.0,0.0,9.213629,12.674082,0.0,14.237376,11.982484,11.982484,0.0,2.8637962,0.0,0.0,7.177142,0.0,0.0,8.537374,0.0,15.644149,0.0,0.0,15.23365,19.98807,14.296164,12.383738,27.69088,39.203876,12.669711,0.0,12.669711,0.0,0.0,27.503155,0.0,0.0,16.682356,40.4908,0.0,19.720537,0.0,34.15697,5.5113564,4.0273314,17.207916,33.556366,15.586839,38.585293,0.0,0.0,0.0,0.0,0.0,0.0,20.697012,19.114815,16.087442,21.082386,5.7007055,0.0,0.0,46.916195,0.0,30.587664,0.0,25.13947,22.438646,0.0,44.644047,12.827087,9.070441,0.0,0.0,13.621867,24.067465,38.728664,0.0,60.176155,10.265029,0.0,0.0,33.309593,0.0,0.0,0.0,0.0,17.123476,58.79598,68.81289,0.0,66.61871,0.0,0.0,63.65722,22.708792,13.110927,0.0,15.794489,15.794489,0.0,18.043203,37.1578,0.0,38.598488,49.298653,21.064579,0.0,23.31789,19.751905,0.0,20.419079,0.0,0.0,19.77747,0.0,0.0,8.023073,41.685513,0.0,0.0,8.023073,0.0,15.918825,0.0,56.120937,0.0,11.612005,0.0,8.192375,0.0,0.0,4.0579953,0.0,0.0,54.850796,21.374191,15.736419,65.04823,0.0,0.0,0.0,22.453264,31.349543,0.0,26.899992,11.544963,36.548473,0.0,0.0,85.00609,54.2407,69.291534,0.0,0.0,0.0,24.006252,11.149886,14.004366,0.0,54.189907,3.237191,0.0,0.0,0.0,0.0,0.0,0.0,0.0,0.0,11.696564,0.0,21.510317,0.0,67.68253,0.0,16.216066,13.736075,0.0,36.51979,85.91854,0.0,6.890073,0.0,26.080185,17.838917,48.88085,19.240515,0.0,31.16459,0.0,0.0,32.76522,0.0,0.0,0.0,49.165863,34.984417,0.0,10.112506,10.112506,0.0,0.0,0.0,35.463512,13.994761,0.0,0.0,23.460018,0.0,41.994358,0.0,0.0,21.343906,14.599291,0.0,45.825695,0.0,0.0,28.323626,0.0,0.0,0.0,57.29983,0.0,0.0,0.0,113.15125,0.0,15.30473,0.0,0.0,0.0,48.18909,0.0,0.0,61.161198,0.0,15.21942,0.0,16.088303,0.0,7.075359,31.471498,18.953009,57.54088,20.879845,23.70232,11.323247,58.47382,59.095665,73.89343,34.671757,44.562805,41.74846,39.96705,62.97639,25.515656,40.844643,46.90413,48.61481,48.462425,80.53878,49.814865,33.317028,37.09561,66.950966,14.266694,19.514235,11.004582,0.0,0.0,0.0,67.98134,66.15452,37.878582,60.634823,71.63328,71.943596,73.951324,49.092194,71.087685,0.0,33.732388,23.686438,28.604181,55.767548,11.781447,20.112633,36.818436,31.165613,29.029367,45.59506,44.176785,37.96517,28.851002,31.540823,28.494839,30.194977,44.044132,24.847471,37.856945,45.329086,17.411894,14.004366,7.134709,18.72207,0.0,31.747276,11.763373,65.406654,0.0,0.0,0.0,0.0,0.0,0.0,40.15157,0.0,18.35005,12.203129,0.0,25.789013,20.259766,0.0,26.02835,34.840885,10.10851,34.09163,35.232204,0.0,41.92847,11.119601,30.268705,45.759266,43.502777,19.786438,25.41694,44.48141,40.234417,35.029285,34.013615,76.8731,53.36641,52.22431,48.107273,31.472837,45.59808,44.804565,36.34903,28.625914,29.355484,36.440044,58.569424,26.149921,0.0,0.0,19.851126,28.792747,22.932844,24.734707,16.027424,27.203234,22.582964,22.167135,41.967476,44.99544,30.961277,41.39695,28.85442,0.0,0.0,0.0,0.0,0.0,0.0,0.0,0.0,0.0,0.0,0.0,0.0,0.0,0.0,0.0,0.0,0.0,0.0,35.71886,7.2634172,31.78501,56.82203,49.78202,41.397003,36.192665,41.861958,14.7625065,78.26369,54.369926,31.291119,0.0,0.0,0.0,24.327553,18.363457,49.951893,40.396908,85.98149,21.538054,81.13652,43.260574,56.818745,13.026092,0.0,0.0,0.0,0.0,0.0,0.0,0.0,0.0,0.0,0.0,0.0,25.252668,0.0,17.245977,11.145652,11.832898,14.477918,13.735437,17.882923,8.642482,53.77292,20.893137,19.664814,35.962727,21.208374,28.843067,0.0,0.0,38.495773,33.770924,35.536495,15.21942,44.749523,0.0,18.363457,29.638746,20.60252,28.395178,26.363361,21.71621,13.394478,37.080116,14.960768,0.0,0.0,0.0,0.0,27.643368,51.01686,0.0,125.448524,92.022156,25.147491,0.0,0.0,37.808712,133.63922,0.0,0.0,0.0,0.0,0.0,0.0,26.2196,14.730045,17.334095,44.275967,10.784963
C24x29_C24x30,19.648542,16.470516,11.880991,0.0,57.74184,24.124857,33.44408,0.0,0.0,17.440222,24.418587,18.33611,55.386356,10.191217,4.514729,21.869629,33.957756,0.0,10.930739,25.10417,0.0,41.414024,27.254784,27.254784,18.636446,26.578484,10.989902,0.0,18.636446,24.899656,0.0,4.55006,14.588266,0.0,19.524403,30.193968,28.479849,25.56037,16.404005,13.252572,11.50225,36.902447,0.0,14.960198,0.0,21.335579,10.828566,38.67597,22.412355,0.0,0.0,25.324701,13.389431,0.0,0.0,25.350266,7.3240976,0.0,7.7690473,21.544865,11.905105,10.972562,12.207018,0.0,8.033502,5.4931984,5.4931984,0.0,0.0,12.021161,10.462558,0.0,0.0,0.0,0.0,74.82467,12.981615,29.680254,28.045353,26.502216,20.487318,15.405667,52.76334,0.0,7.4713845,5.95495,13.31693,0.0,10.4881935,0.0,15.582607,44.458576,0.0,31.854588,0.0,19.126093,23.80115,49.26227,0.0,0.0,0.0,75.382805,53.293106,0.0,29.557465,7.6391597,18.6123,20.447945,13.596411,0.0,0.0,0.0,0.0,10.92369,10.92369,0.0,0.0,24.234356,24.66917,22.188633,35.18986,22.006622,13.668539,0.0,38.058895,23.429354,31.35699,0.0,18.59177,20.1747,0.0,49.93979,17.998747,37.252792,33.755524,6.9569936,24.813957,0.0,93.97625,0.0,0.0,20.901031,0.0,0.0,18.898912,0.0,0.0,0.0,21.786282,0.0,0.0,25.987587,0.0,0.0,6.444015,0.0,7.0179515,0.0,25.635214,22.891867,21.098715,22.820887,0.0,150.79645,40.617313,50.761955,17.426332,36.06804,0.0,17.225954,0.0,0.0,27.708755,52.18495,0.0,5.63697,0.0,17.338238,0.0,22.031048,0.0,20.519707,0.0,0.0,12.498083,32.52647,0.0,65.62703,0.0,30.448042,27.691202,0.0,68.2467,53.394318,0.0,0.0,9.587201,33.963203,0.0,42.865192,14.567167,0.0,38.403812,0.0,17.623394,12.177391,9.922431,0.0,0.0,54.68418,24.739374,0.0,0.0,0.0,11.389201,30.519936,27.952513,0.0,0.0,19.01093,18.075241,0.0,9.441275,84.89093,0.0,8.592268,32.581127,0.0,0.0,39.433826,0.0,3.1725106,73.57057,0.0,0.0,0.0,0.0,9.41986,0.0,0.0,116.15703,30.020914,35.417408,11.800639,0.0,12.212704,31.96047,5.9478865,0.0,71.65074,25.823568,0.0,0.0,0.0,12.567022,0.0,19.129145,0.0,64.73448,22.129349,0.0,0.0,19.210178,38.835712,19.247288,29.686653,52.70996,15.578748,46.512375,37.914707,35.603817,29.124474,26.971695,48.538334,52.66271,62.240143,29.75025,36.705338,27.24629,46.985653,0.0,0.0,19.029661,0.0,32.433586,9.029943,31.50494,129.18948,87.26318,71.38264,92.26311,100.10284,56.550156,69.77059,48.37619,18.247665,37.952644,18.723232,11.294429,33.34786,18.188583,29.558662,67.320915,25.812649,30.642097,43.791016,21.123728,56.298992,64.096596,17.130566,25.113813,51.14553,39.99765,33.00916,10.042989,33.062412,0.0,0.0,0.0,0.0,11.37662,31.042177,24.366592,45.963314,27.298716,16.03157,21.556997,9.507378,9.020328,12.086018,0.0,0.0,34.379837,21.653814,11.753046,26.741549,19.358616,14.654611,18.054829,3.9226952,16.891665,17.739784,15.76003,15.440968,0.0,17.588198,32.346996,22.837397,19.77216,27.666422,17.76726,44.662792,18.784344,23.02275,54.109272,63.610065,61.021553,64.04217,34.48249,11.397145,20.19106,14.48872,39.38729,30.640278,19.235706,19.307247,49.00156,48.547283,16.38044,15.4040365,7.568879,20.74557,31.816355,32.315773,27.832853,27.03003,25.734795,21.091862,0.0,0.0,0.0,21.305279,45.458942,0.0,0.0,0.0,0.0,0.0,0.0,0.0,0.0,0.0,24.191242,2.9846957,14.415539,23.322767,17.504091,37.084385,19.399294,11.310576,13.4365,0.0,0.0,20.44859,20.328304,46.252716,17.660246,29.216162,36.521603,26.707006,56.47154,49.75074,30.730606,47.670334,45.245262,22.778713,26.563917,8.241066,18.750786,11.593547,18.793049,12.332589,22.893482,15.599223,9.938353,22.982773,39.347748,37.411114,14.415539,32.31614,62.13559,53.448166,57.350014,25.277164,23.572725,36.475903,45.59862,39.088665,33.60072,0.0,0.0,0.0,0.0,0.0,0.0,0.0,16.65032,35.728485,23.145498,0.0,0.0,30.213589,0.0,12.170183,58.65323,24.515347,29.640589,48.43049,29.436157,4.699544,0.0,40.902367,25.214266,32.20644,0.0,0.0,0.0,11.493501,11.715108,0.0,0.0,0.0,0.0,0.0,0.0,23.932827,61.047302,61.327362,19.97075,0.0,14.022459,0.0,75.55801,1.5684475,19.528051,7.309837,10.570234,0.0,0.0,15.933339,0.0,0.0,57.142838,0.0
C24x29_C25x29,15.885422,10.564459,21.885288,1.5248253,30.709518,28.806992,14.41027,0.0,0.0,35.84579,32.36238,0.0,75.7516,53.124565,0.8597191,0.0,46.329823,0.0,0.0,22.470066,0.0,28.891155,23.73439,28.776556,5.87824,23.73439,0.0,0.0,38.19388,0.0,0.0,24.671034,0.0,0.0,13.013014,18.01022,26.64449,21.91195,9.994424,12.410747,16.083237,55.61662,0.0,21.4366,0.0,21.4366,0.0,55.419132,29.668598,0.0,0.0,28.476913,0.0,0.0,14.623609,30.905157,10.093671,0.0,0.0,34.97165,0.0,1.6018487,9.120338,0.0,9.084161,0.0,12.057014,0.0,0.0,27.05064,16.475151,0.0,37.50288,0.0,0.0,36.473812,13.674717,23.402369,0.0,25.286938,0.0,14.403708,48.794712,0.0,13.42804,0.0,13.42804,0.0,24.872858,0.0,13.606201,59.145035,0.0,11.325985,0.0,40.251457,0.0,27.9377,0.0,0.0,0.0,77.70367,61.1428,0.0,40.945625,0.0,18.686485,44.463173,12.332211,0.0,0.0,0.0,0.0,9.322035,9.322035,0.0,9.937699,21.731995,41.31476,16.728374,41.071846,24.823378,0.0,0.0,40.757637,0.0,17.805435,0.0,0.0,0.0,0.0,56.260605,0.0,19.353432,19.353432,0.0,23.326841,20.434244,99.74783,0.0,0.0,0.0,0.0,20.117836,0.0,30.596964,0.0,0.0,29.523891,0.0,0.0,36.563408,0.0,0.0,0.0,0.0,21.234238,0.0,17.86661,0.0,23.07358,0.0,0.0,82.564285,17.668453,42.977432,0.0,21.428455,0.0,35.101162,0.0,0.0,0.0,61.63927,0.0,0.0,0.0,0.0,0.0,0.0,0.0,0.0,0.0,15.152346,0.0,39.091354,0.0,102.44454,0.0,0.0,27.680363,0.0,47.59092,66.00181,0.0,0.0,0.0,40.517895,0.0,32.970207,31.248047,0.0,60.12761,0.0,0.0,13.145567,0.0,0.0,0.0,81.90203,37.991096,0.0,0.0,0.0,0.0,0.0,0.0,0.0,0.0,0.0,0.0,0.0,0.0,64.38555,0.0,0.0,28.834078,0.0,0.0,51.43244,0.0,0.0,30.144857,0.0,0.0,0.0,0.0,0.0,0.0,0.0,128.41841,0.0,0.0,0.0,0.0,0.0,25.20028,0.0,0.0,71.26086,0.0,0.0,0.0,0.0,0.0,0.0,34.67847,0.0,53.184135,23.5892,0.0,0.0,39.115555,46.043537,35.203884,25.789597,64.036835,20.888395,61.47709,48.537758,25.740843,31.280909,34.44308,65.081474,56.113926,84.45804,39.88992,45.08424,35.721233,60.620358,3.69427,10.784717,25.966852,0.0,18.023052,5.6516495,35.01828,83.784134,35.839672,40.927128,85.15092,146.59857,70.40959,58.987045,37.546967,26.236963,36.336163,21.938498,10.109338,35.794525,17.316372,25.162909,60.43089,23.104204,29.502527,37.243977,27.509502,52.506527,60.15633,15.333106,26.69356,45.1272,32.77329,28.960043,17.374945,32.70921,0.0,0.0,0.0,0.0,15.920259,23.42008,21.985455,33.487583,30.705875,0.0,22.164507,17.87567,12.223985,17.093622,0.0,0.0,38.450623,15.894063,19.354061,21.440126,12.760484,25.182913,38.022224,16.628778,20.478384,28.865252,33.34383,15.012867,39.111633,17.042156,24.555016,48.24147,44.83133,33.366497,22.092794,28.300322,46.035706,36.220863,66.92746,78.996124,52.12344,79.11464,56.48718,0.0,36.486946,15.159756,32.122314,35.62146,38.223343,26.164404,51.46492,40.09172,8.863964,15.490496,6.987005,20.275984,31.084412,50.66896,39.653088,40.96322,38.87039,29.616304,0.0,0.0,0.0,55.29153,49.983738,0.0,0.0,0.0,0.0,0.0,0.0,0.0,0.0,0.0,21.903055,3.221997,14.718486,15.221157,18.16697,19.80762,6.1488514,7.3264704,8.282369,0.0,7.177548,37.911976,50.21353,55.62577,18.964037,40.414352,47.20002,19.008307,62.382374,55.01625,25.19539,23.099497,37.71009,0.0,15.491186,19.354061,30.98456,24.223507,59.966377,17.042156,84.058365,23.251684,35.20652,38.078876,27.489264,30.314178,20.370619,17.64313,35.340046,37.498756,31.116493,23.158993,15.334149,20.686274,31.157326,46.302074,32.73381,0.0,0.0,0.0,0.0,0.0,0.0,0.0,33.05353,59.134987,0.0,0.0,0.0,35.249416,18.762928,0.0,28.545,48.569744,32.616257,24.088175,40.074825,5.696491,0.0,47.1645,21.22618,28.375317,7.1940203,0.0,14.798925,26.341383,23.126894,0.0,0.0,0.0,0.0,15.300714,34.213436,31.397211,98.88394,99.35419,32.645206,0.0,0.0,0.0,91.49413,0.0,0.0,0.0,0.0,0.0,0.0,22.771624,0.0,0.0,61.5444,11.823203
C24x30_C24x31,16.65535,27.158031,12.87491,0.0,79.90965,11.422449,15.834845,0.0,8.681454,12.131833,21.012953,15.778793,45.076847,12.613145,0.98633224,19.982285,0.0,0.0,9.193704,13.476035,0.0,18.254692,30.837547,0.0,35.510628,0.0,8.513343,0.0,17.608246,15.23523,0.0,0.0,17.648619,10.529724,9.2356825,34.817505,29.091248,39.984173,0.0,18.241217,10.29105,37.098568,0.0,25.983738,13.248436,0.0,24.611322,54.064396,48.553654,28.575327,38.8932,0.0,4.30818,17.411125,0.0,23.751081,11.016929,0.0,10.524568,17.118979,16.00989,3.3980474,10.001524,7.110317,0.0,10.466958,5.1901298,0.0,0.0,0.0,0.0,24.580952,0.0,0.0,0.0,78.20222,5.568011,45.555073,42.883686,38.708252,27.45288,14.888654,45.733448,29.167585,22.678734,5.977216,18.089954,10.894609,6.930184,11.843132,15.663618,30.510393,32.977726,28.924957,0.0,0.0,15.054373,29.699533,16.474602,0.0,19.164623,67.192184,55.72925,5.0174427,12.706151,3.3277564,7.835702,18.154905,5.0161867,7.565819,0.0,0.0,6.194087,0.0,0.0,6.4949203,0.0,10.3264675,19.208097,26.135971,26.850111,19.360834,35.33206,27.380354,32.70615,14.661002,34.613087,11.714778,10.746758,7.971128,23.8806,31.055832,0.0,14.810927,0.0,19.96349,53.534634,0.0,64.32508,0.0,10.437432,9.991061,14.479939,0.0,18.998825,7.6479883,0.0,10.191796,18.703485,0.0,0.0,31.06237,9.174439,0.0,15.471578,0.0,0.0,0.0,28.840015,19.349298,12.501621,0.0,0.0,51.51013,22.120747,62.01776,5.9530983,20.277899,0.0,0.0,0.0,15.438702,22.229223,48.831573,9.444314,18.527235,0.0,13.103563,0.0,19.12326,51.2414,10.670257,0.0,0.0,14.001047,38.2132,0.0,83.95847,0.0,32.098537,30.773798,0.0,38.580017,71.9247,8.653926,11.021573,14.659837,15.571499,19.067879,13.50823,13.827163,15.925331,46.482098,13.717476,11.487911,15.616175,7.2459464,0.0,0.0,39.25376,54.224888,0.0,27.425514,12.265062,8.973158,22.437283,13.799967,14.230175,52.84666,18.851166,0.0,37.95901,18.609715,89.979904,0.0,10.536377,12.7369,38.69012,0.0,40.91664,16.600021,2.0885642,86.653885,0.0,7.9073,0.0,19.20159,0.0,0.0,8.699977,67.82223,10.111563,26.827215,20.318453,33.923416,4.707384,24.30135,6.7723494,0.0,51.754013,16.259008,39.79661,15.1624,17.581652,11.936583,21.56173,29.90237,29.906572,59.604534,54.90695,0.0,0.0,26.444384,56.98064,28.240059,33.41808,77.42322,11.084334,58.473904,38.37715,38.964767,42.73209,38.834106,48.31415,58.304188,83.2207,29.543077,34.986374,40.179863,33.375656,0.0,0.0,20.459293,36.157043,7.264554,13.253223,39.547867,100.945244,81.12965,55.71457,63.483578,76.01764,74.423386,45.615616,41.323833,25.317387,18.435154,28.163542,11.9425535,17.884943,43.258682,29.558285,33.074196,39.21718,24.084394,37.40933,13.801634,35.045486,43.570526,7.1657577,30.925564,30.518215,25.890167,37.335938,19.755596,26.883747,0.0,0.0,0.0,0.0,16.50215,29.795538,28.852695,48.27112,6.4205656,13.575219,26.44383,8.590122,12.253374,0.0,0.0,0.0,17.217299,2.0327904,0.0,0.0,0.0,0.0,0.0,0.0,0.0,0.0,0.0,0.0,0.0,0.0,0.0,0.0,0.0,0.0,0.0,16.679287,19.278599,24.962336,24.748014,51.50864,46.740437,38.36669,28.398731,19.933218,36.01842,21.435,32.030933,22.128622,22.506111,14.260525,34.875965,30.280312,11.530804,34.733944,6.984921,18.802526,22.190092,30.020193,26.07706,21.778978,21.008192,27.04801,19.993961,17.192629,0.0,18.712835,42.258877,0.0,0.0,0.0,0.0,0.0,0.0,0.0,0.0,0.0,33.294067,5.733878,25.102983,28.677279,30.846792,30.279436,40.183174,17.92667,23.859076,15.35039,11.958112,20.689724,19.15155,41.71275,10.922381,24.19093,33.827465,22.097916,60.27009,49.519234,29.099058,34.146496,56.160606,12.881248,19.12857,7.7863936,16.959038,10.953914,18.26231,11.434475,24.503847,12.97145,9.3900385,26.491213,37.18991,23.542463,36.550858,36.885036,26.827215,32.076057,43.854202,28.413794,17.702406,22.663553,37.726704,47.687847,40.200676,0.0,0.0,0.0,0.0,12.860749,0.0,0.0,21.00316,56.101368,32.80943,9.109868,6.18667,30.66387,0.0,20.723076,26.89247,30.252745,45.966324,30.492752,26.187347,11.919291,0.0,48.451344,41.507183,34.610558,0.0,0.0,15.834231,14.753088,21.612621,31.973862,25.65822,30.382164,0.0,21.442871,15.1624,19.26159,41.734165,71.76368,20.366749,0.0,15.274377,4.597473,66.33333,19.238928,17.37278,5.149294,13.567983,0.0,0.0,20.45208,26.506943,12.23922,69.341736,6.1704516
C24x30_C25x30,21.547802,16.861938,17.98908,0.0,36.10561,33.094807,0.0,0.0,0.0,16.805784,30.731142,11.9941025,58.38159,12.555989,3.2651157,20.554903,20.348106,1.2409018,10.48046,17.94093,0.0,37.054188,25.458412,22.577076,25.15382,22.577076,19.373903,0.0,17.786438,22.102673,0.0,5.2329674,5.1312037,0.0,6.867416,9.821957,31.707813,34.265465,13.934371,25.64559,10.977632,51.879887,10.047529,39.011658,0.0,11.708731,29.148777,49.831936,55.795494,21.670279,0.0,21.512053,18.459984,0.0,16.79387,58.734184,16.976154,0.0,0.0,23.552725,22.985903,2.667648,10.921932,7.1822724,6.654721,8.473342,5.242653,0.0,0.0,12.813921,10.031565,23.48723,25.5835,0.0,0.0,67.45343,5.5495806,27.05749,32.03984,28.76179,23.405317,17.59989,54.32226,0.0,20.99515,14.551426,27.853792,11.004861,5.3420424,0.0,4.1820955,33.87583,0.0,17.759996,0.0,18.240171,15.652307,25.400808,10.26529,0.0,0.0,73.454605,69.710884,0.0,39.22175,10.506418,25.598185,31.663996,18.699646,0.0,0.0,0.0,0.0,0.0,0.0,0.0,0.0,18.552513,27.842224,19.874002,55.92016,22.850727,21.720657,0.0,56.365604,20.00377,13.883423,0.0,15.336992,12.651743,0.0,38.12657,12.7134695,24.335646,22.020376,14.111113,39.26527,9.734099,48.429604,0.0,0.0,11.07736,0.0,0.0,17.88557,0.0,0.0,9.078845,17.322304,0.0,0.0,32.68844,9.817188,0.0,13.78207,0.0,0.0,0.0,16.140226,23.95182,20.797655,13.285862,0.0,79.29521,21.5543,63.612144,15.306487,23.213274,0.0,19.941547,0.0,0.0,18.956663,73.17347,0.0,21.544672,0.0,21.797266,0.0,25.47091,54.93507,14.968352,0.0,12.312873,15.747252,42.873096,0.0,97.06628,0.0,0.0,28.527485,0.0,70.30776,71.692764,0.0,0.0,11.255414,21.439945,0.0,19.930237,14.802238,0.0,54.620167,9.9174795,9.170073,13.802376,8.645878,0.0,0.0,48.890285,23.443098,0.0,0.0,0.0,13.017045,27.807201,21.65918,17.52703,0.0,26.066444,17.999422,0.0,19.193398,63.089546,0.0,17.512016,21.169401,0.0,0.0,41.364708,0.0,17.139874,56.33953,0.0,6.477409,0.0,23.673748,14.9783745,0.0,0.0,72.767845,20.530344,0.0,18.7514,36.328465,21.66629,23.678928,16.8389,0.0,64.79665,19.263166,0.0,0.0,0.0,21.564333,0.0,9.043913,0.0,72.523026,42.817535,0.0,0.0,26.47542,46.683834,23.136879,35.685883,65.91996,18.570894,47.907253,30.812191,42.798817,35.010098,32.960194,39.58344,48.715023,70.322205,11.356191,28.664085,32.919075,31.63039,0.0,0.0,17.458149,18.37979,28.394608,17.836147,21.761396,98.50524,63.954952,61.605392,59.150158,78.006775,21.72363,53.824158,33.577827,12.604202,11.122993,29.970387,15.899373,24.592579,27.628119,26.181381,44.03237,23.405317,28.635578,35.261494,26.65897,46.656788,54.87011,18.699646,38.15882,40.629543,34.067574,24.307991,17.916327,33.699684,18.920368,18.956663,21.66629,9.86247,12.450545,21.794842,22.209217,27.659773,32.991333,13.4166355,16.784575,11.647685,9.290652,11.588148,0.0,0.0,20.228806,0.0,0.0,18.088453,16.444164,12.44835,22.07581,3.332131,14.348615,13.8133,17.15477,13.11632,14.985975,4.345882,24.581732,25.240189,22.090853,25.24847,15.16921,20.698938,21.326046,27.197227,53.2499,58.16288,45.575317,42.598713,31.867538,18.317636,35.739513,19.545565,33.92074,31.067198,20.968603,18.749016,62.411217,47.344254,19.232895,30.36881,11.242555,30.263538,30.44479,70.931786,57.57121,57.002296,46.69498,31.82974,0.0,0.0,0.0,36.763153,37.281815,0.0,0.0,0.0,0.0,0.0,0.0,0.0,0.0,0.0,16.8076,8.669127,28.834602,9.335684,25.09619,18.606535,5.2007856,14.6133,16.900488,0.0,0.0,24.54246,26.65897,38.38086,15.388198,28.027443,30.76894,23.525541,58.121315,45.27101,27.20762,26.033375,62.942276,17.735817,21.140589,0.0,14.250258,4.663682,17.370064,3.4237278,25.528727,10.96732,9.4850645,22.96534,39.531437,27.297281,41.24,23.982027,31.13559,35.269386,28.749,32.858322,19.741188,13.907005,38.628277,47.581608,11.957089,0.0,0.0,0.0,0.0,0.0,0.0,0.0,26.47542,16.89178,21.940641,0.0,6.8713346,35.877617,0.0,14.002012,43.750237,40.779766,37.30201,31.913893,29.863745,9.763904,0.0,55.008003,39.364616,36.608925,0.0,0.0,26.800816,31.990627,27.142706,0.0,0.0,0.0,0.0,0.0,0.0,42.665115,29.021286,59.708076,17.868343,0.0,13.01539,5.918081,73.959564,16.923748,19.811714,18.647114,22.552761,0.0,0.0,33.995537,0.0,0.0,65.045784,9.261356
C24x31_C24x32,0.0,0.0,9.010335,0.0,50.20771,0.0,19.529175,0.0,18.972935,0.0,24.68281,0.0,46.35262,21.110361,7.5689588,20.252008,0.0,8.9897585,11.0101595,0.0,0.0,33.715816,0.0,28.73497,12.417095,8.780212,12.417095,0.0,24.83419,15.320151,0.0,6.5646653,9.283838,31.602182,52.015602,48.26035,29.11786,22.941132,5.5469937,16.6732,15.689267,51.925625,0.0,40.781567,38.736576,15.768368,22.299839,47.720493,37.83735,52.297756,46.2312,9.603526,13.581436,22.039246,0.0,31.802227,10.377084,0.0,26.030483,6.009468,5.6201324,0.0,20.271309,7.4656577,17.276623,7.4656577,14.931315,0.0,0.0,0.0,0.0,9.25414,0.0,9.25414,0.0,53.779835,7.9590654,56.2805,38.120865,49.612076,31.999783,41.62714,55.28081,34.462048,24.155472,10.123987,25.281683,3.963828,0.0,0.0,5.6056995,17.88997,46.383312,32.797474,0.0,9.635123,13.626122,30.429668,14.360249,15.730425,22.791864,71.64455,53.605774,7.534367,17.767725,3.253936,11.013993,25.989511,9.245473,11.076398,0.0,0.0,0.0,0.0,0.0,0.71438783,0.0,1.1699917,2.112733,25.070694,8.863758,19.888988,25.139349,33.247684,0.0,16.681623,20.430733,20.160402,11.605922,8.061255,0.0,0.0,0.0,0.0,0.0,19.051933,10.2022085,0.0,60.777897,0.0,12.071066,6.949061,17.184813,0.0,18.696836,19.834911,34.675064,30.24782,29.84739,0.0,0.0,32.530132,0.0,0.0,21.827654,0.0,9.530871,0.0,60.82979,17.353855,0.0,0.0,0.0,15.666753,5.35099,48.391785,9.12694,19.659348,7.669402,7.669402,0.0,36.87303,21.227036,45.42475,22.846027,16.837969,0.0,7.91409,0.0,21.342781,50.053257,11.467422,0.0,0.0,13.465401,47.539734,0.0,53.38956,17.329756,25.252672,22.810694,0.0,37.435944,88.94826,0.0,30.909203,13.812424,0.0,22.287706,15.643024,0.0,0.0,21.149458,13.525147,9.201873,0.0,7.085209,0.0,0.0,20.799429,75.82571,0.0,36.39363,18.57186,10.691432,22.91826,14.331791,10.349866,74.46245,21.874987,11.752042,40.003944,19.74383,76.94051,0.0,10.91564,0.0,37.156834,0.0,60.051456,6.091601,10.816882,42.15274,0.0,7.731891,0.0,12.039731,0.0,0.0,1.9569722,46.73422,5.8974633,26.310232,18.58825,54.22168,14.382416,25.791983,9.663815,0.0,58.76772,16.454655,56.01164,3.9295738,25.620298,14.749069,27.159672,22.111591,55.480145,36.461887,67.06757,8.869726,8.099219,0.0,52.122513,37.7858,73.11706,83.95131,14.342772,36.36943,44.540936,75.52682,39.220215,21.141926,52.29401,63.14928,87.95516,74.86769,0.0,46.975437,31.827448,0.0,0.0,14.880419,0.0,0.0,0.0,60.855835,123.04777,110.699974,58.021183,76.647545,92.55817,110.756966,0.0,33.799408,40.590996,53.72886,20.53974,6.7176566,17.06733,41.926796,28.528076,34.52204,36.078865,25.526026,34.641315,0.0,23.37406,27.816174,9.245473,30.337141,20.142027,22.740015,33.700993,19.067043,25.877018,0.0,0.0,0.0,0.0,34.020634,8.789686,30.01564,42.5974,0.0,0.0,16.657618,0.9448429,8.9709215,11.18454,0.0,0.0,0.0,15.780246,0.0,10.429168,13.47175,5.678116,6.7010345,5.009999,9.521477,10.292005,8.108691,9.766858,0.0,3.5603292,9.701009,10.134107,15.00978,10.169903,7.5599837,34.517727,20.500189,37.158108,25.264889,40.947334,36.256958,46.797966,35.69422,14.233668,24.4995,11.786916,51.464966,11.306708,18.45423,12.686798,32.411316,25.579224,36.782803,15.990101,0.0,23.908772,20.71255,44.527023,31.048422,24.971027,30.103516,28.710348,12.5946865,13.946254,5.65046,0.0,30.147778,9.230787,1.0034359,1.5696685,11.015754,6.343399,11.909162,14.411663,0.0,0.0,14.393251,9.469594,36.015633,21.189089,49.304142,25.997702,17.614788,22.736057,32.37106,13.9230175,9.963611,18.556047,0.0,20.858335,10.019998,31.787983,35.08788,29.186777,36.007626,23.465406,41.55544,13.994688,43.24216,0.0,36.07303,0.0,29.498138,25.04854,27.853102,10.070132,45.83652,39.23183,11.299246,17.754978,21.64469,12.134817,33.415493,21.766314,34.52204,15.4275675,18.27444,11.896839,30.28077,34.974804,26.408998,45.82867,26.968567,28.191067,9.068714,8.23743,12.847662,17.448961,0.0,0.0,0.0,56.367683,23.862896,13.207979,13.582091,35.43314,0.0,0.0,31.959436,0.0,62.14722,20.152754,20.604479,2.010661,0.0,18.76912,17.642038,37.707615,8.869726,0.0,11.090966,9.701009,14.452257,17.197748,18.552351,10.169903,0.0,5.5572567,3.9295738,22.057865,52.988407,89.46241,31.35006,0.0,0.0,2.8441157,88.99608,19.679838,16.298517,5.035066,13.719297,0.0,0.0,22.090961,17.139362,17.245047,41.147472,14.173454
C24x31_C25x31,14.247261,22.387045,15.099338,0.0,23.259811,15.913328,6.5473256,0.0,6.193495,12.518524,29.88713,0.0,60.9983,35.842243,3.4570239,15.809988,28.974325,10.14434,9.238083,0.0,0.0,22.37714,15.75824,23.775028,26.324448,13.13726,10.418572,0.0,42.164745,14.128581,16.897934,18.195927,14.430375,23.51921,20.628836,19.22936,28.237543,39.28721,8.299605,24.458761,26.638035,71.07986,0.0,57.74135,29.440823,20.38205,16.16409,49.41779,53.572727,68.84143,13.956597,14.36913,11.395514,11.23249,12.4658375,33.86755,13.857936,0.0,3.6339626,19.845346,18.559626,3.5426862,9.206077,3.450198,7.8733015,12.767226,13.963211,0.0,0.0,0.0,0.0,18.334211,0.0,7.7646923,0.0,53.362183,8.42403,57.79624,42.57317,54.079697,35.73718,38.517975,47.141182,11.193965,12.046008,9.039739,12.046008,7.8202205,0.0,3.4511104,4.6837745,14.7759495,43.370598,38.040607,10.732277,11.556663,9.1650715,35.294277,12.680999,13.621934,14.11952,73.63164,65.76133,9.87975,24.11385,0.0,14.442555,32.497116,12.123509,14.89771,0.0,0.0,6.227914,0.0,0.0,6.53039,0.0,9.458351,19.312996,21.109972,29.581375,16.940975,23.331598,19.298512,29.023653,13.996729,17.142422,9.737958,9.737958,6.7638025,15.108583,16.914177,0.0,12.2951145,0.0,16.378803,45.197365,0.0,65.116066,0.0,8.185288,7.5360785,11.032818,0.0,15.108664,8.262544,29.591713,22.355589,21.318043,0.0,0.0,32.441135,0.0,10.846725,15.55607,0.0,7.996885,0.0,34.630054,26.672918,7.6022325,0.0,0.0,25.769888,9.618594,49.153873,8.045811,15.380829,11.117363,6.234336,0.0,17.371422,17.371422,53.108913,12.683607,14.882412,0.0,10.75066,0.0,17.912724,76.28871,6.036186,0.0,0.0,11.909803,54.319145,0.0,70.485985,13.387551,6.8611774,28.065823,0.0,46.060432,59.59054,0.0,15.631432,11.059194,0.0,11.744015,11.487525,0.0,11.095692,51.01345,10.986268,9.425118,15.410009,2.0476663,0.0,0.0,24.917418,60.761208,0.0,30.575037,13.673572,7.5339947,19.74438,12.285684,11.02188,33.679314,18.258026,9.8605585,14.5549755,16.633345,79.05529,0.0,10.381683,0.0,24.022856,0.0,46.137585,16.364574,9.075913,43.13618,0.0,6.4874487,0.0,19.046257,0.0,0.0,7.137791,44.243237,8.484034,15.476191,16.80386,71.566154,12.334995,22.189144,8.10843,0.0,64.30247,13.80629,16.909184,0.0,12.70691,12.375217,13.879345,19.628359,53.367043,40.504856,66.12066,7.44215,8.177126,26.5888,28.037954,17.853245,40.29903,49.34202,21.82595,35.1251,29.992525,45.174137,22.241716,42.227932,63.540276,33.96952,48.579823,35.50504,22.134893,44.794083,36.94006,0.0,0.0,16.095146,21.077705,7.6783085,7.7259502,30.77569,94.79286,77.973366,46.932934,77.5756,71.68013,74.92029,27.024237,36.042496,22.565004,32.377678,23.145456,0.0,15.720292,37.175102,24.551746,21.60645,38.024876,23.078215,46.20931,15.71453,21.13261,25.148748,12.899588,29.174664,20.75966,21.028074,30.576992,19.498436,23.458595,0.0,0.0,0.0,0.0,40.63222,22.827496,17.977167,40.88097,14.222173,15.787553,11.744015,8.637033,13.96627,9.384397,0.0,0.0,17.833494,1.9358479,0.0,15.604485,20.652792,8.655259,10.026322,2.5819972,15.017622,16.249744,7.6113067,13.945049,10.272683,5.3270893,15.3172455,15.491587,21.90443,15.553767,9.499962,13.70142,21.545263,40.44997,22.206228,37.048958,32.751194,11.828065,29.605043,26.00759,28.881462,0.0,42.270203,30.405056,34.72954,22.543188,59.133503,36.380962,39.96608,20.078117,0.0,21.766104,20.23745,47.418736,33.064793,26.592716,32.058517,36.790356,5.2113686,8.222329,4.741022,18.449265,46.336018,8.411751,0.8419336,1.3170315,9.151698,5.3224335,8.764658,11.953144,1.7391828,5.6556315,12.7662525,7.9454694,31.615366,16.577648,30.328232,22.735493,15.107223,27.943092,19.036026,10.138095,11.89095,28.520689,19.595514,30.678673,21.128647,26.330135,35.28757,24.449612,43.65078,31.46486,33.012516,15.002445,40.5045,0.0,29.64091,0.0,50.083443,27.433517,47.15075,17.097582,79.907,65.49746,19.648157,21.53308,27.40767,13.1398,29.332901,20.829844,20.306538,18.39773,23.148487,16.43714,24.881458,12.559549,23.869804,44.802395,0.0,25.281183,7.609111,9.010774,10.779841,14.3376665,0.0,0.0,21.11786,32.54995,25.810886,17.544422,20.969828,32.585346,0.0,0.0,36.810905,25.24167,42.52458,21.5306,28.117197,3.6384058,0.0,42.60933,30.547426,27.353106,18.111267,0.0,18.168259,17.155281,24.2188,9.8809805,15.931297,8.722158,0.0,0.0,0.0,19.706833,60.398273,116.4122,24.906078,0.0,0.0,0.0,86.38139,15.018428,12.552198,4.2246757,12.147421,0.0,0.0,21.374994,28.823463,7.8480377,54.148518,10.466006
C24x32_C25x32,0.0,0.0,0.0,0.0,42.46785,0.0,0.0,0.0,0.0,0.0,43.568436,0.0,64.33614,30.075445,5.7368917,29.551214,0.0,0.0,0.0,0.0,0.0,0.0,0.0,0.0,0.0,0.0,0.0,0.0,0.0,31.985126,0.0,24.881006,35.187057,50.895554,43.095165,18.585443,33.863037,32.257755,6.5141664,14.566118,21.04813,56.69327,0.0,49.70296,43.041683,22.33991,31.593405,59.105846,35.1453,107.60573,0.0,0.0,0.0,12.233477,0.0,21.121235,0.0,0.0,0.0,0.0,6.6000576,0.0,27.776041,0.0,22.654785,13.122429,0.0,0.0,0.0,0.0,0.0,0.0,0.0,0.0,0.0,28.2593,8.610577,79.479126,27.094654,56.19959,27.094654,63.817528,63.878723,23.894741,0.0,19.509975,0.0,0.0,0.0,0.0,1.4448211,3.8355944,76.31909,39.41316,0.0,14.42406,20.398703,27.86931,14.208407,20.480371,27.046629,88.554924,99.744995,0.0,42.33149,0.0,10.261613,43.295574,10.261613,28.101053,0.0,0.0,0.95671403,0.0,0.0,0.0,0.0,1.4945002,1.1717305,36.369766,0.0,0.0,0.0,0.0,0.0,16.842018,20.627176,15.814426,15.814426,5.0972586,0.0,0.0,0.0,0.0,0.0,23.927198,26.429607,0.0,58.192234,0.0,16.22147,16.22147,29.017002,0.0,30.533342,0.0,40.859848,26.294611,0.0,0.0,0.0,0.0,0.0,25.784315,0.0,0.0,4.2415743,0.0,49.905952,24.248777,0.0,4.1293797,0.0,20.0098,5.0574365,60.386368,8.8695,14.275158,2.189813,2.189813,0.0,26.852991,26.852991,50.237343,22.019073,27.8346,0.0,23.325857,0.0,23.820803,81.1326,19.730898,0.0,0.0,19.592527,68.60421,0.0,59.526268,28.626812,0.0,19.426851,0.0,19.426851,128.59834,0.0,24.252035,19.622004,0.0,19.775133,27.307592,0.0,0.0,50.767227,18.445848,26.624031,0.0,2.8659735,0.0,0.0,0.0,57.583645,0.0,59.3762,26.553843,21.565037,29.786001,18.552998,0.0,47.96938,22.781189,9.364485,11.469106,22.209724,80.01962,0.0,18.534431,0.0,22.699951,0.0,93.55888,0.0,0.0,0.0,0.0,0.0,0.0,18.224993,0.0,0.0,16.770042,82.564316,25.216969,30.88435,35.789074,121.895996,9.180838,45.39368,12.099798,0.0,51.155144,13.871115,16.988575,0.0,13.515037,13.515037,16.285633,23.031364,75.37805,47.225647,97.12934,0.0,16.9342,0.0,0.0,39.873253,50.75725,57.042286,33.41607,0.0,39.251167,63.65394,41.386906,39.720043,90.75405,29.425076,63.185654,74.64302,0.0,70.60658,0.0,0.0,0.0,17.474964,0.0,0.0,0.0,41.196712,91.86457,92.79583,78.67348,132.30284,55.934914,141.89091,0.0,18.764046,31.510176,37.873158,19.131462,8.19669,15.854551,50.55151,20.060894,39.87153,42.83901,0.0,43.52049,0.0,21.923454,14.109414,16.224504,37.86602,0.0,26.523857,36.369766,0.0,22.783478,0.0,0.0,0.0,0.0,43.60942,0.0,30.086258,29.833418,0.0,0.0,19.775133,0.95671403,0.0,13.134674,0.0,0.0,0.0,18.269463,0.0,9.556574,16.919085,7.090371,0.0,2.0265493,13.854009,16.510954,13.951852,13.874851,13.693965,4.1811075,18.658928,13.11895,18.98793,6.4918323,15.248783,18.218199,26.4162,61.51394,30.265877,50.18449,47.035896,56.080208,33.33262,0.0,40.279175,20.144876,87.95815,20.157759,45.40149,0.0,62.764507,55.603687,28.724749,11.755818,3.6656709,12.122218,23.79164,22.468258,26.335062,26.88317,0.0,41.06474,0.0,0.0,0.0,0.0,34.586967,15.274124,1.1783948,18.218199,3.739501,0.0,12.09317,14.460289,8.8613205,14.468486,11.469106,3.9309108,34.090282,20.188122,43.832485,32.88806,11.244183,36.39452,39.99842,12.212326,0.0,0.0,0.0,24.252268,12.405361,35.158115,35.406414,35.21101,53.44995,33.292713,38.697712,6.410372,23.613747,0.0,21.682306,0.0,30.87855,31.895765,41.8365,13.50971,68.05373,74.19671,37.583057,22.189384,17.516895,0.0,12.784319,11.105991,13.581166,6.043362,15.818211,0.0,21.682306,7.0029078,5.1343856,30.187271,0.0,32.072376,0.0,30.26235,0.0,0.0,0.0,0.0,0.0,38.193195,24.713331,0.0,28.327318,39.644684,0.0,0.0,42.025845,0.0,75.51105,16.988575,0.0,0.0,0.0,25.121227,17.740013,45.405514,0.0,0.0,10.729877,18.658928,18.945759,11.515682,13.105823,6.4918323,0.0,0.0,0.0,0.0,72.822685,116.13573,34.06734,0.0,0.0,0.0,113.54968,18.345753,22.99851,5.912979,26.38771,0.0,0.0,41.722633,33.40234,11.489162,30.50751,18.976316
C25x17_C25x18,0.0,0.0,0.0,0.0,381.2225,0.0,0.0,0.0,0.0,0.0,0.0,0.0,40.47017,0.0,0.0,0.0,144.56664,0.0,0.0,0.0,0.0,111.68303,0.0,0.0,0.0,0.0,0.0,0.0,0.0,0.0,62.03418,0.0,0.0,0.0,0.0,0.0,0.0,54.562496,0.0,0.0,0.0,35.625458,36.801758,0.0,0.0,0.0,0.0,0.0,0.0,0.0,0.0,0.0,0.0,0.0,0.0,101.580055,0.0,0.0,73.1329,0.0,69.27643,0.0,26.809462,0.0,0.0,0.0,0.0,0.0,0.0,104.09281,0.0,0.0,0.0,0.0,0.0,0.0,0.0,23.286366,0.0,31.859083,0.0,0.0,39.38155,0.0,109.25633,0.0,0.0,0.0,0.0,0.0,0.0,0.0,0.0,0.0,67.54495,0.0,0.0,0.0,0.0,0.0,0.0,64.292496,0.0,0.0,48.301132,0.0,0.0,62.550293,0.0,0.0,0.0,0.0,0.0,92.8325,0.0,0.0,0.0,0.0,92.8325,0.0,0.0,0.0,0.0,0.0,87.05277,0.0,0.0,0.0,0.0,0.0,0.0,0.0,0.0,0.0,46.486004,0.0,68.23467,0.0,185.54274,0.0,0.0,0.0,0.0,0.0,0.0,0.0,0.0,85.53958,0.0,0.0,0.0,0.0,0.0,0.0,52.704376,99.14735,0.0,0.0,280.40878,97.802925,0.0,0.0,0.0,253.09369,95.78761,0.0,0.0,0.0,58.140766,55.22639,0.0,0.0,0.0,0.0,0.0,0.0,0.0,0.0,0.0,0.0,0.0,0.0,0.0,0.0,0.0,95.279175,0.0,0.0,0.0,66.40323,0.0,0.0,0.0,141.3627,0.0,0.0,0.0,0.0,0.0,0.0,0.0,0.0,0.0,0.0,0.0,0.0,0.0,0.0,0.0,0.0,72.214806,0.0,0.0,0.0,0.0,0.0,0.0,0.0,0.0,0.0,0.0,0.0,0.0,113.86825,0.0,0.0,0.0,0.0,0.0,0.0,0.0,0.0,130.91534,0.0,0.0,0.0,0.0,0.0,0.0,0.0,91.415985,0.0,79.040985,0.0,0.0,0.0,62.714638,0.0,0.0,0.0,0.0,0.0,0.0,0.0,0.0,0.0,55.94038,0.0,94.39485,108.04824,0.0,0.0,0.0,137.66167,84.81486,100.278656,131.58597,0.0,101.40897,70.22077,168.91878,109.25633,44.047985,67.54495,51.075996,0.0,62.03418,40.85279,0.0,0.0,0.0,0.0,54.781834,0.0,0.0,0.0,327.1275,186.09068,238.88722,154.5118,95.52299,72.23237,87.72958,63.376514,0.0,0.0,35.280903,0.0,0.0,0.0,0.0,0.0,0.0,0.0,0.0,0.0,0.0,0.0,0.0,0.0,0.0,0.0,0.0,0.0,0.0,0.0,0.0,252.3895,182.95576,111.39016,0.0,0.0,0.0,96.17559,0.0,0.0,0.0,0.0,0.0,0.0,0.0,0.0,0.0,0.0,0.0,0.0,0.0,0.0,0.0,0.0,0.0,0.0,0.0,0.0,0.0,0.0,0.0,0.0,0.0,0.0,0.0,0.0,0.0,0.0,56.021496,0.0,0.0,0.0,0.0,0.0,0.0,0.0,0.0,0.0,87.37034,0.0,0.0,108.822586,146.20842,143.68326,0.0,0.0,0.0,81.110985,87.8261,73.10192,161.53548,111.921585,0.0,0.0,0.0,0.0,73.457924,0.0,0.0,0.0,0.0,0.0,0.0,0.0,0.0,0.0,0.0,0.0,0.0,0.0,0.0,0.0,0.0,0.0,0.0,0.0,0.0,0.0,0.0,0.0,130.98546,190.55835,0.0,181.41042,0.0,155.4837,0.0,0.0,0.0,0.0,0.0,0.0,0.0,0.0,0.0,0.0,0.0,0.0,0.0,102.40819,0.0,0.0,0.0,0.0,0.0,0.0,0.0,0.0,0.0,0.0,0.0,80.614365,0.0,0.0,0.0,0.0,0.0,0.0,0.0,0.0,0.0,37.767742,75.13812,0.0,0.0,0.0,0.0,0.0,0.0,0.0,0.0,34.363564,0.0,49.06795,0.0,0.0,70.194466,47.495758,0.0,0.0,0.0,0.0,0.0,0.0,0.0,0.0,0.0,0.0,0.0,0.0,0.0,0.0,75.24179,0.0,0.0,0.0,0.0,0.0,0.0,0.0,0.0,0.0,0.0,0.0,0.0,0.0,59.295162,0.0
C25x17_C26x17,0.0,0.0,0.0,0.0,367.9065,0.0,0.0,0.0,0.0,0.0,0.0,0.0,98.59062,0.0,0.0,0.0,220.4958,0.0,0.0,0.0,0.0,244.84125,0.0,0.0,0.0,0.0,0.0,0.0,0.0,0.0,200.55759,0.0,0.0,0.0,0.0,0.0,0.0,0.0,0.0,0.0,0.0,0.0,0.0,0.0,0.0,0.0,0.0,0.0,0.0,0.0,0.0,0.0,0.0,0.0,0.0,239.32347,0.0,0.0,209.068,0.0,0.0,0.0,51.968147,0.0,0.0,0.0,0.0,0.0,0.0,208.09918,0.0,0.0,0.0,0.0,0.0,0.0,0.0,54.974464,0.0,75.212944,0.0,0.0,272.76123,0.0,0.0,0.0,0.0,0.0,0.0,0.0,0.0,0.0,0.0,0.0,123.08271,0.0,0.0,0.0,0.0,0.0,0.0,118.80829,0.0,0.0,30.044096,0.0,0.0,0.0,0.0,0.0,0.0,0.0,0.0,89.29024,0.0,0.0,0.0,0.0,89.29024,0.0,0.0,0.0,0.0,0.0,212.649,0.0,0.0,0.0,0.0,0.0,0.0,0.0,0.0,0.0,36.619385,0.0,250.34825,0.0,0.0,0.0,0.0,0.0,0.0,0.0,0.0,0.0,0.0,177.33363,0.0,0.0,0.0,0.0,0.0,0.0,127.81056,174.5563,0.0,0.0,0.0,0.0,0.0,0.0,0.0,448.76593,265.58905,75.04029,0.0,0.0,0.0,0.0,0.0,0.0,0.0,0.0,0.0,0.0,0.0,0.0,0.0,0.0,0.0,0.0,0.0,0.0,0.0,0.0,0.0,0.0,0.0,156.76479,0.0,0.0,0.0,354.66327,0.0,0.0,0.0,0.0,0.0,0.0,0.0,0.0,0.0,0.0,0.0,0.0,0.0,0.0,0.0,0.0,169.06168,0.0,0.0,0.0,0.0,0.0,0.0,0.0,0.0,0.0,0.0,0.0,0.0,285.21033,0.0,0.0,0.0,0.0,0.0,58.336327,0.0,0.0,217.10022,0.0,0.0,0.0,0.0,0.0,0.0,0.0,221.11758,0.0,0.0,0.0,0.0,0.0,181.48917,0.0,0.0,0.0,0.0,0.0,0.0,0.0,0.0,0.0,0.0,0.0,26.232573,135.89766,0.0,0.0,0.0,0.0,0.0,0.0,0.0,0.0,0.0,0.0,0.0,0.0,0.0,0.0,0.0,0.0,0.0,0.0,0.0,0.0,0.0,0.0,111.58472,0.0,0.0,0.0,0.0,281.13217,217.59865,0.0,123.08271,0.0,200.55759,49.924892,0.0,224.00526,0.0,0.0,0.0,0.0,0.0,0.0,0.0,0.0,0.0,0.0,0.0,0.0,0.0,0.0,0.0,0.0,0.0,0.0,0.0,0.0,0.0,547.87964,249.99281,197.8672,0.0,0.0,0.0,0.0,0.0,0.0,0.0,0.0,0.0,0.0,0.0,0.0,0.0,0.0,0.0,0.0,0.0,0.0,0.0,0.0,0.0,0.0,0.0,0.0,0.0,0.0,0.0,0.0,0.0,0.0,0.0,0.0,0.0,0.0,0.0,0.0,0.0,0.0,0.0,0.0,0.0,0.0,0.0,0.0,200.5934,0.0,137.86826,0.0,0.0,0.0,0.0,0.0,0.0,139.84222,151.41968,114.443115,149.02841,0.0,0.0,0.0,0.0,0.0,0.0,0.0,0.0,0.0,0.0,0.0,0.0,0.0,0.0,0.0,0.0,0.0,0.0,0.0,0.0,0.0,0.0,0.0,0.0,0.0,0.0,0.0,0.0,0.0,0.0,0.0,0.0,0.0,0.0,0.0,0.0,0.0,0.0,0.0,0.0,0.0,0.0,0.0,0.0,0.0,0.0,0.0,0.0,0.0,0.0,0.0,0.0,0.0,0.0,0.0,0.0,0.0,0.0,0.0,0.0,0.0,0.0,0.0,0.0,0.0,0.0,0.0,0.0,0.0,0.0,89.16211,199.60658,0.0,0.0,0.0,0.0,0.0,0.0,0.0,0.0,0.0,0.0,0.0,0.0,0.0,196.04034,7.6288033,0.0,0.0,0.0,0.0,0.0,0.0,0.0,0.0,0.0,0.0,0.0,0.0,0.0,0.0,141.84096,0.0,0.0,0.0,0.0,0.0,0.0,0.0,0.0,0.0,0.0,0.0,0.0,0.0,0.0,0.0
C25x18_C25x19,0.0,0.0,52.701435,0.0,192.92407,0.0,0.0,0.0,0.0,52.92037,76.64946,0.0,47.37777,0.0,0.0,0.0,162.50278,0.0,79.11162,0.0,0.0,58.523125,0.0,0.0,0.0,0.0,0.0,0.0,0.0,0.0,0.0,0.0,0.0,0.0,0.0,0.0,0.0,89.385864,0.0,0.0,0.0,0.0,31.178333,0.0,0.0,0.0,0.0,0.0,0.0,0.0,0.0,0.0,0.0,0.0,0.0,160.02367,0.0,0.0,39.076015,67.77361,63.866276,0.0,2.1826894,0.0,0.0,0.0,0.0,0.0,0.0,72.49779,0.0,0.0,0.0,0.0,0.0,155.68256,0.0,16.473139,0.0,46.777637,20.519087,0.0,91.88572,0.0,46.126053,0.0,0.0,0.0,0.0,0.0,0.0,41.320904,0.0,0.0,86.08277,0.0,0.0,0.0,0.0,0.0,0.0,56.35308,0.0,0.0,65.53656,0.0,0.0,66.090744,40.427746,0.0,0.0,66.302574,0.0,0.0,0.0,0.0,0.0,0.0,0.0,0.0,0.0,0.0,67.447235,0.0,70.24332,0.0,0.0,0.0,0.0,0.0,0.0,0.0,0.0,0.0,0.0,0.0,68.30617,0.0,118.496445,0.0,0.0,0.0,0.0,0.0,0.0,0.0,0.0,63.33445,69.82589,0.0,48.209236,48.209236,0.0,0.0,65.52697,38.2658,0.0,0.0,267.6926,32.114914,0.0,0.0,0.0,107.84989,0.0,55.808235,0.0,0.0,0.0,0.0,0.0,0.0,0.0,0.0,0.0,0.0,0.0,0.0,0.0,0.0,0.0,0.0,0.0,0.0,0.0,102.91935,0.0,57.418945,0.0,41.063156,0.0,0.0,0.0,82.289566,0.0,0.0,0.0,0.0,0.0,0.0,0.0,0.0,0.0,0.0,0.0,0.0,0.0,0.0,0.0,0.0,99.66122,0.0,0.0,0.0,0.0,0.0,0.0,0.0,0.0,0.0,0.0,0.0,0.0,120.09916,0.0,0.0,0.0,0.0,0.0,24.881645,0.0,0.0,134.70627,0.0,0.0,0.0,0.0,0.0,0.0,0.0,137.76581,0.0,52.414738,0.0,0.0,0.0,46.09499,0.0,0.0,0.0,0.0,0.0,0.0,0.0,0.0,0.0,64.242355,0.0,53.52041,79.63757,0.0,0.0,43.572247,67.53758,36.493305,52.351147,49.324497,51.35022,51.822124,36.26288,95.608925,46.126053,34.561108,66.88332,41.00551,0.0,0.0,81.01332,25.31848,34.45476,0.0,0.0,25.309631,0.0,0.0,0.0,142.25012,78.5069,152.17508,73.416115,106.45425,65.26605,0.0,128.94412,108.86604,57.984993,65.801636,0.0,0.0,0.0,0.0,0.0,0.0,0.0,0.0,0.0,0.0,0.0,0.0,0.0,0.0,0.0,0.0,0.0,0.0,0.0,0.0,99.3786,71.10434,212.83244,0.0,0.0,0.0,156.27235,0.0,0.0,0.0,0.0,0.0,0.0,0.0,0.0,0.0,0.0,0.0,0.0,0.0,0.0,0.0,0.0,0.0,0.0,0.0,0.0,0.0,0.0,0.0,0.0,0.0,0.0,0.0,74.88648,0.0,0.0,25.882364,0.0,51.307716,108.69939,63.24179,0.0,0.0,0.0,170.76962,0.0,29.745607,66.66949,0.0,60.851437,162.01532,42.972046,0.0,0.0,0.0,94.78101,111.51731,100.4531,116.574715,47.048096,0.0,0.0,0.0,43.572247,100.24327,0.0,0.0,0.0,0.0,0.0,0.0,0.0,0.0,0.0,0.0,0.0,0.0,0.0,0.0,0.0,0.0,0.0,0.0,0.0,0.0,47.233856,17.286041,131.92133,103.09797,205.8387,68.966064,184.49196,142.21834,77.83024,112.00978,0.0,0.0,0.0,0.0,0.0,0.0,0.0,0.0,0.0,0.0,0.0,0.0,69.33817,0.0,0.0,0.0,0.0,0.0,0.0,0.0,0.0,0.0,0.0,0.0,0.0,0.0,0.0,0.0,0.0,0.0,0.0,0.0,0.0,42.608067,43.37276,53.664955,0.0,0.0,0.0,0.0,0.0,71.77522,8.643021,56.00489,0.0,20.462181,100.248024,0.0,0.0,99.09561,0.0,54.608063,0.0,49.605312,0.0,16.639193,0.0,0.0,0.0,0.0,0.0,0.0,0.0,0.0,26.336027,25.61639,0.0,0.0,0.0,0.0,0.0,0.0,0.0,0.0,0.0,0.0,0.0,0.0,0.0,75.290115,0.0
C25x18_C26x18,0.0,0.0,0.0,0.0,148.24503,0.0,0.0,0.0,0.0,47.011684,68.09136,0.0,21.652138,0.0,0.0,0.0,183.51118,0.0,65.68491,0.0,0.0,135.77133,0.0,0.0,0.0,0.0,0.0,0.0,0.0,0.0,68.63619,0.0,0.0,0.0,0.0,0.0,0.0,80.24037,0.0,0.0,0.0,29.295113,0.0,0.0,0.0,0.0,0.0,0.0,0.0,0.0,0.0,0.0,0.0,0.0,0.0,153.0962,0.0,0.0,124.41486,0.0,85.20576,0.0,84.901054,0.0,0.0,0.0,0.0,0.0,0.0,88.27186,0.0,0.0,0.0,0.0,0.0,137.7759,0.0,0.0,0.0,77.80493,0.0,0.0,55.687336,0.0,49.04671,0.0,0.0,0.0,0.0,0.0,0.0,41.23701,0.0,0.0,72.195816,0.0,0.0,0.0,0.0,0.0,0.0,56.822613,0.0,0.0,39.71843,0.0,0.0,0.0,35.72897,0.0,0.0,78.14242,0.0,0.0,0.0,0.0,0.0,0.0,0.0,0.0,0.0,0.0,0.0,0.0,94.10613,0.0,0.0,0.0,0.0,0.0,0.0,0.0,0.0,0.0,0.0,0.0,81.806946,0.0,96.081726,0.0,0.0,0.0,0.0,0.0,0.0,0.0,0.0,97.20401,46.082172,0.0,31.816084,37.538067,0.0,0.0,42.52736,42.08168,0.0,0.0,185.16452,55.749706,0.0,0.0,0.0,177.15295,93.325195,0.0,0.0,0.0,47.809643,0.0,0.0,0.0,0.0,0.0,0.0,0.0,0.0,0.0,0.0,0.0,0.0,0.0,0.0,0.0,0.0,101.21393,0.0,56.10309,0.0,27.334251,0.0,0.0,0.0,188.22449,0.0,0.0,0.0,0.0,0.0,0.0,0.0,0.0,0.0,0.0,0.0,0.0,0.0,0.0,0.0,0.0,61.58735,0.0,0.0,0.0,0.0,0.0,0.0,0.0,0.0,0.0,0.0,0.0,0.0,115.779854,136.77473,0.0,0.0,0.0,0.0,38.099194,0.0,0.0,124.9993,0.0,0.0,0.0,0.0,0.0,0.0,0.0,76.71544,0.0,91.37465,0.0,0.0,0.0,0.0,0.0,0.0,0.0,0.0,0.0,0.0,0.0,0.0,0.0,65.83129,0.0,0.0,0.0,0.0,0.0,9.559119,68.621,75.10711,82.93206,95.37763,34.98207,101.836075,81.09063,119.02085,49.04671,48.535202,56.093643,28.703362,44.286736,53.327938,50.41636,74.95408,52.165222,0.0,0.0,0.0,0.0,0.0,0.0,126.13968,145.73795,102.384056,72.806946,89.280945,30.166733,84.87893,80.24474,0.0,151.85353,88.284836,0.0,0.0,0.0,0.0,0.0,0.0,0.0,0.0,0.0,0.0,0.0,0.0,0.0,0.0,0.0,0.0,0.0,0.0,0.0,0.0,290.49698,0.0,191.56934,0.0,0.0,0.0,75.75765,0.0,0.0,0.0,0.0,0.0,0.0,0.0,0.0,0.0,0.0,0.0,0.0,0.0,0.0,0.0,0.0,0.0,0.0,0.0,0.0,0.0,0.0,0.0,0.0,0.0,0.0,0.0,68.89691,0.0,0.0,96.59949,0.0,53.71662,113.11625,80.758514,0.0,0.0,0.0,142.50835,0.0,31.85587,27.192219,90.041145,0.0,136.83829,91.545616,0.0,0.0,0.0,66.69825,90.94862,54.58405,87.60006,0.0,0.0,0.0,0.0,11.278284,83.611084,0.0,0.0,0.0,0.0,0.0,0.0,0.0,0.0,0.0,0.0,0.0,0.0,0.0,0.0,0.0,0.0,0.0,0.0,0.0,0.0,0.0,18.097624,151.86713,103.70877,202.42786,145.30183,218.86777,83.516785,117.15393,141.90541,0.0,0.0,0.0,0.0,0.0,0.0,0.0,0.0,0.0,0.0,0.0,0.0,61.189087,0.0,0.0,0.0,0.0,0.0,0.0,0.0,0.0,0.0,0.0,0.0,0.0,0.0,0.0,0.0,0.0,0.0,0.0,0.0,0.0,0.0,0.0,0.0,0.0,0.0,0.0,0.0,0.0,56.150616,9.048812,70.952705,0.0,25.275692,102.146675,0.0,0.0,80.81803,3.4196537,57.123962,0.0,0.0,0.0,0.0,0.0,0.0,0.0,0.0,0.0,0.0,0.0,0.0,27.572508,42.89568,0.0,0.0,0.0,0.0,0.0,0.0,0.0,0.0,0.0,0.0,0.0,0.0,0.0,56.437965,0.0
C25x19_C25x20,54.944862,0.0,72.56483,0.0,134.19652,0.0,0.0,0.0,48.555073,0.0,45.04728,0.0,36.50345,0.0,0.0,0.0,282.78564,0.0,0.0,0.0,0.0,0.0,0.0,67.11777,72.3647,0.0,0.0,0.0,0.0,0.0,0.0,0.0,0.0,0.0,0.0,0.0,0.0,70.342766,0.0,0.0,0.0,126.251816,0.0,0.0,0.0,0.0,0.0,0.0,0.0,0.0,0.0,0.0,0.0,0.0,0.0,85.77579,0.0,0.0,66.56255,89.631165,0.0,0.0,0.0,0.0,1.6815574,1.8130132,0.0,0.0,0.0,0.0,0.0,0.0,0.0,0.0,0.0,108.01712,0.0,58.36113,0.0,0.0,36.372684,0.0,95.912735,0.0,0.0,0.0,0.0,0.0,0.0,0.0,0.0,64.65254,0.0,0.0,0.0,0.0,0.0,0.0,0.0,0.0,0.0,108.01008,0.0,0.0,159.04015,0.0,0.0,137.73282,98.10761,0.0,0.0,45.421764,0.0,0.0,0.0,0.0,0.0,0.0,67.181435,0.0,0.0,0.0,87.89945,0.0,91.5434,0.0,0.0,0.0,0.0,0.0,0.0,0.0,0.0,0.0,0.0,0.0,66.97054,0.0,110.57585,0.0,0.0,0.0,0.0,0.0,0.0,0.0,0.0,22.933025,80.15249,0.0,60.101437,85.28937,0.0,0.0,50.579914,54.361446,131.04628,0.0,233.21304,0.0,0.0,0.0,0.0,135.9596,59.45732,104.33068,0.0,0.0,0.0,0.0,0.0,0.0,0.0,0.0,0.0,0.0,0.0,0.0,0.0,0.0,0.0,0.0,0.0,0.0,0.0,118.939285,0.0,0.0,0.0,65.317696,0.0,23.09107,0.0,96.29377,0.0,0.0,0.0,0.0,0.0,0.0,0.0,26.858747,0.0,0.0,0.0,0.0,0.0,0.0,0.0,0.0,131.12129,0.0,0.0,0.0,0.0,0.0,0.0,0.0,0.0,0.0,0.0,0.0,0.0,109.08336,0.0,0.0,0.0,0.0,46.042805,47.30407,102.941505,0.0,164.47507,0.0,0.0,0.0,0.0,0.0,0.0,0.0,128.08183,0.0,0.0,0.0,0.0,0.0,104.76377,0.0,0.0,0.0,0.0,0.0,39.54859,0.0,0.0,0.0,80.21124,0.0,169.05536,92.02443,0.0,0.0,0.0,0.0,0.0,0.0,0.0,0.0,0.0,0.0,0.0,0.0,0.0,0.0,0.0,0.0,0.0,0.0,0.0,165.29077,0.0,0.0,0.0,0.0,0.0,0.0,111.74693,67.24662,127.7819,59.851223,82.12144,53.207024,0.0,98.50068,164.34381,0.0,91.85398,0.0,0.0,0.0,0.0,0.0,0.0,0.0,0.0,0.0,0.0,0.0,0.0,0.0,0.0,0.0,0.0,0.0,0.0,0.0,0.0,0.0,0.0,0.0,0.0,0.0,0.0,85.172005,0.0,0.0,0.0,0.0,0.0,0.0,0.0,0.0,0.0,0.0,0.0,0.0,0.0,0.0,0.0,0.0,0.0,0.0,0.0,0.0,0.0,0.0,0.0,0.0,0.0,0.0,0.0,117.641464,0.0,0.0,0.0,30.06497,48.040516,66.77651,43.971035,0.0,0.0,110.37632,152.39883,0.0,0.0,0.0,0.0,0.0,0.0,0.0,0.0,0.0,0.0,46.503643,84.104774,48.936436,63.60169,83.95676,0.0,0.0,0.0,88.645134,99.434006,0.0,0.0,0.0,0.0,0.0,0.0,0.0,0.0,0.0,0.0,0.0,0.0,0.0,0.0,0.0,0.0,85.761665,16.229017,0.0,0.0,11.667059,177.29027,0.0,52.272762,237.87857,92.214905,250.66113,87.66726,234.29497,150.85146,0.0,0.0,0.0,18.078274,0.0,0.0,0.0,0.0,0.0,0.0,0.0,0.0,72.73305,0.0,0.0,0.0,0.0,0.0,0.0,0.0,0.0,0.0,0.0,0.0,104.85176,0.0,0.0,0.0,0.0,0.0,0.0,0.0,0.0,29.778275,56.717907,55.24694,0.0,0.0,0.0,0.0,0.0,234.22081,88.645134,75.42573,0.0,22.548502,127.79029,0.0,0.0,0.0,0.0,34.366714,0.0,0.0,0.0,91.31797,0.0,0.0,0.0,0.0,0.0,0.0,0.0,0.0,18.774296,0.0,93.322685,0.0,0.0,20.241976,0.0,0.0,0.0,0.0,0.0,0.0,0.0,0.0,0.0,72.62722,40.43787
C25x19_C26x19,51.485195,0.0,88.652466,0.0,80.1736,0.0,0.0,0.0,0.0,0.0,71.60476,0.0,50.90894,0.0,0.0,0.0,231.13106,0.0,0.0,0.0,0.0,75.96929,0.0,0.0,72.87295,0.0,0.0,0.0,0.0,0.0,0.0,0.0,0.0,0.0,0.0,0.0,0.0,112.35563,0.0,0.0,0.0,23.261253,33.111843,0.0,0.0,0.0,0.0,0.0,0.0,0.0,0.0,0.0,0.0,0.0,0.0,102.615456,0.0,0.0,81.30162,55.56339,0.0,0.0,0.0,0.0,0.0,0.0,0.0,0.0,0.0,65.264656,0.0,0.0,0.0,0.0,0.0,114.59319,0.0,79.10278,0.0,0.0,79.86335,0.0,151.94038,0.0,0.0,0.0,0.0,0.0,0.0,0.0,0.0,74.73367,0.0,0.0,0.0,0.0,0.0,0.0,0.0,0.0,0.0,68.56027,0.0,0.0,84.74597,0.0,57.022514,73.392166,71.56058,0.0,0.0,49.2058,0.0,0.0,54.42042,0.0,0.0,0.0,0.0,0.0,78.289085,0.0,70.75107,0.0,98.24913,0.0,0.0,0.0,0.0,0.0,0.0,0.0,0.0,0.0,0.0,0.0,65.39667,0.0,122.50623,0.0,0.0,0.0,0.0,0.0,0.0,0.0,0.0,51.912945,39.229427,52.056435,29.415743,50.905903,0.0,0.0,64.28027,5.7487545,0.0,0.0,219.4052,0.0,0.0,0.0,0.0,100.2044,0.0,25.382818,0.0,0.0,0.0,0.0,0.0,0.0,0.0,0.0,0.0,0.0,0.0,0.0,0.0,0.0,0.0,0.0,0.0,0.0,0.0,90.71752,0.0,60.97975,0.0,55.80827,0.0,0.0,0.0,70.85907,0.0,0.0,0.0,0.0,0.0,0.0,0.0,0.0,0.0,0.0,0.0,0.0,0.0,0.0,0.0,0.0,161.49126,0.0,0.0,0.0,0.0,0.0,0.0,0.0,0.0,0.0,0.0,0.0,0.0,109.7285,0.0,0.0,0.0,0.0,63.196716,32.87805,0.0,0.0,135.9394,0.0,0.0,0.0,0.0,0.0,0.0,0.0,126.524734,0.0,0.0,0.0,0.0,0.0,59.18663,0.0,0.0,0.0,0.0,0.0,0.0,0.0,0.0,0.0,124.1302,0.0,50.49999,46.2161,0.0,0.0,0.0,0.0,0.0,0.0,0.0,0.0,0.0,0.0,0.0,0.0,0.0,0.0,0.0,0.0,0.0,0.0,0.0,119.6077,0.0,0.0,16.497957,0.0,0.0,0.0,66.64548,62.095535,110.85264,24.641571,56.158607,40.55774,0.0,83.31757,125.315994,94.33584,93.258156,0.0,0.0,0.0,0.0,0.0,0.0,0.0,0.0,0.0,0.0,0.0,0.0,0.0,0.0,0.0,0.0,0.0,0.0,0.0,0.0,164.12985,75.51384,226.03114,0.0,0.0,58.28408,59.628727,0.0,0.0,0.0,0.0,0.0,0.0,0.0,0.0,0.0,0.0,0.0,0.0,0.0,0.0,0.0,0.0,0.0,0.0,0.0,0.0,0.0,0.0,0.0,0.0,0.0,0.0,0.0,121.69555,0.0,0.0,0.0,62.158127,50.04266,108.49793,116.85155,0.0,0.0,117.38685,160.74931,0.0,0.0,69.35743,48.71292,64.62511,0.0,0.0,0.0,0.0,0.0,51.517128,61.054127,0.0,66.253555,0.0,0.0,0.0,0.0,43.40608,81.45754,0.0,0.0,0.0,0.0,0.0,0.0,0.0,0.0,0.0,0.0,0.0,0.0,0.0,0.0,0.0,0.0,89.94115,25.221922,0.0,0.0,62.082634,18.358027,185.02585,222.74599,181.43504,249.5655,254.65166,118.50952,0.0,142.3074,19.90413,48.54636,0.0,0.0,0.0,0.0,0.0,0.0,0.0,0.0,0.0,0.0,131.90042,0.0,0.0,0.0,0.0,0.0,0.0,0.0,0.0,0.0,0.0,0.0,0.0,0.0,0.0,0.0,0.0,0.0,0.0,0.0,0.0,45.250385,71.146805,72.33999,0.0,0.0,0.0,0.0,0.0,170.30365,43.40608,71.1537,0.0,38.570683,116.50904,0.0,0.0,0.0,0.0,122.139366,0.0,0.0,39.431892,95.06067,0.0,0.0,0.0,0.0,0.0,0.0,0.0,0.0,47.07691,0.0,68.31752,0.0,0.0,54.359734,0.0,0.0,0.0,0.0,0.0,0.0,0.0,0.0,0.0,76.79628,0.0
C25x20_C25x21,43.88412,80.97567,57.957077,0.0,105.186775,0.0,51.203934,0.0,24.263779,0.0,0.0,0.0,34.789272,0.0,0.0,0.0,142.47697,0.0,0.0,0.0,0.0,0.0,0.0,0.0,62.991634,0.0,0.0,0.0,0.0,0.0,0.0,0.0,0.0,0.0,0.0,0.0,0.0,61.521656,0.0,0.0,0.0,129.3933,0.0,0.0,0.0,0.0,0.0,0.0,0.0,0.0,0.0,0.0,0.0,0.0,0.0,0.0,0.0,0.0,109.38692,53.96017,0.0,53.96017,0.0,0.0,0.0,33.006584,0.0,0.0,0.0,0.0,0.0,0.0,0.0,0.0,0.0,54.752586,0.0,49.849182,0.0,0.0,0.0,0.0,61.70943,0.0,0.0,0.0,0.0,0.0,0.0,0.0,0.0,0.0,0.0,0.0,0.0,0.0,0.0,0.0,0.0,0.0,0.0,77.43898,92.336655,0.0,109.15782,0.0,0.0,97.938805,0.0,0.0,0.0,0.0,0.0,0.0,0.0,0.0,0.0,41.864117,68.81937,0.0,0.0,0.0,109.406265,0.0,0.0,0.0,0.0,0.0,0.0,0.0,0.0,120.97036,0.0,0.0,0.0,0.0,0.0,0.0,124.79703,0.0,0.0,0.0,0.0,0.0,0.0,0.0,0.0,0.0,89.06654,0.0,0.0,69.95328,0.0,47.28389,0.0,110.287865,154.62012,0.0,212.36978,0.0,70.0902,0.0,0.0,134.81801,58.958084,121.63805,0.0,0.0,0.0,0.0,0.0,0.0,0.0,0.0,0.0,0.0,0.0,0.0,0.0,0.0,0.0,0.0,0.0,0.0,0.0,83.02209,0.0,36.740486,0.0,0.0,0.0,47.10889,37.126835,71.47014,0.0,0.0,0.0,0.0,0.0,0.0,0.0,86.093056,0.0,0.0,0.0,97.7149,0.0,0.0,0.0,0.0,87.000694,0.0,0.0,0.0,0.0,0.0,0.0,0.0,0.0,0.0,0.0,0.0,0.0,65.3401,0.0,0.0,0.0,0.0,109.95952,40.59046,123.37325,0.0,114.23162,0.0,0.0,0.0,0.0,0.0,0.0,0.0,87.909454,0.0,0.0,0.0,0.0,0.0,118.51325,0.0,0.0,42.36548,0.0,0.0,48.000896,0.0,0.0,0.0,27.918,0.0,145.6747,38.417076,0.0,0.0,0.0,0.0,0.0,0.0,0.0,0.0,0.0,0.0,0.0,0.0,0.0,0.0,0.0,0.0,0.0,0.0,0.0,60.286106,0.0,0.0,52.65258,0.0,0.0,0.0,155.75586,242.41559,267.96417,144.27592,182.4917,83.069176,94.72263,237.19568,137.41653,74.4449,64.07566,0.0,0.0,0.0,0.0,0.0,0.0,0.0,0.0,0.0,0.0,0.0,0.0,0.0,0.0,0.0,0.0,0.0,0.0,0.0,0.0,0.0,0.0,0.0,0.0,0.0,94.71394,97.19784,0.0,0.0,0.0,0.0,0.0,0.0,0.0,0.0,91.66163,98.98961,0.0,0.0,0.0,0.0,0.0,0.0,0.0,0.0,0.0,0.0,0.0,0.0,0.0,0.0,0.0,0.0,0.0,0.0,0.0,0.0,0.0,0.0,0.0,0.0,0.0,55.13065,51.28183,118.89621,110.23036,0.0,0.0,0.0,0.0,0.0,0.0,0.0,0.0,0.0,0.0,0.0,0.0,0.0,0.0,0.0,0.0,0.0,0.0,88.42882,102.89783,0.0,0.0,0.0,0.0,0.0,0.0,0.0,0.0,0.0,0.0,0.0,0.0,0.0,0.0,0.0,0.0,48.329617,88.36484,0.0,32.674545,70.0902,147.91714,0.0,103.578926,138.87318,74.38858,97.54543,94.554184,69.298515,178.34998,0.0,0.0,0.0,98.43381,0.0,0.0,0.0,0.0,0.0,0.0,0.0,0.0,37.78673,0.0,0.0,0.0,0.0,0.0,0.0,0.0,0.0,0.0,0.0,0.0,136.95976,0.0,44.498898,0.0,28.6869,52.65258,0.0,0.0,0.0,96.78856,19.741005,0.0,0.0,0.0,0.0,0.0,0.0,146.23546,88.42882,106.62238,0.0,48.368412,148.92877,0.0,0.0,0.0,0.0,33.24345,0.0,44.70126,87.92353,47.362843,0.0,0.0,0.0,0.0,0.0,0.0,0.0,0.0,0.0,0.0,84.60286,0.0,0.0,37.24574,0.0,0.0,0.0,0.0,0.0,0.0,0.0,0.0,0.0,73.86518,55.107456
C25x20_C26x20,101.287735,0.0,93.458855,0.0,64.73833,0.0,56.757122,0.0,50.487083,0.0,0.0,0.0,0.0,0.0,0.0,0.0,257.387,0.0,0.0,0.0,0.0,0.0,0.0,42.01882,0.0,0.0,0.0,0.0,0.0,0.0,0.0,0.0,0.0,0.0,0.0,0.0,0.0,67.41626,0.0,0.0,0.0,53.15189,0.0,0.0,0.0,0.0,0.0,0.0,0.0,0.0,0.0,0.0,0.0,0.0,0.0,0.0,0.0,0.0,124.44306,51.615913,0.0,0.0,0.0,0.0,1.7744814,0.0,0.0,0.0,0.0,0.0,0.0,0.0,0.0,0.0,0.0,164.22392,0.0,106.19545,0.0,0.0,0.0,0.0,53.886936,0.0,0.0,0.0,0.0,0.0,0.0,0.0,0.0,81.97312,0.0,0.0,0.0,0.0,0.0,0.0,0.0,0.0,0.0,131.7589,94.70018,0.0,169.71603,0.0,87.66007,49.379364,87.39315,0.0,0.0,0.0,0.0,49.612526,0.0,0.0,0.0,0.0,62.09538,0.0,97.92401,0.0,131.81668,0.0,97.62585,0.0,0.0,0.0,0.0,0.0,0.0,131.05486,0.0,0.0,0.0,0.0,53.626785,0.0,156.17378,0.0,0.0,0.0,0.0,0.0,0.0,0.0,0.0,0.0,65.19088,0.0,0.0,89.184845,0.0,0.0,0.0,42.22854,36.618015,0.0,214.17532,0.0,0.0,0.0,0.0,120.829,59.527096,37.41615,0.0,0.0,0.0,0.0,0.0,0.0,0.0,0.0,0.0,0.0,0.0,0.0,0.0,0.0,0.0,0.0,0.0,0.0,0.0,127.5893,0.0,0.0,0.0,0.0,0.0,36.665916,40.327,73.743774,0.0,0.0,0.0,0.0,0.0,0.0,0.0,75.91918,0.0,0.0,0.0,0.0,0.0,0.0,0.0,0.0,114.65376,0.0,0.0,0.0,0.0,0.0,0.0,0.0,0.0,0.0,0.0,0.0,0.0,39.550583,0.0,0.0,0.0,0.0,110.86096,0.0,81.73789,0.0,69.15857,0.0,0.0,0.0,0.0,0.0,0.0,0.0,136.67958,0.0,0.0,0.0,0.0,0.0,125.90442,0.0,0.0,90.116714,0.0,0.0,21.136494,0.0,0.0,0.0,145.1181,0.0,136.28961,43.775173,0.0,0.0,0.0,0.0,0.0,0.0,0.0,0.0,0.0,0.0,0.0,0.0,0.0,0.0,0.0,0.0,0.0,0.0,0.0,195.2282,0.0,0.0,0.0,0.0,0.0,0.0,118.00173,128.01852,103.39972,118.00853,72.236176,64.76098,57.44672,94.18054,109.2466,0.0,94.62054,0.0,0.0,0.0,0.0,0.0,0.0,0.0,0.0,0.0,0.0,0.0,0.0,0.0,0.0,0.0,0.0,0.0,0.0,0.0,0.0,0.0,0.0,0.0,0.0,0.0,88.76429,42.832355,0.0,0.0,0.0,0.0,0.0,0.0,0.0,0.0,0.0,0.0,0.0,0.0,0.0,0.0,0.0,0.0,0.0,0.0,0.0,0.0,0.0,0.0,0.0,0.0,0.0,0.0,0.0,105.3729,0.0,0.0,0.0,38.11945,60.91069,79.32085,73.55238,65.19088,57.30631,126.96,167.15231,0.0,0.0,0.0,0.0,0.0,0.0,0.0,0.0,0.0,0.0,0.0,0.0,0.0,0.0,0.0,0.0,0.0,0.0,114.81729,140.44154,0.0,0.0,0.0,0.0,0.0,0.0,0.0,0.0,0.0,0.0,0.0,0.0,0.0,0.0,0.0,0.0,133.95335,79.68001,0.0,0.0,37.62373,0.0,72.787544,97.47669,66.20525,115.621635,168.72331,126.281624,102.45306,136.92332,35.752247,69.36541,0.0,75.56986,0.0,0.0,0.0,0.0,0.0,0.0,0.0,0.0,82.28696,0.0,0.0,0.0,0.0,0.0,0.0,0.0,0.0,0.0,0.0,0.0,114.718254,0.0,0.0,0.0,0.0,0.0,0.0,0.0,0.0,0.0,102.614,0.0,0.0,0.0,0.0,0.0,0.0,300.9985,92.69388,79.68001,0.0,54.830696,148.18623,0.0,0.0,0.0,0.0,68.43378,0.0,0.0,88.22007,122.604065,0.0,0.0,0.0,0.0,0.0,0.0,0.0,0.0,39.160595,0.0,89.50163,0.0,0.0,0.0,0.0,0.0,0.0,0.0,0.0,0.0,0.0,0.0,0.0,0.0,76.014755
C25x21_C25x22,0.0,50.07549,0.0,0.0,35.26398,0.0,17.166176,0.0,64.201706,0.0,37.705467,0.0,59.47369,0.0,0.0,0.0,58.781414,0.0,0.0,6.457284,0.0,0.0,29.983458,145.48236,0.0,0.0,0.0,0.0,0.0,0.0,0.0,0.0,0.0,0.0,0.0,0.0,0.0,0.0,0.0,44.84588,0.0,0.0,0.0,40.339775,0.0,0.0,0.0,0.0,0.0,0.0,0.0,0.0,0.0,0.0,0.0,58.14188,73.944786,0.0,59.61688,35.472706,0.0,15.80555,0.0,0.0,80.24723,0.0,0.0,0.0,0.0,0.0,33.083767,0.0,0.0,0.0,0.0,0.0,0.0,67.12151,23.475094,40.660053,0.0,0.0,57.176975,0.0,0.0,0.0,0.0,0.0,0.0,0.0,0.0,28.599512,0.0,30.22544,0.0,0.0,0.0,0.0,0.0,0.0,0.0,31.90244,87.89286,0.0,48.968987,0.0,35.17473,43.936058,0.0,0.0,0.0,0.0,0.0,0.0,0.0,0.0,0.0,0.0,0.0,0.0,34.69583,0.0,41.741905,0.0,37.675568,0.0,35.090363,0.0,0.0,0.0,0.0,132.58862,0.0,0.0,0.0,0.0,23.880016,0.0,67.67749,0.0,0.0,0.0,0.0,0.0,0.0,27.347057,26.352009,22.108824,51.799328,0.0,0.0,51.085365,0.0,41.892857,35.14729,52.45882,72.248985,0.0,112.69632,0.0,49.67936,0.0,0.0,76.37957,0.0,83.45911,0.0,0.0,29.165197,0.0,0.0,0.0,0.0,0.0,0.0,0.0,0.0,0.0,0.0,0.0,0.0,0.0,0.0,0.0,0.0,0.0,0.0,54.550053,0.0,63.2425,0.0,40.8023,32.156563,71.84791,0.0,0.0,0.0,0.0,0.0,0.0,0.0,75.2456,0.0,0.0,0.0,84.165504,0.0,0.0,0.0,0.0,52.50353,0.0,0.0,0.0,0.0,0.0,0.0,0.0,0.0,0.0,0.0,0.0,0.0,68.13053,0.0,0.0,0.0,0.0,51.862022,54.260254,66.08969,0.0,66.6295,0.0,0.0,0.0,0.0,0.0,0.0,0.0,63.189327,0.0,0.0,0.0,0.0,0.0,116.23961,0.0,0.0,114.69287,0.0,0.0,36.4034,0.0,0.0,0.0,44.86427,0.0,133.62965,54.954796,0.0,0.0,116.12874,99.49497,117.80358,52.97151,97.37532,84.726845,104.8169,0.0,86.57952,50.227707,0.0,72.80528,120.752365,70.182014,0.0,139.5936,133.44145,47.024803,0.0,0.0,58.332134,0.0,0.0,0.0,56.415398,169.8868,151.0518,87.63025,127.02043,210.67177,71.26628,243.54329,77.50361,55.589893,45.3403,53.10763,47.76492,83.90095,26.548103,57.391384,41.18133,33.1988,46.686478,31.316648,68.18117,66.094215,0.0,49.74458,50.618416,61.539795,65.70772,50.365093,42.173542,43.253887,0.0,0.0,0.0,0.0,0.0,0.0,64.249535,38.56272,0.0,0.0,0.0,0.0,0.0,0.0,0.0,0.0,94.34451,66.56989,0.0,0.0,0.0,0.0,0.0,0.0,0.0,0.0,0.0,0.0,0.0,0.0,0.0,0.0,0.0,0.0,0.0,0.0,0.0,0.0,61.98858,49.616463,39.847187,64.176575,28.66689,38.39559,45.770016,49.40783,86.10474,0.0,0.0,42.173542,41.20506,63.250633,0.0,0.0,0.0,0.0,0.0,21.144299,38.65814,38.601776,35.847477,38.866554,0.0,0.0,0.0,83.50453,93.2933,0.0,0.0,0.0,0.0,0.0,0.0,0.0,0.0,0.0,5.320664,71.24662,40.03683,7.0470705,33.424458,7.136729,15.538468,0.0,0.0,0.0,0.0,41.570675,0.0,0.0,0.0,0.0,0.0,0.0,0.0,0.0,0.0,33.32328,40.20622,0.0,13.821119,0.0,0.0,0.0,0.0,0.0,0.0,0.0,0.0,32.762436,0.0,0.0,0.0,0.0,0.0,0.0,0.0,0.0,0.0,0.0,0.0,0.0,0.0,38.150703,55.643566,24.852661,47.367134,0.0,0.0,0.0,48.211365,31.723831,39.7401,0.0,0.0,28.418858,0.0,0.0,105.61174,0.0,0.0,0.0,0.0,0.0,0.0,0.0,35.60069,26.171228,43.736183,0.0,24.698742,31.586842,29.19153,0.0,0.0,0.0,16.340912,0.0,45.994816,0.0,30.810373,25.849304,0.0,49.729492,0.0,0.0,22.27593,0.0,0.0,0.0,0.0,0.0,0.0,0.0,0.0,0.0,73.81016,0.0
C25x21_C26x21,32.857418,39.420395,29.906054,0.0,31.03833,0.0,23.524057,0.0,37.769695,0.0,27.853823,0.0,40.013866,0.0,0.0,0.0,74.82555,0.0,0.0,0.0,0.0,25.946753,42.18437,125.43815,35.729874,0.0,0.0,0.0,0.0,0.0,0.0,0.0,0.0,0.0,9.196766,9.196766,19.205952,52.60374,0.0,21.78697,0.0,28.713741,28.713741,28.713741,0.0,0.0,0.0,0.0,28.713741,0.0,0.0,0.0,0.0,0.0,0.0,39.2094,38.5595,38.5595,66.5611,40.200626,0.0,36.535526,14.956903,0.0,72.30833,20.596344,0.0,0.0,0.0,20.649956,33.57281,0.0,0.0,0.0,0.0,46.313972,0.0,63.686306,0.0,0.0,0.0,0.0,70.56784,0.0,0.0,0.0,21.322058,0.0,0.0,0.0,24.130667,41.379265,0.0,21.525316,0.0,0.0,0.0,21.525316,0.0,0.0,0.0,90.78756,90.011894,0.0,81.820854,0.0,0.0,49.152733,0.0,0.0,0.0,0.0,0.0,0.0,0.0,0.0,0.0,29.231153,48.052353,0.0,0.0,0.0,42.523937,0.0,0.0,0.0,13.333887,0.0,0.0,0.0,0.0,137.47055,0.0,41.89463,0.0,0.0,0.0,0.0,80.17065,0.0,0.0,0.0,0.0,0.0,0.0,0.0,13.704345,19.06043,59.01642,0.0,0.0,52.461132,21.727903,12.848496,30.301138,9.998463,25.15228,0.0,37.34444,0.0,30.27428,0.0,0.0,64.35474,0.0,67.97166,0.0,0.0,28.301851,0.0,39.097202,0.0,0.0,0.0,0.0,0.0,0.0,0.0,0.0,0.0,0.0,0.0,0.0,0.0,0.0,89.41039,0.0,36.245403,0.0,54.20003,0.0,22.652163,49.8699,36.87157,0.0,0.0,0.0,0.0,0.0,0.0,0.0,77.336655,0.0,0.0,0.0,57.457714,0.0,0.0,0.0,0.0,93.48079,0.0,0.0,0.0,0.0,0.0,0.0,0.0,0.0,0.0,0.0,0.0,0.0,51.56374,0.0,0.0,0.0,0.0,47.40323,25.865717,48.742558,0.0,52.408047,0.0,0.0,0.0,0.0,0.0,0.0,0.0,78.34817,0.0,0.0,0.0,0.0,0.0,106.631195,0.0,0.0,133.65955,0.0,0.0,30.778307,0.0,0.0,0.0,42.567707,0.0,117.94332,48.55444,0.0,0.0,112.6911,96.54973,112.946945,56.70213,94.49282,79.31106,114.25719,0.0,75.92451,68.40323,12.398096,69.055305,130.67607,0.0,29.504114,134.40204,98.67545,74.328026,0.0,0.0,52.39301,0.0,0.0,0.0,93.706924,98.017006,137.81335,90.02922,124.632614,121.92815,120.30169,103.113,67.236275,51.27316,22.527613,15.462303,22.838852,45.320595,23.201052,33.876812,23.672878,0.0,16.889301,7.489956,35.12709,36.006916,0.0,24.722153,19.243237,35.615253,33.852764,26.132805,21.727903,22.2845,0.0,0.0,11.321422,36.512547,0.0,0.0,57.180824,42.62673,0.0,0.0,23.492102,32.62578,21.727903,15.410261,45.320595,0.0,43.18516,43.257236,0.0,0.0,0.0,0.0,0.0,0.0,0.0,0.0,0.0,0.0,0.0,0.0,0.0,0.0,0.0,0.0,0.0,0.0,45.320595,53.60106,42.467514,40.284256,31.159622,69.40168,26.425516,60.870956,72.562096,55.45531,58.64585,0.0,14.218992,37.633835,0.0,43.52411,0.0,0.0,0.0,0.0,0.0,20.047958,24.269522,25.90106,16.889301,19.243237,0.0,0.0,0.0,85.29254,95.121376,0.0,0.0,0.0,0.0,0.0,0.0,0.0,0.0,0.0,3.8766675,49.564682,27.894619,0.0,25.564114,0.0,11.321422,36.382786,42.355534,0.0,20.854261,33.31128,35.12709,0.0,23.255138,37.03123,16.05577,26.420893,0.0,28.73902,30.758257,0.0,0.0,23.492102,58.050667,0.0,0.0,0.0,0.0,0.0,0.0,0.0,0.0,0.0,29.454481,3.8766675,27.894619,11.074686,23.672878,40.73321,0.0,11.321422,30.758257,38.26236,32.360012,53.49816,0.0,15.321106,43.646477,37.566895,52.39301,0.0,0.0,0.0,6.818446,30.099915,23.335123,0.0,0.0,41.874207,0.0,0.0,100.32042,84.81291,74.26455,0.0,0.0,0.0,0.0,0.0,24.269522,18.726715,0.0,19.526474,0.0,54.95245,26.194952,0.0,0.0,0.0,0.0,30.861649,0.0,0.0,36.001095,46.524563,8.209339,52.858494,0.0,0.0,24.788885,0.0,0.0,0.0,0.0,0.0,0.0,0.0,0.0,0.0,33.521553,38.82821
C25x22_C25x23,0.0,29.806837,0.0,0.0,43.23296,0.0,0.0,0.0,55.955997,0.0,60.2434,0.0,87.85192,0.0,31.58737,0.0,30.66392,0.0,0.0,34.672028,0.0,31.64931,88.70976,0.0,0.0,0.0,0.0,0.0,0.0,0.0,0.0,0.0,0.0,0.0,46.80395,23.834213,0.0,66.173805,0.0,65.89504,0.0,0.0,0.0,28.5612,14.544364,0.0,0.0,14.544364,14.544364,0.0,0.0,0.0,0.0,22.05939,0.0,22.05939,64.52259,0.0,65.07037,53.460674,0.0,63.8886,17.457577,0.0,0.0,0.0,0.0,0.0,0.0,12.854646,36.030254,0.0,0.0,0.0,0.0,0.0,0.0,82.00242,0.0,0.0,0.0,0.0,36.684467,0.0,0.0,0.0,24.646185,0.0,0.0,0.0,0.0,30.020037,0.0,43.287083,0.0,0.0,0.0,22.0433,0.0,0.0,15.934891,23.718193,59.51036,27.708591,30.930382,0.0,61.84111,61.84111,0.0,0.0,0.0,0.0,12.688811,0.0,12.688811,0.0,0.0,12.688811,14.395172,0.0,58.75279,0.0,28.210924,0.0,31.944622,0.0,25.517918,9.843497,0.0,0.0,0.0,105.04631,0.0,31.881681,31.881681,0.0,39.500294,0.0,133.79425,0.0,23.260412,0.0,21.110046,0.0,0.0,39.3927,45.318584,37.796757,40.593647,0.0,0.0,29.296597,0.0,31.245724,40.603615,35.17083,47.409855,0.0,92.87946,0.0,58.690273,0.0,0.0,69.765564,0.0,48.204113,0.0,0.0,16.210709,20.38725,0.0,7.2280974,0.0,7.2280974,29.483276,0.0,0.0,0.0,0.0,0.0,0.0,0.0,0.0,0.0,0.0,57.7638,0.0,13.375942,9.51929,64.0782,21.12111,0.0,35.202377,83.82155,20.044294,15.256714,0.0,0.0,10.643997,0.0,0.0,82.339035,47.885845,0.0,0.0,84.624084,0.0,0.0,0.0,0.0,34.48431,0.0,0.0,18.47951,0.0,0.0,0.0,0.0,0.0,0.0,0.0,0.0,0.0,57.42047,44.56199,0.0,0.0,0.0,31.551987,37.975727,81.122345,0.0,95.0136,0.0,0.0,0.0,0.0,0.0,0.0,0.0,39.761272,0.0,0.0,0.0,0.0,0.0,105.853096,0.0,0.0,116.243324,0.0,0.0,34.394325,9.469671,0.0,18.797209,35.90242,0.0,108.884254,98.12233,0.0,0.0,68.70426,95.5135,48.942074,87.62099,54.18919,20.780346,39.50124,71.45239,16.209984,82.42467,10.030282,123.417114,68.63798,84.6423,23.834213,53.472874,35.21154,44.598534,0.0,0.0,45.44513,0.0,0.0,0.0,48.145416,96.938354,39.70619,147.44846,220.77933,122.78562,58.38166,95.65695,48.611977,59.02874,55.206287,72.68982,59.214317,98.31451,75.20499,81.38644,74.186424,0.0,61.3942,26.25211,33.460438,91.774536,0.0,57.709785,51.78687,87.31948,66.33004,15.19505,54.66148,42.17357,0.0,0.0,0.0,0.0,0.0,0.0,53.919987,33.113327,0.0,0.0,0.0,0.0,0.0,0.0,0.0,0.0,35.55462,81.36497,0.0,0.0,0.0,0.0,0.0,0.0,0.0,0.0,0.0,0.0,0.0,0.0,0.0,0.0,0.0,0.0,0.0,0.0,0.0,0.0,59.47329,19.327118,27.12074,45.55526,11.992369,36.41455,28.344154,42.609177,62.04814,0.0,35.765045,54.66148,0.0,57.936573,0.0,0.0,0.0,0.0,0.0,20.222559,23.435766,23.905054,22.997963,39.07832,0.0,0.0,0.0,61.102478,144.42882,0.0,0.0,0.0,0.0,0.0,0.0,0.0,0.0,0.0,8.59305,69.93369,17.169722,0.0,45.802456,14.194029,29.20016,0.0,0.0,0.0,0.0,49.110825,0.0,0.0,0.0,0.0,0.0,0.0,0.0,0.0,0.0,24.539465,68.289566,0.0,0.0,0.0,0.0,0.0,0.0,0.0,0.0,0.0,0.0,36.872025,16.924923,4.3758826,8.743424,15.256714,26.713314,35.27999,7.2280974,14.869746,18.47951,38.969257,24.348158,38.998142,0.0,26.639198,36.266754,12.332913,45.44513,0.0,0.0,0.0,23.660105,36.912636,42.872536,0.0,0.0,22.081081,0.0,0.0,73.60992,33.60199,51.537163,35.27999,0.0,0.0,0.0,47.178257,6.7671633,38.287766,0.0,0.0,0.0,0.0,0.0,25.06427,15.034499,19.827375,0.0,24.320463,31.754185,0.0,9.452952,28.131445,12.878405,49.800816,0.0,0.0,14.070191,0.0,0.0,0.0,0.0,0.0,0.0,0.0,0.0,0.0,35.88577,0.0
C25x22_C26x22,0.0,22.265335,0.0,0.0,12.976129,0.0,12.136283,0.0,20.97985,20.423468,48.36042,20.423468,72.53907,0.0,0.0,0.0,48.385323,0.0,0.0,8.307155,0.0,28.44618,67.97741,91.23508,0.0,0.0,29.781664,0.0,0.0,11.705757,0.0,0.0,10.100947,10.100947,36.57157,9.647996,0.0,49.750862,0.0,29.378487,0.0,9.677529,0.0,9.677529,13.072374,0.0,13.686092,15.625176,13.072374,0.0,19.893766,0.0,19.893766,19.826828,0.0,34.75552,23.498943,0.0,36.355076,35.965073,0.0,58.436165,15.690749,16.427393,50.32474,0.0,0.0,0.0,0.0,11.553667,27.609625,0.0,0.0,0.0,0.0,0.0,0.0,52.944386,23.446228,35.312363,0.0,0.0,49.752697,23.578302,0.0,23.578302,22.520992,0.0,0.0,0.0,16.580477,63.080727,19.925108,39.975002,0.0,0.0,19.925108,19.031616,0.0,0.0,16.428627,36.293625,52.406464,13.826826,41.261177,19.554085,39.710346,66.98257,0.0,19.554085,0.0,0.0,11.404616,0.0,9.943808,0.0,0.0,9.943808,3.5210474,0.0,33.677505,0.0,32.295498,0.0,36.56979,12.227798,23.921438,9.227255,9.660453,16.808292,30.000322,91.40808,30.000322,28.655037,24.984634,27.240221,26.018703,18.522203,83.26438,0.0,21.260399,22.258524,18.942167,0.0,15.52518,18.177475,18.482334,20.826262,43.132153,0.0,0.0,23.990246,0.0,0.0,26.205025,12.185008,50.40061,0.0,37.483498,0.0,29.114532,16.137661,0.0,48.971825,11.411051,41.88473,8.452663,8.073626,34.71613,18.487986,0.0,0.0,0.0,0.0,28.636665,8.227469,0.0,27.1474,0.0,23.16847,0.0,16.127266,0.0,23.8702,19.489937,45.754807,0.0,38.972237,8.555873,37.822388,16.551926,14.053566,30.488832,83.687645,18.015675,11.21613,23.898731,0.0,9.566752,0.0,0.0,31.537104,0.0,24.158201,30.470493,51.65457,25.54147,0.0,0.0,0.0,41.68716,0.0,16.724707,15.97473,16.724707,14.8624,21.942797,0.0,16.063995,16.063995,0.0,0.0,18.156284,62.194393,18.156284,10.609918,0.0,10.609918,16.382442,33.545326,21.869936,31.532743,108.01549,0.0,33.31943,0.0,0.0,14.601858,0.0,0.0,50.772892,24.06178,0.0,20.22704,0.0,13.992273,127.314865,14.999203,0.0,101.15139,33.198097,33.198097,24.928745,3.8431742,4.0236025,16.236496,27.888184,8.226332,137.79953,68.19528,0.0,0.0,60.771675,82.796135,81.39084,113.371445,66.85696,81.382416,123.13803,40.20597,63.483433,98.13085,24.804783,82.92658,138.1676,61.85603,42.03927,124.85876,69.60678,45.348335,0.0,0.0,47.65026,0.0,0.0,0.0,41.67446,57.369778,74.76278,84.20582,168.85336,118.56125,154.47736,107.14096,49.71957,42.755272,17.456264,58.643147,18.949123,23.555408,18.530226,20.777128,28.670288,28.832422,38.688927,25.101694,13.214648,27.978838,0.0,27.807163,29.70359,20.921082,19.997375,8.740013,35.379173,13.667524,0.0,0.0,0.0,0.0,43.5382,0.0,69.362045,24.928745,0.0,0.0,7.0823026,8.442882,11.593068,0.0,0.0,0.0,53.06594,36.965027,0.0,0.0,0.0,0.0,0.0,0.0,0.0,0.0,0.0,0.0,0.0,0.0,0.0,0.0,0.0,0.0,0.0,0.0,0.0,0.0,64.288826,26.944748,28.542805,89.51339,0.0,41.746655,10.0237875,31.643515,49.31366,0.0,25.29968,35.379173,32.72012,54.600945,0.0,0.0,0.0,0.0,0.0,31.861515,19.76182,6.5912714,32.599613,30.767796,0.0,0.0,0.0,49.376842,96.97093,0.0,0.0,0.0,0.0,0.0,0.0,0.0,0.0,0.0,13.61511,42.872715,12.361064,5.976936,27.681587,16.321024,9.894031,0.0,0.0,16.014193,0.0,29.114532,10.325073,2.8451166,18.060547,13.7814665,11.403698,16.898954,10.509304,15.5159,11.826154,21.103575,54.204865,0.0,22.102112,0.0,0.0,0.0,0.0,0.0,0.0,0.0,0.0,22.740612,15.343646,0.0,7.8585296,11.21613,22.982794,31.709414,0.0,13.364825,15.97473,29.10412,22.12954,9.983199,0.0,22.994436,32.425995,48.992897,38.693184,0.0,0.0,0.0,9.344167,25.682526,30.608393,0.0,0.0,14.445085,0.0,8.500845,69.76599,34.2795,39.263123,27.647778,0.0,0.0,0.0,0.0,18.198872,22.072575,30.527279,0.0,0.0,0.0,0.0,12.01994,7.5023446,9.894031,5.14254,0.0,28.22805,0.0,24.695892,28.17932,8.612122,27.588943,0.0,0.0,17.358427,15.253423,8.226332,5.959946,9.8801155,0.0,0.0,0.0,5.959946,7.6903744,36.104733,10.250372
C25x23_C25x24,0.0,37.34454,0.0,0.0,65.27725,0.0,0.0,0.0,19.61351,0.0,36.180088,0.0,77.19856,55.13775,33.285336,8.284079,23.760563,3.9877517,0.0,36.973328,0.0,19.797127,51.185432,0.0,0.0,19.797127,19.797127,0.0,44.267723,17.541212,0.0,7.160351,7.160351,0.0,32.07875,16.335625,0.0,48.110424,1.8855088,50.499477,4.2161255,0.0,0.0,0.0,0.0,0.0,0.0,0.0,0.0,0.0,0.0,24.954895,24.954895,12.141336,0.0,12.141336,25.453157,0.0,66.92295,38.58489,0.0,41.26244,11.645038,11.645038,0.0,0.0,26.039095,0.0,0.0,14.808982,0.0,0.0,0.0,0.0,0.0,11.804246,0.0,54.91692,36.220436,41.397247,31.706299,0.0,93.84345,0.0,21.22831,21.22831,24.013489,17.478174,17.478174,0.0,0.0,40.56944,0.0,11.556802,0.0,32.692596,32.692596,5.8851285,0.0,0.0,14.727294,74.851814,52.51312,25.471977,61.277107,13.861484,30.920767,30.920767,24.008795,0.0,0.0,0.0,16.882704,0.0,16.882704,0.0,0.0,16.882704,0.0,0.0,58.758682,0.0,19.744562,0.0,27.996008,9.135547,25.618086,9.639905,18.89309,7.414298,0.0,34.9948,15.344967,9.814284,9.814284,19.608183,33.962368,19.097952,146.34926,0.0,9.4669895,18.570889,0.0,0.0,11.245742,12.372003,11.840828,59.862053,27.187428,0.0,0.0,38.209583,22.96164,15.909852,41.272987,68.32406,42.001255,0.0,107.91309,0.0,56.923122,8.824446,0.0,56.34121,0.0,63.969765,14.938953,7.3093905,0.0,13.910179,0.0,4.655901,0.0,4.655901,15.518683,0.0,0.0,20.396128,0.0,17.606579,0.0,17.562508,0.0,8.21032,8.21032,48.207672,0.0,20.427135,17.256414,52.564167,4.6344066,12.872806,23.655176,52.8163,19.74685,30.933857,23.501577,9.560648,13.91274,0.0,5.2371764,10.396957,72.57432,23.315905,17.509775,62.688046,20.554249,0.0,0.0,0.0,94.39932,0.0,0.0,4.61528,9.417509,22.380701,14.015351,0.0,0.0,14.328439,0.0,0.0,16.786884,34.31498,58.46661,13.992037,13.992037,0.0,0.0,47.41046,38.124966,31.134756,75.54181,0.0,30.607286,0.0,0.0,18.166443,0.0,2.996572,64.158936,14.513382,0.0,14.197881,0.0,4.903589,47.76321,9.738425,0.0,78.13543,21.530363,0.0,22.90549,1.8928596,11.992626,22.680658,47.85848,0.0,48.6881,100.50492,0.0,0.0,25.69123,35.291553,18.307016,27.730156,20.263474,19.603098,21.480642,26.718863,11.408012,30.021364,9.671439,46.234314,30.448532,31.65109,16.335625,21.701061,13.318369,66.422424,0.0,0.0,26.137379,0.0,0.0,0.0,49.32013,63.88882,28.427364,106.34558,65.38519,97.0437,72.343575,43.46332,26.755701,46.378487,64.168465,9.738425,52.03765,79.14505,18.063707,37.170536,81.7821,33.80071,59.255806,59.794468,18.166443,26.289158,20.485079,28.85509,66.4788,39.97467,39.00093,55.566864,65.73801,40.66766,0.0,0.0,13.939993,75.761635,0.0,0.0,67.95234,38.964897,0.0,0.0,0.0,0.0,0.0,0.0,0.0,0.0,29.663357,40.391933,18.166443,11.992626,19.608183,18.008993,15.189108,20.554249,8.21032,37.98214,17.562508,23.501577,10.164959,3.4829278,0.0,14.015351,0.0,4.903589,9.417509,19.39834,0.0,0.0,41.98584,22.191683,32.477592,60.05792,17.83175,28.267866,20.002487,51.67154,90.40068,0.0,26.516642,65.73801,0.0,27.195602,0.0,0.0,0.0,0.0,0.0,13.171341,13.782466,20.002487,21.337042,23.937922,0.0,0.0,0.0,31.4652,52.42683,0.0,0.0,0.0,0.0,0.0,0.0,0.0,0.0,0.0,43.7523,68.64348,32.8788,14.353667,32.145554,9.142931,29.94566,0.0,0.0,0.0,0.0,53.22934,18.166443,11.992626,20.554249,8.21032,17.562508,23.501577,22.380701,14.015351,9.417509,96.16063,89.965164,15.691889,0.0,40.6214,26.816328,69.35334,0.0,7.788063,50.044765,43.077953,21.523806,45.433533,14.426489,22.280205,16.743036,30.933857,29.44839,21.913065,4.655901,15.24938,4.61528,28.26056,4.443875,0.0,0.0,23.495518,34.2282,24.716322,15.5754795,0.0,0.0,0.0,25.69123,44.538685,65.93034,0.0,11.07069,12.951328,0.0,0.0,54.0197,38.005676,19.702194,21.913065,0.0,0.0,0.0,41.785473,43.215435,40.60937,41.633766,0.0,0.0,0.0,0.0,33.841057,25.711882,9.010876,5.15543,16.196627,9.990317,0.0,34.45574,64.07503,10.651004,0.0,24.120249,0.0,25.779055,8.066683,5.8314757,3.4829278,0.0,0.0,0.0,0.0,0.0,23.273762,50.452972,0.0
C25x23_C26x23,12.794794,16.367609,0.0,0.0,17.6731,0.0,0.0,0.0,28.055983,0.0,53.622967,0.0,59.26453,58.13073,23.611822,16.971664,35.75423,0.0,0.0,16.956177,0.0,29.341576,52.618153,0.0,0.0,17.23219,17.23219,0.0,42.264614,14.94151,0.0,6.2326484,6.2326484,0.0,37.419487,12.804157,0.0,19.651592,5.09224,25.320091,12.489507,0.0,0.0,12.821006,0.0,0.0,0.0,0.0,0.0,0.0,0.0,20.642479,20.642479,14.635786,0.0,14.246546,24.362759,0.0,60.486935,31.369284,0.0,38.90153,17.259258,10.136293,0.0,0.0,24.86083,0.0,0.0,21.94858,39.36032,0.0,0.0,0.0,0.0,0.0,0.0,72.94989,44.49072,51.33814,23.135515,0.0,85.875946,0.0,19.729456,19.729456,40.531578,12.129811,12.129811,0.0,0.0,28.063473,0.0,52.17265,0.0,26.901499,26.901499,55.26559,0.0,0.0,26.618353,66.23511,63.19472,13.71926,52.51755,12.065575,40.188232,46.801327,20.89819,0.0,0.0,0.0,10.293524,5.8845687,8.10972,0.0,0.0,10.019766,0.0,0.0,50.307217,0.0,36.432224,0.0,35.12028,7.071465,29.616081,26.900307,15.378282,0.0,0.0,56.55761,13.618898,27.978237,18.76866,20.27101,47.136127,21.535013,194.98166,0.0,27.802607,15.894105,22.249607,0.0,11.692472,26.83411,12.269814,31.67319,39.209568,0.0,0.0,47.64261,0.0,4.210438,21.837658,18.456932,43.19151,0.0,33.340534,0.0,44.83901,7.681141,0.0,28.607504,0.0,39.875477,13.003447,26.713871,14.755879,13.604004,0.0,5.143991,2.9407005,6.041282,52.279663,0.0,0.0,17.753582,0.0,15.325451,0.0,14.544325,0.0,8.747311,8.747311,33.756973,0.0,16.856686,0.0,34.604984,15.441971,11.204991,24.952417,104.40947,22.914331,19.667263,19.214146,7.3378263,12.835621,0.0,3.6669605,16.891338,38.171852,21.019102,16.459574,72.65621,17.891218,0.0,0.0,0.0,97.742,0.0,0.0,3.2593527,1.8632963,17.602999,11.729493,21.42533,0.0,12.472031,14.072337,0.0,14.221853,55.16534,22.521585,12.179214,12.179214,0.0,0.0,35.53139,48.622257,28.643517,111.10572,0.0,28.852015,0.0,22.944384,14.364799,0.0,8.788299,73.195946,16.816305,0.0,10.10084,0.0,0.0,71.859795,8.476705,0.0,78.0821,18.80193,0.0,37.397564,16.879139,9.649412,19.27038,36.571915,0.0,77.15177,98.57102,26.543013,21.751125,56.315067,80.92578,44.160297,79.46949,48.894753,47.301304,56.941216,60.28828,27.526968,77.34642,10.267628,105.46335,73.71019,69.00996,24.434177,53.390877,7.3047776,65.5574,0.0,0.0,21.92973,0.0,0.0,0.0,19.363537,61.8174,29.72525,83.52325,113.885574,79.59663,78.53771,57.654636,20.255047,39.369198,24.39637,47.201458,20.32007,38.139843,15.723353,23.563791,46.925114,41.91742,28.743196,40.869152,25.95681,30.514853,0.0,28.573648,32.61576,14.524515,25.979704,42.195595,46.74185,26.166515,0.0,0.0,0.0,0.0,0.0,0.0,44.12544,48.872982,0.0,0.0,0.0,0.0,0.0,0.0,0.0,0.0,19.085987,35.743084,14.364799,9.649412,20.27101,19.139555,14.524515,17.891218,8.747311,33.7098,14.544325,19.214146,9.058748,2.6190574,0.0,11.729493,2.9407005,0.0,1.8632963,6.672844,0.0,0.0,59.01771,16.97676,28.17777,52.941696,8.483864,38.559334,31.508623,33.64086,53.52766,0.0,38.82924,46.74185,45.751507,43.715355,0.0,0.0,0.0,0.0,0.0,19.521412,13.133483,20.78093,19.992386,34.378376,0.0,0.0,0.0,76.279686,122.74765,0.0,0.0,0.0,0.0,0.0,0.0,0.0,0.0,0.0,14.920466,47.80691,9.893516,12.493991,35.1208,11.357747,11.551152,0.0,0.0,0.0,0.0,34.343685,14.364799,9.649412,17.891218,8.747311,14.544325,19.214146,17.602999,11.729493,1.8632963,63.46593,95.32892,0.0,0.0,35.23189,23.666677,68.30761,28.811872,6.4236436,43.17408,42.21198,21.075136,0.0,25.622147,28.909767,0.0,23.09792,34.54689,38.626095,6.041282,0.0,3.8278975,33.81403,31.484125,0.0,0.0,10.965065,10.959593,33.11591,13.068107,0.0,0.0,0.0,20.314892,38.084892,34.88394,0.0,12.371913,11.27334,0.0,0.0,64.04769,55.43556,17.347387,25.911568,0.0,0.0,0.0,28.277206,28.336332,41.415154,0.0,0.0,0.0,0.0,0.0,25.86025,8.250134,7.843416,4.487487,26.44407,19.743137,0.0,21.444506,28.898855,9.473023,0.0,21.451391,20.173618,22.09394,7.0215545,5.0759435,2.6190574,0.0,0.0,0.0,0.0,0.0,39.513283,39.94395,0.0
C25x24_C25x25,22.201662,0.0,0.0,23.511816,44.173466,0.0,0.0,0.0,0.0,0.0,10.802516,30.895039,45.983707,43.97837,28.36502,16.548176,54.109917,25.267899,0.0,34.89232,0.0,20.015089,28.356455,0.0,0.0,19.646275,19.646275,20.015089,43.930405,13.74037,0.0,13.868278,13.868278,0.0,35.08075,0.0,0.0,53.29824,25.476181,54.664185,56.966476,18.67643,53.09363,26.956629,0.0,18.67643,18.67643,0.0,0.0,0.0,0.0,28.93208,28.93208,12.927597,0.0,19.805399,21.642801,12.827278,45.878468,0.0,0.0,34.151627,0.0,0.0,0.0,0.0,0.0,0.0,0.0,10.251023,14.795817,9.61227,9.61227,0.0,0.0,24.980085,0.0,36.061275,29.881239,29.881239,19.839634,0.0,95.94975,0.0,16.798788,16.798788,0.0,11.463822,11.463822,0.0,0.0,26.609234,0.0,44.04647,0.0,11.760255,11.760255,0.0,0.0,0.0,18.866745,79.508316,40.372047,37.84978,85.860886,20.597307,32.702137,46.469604,35.67558,0.0,0.0,0.0,11.000341,26.171406,0.0,0.0,13.039386,26.171406,0.0,0.0,40.477516,0.0,11.209352,0.0,19.415165,19.368923,30.101728,11.989222,11.573955,15.924818,0.0,43.05496,20.340895,0.0,0.0,0.0,0.0,10.638701,158.7496,0.0,16.852608,4.29374,0.0,0.0,33.617306,0.0,13.02318,31.12674,62.89553,0.0,0.0,48.76651,23.229633,20.746042,42.881325,27.711885,16.151348,0.0,49.305977,0.0,12.726656,24.148165,0.0,119.04731,0.0,45.782177,20.527718,0.0,0.0,0.0,17.08454,5.4972095,0.0,15.961325,24.730183,9.177156,0.0,25.795774,0.0,0.0,0.0,10.350245,0.0,3.6909263,3.6909263,7.721718,0.0,60.042736,20.374601,53.313118,0.0,11.7520895,21.595737,62.517166,22.202702,30.215437,16.007595,18.296778,13.843413,0.0,26.706371,0.0,21.486786,18.252459,22.985294,36.395523,14.335198,0.0,32.450462,25.381254,104.60831,31.370216,0.0,5.449249,16.474207,15.66527,7.688683,0.0,0.0,15.8092575,5.334663,0.0,0.0,15.133981,0.0,22.953135,22.953135,0.0,0.0,52.35203,0.0,17.161018,41.83494,0.0,27.19067,0.0,0.0,13.209668,0.0,22.790997,120.10445,28.812048,0.0,29.919008,0.0,19.871798,64.88924,23.09068,16.831657,41.758835,19.728554,0.0,0.0,4.8707933,0.0,26.394962,45.540504,0.0,76.53201,75.32857,0.0,0.0,27.492758,45.027576,41.49394,59.993317,27.15185,29.12899,32.625355,23.015453,20.871832,55.236187,20.127314,42.277534,42.87095,32.909367,33.671883,28.766369,23.298046,84.397026,0.0,0.0,26.450504,0.0,0.0,0.0,110.119415,31.618515,29.517227,34.10721,26.105507,39.457108,27.736555,40.68179,28.586126,54.92458,56.66119,49.54562,44.247578,67.29698,6.276966,30.57107,66.703964,34.4192,71.66942,52.9191,28.643084,52.16072,20.625027,44.1956,56.34182,33.990437,56.255535,51.532715,56.172516,51.8186,46.254265,0.0,56.49184,84.30007,0.0,0.0,100.98169,35.548687,0.0,0.0,0.0,0.0,0.0,0.0,0.0,0.0,0.0,0.0,13.209668,0.0,0.0,20.804537,7.886198,14.335198,3.6909263,31.066147,10.350245,16.007595,3.45594,7.548538,15.51108,7.688683,0.0,19.871798,16.474207,38.754055,0.0,0.0,33.67559,42.46954,53.27763,55.63086,61.98945,48.76651,39.82438,58.595806,73.09034,0.0,24.29183,28.889572,31.976032,31.661299,0.0,0.0,0.0,0.0,0.0,4.255761,0.0,14.147054,33.401447,22.174816,0.0,0.0,0.0,36.326057,0.0,0.0,0.0,0.0,0.0,0.0,0.0,0.0,0.0,0.0,52.61235,83.24756,39.53692,29.628685,43.183605,10.994419,28.681965,0.0,0.0,0.0,0.0,0.0,24.805637,8.436462,14.335198,37.262016,10.350245,26.946243,29.69283,17.99559,16.474207,57.65309,65.68717,30.030497,0.0,29.537716,0.0,52.217922,36.38214,16.879045,35.028606,29.781382,48.505882,26.275854,0.0,0.0,0.0,0.0,0.0,0.0,0.0,0.0,0.0,0.0,0.0,0.0,0.0,25.841633,37.64601,25.201988,24.505823,0.0,0.0,0.0,22.720089,30.140333,50.652657,0.0,8.004727,13.417727,10.478187,16.437288,78.82534,27.635702,34.46538,0.0,0.0,0.0,0.0,23.716063,10.478187,43.978676,66.85756,31.873363,0.0,0.0,0.0,32.202,42.17887,36.516582,15.455111,16.437288,0.0,0.0,39.661312,55.64196,11.900727,0.0,9.389009,0.0,102.80845,14.758614,24.662886,7.548538,15.51108,0.0,0.0,0.0,0.0,28.157476,14.293811,15.937922
C25x24_C26x24,27.034534,21.930845,0.0,0.0,28.235588,0.0,0.0,0.0,0.0,0.0,31.82483,0.0,80.63402,83.340515,28.432875,33.33878,45.913563,0.0,0.0,32.324234,0.0,32.457596,34.323753,0.0,0.0,21.150345,21.150345,21.155743,47.293606,0.0,0.0,11.895744,11.895744,0.0,24.834208,9.652481,0.0,49.94092,21.087234,47.162113,47.152485,0.0,0.0,0.0,0.0,0.0,0.0,0.0,0.0,0.0,0.0,26.011335,26.011335,14.6502,0.0,16.207405,23.740885,0.0,46.24684,31.186989,0.0,34.868114,0.0,0.0,0.0,0.0,0.0,0.0,0.0,0.0,0.0,8.543174,8.543174,0.0,0.0,17.83165,0.0,56.703854,31.844435,38.230846,26.623335,0.0,111.65794,0.0,27.609407,27.609407,22.402906,22.939829,22.939829,0.0,0.0,39.801235,0.0,42.26613,0.0,21.12767,21.12767,17.143478,0.0,0.0,20.192307,70.15244,46.37565,21.013542,32.997555,5.6665115,21.043236,21.712833,9.814686,0.0,0.0,0.0,22.761244,19.553312,15.866008,0.0,0.0,35.81806,0.0,0.0,47.375904,0.0,29.449057,0.0,43.7393,4.8560953,22.967707,15.816107,13.587011,0.0,0.0,30.128979,11.269501,9.144332,9.144332,30.292215,57.939808,29.907917,158.01607,0.0,19.243433,16.531296,0.0,0.0,39.764763,11.626944,0.0,48.952873,39.401108,0.0,0.0,49.045315,33.276928,14.995892,14.995892,28.219578,49.00133,0.0,43.80422,0.0,40.03851,20.50421,0.0,53.11978,0.0,70.52797,9.563908,7.760374,0.0,13.5515375,0.0,6.2770805,5.3923993,4.3755164,29.41123,18.87781,0.0,17.580688,0.0,6.801324,0.0,9.19907,0.0,21.103062,21.103062,49.978405,0.0,18.981438,19.962116,35.28257,4.355316,5.367504,6.1593475,74.44183,22.965014,41.593155,14.384908,13.114363,15.265915,0.0,20.652483,0.0,20.26141,33.9212,31.469332,51.33427,7.818055,0.0,30.098555,31.946548,124.44854,30.779963,0.0,0.0,0.0,16.816313,10.191668,0.0,0.0,16.876617,25.804619,0.0,12.373335,31.037188,19.759676,14.737723,14.737723,0.0,0.0,40.98336,0.0,34.06728,85.45413,0.0,41.30165,0.0,0.0,14.048487,0.0,25.506824,129.11377,31.92567,0.0,18.959091,0.0,17.661617,50.453625,0.0,16.702274,65.97115,24.675976,0.0,0.0,5.299471,4.5525723,31.68327,35.569805,0.0,40.445385,124.87805,0.0,0.0,29.31912,54.285526,43.154797,63.2197,35.221416,11.825982,34.79268,28.356026,0.0,57.620693,14.001597,44.093346,51.498634,35.09556,24.826359,23.519394,0.0,109.31656,0.0,0.0,16.86556,0.0,0.0,0.0,54.002174,47.586205,0.0,77.848946,59.572704,69.57768,33.54187,31.776081,17.146763,61.555748,30.775108,31.803785,48.537003,67.42034,5.8589334,37.007774,71.40254,34.377598,55.269585,47.806618,31.419783,24.520647,19.107018,23.341728,63.277416,37.285515,61.709023,48.628586,54.667343,37.93189,0.0,0.0,13.10051,16.237686,0.0,0.0,57.247047,15.898835,0.0,0.0,0.0,0.0,0.0,0.0,0.0,0.0,0.0,0.0,14.048487,4.5525723,30.292215,30.14514,16.671185,7.818055,21.103062,43.449677,9.19907,14.384908,5.385889,6.708975,11.341756,10.191668,5.3923993,17.661617,0.0,27.780972,0.0,0.0,22.711369,34.85309,21.820345,44.199368,27.073553,46.752014,41.798294,45.297222,56.588337,0.0,21.266369,41.384907,27.299862,17.659727,0.0,0.0,0.0,0.0,0.0,0.0,11.166588,28.142204,31.824245,36.435158,0.0,0.0,0.0,47.76339,76.51615,0.0,0.0,0.0,0.0,0.0,0.0,0.0,0.0,0.0,51.622414,82.62438,37.765255,27.995005,37.92786,10.787551,35.33225,0.0,0.0,0.0,0.0,35.811535,28.10235,9.106887,15.639104,42.214203,18.401663,28.775326,33.63906,20.387238,0.0,78.78793,80.440735,24.644857,0.0,31.41337,10.179861,79.06416,48.16719,15.001723,37.602417,24.015543,30.43363,45.178024,13.694076,20.938461,15.317888,28.993023,25.905222,20.022654,4.3755164,14.331042,0.0,25.534939,5.51875,0.0,0.0,18.679146,25.730963,11.136467,19.515446,0.0,0.0,0.0,19.86756,38.491898,35.51568,0.0,19.444117,9.601296,0.0,0.0,65.1983,33.271046,29.177681,20.022654,0.0,0.0,0.0,31.313305,29.922182,34.62615,10.850253,0.0,0.0,0.0,0.0,25.151651,17.274744,8.468229,11.820761,0.0,12.664453,0.0,31.688616,53.617916,16.22136,0.0,24.61395,0.0,86.446396,0.0,21.375404,6.708975,11.341756,0.0,0.0,0.0,0.0,30.736652,35.415768,12.612427
C25x25_C25x26,8.949469,51.080338,0.0,0.0,101.63952,0.0,34.61941,0.0,0.0,0.0,16.316826,21.43655,78.38677,46.704407,24.252403,0.0,59.48942,0.0,40.789196,41.632267,0.0,33.804752,24.401371,20.611814,0.0,0.0,0.0,33.804752,32.8969,0.0,0.0,0.0,0.0,0.0,28.359903,0.0,0.0,20.711502,0.0,38.29512,49.678814,60.25958,0.0,69.58178,34.79089,0.0,0.0,77.44344,0.0,0.0,0.0,0.0,0.0,28.728012,0.0,33.472954,0.0,14.514172,0.0,0.0,35.77348,44.553272,10.969708,0.0,0.0,0.0,0.0,0.0,0.0,22.823227,0.0,0.0,0.0,0.0,0.0,30.8271,0.0,42.73874,45.10766,45.10766,14.284836,0.0,94.73438,0.0,32.147552,0.0,0.0,0.0,0.0,0.0,0.0,36.765133,0.0,32.99082,0.0,0.0,0.0,0.0,0.0,0.0,29.392038,85.90045,29.392038,28.898062,100.40149,0.0,46.387226,94.40786,25.210102,0.0,0.0,39.1531,11.173091,0.0,33.072586,0.0,60.426796,33.072586,0.0,0.0,29.873753,0.0,0.0,0.0,0.0,0.0,83.34215,11.356309,0.0,0.0,0.0,29.705755,0.0,0.0,0.0,0.0,0.0,0.0,134.63638,0.0,0.0,0.0,8.894253,8.481235,0.0,31.909658,30.35277,36.16733,11.633574,0.0,24.892551,28.514343,24.892551,14.67623,40.558174,23.818377,40.829613,0.0,48.905655,24.837381,30.933159,0.0,0.0,116.152725,69.85568,54.259655,0.0,0.0,0.0,0.0,62.29276,0.0,0.0,18.912262,0.0,0.0,0.0,0.0,0.0,0.0,0.0,0.0,0.0,0.0,0.0,11.948556,0.0,66.9798,12.156668,11.96174,2.4887068,0.0,36.420624,86.48187,27.6187,0.0,0.0,0.0,35.83832,0.0,0.0,0.0,24.570583,0.0,0.0,49.89744,0.0,0.0,14.880066,43.702255,97.65773,33.414955,0.0,31.856773,0.0,0.0,0.0,27.05593,0.0,0.0,0.0,0.0,0.0,0.0,31.556948,0.0,0.0,0.0,0.0,57.82387,0.0,0.0,93.242775,0.0,0.0,2.6895287,21.857344,0.0,0.0,0.0,152.15944,0.0,53.13437,0.0,0.0,0.0,69.98363,0.0,13.130631,31.777725,0.0,0.0,0.0,0.0,0.0,22.671293,37.78398,0.0,81.24198,102.31476,0.0,0.0,36.211708,110.44035,52.311356,65.206,63.354088,81.00943,45.212376,46.381516,59.14373,74.27911,30.250044,47.128098,86.2553,62.77707,55.02738,78.40694,58.347816,43.631058,0.0,0.0,0.0,0.0,0.0,0.0,132.4722,58.987522,55.067352,69.15956,43.879875,80.3103,51.234715,73.00288,49.880795,66.07354,0.0,42.589725,33.416588,84.604706,16.966005,24.40915,50.574066,51.958004,55.60521,33.386555,51.21109,62.831738,16.392323,53.431896,50.073036,0.0,0.0,0.0,10.390039,83.14789,0.0,0.0,0.0,0.0,0.0,120.983894,21.364687,79.35618,0.0,0.0,0.0,0.0,0.0,0.0,0.0,0.0,0.0,0.0,0.0,0.0,0.0,0.0,0.0,0.0,0.0,0.0,0.0,0.0,0.0,0.0,0.0,0.0,0.0,0.0,0.0,20.798933,0.0,0.0,30.992483,47.32173,70.96543,82.35153,86.075485,9.020176,52.18268,47.37193,39.62328,36.70353,25.038414,35.473377,32.958786,32.63438,0.0,0.0,0.0,0.0,0.0,6.5328813,0.0,27.809483,56.71961,40.064507,0.0,0.0,0.0,0.0,2.783691,0.0,0.0,0.0,0.0,0.0,0.0,0.0,0.0,0.0,0.0,58.57055,0.0,56.623974,64.40573,0.0,28.32181,0.0,0.0,0.0,0.0,0.0,44.350105,0.0,24.330235,19.132772,23.658628,26.376907,39.698288,30.365818,55.177544,27.699018,22.07037,21.784824,0.0,0.0,0.0,52.4541,30.413557,15.02463,31.180193,12.827847,43.378223,0.0,0.0,0.0,0.0,0.0,0.0,0.0,0.0,0.0,0.0,0.0,0.0,0.0,0.0,25.533787,53.725426,28.54348,41.756668,0.0,0.0,0.0,0.0,30.984903,49.75583,0.0,0.0,23.664434,0.0,38.717613,71.15727,27.696964,34.458782,0.0,0.0,0.0,0.0,17.486189,0.0,38.422485,56.556866,28.080414,0.0,0.0,0.0,24.523046,31.955406,15.317544,0.0,44.137325,29.968306,0.0,75.33932,115.18067,14.841429,0.0,0.0,12.53647,122.4931,0.0,0.0,0.0,0.0,0.0,0.0,0.0,0.0,26.95647,31.460646,0.0
C25x25_C26x25,32.007473,34.76594,0.0,0.0,30.785675,0.0,27.459026,0.0,0.0,18.585398,8.73778,19.094446,48.92175,46.82715,22.355406,24.206987,84.103,18.836475,0.0,47.954258,0.0,30.476837,20.172327,0.0,0.0,15.460146,21.564358,26.264454,37.05549,10.619012,0.0,11.546871,16.105984,0.0,39.232784,0.0,19.489801,29.866123,21.411934,75.83681,51.32097,48.326485,0.0,52.83485,26.417425,15.550189,21.689955,32.6932,0.0,0.0,0.0,24.287378,33.876896,28.42751,0.0,16.733395,18.784283,7.6774645,0.0,20.589516,0.0,0.0,0.0,0.0,0.0,0.0,0.0,0.0,24.365871,16.8254,11.13657,8.003276,8.003276,0.0,0.0,29.128893,0.0,29.771603,42.630302,42.630302,16.518684,0.0,82.759705,0.0,14.9048395,20.789797,0.0,9.544897,9.544897,0.0,0.0,21.866686,0.0,33.269276,0.0,9.79171,13.657824,0.0,0.0,0.0,27.259075,81.35961,40.24445,12.390719,86.95706,23.920773,19.889608,66.88158,29.703857,0.0,0.0,28.239622,36.768105,21.64295,37.587345,0.0,17.191784,56.32233,0.0,0.0,28.555489,14.030826,11.425444,0.0,19.789448,22.494184,54.793884,16.37112,13.441463,18.494356,0.0,39.726868,22.093147,0.0,0.0,18.896837,23.465338,13.8433075,78.32407,0.0,9.306626,7.6411805,0.0,12.653079,38.73702,0.0,25.662107,61.028137,39.69112,0.0,15.387607,46.7631,15.387607,10.516748,25.010319,0.0,19.41277,0.0,43.962467,0.0,0.0,28.044575,0.0,88.53985,0.0,35.028065,15.694137,0.0,0.0,0.0,27.98523,4.5770335,3.7579608,0.0,29.883516,0.0,0.0,29.930603,0.0,0.0,0.0,12.020304,0.0,8.267832,11.532264,12.413615,0.0,45.60006,0.0,7.8576665,12.709717,9.740773,16.916815,58.40608,23.506407,57.636158,18.59049,15.234086,25.880413,0.0,21.462238,0.0,8.551351,22.302551,24.929783,0.0,12.509082,0.0,23.218178,55.954567,74.04951,24.809866,0.0,17.802353,14.616573,15.849688,8.929286,15.131903,0.0,18.360151,18.44422,0.0,0.0,2.9457815,4.6559496,26.418879,18.940498,0.0,0.0,33.4282,0.0,22.65223,63.334774,0.0,34.648407,0.0,16.08353,15.341106,0.0,27.516632,122.34205,33.65473,0.0,32.440273,0.0,23.078203,50.299213,23.88152,19.05133,44.948387,24.996973,0.0,0.0,0.0,0.0,23.768888,29.970446,0.0,63.183575,66.785164,27.866491,22.2345,39.135296,86.42025,59.24781,48.205997,46.836906,61.022106,33.424957,34.289288,43.72424,53.034958,27.98957,34.84123,63.767494,40.432693,41.08651,56.359814,43.253006,61.33655,0.0,0.0,0.0,0.0,0.0,0.0,86.94509,32.41508,30.260853,36.704655,24.113064,44.13247,28.435322,39.005733,35.5922,77.736496,22.223,60.64054,41.97939,62.48388,0.0,36.9734,85.45693,33.778393,94.9565,70.92298,38.954517,71.687096,28.346006,60.740223,64.12707,33.270557,0.0,68.68405,41.76887,71.216896,0.0,0.0,0.0,0.0,0.0,88.309074,43.34984,49.728703,0.0,0.0,0.0,0.0,0.0,0.0,0.0,0.0,0.0,0.0,10.998507,0.0,13.54772,17.64184,9.393684,8.9681425,8.267832,27.143282,8.617722,13.328089,3.3834515,6.2849913,10.624997,6.401677,2.6941967,16.545465,10.479067,32.26703,21.664768,33.332855,26.568243,34.90022,43.391346,49.43624,49.16847,39.69112,27.21545,43.138813,35.563385,0.0,12.168176,14.482343,13.954294,13.04785,0.0,0.0,14.555332,12.588278,11.961995,2.493392,0.0,14.226174,26.810232,18.10578,0.0,0.0,0.0,19.04997,3.2190018,0.0,0.0,0.0,0.0,0.0,0.0,0.0,0.0,0.0,44.92852,84.40051,0.0,38.229557,79.02169,9.154067,56.216496,0.0,0.0,0.0,0.0,14.095944,34.18088,0.0,27.870966,25.694557,26.781939,41.420696,35.314026,19.89497,32.56658,28.854979,42.432243,19.877367,12.868644,26.361656,0.0,52.0858,36.680195,15.064115,27.235584,27.907362,28.86427,0.0,0.0,0.0,0.0,0.0,0.0,0.0,0.0,0.0,0.0,0.0,0.0,0.0,0.0,21.48789,37.011284,25.635784,24.310211,0.0,0.0,0.0,15.554237,19.786505,52.63106,0.0,10.668258,8.114138,19.403841,10.026631,61.682156,15.341106,27.909267,0.0,24.59082,30.504961,0.0,19.190414,19.403841,33.4282,10.164556,15.034383,0.0,0.0,0.0,15.514099,17.583872,4.216395,12.227865,10.026631,0.0,0.0,34.96812,78.093895,19.533121,0.0,9.91272,14.505089,101.53493,17.13998,27.930956,8.766528,14.820122,0.0,0.0,0.0,0.0,35.652275,19.403841,13.112925
C25x26_C25x27,0.0,23.654707,20.517405,11.159027,69.8367,0.0,19.942768,0.0,0.0,32.528614,27.778688,36.494797,33.114403,26.829153,23.682888,0.0,68.60059,0.0,18.140812,29.286127,0.0,50.170174,8.017546,49.97537,22.299711,22.299711,0.0,0.0,64.775444,0.0,0.0,10.45991,0.0,9.931835,0.0,10.45991,18.327286,34.711266,11.751051,22.930313,34.134052,62.00261,19.17844,0.0,19.17844,20.198154,0.0,65.68988,20.198154,28.564505,23.543196,24.794987,0.0,14.693453,0.0,35.913715,0.0,14.646057,9.042223,17.512688,25.607786,40.092278,15.723869,0.0,15.662813,6.988968,20.301317,0.0,0.0,32.71458,8.934497,0.0,5.9615164,0.0,0.0,28.35726,0.0,52.303604,25.656984,45.818233,32.91047,0.0,102.37981,17.74365,28.379078,0.0,18.687078,0.0,0.0,0.0,0.0,19.516079,9.978898,0.0,0.0,10.509476,0.0,10.509476,0.0,0.0,19.135244,110.40922,60.35278,0.0,93.2527,0.0,17.021135,69.71145,38.29437,16.161814,0.0,15.322746,12.320781,12.975875,19.920923,0.0,23.001247,23.42317,37.418297,20.619137,23.387087,0.0,5.078449,0.0,0.0,0.0,0.0,8.416611,0.0,0.0,18.22867,57.49343,0.0,19.197886,18.22867,0.0,0.0,13.240372,81.94829,0.0,0.0,0.0,5.3805785,15.09486,0.0,43.418938,9.02763,13.998058,17.728308,0.0,14.703758,20.220797,14.703758,18.683535,28.970308,31.149847,15.038638,0.0,24.939783,13.720636,40.80054,0.0,0.0,109.084,95.624825,33.371235,0.0,17.317955,0.0,0.0,29.214512,0.0,0.0,37.883957,7.451736,0.0,0.0,0.0,0.0,0.0,0.0,0.0,0.0,6.3755016,0.0,19.833828,0.0,75.83005,7.3541765,32.49096,20.30361,0.0,48.682823,102.02085,17.4034,18.629616,0.0,0.0,20.85274,22.880949,0.0,0.0,43.095356,0.0,0.0,46.51556,0.0,0.0,0.0,31.535276,109.23155,0.0,19.271755,19.271755,0.0,0.0,0.0,24.663128,13.969148,0.0,0.0,0.0,0.0,42.472767,10.370387,0.0,0.0,18.580822,0.0,76.66442,0.0,0.0,40.73238,0.0,0.0,0.0,26.912706,0.0,0.0,0.0,94.21347,0.0,21.636477,0.0,32.618473,0.0,62.708214,0.0,0.0,39.396816,0.0,12.491018,0.0,0.0,0.0,14.562082,18.915037,15.782672,71.566696,56.426346,0.0,0.0,44.783207,51.22833,50.957565,27.23207,56.312176,35.16696,21.30752,49.32368,29.350246,65.5718,39.219135,42.87044,49.909973,91.210724,51.69169,39.664295,41.933975,29.827059,14.756724,22.591526,0.0,0.0,0.0,0.0,80.51039,58.94547,25.391989,74.872696,42.107853,52.708218,41.909264,76.91932,36.859978,36.90221,30.814539,26.474394,20.772238,51.90526,10.546317,17.748133,33.556248,28.544401,41.469692,32.43488,31.833565,39.057125,12.251477,33.214046,32.14684,0.0,0.0,29.070532,6.4586005,53.1164,21.952412,0.0,13.657475,14.800549,0.0,69.40671,17.085138,57.268223,0.0,0.0,0.0,0.0,0.0,0.0,43.746193,0.0,0.0,0.0,16.313683,0.0,0.0,26.599783,0.0,7.2162566,6.7144866,26.51792,9.086472,12.0116205,10.393961,13.951074,8.681223,8.710777,0.0,14.383642,20.296432,53.78246,44.42148,44.284775,21.082613,96.51798,86.00229,102.50511,48.02763,17.728308,44.769115,48.079403,30.843056,28.114658,19.199242,17.27319,39.475452,24.274265,0.0,0.0,0.0,0.0,0.0,14.80939,23.30949,31.75843,34.95101,27.093632,0.0,0.0,0.0,40.863132,33.166092,0.0,0.0,0.0,0.0,0.0,0.0,0.0,0.0,0.0,0.0,0.0,0.0,0.0,0.0,0.0,0.0,12.0116205,20.296432,0.0,9.350275,17.822065,50.07838,0.0,22.151863,20.611572,27.892893,36.872272,20.597904,26.739618,62.304295,17.51885,21.311148,28.480415,58.060997,47.38743,18.354721,43.054245,67.15709,40.524605,45.302654,68.26937,28.07385,0.0,14.711886,0.0,0.0,19.62015,17.196503,13.155164,0.0,14.383642,20.296432,14.953764,0.0,15.319964,0.0,27.285593,11.946104,24.174355,18.658627,0.0,17.395308,17.993553,36.70273,34.503906,28.931684,0.0,0.0,41.539104,0.0,28.855679,53.444195,48.188755,59.95335,12.491018,0.0,0.0,15.490075,27.819105,30.757378,41.519108,34.712936,4.4707212,10.758858,15.141929,28.129395,0.0,0.0,0.0,0.0,28.855679,33.285263,0.0,68.3932,74.50501,17.477152,0.0,0.0,45.851665,91.06508,0.0,0.0,0.0,0.0,0.0,0.0,12.015217,13.246745,15.678263,56.79304,17.474274
C25x26_C26x26,18.55704,34.15959,0.0,0.0,49.280903,0.0,39.161274,0.0,0.0,24.118135,29.44246,26.911503,59.126118,19.210789,33.78474,0.0,63.024227,0.0,24.166487,39.265667,0.0,33.499535,40.636948,70.05342,22.35889,22.35889,0.0,28.21839,46.381912,0.0,0.0,10.547225,0.0,0.0,26.622581,10.547225,16.11152,33.835262,12.231576,31.916534,25.373524,53.836452,0.0,56.097878,28.048939,22.224627,0.0,38.368942,22.224627,31.430368,0.0,24.860788,0.0,22.309046,0.0,37.375763,0.0,14.684925,0.0,0.0,20.880322,26.004929,10.499112,0.0,21.955492,7.007516,14.536587,0.0,0.0,21.844118,26.49823,0.0,0.0,0.0,0.0,25.633402,0.0,71.31388,35.251106,49.251354,24.696524,0.0,112.47477,0.0,37.239346,0.0,16.19369,0.0,5.4353476,0.0,0.0,23.631884,0.0,26.597696,0.0,10.537367,0.0,10.537367,0.0,0.0,25.501482,57.314598,60.618793,0.0,48.40847,0.0,23.695482,102.50974,0.0,0.0,0.0,26.61671,16.193396,12.830867,15.663413,0.0,24.023315,25.135426,17.814842,0.0,18.106188,0.0,13.063148,0.0,0.0,0.0,64.3787,9.845521,0.0,0.0,0.0,42.522717,0.0,14.174156,17.303246,0.0,0.0,0.0,81.001236,0.0,0.0,0.0,7.1706805,15.796226,0.0,0.0,25.19262,37.54141,22.933985,0.0,6.8842163,25.276703,6.0315228,21.604769,32.194885,15.659931,20.863007,0.0,23.473265,18.071302,22.506498,0.0,0.0,79.992966,43.65359,44.29628,0.0,14.584457,0.0,0.0,24.805597,0.0,0.0,54.067444,9.930905,0.0,0.0,0.0,0.0,0.0,0.0,0.0,0.0,0.0,0.0,19.51971,0.0,52.96828,0.0,22.195135,39.092106,0.0,43.017803,88.63485,22.412386,24.827631,0.0,27.358673,28.284376,0.0,13.375989,0.0,41.00783,0.0,0.0,28.45058,0.0,0.0,11.996533,55.032646,60.01243,26.70185,0.0,18.058805,0.0,0.0,0.0,18.92291,0.0,0.0,0.0,0.0,0.0,64.62949,10.759825,0.0,22.990944,0.0,0.0,106.82302,0.0,0.0,39.015705,0.0,0.0,2.1683385,24.534098,0.0,0.0,0.0,121.39644,0.0,40.193226,0.0,31.510834,0.0,40.21834,0.0,13.44772,36.675594,0.0,0.0,0.0,0.0,0.0,19.027191,35.510994,0.0,45.899788,69.1827,28.431463,19.639294,53.50816,82.008995,77.94648,19.659721,52.871887,56.29711,10.5631,46.350628,44.760628,78.57397,67.507,47.835857,54.994606,48.29773,35.386127,75.254074,85.73327,40.022182,0.0,0.0,0.0,0.0,0.0,0.0,70.06617,33.248848,44.04692,77.32111,47.073124,54.117725,34.8219,74.05416,33.831127,72.015495,27.002644,35.495815,27.85059,58.774044,0.0,25.136673,30.920364,32.94913,52.58359,44.03997,42.325954,52.366238,18.747854,44.53207,41.978683,0.0,0.0,38.97661,8.659433,70.29757,0.0,0.0,0.0,0.0,0.0,134.73225,0.0,52.296604,0.0,0.0,0.0,0.0,0.0,0.0,0.0,0.0,0.0,0.0,16.220842,0.0,0.0,22.52435,0.0,7.235408,7.05645,26.798061,9.81015,12.043497,11.588983,4.943598,12.074813,11.199364,0.0,14.247062,14.308927,24.132212,36.680725,43.640434,20.184267,93.51775,78.58791,94.46113,45.721966,22.933985,34.33598,38.079308,31.29458,14.470347,19.362558,27.106518,27.684547,17.73299,0.0,0.0,0.0,0.0,0.0,19.83055,30.34147,39.269352,42.60965,34.016254,0.0,0.0,0.0,26.415518,23.73801,0.0,0.0,0.0,0.0,0.0,0.0,0.0,0.0,0.0,0.0,56.724922,0.0,36.813087,56.24149,0.0,35.961452,12.043497,14.308927,0.0,0.0,0.0,39.29302,6.862248,19.60744,17.09339,23.763893,29.173904,35.46681,27.129093,41.318596,23.513529,27.666317,40.731976,42.821625,33.64897,6.748287,32.11829,49.18969,31.994268,30.372358,51.40602,28.633852,0.0,16.02796,0.0,0.0,19.672218,11.849807,12.225127,0.0,14.247062,14.308927,15.046701,0.0,0.0,0.0,28.397608,28.629276,27.750038,32.28752,0.0,14.343698,17.048883,4.978936,25.5881,48.11406,19.457525,0.0,44.884907,39.8617,8.983446,61.180935,44.870464,39.581676,14.923949,0.0,0.0,0.0,29.751059,50.09551,72.87686,19.638535,11.842449,0.0,0.0,0.0,0.0,0.0,0.0,0.0,10.2409525,6.9533896,0.0,47.001316,101.37696,11.669811,0.0,7.5063777,36.840378,75.20607,0.0,0.0,0.0,0.0,0.0,0.0,0.0,0.0,20.546532,73.43008,12.519076
C25x27_C25x28,0.0,13.792114,19.05755,12.032405,62.775978,0.0,0.0,0.0,0.0,45.009686,30.6826,27.9102,43.003883,9.854113,43.181698,0.0,56.360664,0.0,8.120387,8.399138,0.0,18.676867,18.36222,27.441498,7.676923,23.542023,0.0,0.0,45.599598,0.0,0.0,19.780342,0.0,14.20096,0.0,14.956024,16.141573,27.459364,19.639893,20.626125,38.04139,46.481754,11.312334,0.0,11.312334,38.527264,0.0,47.99208,11.91381,16.848671,18.805923,29.402891,0.0,16.10216,0.0,30.180464,14.961314,9.01742,1.180285,27.808374,14.513314,43.157696,0.0,0.0,0.0,0.0,0.0,0.0,26.007702,22.958508,15.840194,12.657134,4.0517573,0.0,0.0,19.27307,0.0,39.919243,10.497742,42.263275,23.617952,0.0,110.161285,0.0,23.912277,0.0,0.0,0.0,0.0,0.0,0.0,75.28814,11.232883,0.0,0.0,22.436296,0.0,11.830134,0.0,0.0,17.218647,84.12014,57.75311,0.0,64.40824,0.0,13.884779,57.39543,31.238152,13.183797,0.0,20.565134,16.536102,17.415325,26.73649,0.0,26.053406,31.436964,48.168785,11.308532,12.912272,17.290741,17.33881,0.0,0.0,0.0,0.0,20.290466,0.0,0.0,7.660156,41.28514,0.0,8.067446,7.660156,0.0,0.0,0.0,0.0,0.0,12.587668,0.0,8.237908,12.979214,0.0,22.222284,0.0,0.0,15.823882,0.0,19.67938,51.4744,0.0,7.210788,6.6486573,30.503366,13.954164,0.0,34.410995,13.862288,41.221764,0.0,0.0,76.68134,42.63011,71.23778,0.0,20.546543,0.0,26.538105,21.86958,15.606195,0.0,61.106956,3.2551832,0.0,0.0,0.0,0.0,0.0,18.965229,0.0,0.0,11.582226,0.0,33.169823,0.0,52.172157,0.0,18.914736,14.8629465,0.0,35.637512,87.882034,9.258024,8.060859,0.0,0.0,16.750774,30.714645,0.0,0.0,47.521618,0.0,0.0,30.136671,0.0,0.0,0.0,37.400524,107.09883,0.0,13.57302,13.57302,0.0,0.0,0.0,37.07464,13.357509,0.0,0.0,24.92628,0.0,36.02363,8.714633,0.0,0.0,14.271554,0.0,52.701675,0.0,0.0,28.261139,0.0,0.0,0.0,60.669205,0.0,0.0,0.0,72.7136,0.0,14.84941,0.0,23.004446,0.0,68.253845,0.0,0.0,56.79868,0.0,15.257127,0.0,16.937904,0.0,10.2488575,22.484655,20.638062,66.718704,33.979256,0.0,0.0,46.439804,47.2959,58.686035,27.53625,49.044052,33.15655,31.74176,51.02944,26.072412,60.67761,37.25118,36.037094,44.33603,67.29464,35.71466,32.22644,34.13542,53.082912,19.870787,9.512179,12.22998,0.0,0.0,0.0,72.64815,63.787853,33.910397,78.91873,46.870697,62.746906,58.403282,41.914467,56.81183,0.0,36.522884,27.376122,22.321049,42.801693,15.316542,14.658421,27.722141,33.548965,30.246183,38.528893,34.473007,31.101429,21.000172,24.612635,20.778845,23.562414,34.369495,21.11173,29.54137,37.90363,17.87134,15.606195,7.1743636,19.604137,0.0,49.144447,11.828754,51.40467,0.0,0.0,0.0,0.0,0.0,0.0,39.710373,0.0,13.292315,11.961409,23.54105,17.838491,11.531197,37.638588,13.292315,22.743252,14.067571,40.407272,20.802237,10.170546,29.804007,18.647942,31.019567,30.817429,16.435974,16.82741,20.766315,62.443718,40.32336,35.245644,27.677105,76.18442,64.908646,46.542915,60.188416,33.512505,36.744835,56.872784,41.834774,45.627155,33.1804,41.188053,60.545742,23.422804,0.0,0.0,9.198053,15.055857,15.938063,24.959457,12.97851,30.051289,26.65815,17.553522,0.0,0.0,0.0,40.592896,27.970125,0.0,0.0,0.0,0.0,0.0,0.0,0.0,0.0,0.0,0.0,0.0,0.0,0.0,0.0,0.0,0.0,5.052465,14.294695,22.444212,7.585875,0.0,57.55115,52.79006,33.445343,36.098114,39.72088,14.951933,72.496635,44.754475,42.302784,8.768207,19.582605,0.0,40.892128,45.597713,27.327024,34.610535,84.831604,36.120033,81.151985,86.49526,34.54769,16.612724,14.067725,26.251604,4.042993,8.489452,15.63895,16.068346,16.435974,7.5558233,14.294695,1.841449,13.410442,27.496836,0.0,29.468483,22.525854,19.44375,24.876738,0.0,13.262411,12.525845,43.752853,24.284002,22.937424,0.0,4.5089283,28.280493,11.805805,22.663877,40.36499,52.882587,38.871166,15.257127,29.431637,23.132082,18.46552,40.779133,17.686506,29.192986,14.64265,20.95798,13.4689245,37.999947,15.04392,0.0,0.0,0.0,0.0,32.474453,37.016685,0.0,89.43372,89.847435,30.204262,0.0,0.0,40.34483,102.2012,0.0,0.0,0.0,0.0,0.0,0.0,26.87002,14.811914,16.816792,31.929193,16.51879
C25x27_C26x27,0.0,18.802082,0.0,11.512915,61.56456,16.163712,17.518784,0.0,31.225237,42.76068,22.079576,16.78525,64.83016,18.023718,63.872177,0.0,61.337276,0.0,5.285464,8.543123,0.0,19.638477,15.657006,22.843054,21.669975,26.167488,0.0,0.0,24.68942,0.0,0.0,31.317629,0.0,17.289114,24.450499,25.934942,20.75119,45.336113,21.381674,13.198325,18.381207,40.55408,12.845799,32.74686,12.845799,41.944088,0.0,51.495068,34.73499,43.322746,19.259691,34.887146,0.0,20.098066,0.0,34.81087,17.575228,15.532905,3.5423126,19.573767,11.942372,35.51258,0.0,0.0,0.0,0.0,0.0,0.0,26.292269,13.485769,13.22904,9.256202,9.718099,0.0,0.0,44.199017,0.0,64.59891,28.80047,56.058483,38.811142,0.0,89.93182,22.704731,22.87988,0.0,34.05876,15.033868,0.0,14.918779,0.0,18.982483,17.862022,17.288622,0.0,22.144278,0.0,18.338251,0.0,0.0,10.233717,59.354443,57.307133,0.0,36.063084,0.0,17.521713,55.306698,11.969968,11.680571,0.0,20.93904,3.014848,15.034936,4.874574,13.446472,4.7500353,5.73156,24.357037,13.3974905,26.252466,0.0,17.500788,0.0,17.500788,0.0,25.43275,9.568244,0.0,0.0,13.07411,39.398388,0.0,18.49664,13.07411,0.0,8.384324,0.0,0.0,0.0,9.483852,0.0,11.112087,17.507618,0.0,0.0,9.57427,8.827889,19.712957,0.0,19.634735,44.50691,13.665938,14.022984,12.929796,14.170555,0.0,0.0,34.36219,7.9538765,23.652145,0.0,0.0,58.764652,34.83834,69.24758,0.0,31.457386,0.0,0.0,27.20528,6.647111,0.0,26.646332,0.0,0.0,0.0,0.0,0.0,0.0,13.5063715,0.0,0.0,0.0,0.0,38.756413,0.0,20.746698,7.1914625,14.526222,15.759474,0.0,38.55795,103.68099,13.649724,0.0,0.0,0.0,16.153948,27.962568,0.0,24.005434,56.30224,0.0,0.0,37.17608,0.0,0.0,0.0,47.535797,69.32541,0.0,14.694262,14.694262,0.0,0.0,0.0,35.37049,16.636696,0.0,0.0,18.037731,0.0,32.396896,7.65038,0.0,0.0,15.83366,0.0,79.98076,19.624893,0.0,29.915651,0.0,0.0,0.0,37.308235,0.0,0.0,0.0,107.68206,0.0,18.566223,0.0,28.174475,0.0,34.753273,0.0,0.0,44.575478,0.0,16.555933,23.347765,12.374491,0.0,8.018662,19.808401,20.260685,57.68563,58.31551,0.0,0.0,35.358692,38.73013,48.13423,32.036255,40.946068,23.488955,19.51566,32.969505,34.574257,45.657906,47.62468,48.31339,44.780663,59.676178,34.76741,35.36299,39.745193,44.10498,23.051832,22.954775,0.0,0.0,0.0,0.0,76.35748,64.94736,54.840595,66.524216,76.63316,71.02967,49.3697,56.09166,56.846615,34.588364,15.706467,17.697796,18.2023,35.48394,18.06711,10.328775,35.89649,31.669418,34.448853,39.17262,19.660286,28.280207,18.789265,13.060425,24.17132,13.95002,23.276451,17.770626,27.250456,32.87421,15.064209,6.647111,3.5504744,9.267734,0.0,98.88318,14.047599,61.17451,18.299456,21.605078,0.0,0.0,0.0,0.0,31.78806,0.0,7.393976,2.9223204,31.850239,21.371384,15.187427,44.377426,11.978457,25.971796,18.278519,46.0294,22.647102,11.072529,34.3069,19.93292,33.770565,26.331152,15.639974,19.890394,25.133354,49.04211,38.73952,40.181618,31.43442,74.76938,73.2869,60.766685,48.403675,32.982914,28.367704,42.818264,28.461916,30.888132,37.2456,35.175083,43.28634,20.845652,0.0,0.0,0.0,0.0,0.0,25.875988,24.200464,20.99622,30.860785,21.65372,26.377226,22.800125,0.0,32.969822,33.56587,0.0,0.0,0.0,0.0,0.0,0.0,0.0,0.0,0.0,25.509205,22.484278,0.0,29.656858,21.29656,12.210541,15.528955,9.169449,20.813583,38.501244,10.835521,10.331482,19.660286,39.066166,16.031685,11.282833,22.32915,12.484089,54.75635,56.649025,46.38966,19.665253,19.917686,28.588537,41.04655,27.380726,36.861694,25.189108,44.873947,52.44972,51.666496,45.904366,24.289358,0.0,24.956266,27.057922,0.0,0.0,23.16917,18.064974,12.951867,16.47175,20.813583,22.753685,10.829038,19.691105,0.0,30.6099,8.597192,16.781101,24.674347,0.0,14.643214,17.847256,4.6208224,18.999699,22.75081,0.0,3.7908168,42.072178,22.013771,8.761432,45.78959,67.532875,53.2909,16.555933,0.0,0.0,1.950179,46.02814,33.719444,44.404408,17.029491,18.126743,0.0,6.2571745,0.0,0.0,0.0,0.0,0.0,16.636723,20.882547,0.0,85.204155,92.34451,35.361446,0.0,0.0,41.999386,117.50976,0.0,0.0,0.0,0.0,0.0,0.0,4.9651084,17.6074,13.602712,60.73511,14.018114
C25x28_C25x29,11.310759,11.694778,22.633314,11.28364,50.21238,25.15402,0.0,0.0,0.0,45.746742,58.767044,0.0,47.5436,68.6624,47.39012,0.0,0.0,0.0,0.0,16.113636,0.0,19.356302,14.402595,14.402595,0.0,14.402595,0.0,0.0,10.656753,0.0,0.0,31.082151,0.0,0.0,0.0,21.573473,16.281822,20.536245,15.006517,17.605661,32.470657,54.36635,0.0,0.0,0.0,36.842453,0.0,51.267704,15.083244,0.0,0.0,37.157516,0.0,0.0,28.782923,60.82909,14.318699,8.630106,0.0,33.449127,0.0,35.311756,0.0,0.0,0.0,0.0,0.0,0.0,20.59124,20.980318,16.870104,25.73028,7.4082656,0.0,0.0,59.443672,0.0,31.533009,0.0,31.928802,8.38062,19.40796,37.826473,0.0,17.688711,0.0,17.688711,14.45619,25.238358,0.0,0.0,67.868835,0.0,0.0,0.0,22.62605,0.0,15.404665,0.0,0.0,0.0,113.12164,71.86081,0.0,38.6635,0.0,0.0,47.07123,4.117083,0.0,0.0,0.0,0.0,21.437832,21.437832,0.0,22.853672,37.131416,49.1791,20.561945,0.0,25.418459,0.0,0.0,29.947659,0.0,0.0,0.0,0.0,0.0,0.0,57.266006,0.0,7.914287,7.914287,0.0,23.61907,0.0,55.150314,0.0,0.0,0.0,0.0,7.923992,0.0,0.0,0.0,0.0,27.225103,0.0,0.0,43.606754,0.0,0.0,0.0,25.59857,18.470509,0.0,22.603197,0.0,26.538847,0.0,0.0,89.87578,53.05649,46.28054,0.0,27.397787,0.0,29.271782,20.591507,0.0,0.0,58.29468,0.0,0.0,0.0,0.0,0.0,0.0,0.0,0.0,0.0,12.4713125,0.0,35.22504,0.0,56.21876,0.0,0.0,0.0,0.0,51.35826,85.269424,0.0,0.0,0.0,27.342611,0.0,28.235262,16.274427,0.0,53.976498,0.0,0.0,36.158245,0.0,0.0,0.0,58.372547,46.45953,0.0,0.0,0.0,0.0,0.0,0.0,0.0,0.0,0.0,0.0,0.0,0.0,51.4684,0.0,0.0,21.79482,0.0,0.0,63.215664,0.0,0.0,23.17757,0.0,0.0,0.0,0.0,0.0,0.0,0.0,111.670525,0.0,0.0,0.0,0.0,0.0,40.48218,0.0,0.0,107.02887,0.0,0.0,0.0,0.0,0.0,0.0,21.288208,0.0,47.75886,36.48583,0.0,0.0,48.439007,55.15125,67.13385,34.661926,42.66514,38.6635,62.694565,57.28297,23.479277,37.826473,47.23822,39.003216,84.31731,77.39997,46.133854,45.11414,39.80496,86.829414,23.69691,18.832644,23.957369,0.0,16.628311,5.7871346,51.475624,71.09543,39.124897,63.032475,54.89344,118.33581,76.87556,63.315804,38.9001,56.402855,50.9489,31.121555,25.911015,43.89383,11.674722,26.98114,38.03484,28.769424,34.007904,44.30429,35.794968,36.10357,42.69057,28.571165,38.124733,42.66883,44.61074,24.929325,34.292606,44.271294,0.0,0.0,0.0,0.0,0.0,29.85131,0.0,22.81388,22.846714,21.78669,0.0,0.0,0.0,0.0,24.945965,0.0,14.441428,17.316086,32.63522,35.19504,20.10764,40.01917,36.36958,21.077291,25.740107,38.878235,34.50592,12.591788,35.841816,28.278769,32.192097,34.445786,41.89224,15.340214,26.818129,23.692528,35.932434,34.908012,39.691357,80.77281,58.608772,76.463646,60.270657,31.265478,37.618595,16.396759,39.86539,49.211933,30.96519,28.072664,45.300156,32.47879,22.545954,21.400507,16.396759,23.782417,34.06801,40.347095,23.151375,53.729362,48.48473,32.209457,0.0,0.0,0.0,42.37745,48.049274,0.0,0.0,0.0,0.0,0.0,0.0,0.0,0.0,0.0,0.0,0.0,0.0,0.0,0.0,0.0,0.0,0.0,0.0,20.632444,10.434013,31.692194,39.13492,51.93536,22.05535,37.98324,50.91846,18.580997,66.25686,50.829723,28.062582,0.0,0.0,0.0,2.3418229,57.384415,76.15399,81.6104,82.59601,59.29432,97.153915,78.43907,20.400826,0.0,19.951406,32.86848,4.604448,8.54238,21.105413,5.967605,19.08149,9.838851,18.613905,6.956301,0.0,47.91213,24.355602,0.0,0.0,0.0,0.0,0.0,18.226969,3.6046977,48.294838,32.70203,0.0,0.0,10.6911335,36.00558,10.954698,0.0,27.945492,44.207756,36.327908,5.967605,35.426216,5.1948037,0.0,37.97858,25.506416,34.09717,25.163836,8.798304,23.467724,44.05452,17.006668,0.0,0.0,0.0,0.0,0.0,0.0,0.0,104.67819,76.9892,29.141811,0.0,0.0,0.0,130.07768,0.0,0.0,0.0,0.0,0.0,0.0,31.151249,0.0,0.0,47.288525,22.938524
C25x28_C26x28,11.022219,15.703255,21.301834,2.4053786,71.82912,0.0,0.0,0.0,0.0,35.256786,12.615123,0.0,40.934647,61.46899,34.882507,0.0,16.19336,0.0,0.0,13.503957,0.0,19.388472,19.542976,30.721754,7.8036857,20.216087,0.0,0.0,48.531815,0.0,0.0,43.628212,0.0,28.427498,0.0,16.841085,13.894999,22.846209,11.011294,17.16095,31.650461,47.3268,0.0,0.0,0.0,30.93429,0.0,36.484955,11.941059,20.091673,31.443205,48.25647,0.0,0.0,27.458492,20.230242,15.208358,0.0,0.0,28.533195,0.0,29.571337,0.0,0.0,0.0,0.0,0.0,0.0,36.744343,17.528925,0.0,11.971331,8.168848,0.0,0.0,21.104212,0.0,42.91255,12.467417,36.43848,16.25508,16.595507,62.53352,23.308523,23.334131,0.0,13.808491,34.57021,0.0,0.0,0.0,44.83028,18.48315,0.0,0.0,28.366436,0.0,10.949831,0.0,0.0,0.0,85.226814,56.135437,0.0,58.567898,0.0,12.932814,52.775536,8.677592,21.830393,0.0,17.70289,0.0,17.70289,10.128014,0.0,23.564503,10.128014,59.93985,23.78149,13.95104,13.961022,23.549145,0.0,0.0,0.0,0.0,0.0,0.0,0.0,14.578991,25.977274,0.0,8.636921,0.0,0.0,0.0,0.0,34.541054,0.0,0.0,0.0,0.0,10.569337,0.0,10.399665,0.0,0.0,38.127506,0.0,14.977858,51.250443,25.282396,0.0,0.0,19.816357,26.713438,0.0,25.729258,0.0,20.453558,0.0,0.0,42.445007,20.375162,60.741222,0.0,20.874132,15.788744,16.409046,26.22133,0.0,0.0,48.87209,0.0,0.0,0.0,0.0,0.0,0.0,22.936598,0.0,0.0,16.760637,0.0,44.313328,0.0,32.769474,0.0,0.0,15.603987,0.0,51.98672,92.91774,0.0,0.0,0.0,0.0,0.0,40.57931,0.0,0.0,43.574265,0.0,0.0,39.501343,0.0,0.0,0.0,44.95365,64.73407,0.0,24.527658,0.0,0.0,0.0,0.0,13.007444,21.622362,0.0,0.0,42.008278,0.0,37.995705,9.310968,0.0,0.0,16.052107,0.0,60.409332,0.0,0.0,33.813915,0.0,0.0,0.0,26.526041,0.0,0.0,0.0,122.94804,0.0,0.0,0.0,23.888004,0.0,62.800217,0.0,0.0,61.085163,0.0,27.935692,0.0,0.0,0.0,0.0,15.629754,35.453865,57.185596,37.764473,0.0,0.0,48.29239,53.38276,70.144966,28.634731,58.50404,31.5936,39.513924,51.133247,44.16929,33.732796,48.490566,50.904015,47.01713,67.01154,41.141132,21.099154,35.49716,66.23248,33.172398,17.702244,25.00919,0.0,0.0,0.0,105.99595,75.591644,57.070057,64.31399,65.771835,77.08148,78.4385,40.227043,39.756714,71.434204,57.685535,37.380127,31.846798,37.09307,13.188347,13.377661,42.214558,29.685827,24.971018,49.86135,29.383623,42.875732,15.156379,19.223202,41.649643,26.761442,29.295391,28.832703,24.800793,39.26031,0.0,0.0,0.0,0.0,15.619112,45.029945,0.0,44.34591,0.0,0.0,0.0,0.0,0.0,0.0,42.17018,0.0,12.772432,10.607314,51.211784,44.741642,30.36577,64.64834,33.088036,29.761276,32.619232,50.856937,34.247017,13.30495,48.19515,34.862988,34.549107,36.257114,41.436897,19.897188,37.64305,28.561901,35.2919,27.763098,38.58758,53.30277,79.311455,41.8072,62.279892,33.017056,43.00279,44.344467,24.549006,27.830446,34.09197,21.32768,27.431118,19.540182,0.0,0.0,18.006517,23.858793,12.343047,30.415329,17.716576,20.726255,16.010756,26.724422,0.0,0.0,0.0,50.25149,33.883297,0.0,0.0,0.0,0.0,0.0,0.0,0.0,0.0,0.0,0.0,0.0,0.0,0.0,0.0,0.0,0.0,5.135892,14.530732,45.544598,6.261413,27.936697,39.443924,34.460545,22.92249,25.123722,38.656338,10.247631,54.733227,49.672787,28.993128,10.589011,18.590576,34.97218,39.5693,29.383623,46.55421,50.12668,68.524796,60.569687,40.77334,67.48389,22.205235,15.782674,12.80957,24.886642,4.109752,8.629632,13.553899,16.54973,15.995209,7.6805863,14.530732,5.430357,13.631878,34.21627,16.791048,0.0,0.0,0.0,0.0,0.0,12.101794,24.865295,52.62798,31.259508,0.0,0.0,21.780832,36.44558,10.677986,0.0,29.238651,69.571365,51.1382,0.0,39.869705,9.913725,0.0,31.223503,22.77385,28.848799,24.43605,21.921701,23.26268,26.504477,24.13882,0.0,0.0,0.0,0.0,28.23056,28.19958,0.0,119.69347,86.94945,29.209883,0.0,0.0,11.125494,145.219,0.0,0.0,0.0,0.0,0.0,0.0,18.741495,22.716208,0.0,47.6884,22.645239
C25x29_C25x30,16.64772,11.6858835,17.670948,0.0,33.602036,25.084658,18.546476,0.0,0.0,24.000885,53.98761,0.0,48.814938,33.81345,13.792799,21.509295,25.58272,11.8100605,0.0,18.418709,0.0,22.725367,17.991716,21.8139,7.26808,17.991716,5.5979996,0.0,28.952648,23.818792,0.0,7.9494023,12.54983,0.0,0.0,23.669779,32.412277,24.55141,6.3018513,20.12417,10.141071,50.05017,16.300653,0.0,0.0,43.886925,16.300653,62.92116,30.744074,35.15687,0.0,21.273474,9.96503,0.0,20.072653,41.72564,12.823464,0.0,0.0,32.832565,0.0,22.356157,15.09166,0.0,14.486365,0.0,19.227127,0.0,0.0,21.371504,12.937373,16.709717,25.92026,0.0,0.0,51.64672,0.0,24.687838,13.308432,24.700846,8.10533,15.074233,60.662956,0.0,0.37635654,0.2481639,0.46805292,13.700863,5.2827964,0.0,0.0,37.833786,0.0,0.0,0.0,20.558147,13.149427,24.80066,0.0,0.0,0.0,69.868225,63.150986,0.0,39.668957,9.370357,17.25148,30.324545,10.506794,0.0,0.0,0.0,0.0,24.980003,24.980003,0.0,10.510236,49.785282,43.26664,13.684909,29.683315,24.45136,14.801782,0.0,44.86312,20.568972,0.0,0.0,19.040209,12.373213,0.0,47.934048,14.669864,27.6683,22.247793,12.152137,33.814266,9.804945,48.47714,0.0,0.0,13.823365,0.0,14.513935,13.372856,16.968746,0.0,0.0,22.503256,0.0,0.0,37.8017,0.0,0.0,0.0,0.0,0.0,0.0,14.992348,0.0,20.245375,18.365305,0.0,108.54627,20.592651,14.365024,15.631635,29.48226,0.0,17.040237,0.0,0.0,23.605522,91.11825,0.0,4.937323,0.0,13.782741,0.0,21.982418,47.411163,18.803284,0.0,17.727959,14.834485,43.8002,0.0,65.747086,0.0,0.0,0.0,0.0,40.57194,81.43085,0.0,0.0,6.9771857,20.089808,0.0,19.541506,0.0,0.0,54.061424,7.066058,14.149781,24.050306,6.188134,0.0,0.0,76.30379,32.771206,0.0,0.0,0.0,7.9929357,26.297527,18.114935,20.673643,0.0,11.958065,20.91768,0.0,12.034446,47.565903,0.0,9.993658,22.263405,0.0,0.0,72.31058,0.0,4.5500464,31.99956,0.0,0.0,0.0,30.340569,17.558838,0.0,0.0,68.11947,18.843155,0.0,15.254526,32.900608,9.081803,36.33945,12.397212,0.0,88.15694,26.979784,0.0,0.0,0.0,16.970125,0.0,23.149761,0.0,55.464214,0.0,0.0,0.0,41.55155,31.40667,39.25457,28.757036,36.316055,24.029976,48.4707,45.057095,30.563051,36.74736,40.133694,31.117046,63.84545,62.230946,29.698145,34.71503,25.260965,41.642704,19.306337,9.341432,18.047213,0.0,26.798914,0.0,36.327545,60.789375,51.15943,61.511337,50.80383,103.592514,48.186768,56.32692,27.128176,25.687454,18.433596,30.003311,15.424,58.041237,13.344803,26.160757,45.60357,17.679934,20.068913,50.316566,42.495304,39.303535,44.049644,22.677818,38.379997,49.5716,53.911697,28.495491,26.263824,51.104385,19.51365,23.605522,9.081803,20.568195,0.0,21.650587,9.363451,18.46089,24.629028,32.023872,0.0,0.0,0.0,0.0,0.0,0.0,26.11857,8.791612,18.511679,32.459927,19.282354,5.100123,15.185814,13.247769,23.959326,29.428604,21.671797,11.390123,16.220982,27.184769,37.588314,28.091528,16.02943,23.79198,17.11065,26.344303,47.878513,37.033005,37.633823,56.40205,59.83315,52.356716,41.268944,22.277664,33.262367,18.084118,36.664314,32.542736,38.16994,24.356684,59.02287,29.004585,28.95645,20.268974,9.665241,15.24531,38.802307,65.23907,42.216713,54.7269,28.21876,54.098778,0.0,0.0,0.0,36.35798,33.74316,0.0,0.0,0.0,0.0,0.0,0.0,0.0,0.0,0.0,0.0,0.0,0.0,0.0,0.0,0.0,0.0,9.058726,10.377509,0.0,18.688465,39.729736,38.942623,37.636955,15.108216,32.900455,41.702602,15.474255,58.323605,40.175957,19.513578,29.20974,31.533783,0.0,12.674634,29.789381,52.2352,50.714687,49.352974,43.746304,45.815693,57.817173,7.0991907,24.665497,22.553675,39.45208,9.312106,25.085478,35.539394,50.88559,44.521523,17.12886,15.075186,26.687391,41.460243,44.013386,13.965169,0.0,0.0,0.0,0.0,0.0,0.0,0.0,27.394283,39.47582,0.0,0.0,7.8402543,38.669167,23.59048,0.0,28.164934,51.844105,26.727957,40.916576,23.31202,0.0,0.0,51.5286,29.844902,46.055393,13.253683,0.0,16.941805,36.443764,14.835768,0.0,0.0,0.0,0.0,13.978291,31.256409,20.82393,46.753407,66.433945,25.791523,0.0,12.871044,14.266872,75.159424,6.3080573,20.790543,12.281423,12.093214,0.0,0.0,25.769632,0.0,0.0,69.509094,15.321486
C25x29_C26x29,17.01192,11.795389,20.325123,0.0,62.75324,15.001049,0.0,0.0,0.0,19.523539,37.217113,0.0,31.609978,55.128105,0.0,25.696829,30.17983,13.88668,0.0,13.105058,0.0,7.205186,4.5117693,5.470255,0.0,10.1896715,6.582322,0.0,9.639573,27.411142,0.0,21.12322,13.645174,0.0,0.0,12.814874,23.62943,30.738823,20.72163,22.405468,31.76613,66.32717,23.03734,0.0,0.0,35.66263,23.03734,77.902435,24.308504,23.03734,0.0,21.496418,11.717229,0.0,28.786163,32.46589,11.645254,8.70435,0.0,44.366257,0.0,13.1387205,0.0,0.0,0.0,0.0,0.0,0.0,23.117384,18.137884,0.0,25.951637,42.042175,0.0,0.0,23.708206,0.0,23.082031,12.020372,24.940805,0.0,12.447484,65.600174,0.0,18.4026,0.0,18.4026,19.077223,7.7689614,0.0,0.0,45.89407,0.0,0.0,0.0,28.444876,13.34918,19.742996,0.0,0.0,0.0,73.41,54.68167,0.0,44.690857,11.358878,16.06388,37.560802,0.0,0.0,0.0,0.0,0.0,14.29945,14.29945,0.0,27.525215,24.767372,55.85239,16.191652,35.307503,10.950772,0.0,0.0,20.605907,22.56894,0.0,0.0,23.352812,14.548854,0.0,42.29218,17.249336,14.996183,14.996183,13.239365,36.305862,18.387442,70.26986,0.0,0.0,13.5748,0.0,25.68283,15.820576,9.468225,0.0,0.0,29.95748,0.0,0.0,32.936546,0.0,0.0,0.0,0.0,0.0,0.0,20.362638,0.0,20.430626,21.967958,0.0,83.463875,0.0,27.553688,18.412918,12.199334,0.0,18.298195,20.768656,0.0,26.545053,89.76402,0.0,16.512249,0.0,18.646128,0.0,26.122927,26.122927,21.381075,0.0,28.596895,16.126215,45.584152,0.0,40.223324,0.0,0.0,0.0,0.0,51.839302,87.0997,0.0,0.0,8.204019,30.269314,0.0,23.81178,16.414436,0.0,22.81384,8.308517,10.714952,30.078922,7.2762237,0.0,0.0,74.37441,34.432457,0.0,0.0,0.0,9.398372,31.713839,22.794409,22.264744,0.0,14.06071,24.612722,0.0,16.448391,54.390476,0.0,17.662374,20.25676,0.0,0.0,79.782364,0.0,5.350103,17.691372,0.0,3.6079202,0.0,31.489935,21.672245,0.0,0.0,71.5726,22.156437,0.0,19.275019,19.275019,10.891579,22.059534,14.038587,0.0,71.92412,29.891047,0.0,0.0,0.0,23.978357,0.0,20.990889,0.0,41.551937,21.661993,0.0,0.0,42.696655,33.12649,52.417725,42.83809,33.558346,27.835121,45.645477,46.007553,36.250294,40.85822,37.207764,43.834225,58.888577,62.47967,28.452118,33.983044,18.515802,53.663,23.714687,19.482826,24.163473,0.0,16.771364,0.0,54.910057,53.686966,56.700542,63.90799,68.562874,114.13076,52.100357,65.861855,22.95685,46.40017,29.023315,36.822754,23.762348,40.467186,9.494934,22.514673,32.447304,20.760342,17.698217,42.933033,31.738222,37.372463,34.71981,19.530523,46.857956,33.930206,37.132088,25.536764,20.045795,37.52376,24.84596,26.545053,10.891579,24.184801,0.0,24.587051,10.78846,28.713352,23.99002,15.562588,0.0,0.0,0.0,0.0,30.247564,0.0,17.967205,17.885231,33.549416,37.11936,27.79846,42.776516,35.86649,13.194756,30.72915,35.860806,33.09867,12.700115,37.41245,29.236456,31.454721,35.286564,41.092697,16.860556,14.549017,0.0,15.954474,24.89908,32.605915,75.32646,50.409798,61.253845,50.404976,21.804432,46.781284,15.253456,14.896069,25.506563,27.578726,19.357962,44.85014,28.735569,21.926706,13.11968,15.253456,18.134655,13.644503,61.102715,45.035816,52.520485,24.170237,67.7663,0.0,0.0,0.0,52.147957,47.03656,0.0,0.0,0.0,0.0,0.0,0.0,0.0,0.0,0.0,0.0,0.0,0.0,0.0,0.0,0.0,0.0,0.0,0.0,22.875492,21.89953,34.21277,62.396908,69.036476,20.949093,46.429237,61.558598,23.62032,91.30782,65.62775,27.059002,26.916615,28.615765,0.0,0.0,31.738222,35.115437,35.83894,41.173595,30.083595,46.44377,38.12983,11.476411,16.64781,15.114725,19.151423,12.540729,3.271958,13.66247,24.371475,21.028454,0.0,0.0,20.650023,12.994136,62.674534,26.333008,0.0,0.0,0.0,0.0,0.0,18.383776,11.809337,63.476444,41.981777,0.0,0.0,11.24409,47.46399,20.194454,0.0,19.350258,44.121277,19.133604,24.371475,0.0,0.0,0.0,34.115208,23.877838,27.825743,24.603111,0.0,22.095732,16.697165,17.191359,0.0,0.0,0.0,0.0,14.361154,27.648869,0.0,39.706486,72.18567,41.279774,0.0,0.0,14.338852,98.2418,2.3507786,21.82989,18.88616,20.319115,0.0,0.0,10.670868,0.0,0.0,68.462875,17.3921
C25x30_C25x31,16.07192,17.996723,13.417568,0.0,21.85117,9.353048,6.084743,0.0,0.0,11.030812,19.553453,0.0,34.687237,41.433434,11.618834,18.428787,28.257296,9.01833,9.69068,0.0,0.0,17.169605,16.708202,20.004208,23.147627,11.053634,8.766142,0.0,35.477238,15.3558655,4.08888,11.73243,10.067867,4.276554,6.387657,18.98864,26.34894,25.62183,14.959577,31.068047,12.426399,59.961666,28.11029,34.46132,18.838165,32.75789,28.11029,108.50683,53.017803,80.23009,12.694627,13.069859,10.36512,13.361959,15.646824,30.102688,13.827089,0.0,5.2450128,17.238674,21.274704,14.901485,17.192648,8.989232,10.475461,8.46682,12.97668,0.0,0.0,15.671569,15.250423,28.736528,4.4891715,12.170161,0.0,84.34392,4.3275404,54.831367,35.345123,36.718033,21.526497,0.0,62.11199,14.853342,14.065565,12.127704,14.065565,5.5293064,0.0,0.0,4.4215612,10.655302,6.120092,9.141251,5.8515153,22.07034,18.939062,35.72028,7.2696776,6.191488,10.744322,55.027008,48.91536,5.480772,39.69663,7.7509823,11.440171,44.000164,9.692938,9.492975,10.878967,0.0,9.290341,0.0,0.0,0.0,0.0,19.87221,25.241348,16.040909,26.871407,22.95679,37.52124,31.53372,34.70051,10.6373205,16.430267,11.852457,11.852457,2.973914,11.753327,43.68994,9.596551,12.443518,11.753327,13.165383,34.58239,9.163371,43.940044,0.0,3.6936073,7.992488,10.041642,0.0,15.118669,0.0,9.5794735,9.287831,18.681694,0.0,0.0,30.35524,0.0,14.542047,14.099321,0.0,1.2542356,0.0,16.853243,21.046808,27.381842,9.141266,0.0,54.897858,13.210585,74.8138,8.17776,14.9144945,11.873003,12.255924,0.0,9.538774,17.33761,66.92386,3.88658,16.006565,0.0,16.453304,0.0,16.076359,68.4678,13.403758,0.0,8.947825,12.240675,57.525394,0.0,67.91636,0.0,0.0,26.33881,0.0,56.966297,39.502018,0.0,6.420977,12.011844,0.0,14.136513,15.580179,0.0,0.0,57.060722,12.184252,3.522828,17.252499,8.707276,0.0,0.0,38.104218,21.824223,0.0,8.575297,7.0017014,13.351498,15.000664,13.492697,24.496477,13.839218,16.168396,11.520734,14.109961,13.163254,72.1494,0.0,14.550077,0.0,17.820135,0.0,55.98004,0.0,8.368652,47.506504,0.0,4.8893642,0.0,31.691021,11.306178,0.0,0.0,39.730198,10.896577,3.6076317,15.2427225,60.987362,11.592217,39.092007,14.37628,0.0,65.0859,14.296202,17.5092,0.0,16.945541,16.945541,12.9972925,20.911043,16.382946,38.499184,58.9507,7.1636744,11.34657,28.30037,25.944818,20.631449,33.29421,40.888588,19.401398,26.476595,29.667757,43.49934,30.356722,35.23214,47.895386,35.784664,37.935486,25.460836,24.021023,33.76488,32.957123,0.0,0.0,14.852682,19.419388,15.956583,0.0,21.044186,58.896095,58.174046,63.21194,64.05311,74.51457,34.050167,50.01909,46.386406,14.880487,19.903456,27.609947,0.0,20.08474,33.703167,26.356812,26.371527,46.462696,21.6396,54.967815,21.71375,17.661068,33.05448,14.885923,30.817589,25.337986,24.5468,34.622627,21.80363,27.448416,13.713589,17.33761,0.0,16.655394,7.883934,20.320118,28.219414,34.84886,10.768469,16.736101,18.874275,12.403938,9.893869,12.340536,0.0,0.0,20.839924,0.0,14.256483,21.367416,15.342074,13.186932,12.200496,10.146889,15.434834,18.469696,15.619859,13.997814,12.75653,17.748404,22.799755,17.013567,20.204113,14.617163,15.55896,10.977899,32.510456,45.53434,48.04593,45.484184,46.814827,26.942759,29.73885,25.60431,41.462788,0.0,42.343124,22.380495,26.564219,21.210762,42.0931,51.754917,29.36448,21.009977,0.0,14.14562,28.636116,30.892677,34.996418,27.034523,25.384306,38.568016,0.0,0.0,0.0,34.841267,36.70776,16.058409,4.5478854,6.2073393,10.356299,5.2399025,10.243191,11.3464,0.0,7.4320874,21.075283,8.944286,29.281374,14.959865,26.19597,17.449614,21.20605,10.460795,18.488495,6.967668,0.0,17.054014,26.457664,39.654377,18.57337,28.644487,28.591366,25.622293,34.41348,31.574352,28.479893,11.904275,31.049032,0.0,21.171865,45.756954,68.57988,64.28242,65.171585,56.964462,59.516056,69.13176,0.0,24.336798,30.494627,13.36161,24.986174,25.5229,20.55164,16.580564,32.69984,13.444515,25.181776,6.644278,19.898045,43.471172,15.083133,20.987438,25.896696,11.803666,23.958536,0.0,0.0,0.0,30.475245,35.03356,23.229132,0.0,8.976334,34.567104,0.0,0.0,37.06322,53.133698,32.90469,17.5092,25.466976,1.5678531,0.0,53.338333,44.505394,30.043215,17.433567,0.0,16.58758,18.152164,19.79803,9.190474,10.28846,8.196936,0.0,0.0,0.0,7.436176,54.851772,75.93534,24.501045,0.0,0.0,18.164423,82.812126,17.200754,22.712412,14.075464,18.081465,0.0,0.0,28.589308,17.238852,7.2935567,80.08637,14.452534
C25x30_C26x30,26.328108,22.137083,26.328108,0.0,24.02752,11.059566,0.0,0.0,0.0,22.036345,34.908703,0.0,7.9109364,39.187634,0.0,28.813944,45.300423,15.040926,0.0,0.0,0.0,16.994164,4.335167,20.813515,12.016688,12.016688,15.314368,0.0,37.603672,27.487143,5.363043,11.351631,6.8347964,0.0,0.0,18.372326,34.858112,49.263412,19.764357,41.046616,15.570552,91.38033,36.8668,0.0,0.0,30.724947,36.8668,121.99914,49.72754,55.07122,0.0,14.352093,18.290667,0.0,35.271294,47.158,14.13402,0.0,0.0,38.035725,0.0,17.174614,11.399624,10.272823,13.961631,8.060751,25.22441,0.0,0.0,15.66811,0.0,0.0,41.931583,0.0,0.0,56.51725,0.0,36.44221,28.329336,22.83495,11.96444,16.673786,57.486687,0.0,30.675661,13.716911,38.14955,6.6054406,0.0,0.0,0.0,20.617838,0.0,0.0,13.092663,19.009125,16.685617,30.765783,10.171137,0.0,0.0,71.81887,38.874123,0.0,34.94405,8.034572,19.497015,35.16468,13.786471,0.0,12.863897,0.0,0.0,14.850099,14.850099,0.0,15.605543,29.596325,27.029594,15.455161,51.95939,25.208994,25.208994,0.0,16.132559,14.948612,0.0,0.0,20.915277,4.2799716,0.0,57.236828,9.21878,33.23194,26.721458,8.756185,51.18242,0.0,79.081184,0.0,0.0,7.995432,0.0,16.954128,13.933375,0.0,0.0,7.090038,23.077501,0.0,0.0,39.10175,0.0,0.0,10.762978,0.0,0.0,0.0,20.30858,0.0,36.32075,16.131012,0.0,58.905846,0.0,0.0,14.139087,14.897421,12.105384,17.482944,0.0,0.0,17.005516,56.274437,0.0,26.345224,0.0,22.200829,0.0,28.368929,42.377197,20.953705,0.0,20.69276,14.988001,59.218365,0.0,42.453022,0.0,0.0,0.0,0.0,62.15599,88.11239,0.0,0.0,10.829831,0.0,0.0,9.438115,0.0,0.0,0.0,7.4441524,0.0,36.017647,9.309187,0.0,0.0,58.48771,28.901516,0.0,0.0,0.0,14.711522,26.548899,23.646093,28.725147,0.0,21.329128,19.129595,0.0,23.35536,65.2791,0.0,25.675598,0.0,0.0,0.0,57.48349,0.0,14.767628,41.27607,0.0,5.7643933,0.0,35.808796,19.951292,0.0,0.0,33.321728,4.4051604,0.0,25.134623,37.54583,20.456049,16.827042,25.368908,0.0,61.93781,23.916956,0.0,0.0,0.0,29.902716,0.0,21.83233,0.0,51.249638,0.0,0.0,0.0,27.545187,25.252493,30.908512,44.897434,29.447456,30.011456,34.635666,28.87609,29.693245,49.372044,34.29199,39.81618,46.540134,36.653988,23.77693,43.00781,20.311049,39.767647,0.0,0.0,12.044164,0.0,15.674257,0.0,35.862804,56.632275,45.810375,76.170586,61.42792,71.80155,36.68276,66.35193,38.134636,25.358833,16.70152,33.18701,11.415473,21.8315,9.341274,21.798117,28.375172,25.824,22.119951,49.06388,22.19575,36.316963,33.78822,29.75666,57.477737,34.34161,32.809788,33.358353,28.76746,27.96674,29.235222,17.005516,20.456049,19.376322,0.0,12.8963,16.598276,27.3607,22.757536,19.725534,0.0,0.0,0.0,0.0,0.0,0.0,18.180746,9.724504,15.655132,23.463692,21.435024,14.3179245,16.535831,11.243376,23.75826,20.12398,16.441692,8.497817,18.4653,19.489632,25.894457,18.554321,18.895773,16.051197,11.5436535,13.431757,18.008911,34.47565,22.011421,69.583885,52.265865,30.079927,33.201588,26.064697,39.05433,13.015555,33.945755,24.508171,27.932629,23.730423,47.724598,59.32215,30.713734,20.00058,7.1533523,14.799894,31.077995,47.690437,54.824383,53.96189,39.766323,71.9563,0.0,0.0,0.0,46.082813,49.2516,0.0,0.0,0.0,0.0,0.0,0.0,0.0,0.0,0.0,0.0,0.0,0.0,0.0,0.0,0.0,0.0,8.497817,11.5436535,0.0,21.201015,32.163372,49.45251,74.11874,23.07433,37.15019,51.937153,26.843493,65.80574,58.610676,36.46489,23.018475,55.91213,0.0,16.325191,48.98941,73.424644,71.89894,71.78564,60.988663,65.1895,78.87509,9.313554,21.538023,21.70833,24.153648,31.339682,19.64393,22.113102,35.96135,30.582325,0.0,0.0,26.670185,17.768919,46.63784,13.508156,0.0,0.0,0.0,0.0,0.0,0.0,0.0,37.98333,43.66466,17.732386,0.0,0.0,42.178734,26.093706,0.0,33.912533,34.01164,25.079224,28.916151,22.731646,7.1983476,0.0,56.02962,36.301556,33.04427,23.441412,0.0,14.846669,11.219238,20.460966,0.0,0.0,0.0,0.0,0.0,0.0,18.456255,48.19313,76.09352,26.759798,0.0,0.0,13.995715,109.26411,16.522375,27.22451,24.838076,33.000546,0.0,0.0,8.295005,0.0,0.0,63.14983,14.654739
C25x31_C25x32,0.0,0.0,8.621509,0.0,41.08379,23.492228,0.0,0.0,0.0,18.58504,43.88842,0.0,39.817326,25.565083,12.693755,26.94422,27.902475,0.0,0.0,0.0,0.0,0.0,0.0,0.0,0.0,0.0,0.0,0.0,0.0,14.852335,28.472298,28.472298,8.210519,23.30499,39.88046,37.386005,32.377327,44.87403,12.509476,34.53765,35.382137,56.75711,0.0,49.1531,61.015053,28.378555,40.13334,75.0826,30.082014,94.121025,15.372412,3.8295586,5.4158134,21.898949,8.109282,21.792149,18.803093,0.0,0.0,5.357993,21.74228,6.097241,24.030602,12.30909,19.46238,12.30909,24.61818,0.0,0.0,0.0,0.0,11.955926,0.0,11.955926,0.0,54.294483,0.0,67.25828,19.433317,43.210175,18.222775,22.768976,35.013054,19.121,11.07557,6.736469,11.07557,3.1317039,0.0,0.0,4.4288983,10.206989,70.986115,30.629559,18.366728,18.366728,25.008932,24.116724,0.0,10.122373,13.820474,81.29235,68.50411,5.443225,35.528908,7.697882,8.030709,32.12009,6.653275,21.849905,0.0,0.0,12.741122,0.0,0.0,0.0,0.0,9.596951,10.264116,31.172396,12.984557,24.713936,21.028072,43.54253,0.0,13.639261,16.704617,19.487484,12.818112,4.098394,25.807766,26.98939,9.092265,0.0,11.135705,18.143408,15.745724,0.0,61.737354,0.0,15.639808,10.287259,21.951145,0.0,20.922707,0.0,29.90577,26.374985,38.913147,0.0,0.0,41.20534,0.0,17.609104,16.205482,0.0,3.4103904,0.0,53.063107,30.677544,16.621197,6.6850343,0.0,29.182827,11.208827,66.49887,7.6290574,17.598392,9.987608,9.987608,0.0,36.325058,23.893213,44.70011,27.333729,22.98276,0.0,15.234412,0.0,16.434387,38.542057,19.667923,0.0,0.0,12.071545,54.082428,0.0,33.967117,24.238306,0.0,18.344055,0.0,38.979263,80.951515,0.0,27.354515,16.553698,0.0,14.62744,19.704367,0.0,0.0,11.764638,15.663836,0.0,18.731157,11.999625,0.0,0.0,22.982569,38.071854,0.0,44.092083,23.616419,15.533964,22.068254,18.859121,23.173523,62.35417,21.967834,8.759107,24.862118,19.132496,60.101707,0.0,14.794061,0.0,41.991917,0.0,65.03214,0.0,0.0,0.0,0.0,3.955579,0.0,23.304317,10.921781,0.0,0.0,73.70341,13.6645,17.585703,21.350876,70.89525,3.551875,32.565174,15.391343,0.0,28.076288,9.458424,26.847082,0.0,28.19919,18.548334,13.631813,12.680515,89.74721,0.0,79.89269,8.133087,14.568999,34.095116,16.906841,19.396935,56.639263,68.57818,24.0309,45.04131,40.015,73.99997,21.029602,52.18864,78.07174,29.526878,68.89167,57.482635,28.38382,48.49322,40.782753,0.0,0.0,14.05055,19.376385,16.143658,11.905361,54.79237,83.26946,89.85275,35.647015,94.7968,35.85233,120.32785,34.464397,33.196594,21.024769,43.88377,30.047977,0.0,14.546596,35.50528,33.830414,33.011326,50.311615,22.655432,61.727882,21.322206,0.0,33.009346,15.028304,40.22383,28.167673,27.14219,38.4892,26.456385,22.312267,0.0,0.0,0.0,0.0,45.973156,0.0,12.956255,19.479164,0.0,2.6947863,12.680832,8.380616,13.551639,10.560788,0.0,0.0,0.0,0.0,7.722865,13.115654,12.829327,5.2687507,10.202281,8.485017,13.822521,15.53628,13.907322,11.705232,15.332368,11.8212185,17.561522,13.335413,16.895054,6.969025,11.547964,8.595454,17.962248,52.306137,46.550163,32.14301,34.094894,16.383041,24.338753,18.238602,12.017282,0.0,61.084377,7.2969556,36.205154,19.164911,37.34389,42.668537,27.154598,8.452172,0.0,17.128555,36.180763,7.7513313,27.17159,10.123038,8.205756,44.23348,0.0,0.0,0.0,14.699182,28.496351,19.009163,0.9474752,6.2702413,6.8636374,9.582456,17.014164,15.326217,0.0,5.5825353,10.727671,4.844575,28.148014,18.772583,30.878618,29.263092,9.761345,19.158289,25.210194,8.812061,0.0,14.605994,15.44573,26.231308,16.970034,24.327295,27.814644,23.410463,31.209225,26.670826,21.968344,8.226763,22.732029,0.0,17.998398,21.843561,37.09667,50.38919,45.037857,33.435455,50.202175,60.719185,26.574186,25.815653,17.420158,0.0,21.083557,18.049698,23.31437,6.4419827,14.056303,9.150789,15.163239,20.199343,5.6811132,32.73723,0.0,0.0,21.70422,15.893475,25.012436,0.0,0.0,0.0,28.504253,23.401201,21.97462,0.0,19.38665,14.82399,0.0,0.0,18.927782,27.703485,45.182926,11.584156,0.0,0.0,0.0,29.818287,26.228819,18.970924,8.133087,0.0,11.1148205,19.984503,12.721298,6.3402576,10.46098,2.511555,0.0,0.0,0.0,0.0,87.996056,99.32483,33.74739,0.0,0.0,6.368023,145.9329,23.704609,31.6186,16.717728,24.446798,0.0,0.0,38.65378,47.452114,13.539329,53.023766,20.269945
C25x31_C26x31,22.104622,25.089695,23.426619,0.0,11.8346,8.144559,0.0,0.0,0.0,14.628142,34.923702,0.0,28.152142,41.763092,0.0,29.21599,42.427887,0.0,0.0,0.0,0.0,5.218877,5.495006,4.558448,7.269549,2.0385997,2.8830154,0.0,7.2292438,18.01789,14.635382,14.635382,15.037481,7.650344,11.426905,9.60457,47.36039,77.55894,11.669777,37.755566,41.383144,93.31186,41.95228,45.51755,24.882019,40.830482,41.95228,144.04326,38.258522,102.40544,6.1688967,3.561614,5.0368834,10.119975,20.754269,32.195694,13.168321,0.0,3.8033702,17.15399,17.73946,16.357313,19.079945,13.862229,23.368063,13.491558,40.47467,0.0,0.0,0.0,0.0,0.0,19.466301,0.0,0.0,42.599373,6.673468,51.539528,46.717667,34.11184,14.4635725,18.97014,67.40409,22.118582,27.768616,18.059746,27.768616,10.745498,0.0,0.0,8.592737,20.883448,17.394527,25.981264,26.416883,26.416883,27.142672,21.837835,11.210517,0.0,10.7683325,40.190464,49.441467,7.7131724,43.697525,10.908073,16.66597,61.922092,13.641019,13.359608,9.127044,0.0,0.0,0.0,0.0,0.0,0.0,0.0,0.0,19.045162,34.214832,19.397064,19.397064,10.884666,17.999067,16.296577,13.436108,0.0,15.619926,4.5860515,19.82857,74.33419,16.189959,24.893635,25.247877,20.129938,42.56901,8.166186,104.87982,0.0,5.695885,12.325157,9.851864,0.0,23.412243,0.0,0.0,19.730457,24.161522,0.0,0.0,52.736904,0.0,0.0,10.250792,0.0,1.6844673,0.0,21.20105,32.126434,29.623343,7.480469,0.0,27.830667,0.0,0.0,11.6584215,11.476691,10.387377,10.387377,0.0,10.451634,26.552698,91.16877,4.3559647,24.362144,0.0,17.047113,0.0,18.217741,30.994108,22.008156,0.0,13.798377,16.357512,76.87258,0.0,53.024128,0.0,0.0,14.568921,0.0,59.856533,56.037968,0.0,11.147847,18.523378,0.0,18.40964,0.0,0.0,0.0,0.0,17.473984,5.4325275,21.7359,13.427429,0.0,0.0,52.1842,41.548203,0.0,0.0,0.0,20.589249,24.694096,19.909845,20.973854,15.27968,22.871101,12.172433,14.908126,21.409021,52.44118,0.0,16.554367,0.0,0.0,0.0,46.863937,0.0,0.0,0.0,0.0,5.6101437,0.0,22.52563,12.2213335,0.0,0.0,47.43146,12.708429,18.365704,25.475224,43.34137,3.9745033,23.798166,18.000433,0.0,48.68427,11.0287695,12.986478,0.0,0.0,20.755352,2.8465629,4.5797696,23.090319,46.34219,0.0,4.5134735,11.533879,12.2213335,14.08456,31.166763,41.560383,34.88591,30.502083,37.60094,15.619926,26.525158,50.5002,19.330229,39.71444,29.650171,24.694096,17.466938,45.27174,20.589249,41.71506,0.0,0.0,12.992817,0.0,14.928354,0.0,28.480701,66.15802,58.998272,95.76913,75.314896,56.228912,33.446938,85.85382,34.246185,17.381857,27.329885,17.519106,0.0,8.338715,20.900902,18.87221,29.073362,26.485168,12.638275,43.130817,11.894538,23.791203,18.945776,24.954649,37.31589,30.762432,16.907526,27.55612,28.44207,12.446841,23.570559,26.552698,3.9745033,19.470201,22.39099,0.0,36.680344,39.431034,13.85799,12.446841,24.579512,0.0,16.599148,0.0,0.0,0.0,20.3384,0.0,11.894538,20.20036,19.59167,8.11478,9.508287,13.068382,13.429412,22.738958,21.419664,18.028069,10.368397,18.813345,26.624176,19.37746,25.842688,3.868226,20.038698,10.313264,11.777737,52.148567,43.173893,59.737072,28.419733,10.705568,21.710606,42.956875,36.620106,0.0,43.369217,25.964031,34.673996,33.710777,48.73235,53.98479,41.886898,26.406107,0.0,11.21641,29.928267,24.53276,36.1684,33.718098,25.971006,51.893,0.0,0.0,0.0,29.538502,56.23835,8.88247,7.0132613,5.831528,8.035048,8.791092,7.4078603,15.104071,0.0,8.989486,22.26746,10.262833,29.17446,13.654236,18.436333,19.119543,0.0,18.028069,20.038698,0.0,0.0,24.507727,27.183157,46.16485,29.8658,36.120792,48.951385,41.2004,54.925552,44.28424,45.795395,12.011347,50.816025,0.0,28.339,35.683613,60.601078,82.31572,68.82086,56.44003,72.10135,95.94856,25.489372,28.066225,19.182764,18.7163,24.521784,17.1409,19.540445,16.303782,16.070404,0.0,0.0,0.0,7.030755,35.234787,17.057158,14.858472,25.30704,14.348971,20.958427,0.0,0.0,0.0,0.0,7.6727705,18.374619,0.0,0.0,47.50323,0.0,0.0,24.606644,17.283575,29.117596,16.535788,0.0,0.0,0.0,74.51993,34.064983,23.909838,16.545443,0.0,0.0,0.0,18.797188,2.012824,0.0,0.0,0.0,0.0,0.0,0.0,77.30875,107.02417,23.14851,0.0,0.0,20.150139,132.96155,26.525158,29.538773,19.330229,27.355656,0.0,0.0,0.0,6.051557,0.0,58.38959,22.287148
C26x17_C26x18,0.0,0.0,0.0,0.0,308.67224,0.0,0.0,0.0,0.0,0.0,0.0,0.0,0.0,0.0,0.0,0.0,126.54879,0.0,0.0,0.0,0.0,131.77902,0.0,0.0,0.0,0.0,0.0,0.0,0.0,0.0,50.435917,0.0,0.0,0.0,0.0,0.0,0.0,0.0,0.0,0.0,0.0,0.0,80.53199,0.0,0.0,0.0,0.0,0.0,0.0,0.0,0.0,0.0,0.0,0.0,0.0,86.831795,0.0,0.0,85.35154,0.0,0.0,0.0,0.0,0.0,0.0,0.0,0.0,0.0,0.0,98.392784,0.0,0.0,0.0,0.0,0.0,22.927515,0.0,0.0,0.0,151.2069,0.0,0.0,94.00888,0.0,87.98455,0.0,0.0,0.0,0.0,0.0,0.0,22.96984,0.0,0.0,111.85945,0.0,0.0,0.0,0.0,0.0,0.0,116.12616,0.0,0.0,20.337572,0.0,0.0,21.233805,0.0,0.0,0.0,0.0,0.0,0.0,0.0,0.0,0.0,0.0,0.0,0.0,0.0,0.0,0.0,0.0,136.25414,0.0,0.0,0.0,0.0,0.0,0.0,0.0,0.0,0.0,0.0,0.0,170.43689,0.0,151.65834,0.0,0.0,0.0,0.0,0.0,0.0,0.0,0.0,49.80228,0.0,0.0,0.0,0.0,0.0,0.0,115.33112,133.16188,0.0,0.0,153.7561,0.0,0.0,0.0,0.0,166.00395,117.38252,0.0,0.0,0.0,131.26727,0.0,0.0,0.0,0.0,0.0,0.0,0.0,0.0,0.0,0.0,0.0,0.0,0.0,0.0,0.0,0.0,0.0,0.0,0.0,0.0,53.12166,0.0,0.0,0.0,317.78268,0.0,0.0,0.0,0.0,0.0,0.0,0.0,0.0,0.0,0.0,0.0,0.0,0.0,0.0,0.0,0.0,167.32466,0.0,0.0,0.0,0.0,0.0,0.0,0.0,0.0,0.0,0.0,0.0,0.0,170.44714,279.9167,0.0,0.0,0.0,0.0,0.0,0.0,0.0,204.39276,0.0,0.0,0.0,0.0,0.0,0.0,0.0,193.02809,0.0,0.0,0.0,0.0,0.0,0.0,0.0,0.0,0.0,0.0,0.0,0.0,0.0,0.0,0.0,0.0,0.0,0.0,0.0,0.0,0.0,0.0,152.3336,125.67205,120.335724,163.79614,0.0,108.44731,84.265854,211.11429,87.98455,65.562485,56.66546,34.438244,0.0,92.33374,49.023895,0.0,0.0,0.0,0.0,82.589134,0.0,0.0,0.0,323.48538,197.71771,124.93328,98.15166,111.85945,40.668022,50.435917,108.17861,0.0,0.0,0.0,0.0,0.0,0.0,0.0,0.0,0.0,0.0,0.0,0.0,0.0,0.0,0.0,0.0,0.0,0.0,0.0,0.0,0.0,0.0,0.0,502.81396,362.45248,203.22873,0.0,0.0,0.0,88.0516,0.0,0.0,0.0,0.0,0.0,0.0,0.0,0.0,0.0,0.0,0.0,0.0,0.0,0.0,0.0,0.0,0.0,0.0,0.0,0.0,0.0,0.0,0.0,0.0,0.0,0.0,0.0,0.0,0.0,0.0,0.0,0.0,94.28699,143.19633,108.15959,0.0,0.0,39.700516,273.206,0.0,60.673172,0.0,0.0,238.13263,0.0,0.0,0.0,0.0,0.0,94.66255,102.4996,82.654015,120.03005,105.309875,0.0,0.0,0.0,0.0,0.0,0.0,0.0,0.0,0.0,0.0,0.0,0.0,0.0,0.0,0.0,0.0,0.0,0.0,0.0,0.0,0.0,0.0,0.0,0.0,0.0,0.0,0.0,0.0,0.0,0.0,0.0,0.0,0.0,0.0,0.0,0.0,0.0,0.0,0.0,0.0,0.0,0.0,0.0,0.0,0.0,0.0,0.0,0.0,0.0,0.0,0.0,0.0,0.0,0.0,0.0,0.0,0.0,0.0,0.0,0.0,0.0,0.0,0.0,0.0,0.0,0.0,0.0,0.0,0.0,0.0,82.589134,0.0,0.0,0.0,0.0,0.0,61.377754,0.0,0.0,0.0,0.0,0.0,0.0,0.0,111.11594,44.949417,0.0,0.0,0.0,0.0,0.0,0.0,0.0,0.0,0.0,0.0,0.0,0.0,0.0,45.96718,42.90241,0.0,0.0,0.0,44.027,0.0,0.0,0.0,0.0,0.0,0.0,0.0,0.0,0.0,129.75351,0.0
C26x18_C26x19,98.265755,0.0,0.0,0.0,85.760414,0.0,0.0,0.0,0.0,0.0,77.34582,0.0,0.0,0.0,0.0,0.0,177.81876,0.0,0.0,0.0,0.0,28.28477,0.0,0.0,74.81556,0.0,0.0,0.0,0.0,0.0,0.0,0.0,0.0,0.0,0.0,0.0,0.0,94.30483,0.0,0.0,0.0,31.121193,25.165058,0.0,0.0,0.0,0.0,0.0,0.0,0.0,0.0,0.0,0.0,0.0,0.0,101.66438,0.0,0.0,76.00104,0.0,0.0,0.0,3.737405,0.0,0.0,37.4659,0.0,0.0,0.0,51.679695,0.0,0.0,0.0,0.0,0.0,120.009445,0.0,0.0,72.51666,121.29,91.00501,0.0,92.11117,0.0,81.12706,0.0,0.0,0.0,0.0,0.0,0.0,88.80624,0.0,0.0,0.0,0.0,0.0,0.0,0.0,0.0,0.0,57.76832,0.0,0.0,51.375748,0.0,10.911823,0.0,13.693826,0.0,0.0,0.0,0.0,0.0,91.33262,0.0,0.0,0.0,0.0,0.0,70.139084,0.0,63.38578,0.0,88.021255,0.0,0.0,0.0,0.0,0.0,0.0,0.0,0.0,0.0,0.0,0.0,107.51585,0.0,93.66736,0.0,0.0,0.0,0.0,0.0,0.0,0.0,0.0,79.69856,35.674484,33.248913,0.0,36.255856,0.0,0.0,91.13957,44.7048,0.0,0.0,226.60358,0.0,0.0,0.0,0.0,98.581184,45.825333,0.0,0.0,0.0,85.922356,0.0,0.0,0.0,0.0,0.0,0.0,0.0,0.0,0.0,0.0,0.0,0.0,0.0,0.0,0.0,0.0,130.80904,0.0,59.600216,0.0,73.89676,0.0,0.0,0.0,160.3636,0.0,0.0,0.0,0.0,0.0,0.0,0.0,0.0,0.0,0.0,0.0,0.0,0.0,0.0,0.0,0.0,98.732735,0.0,0.0,0.0,0.0,0.0,0.0,0.0,0.0,0.0,0.0,0.0,0.0,0.0,106.661354,0.0,0.0,0.0,0.0,50.4425,0.0,0.0,0.0,0.0,0.0,0.0,0.0,0.0,0.0,0.0,94.43797,0.0,0.0,0.0,0.0,0.0,0.0,0.0,0.0,0.0,0.0,0.0,0.0,0.0,0.0,0.0,87.11423,0.0,0.0,0.0,0.0,0.0,0.0,54.833344,36.710995,78.50021,70.99433,45.249268,57.40091,70.554955,69.18547,81.12706,57.460815,74.84454,72.317184,39.29025,31.739159,73.38665,45.183323,83.92227,0.0,0.0,87.759575,0.0,0.0,0.0,64.57185,105.18447,78.52485,0.0,34.519394,0.0,58.80228,25.906187,0.0,81.74104,0.0,0.0,0.0,0.0,0.0,0.0,0.0,0.0,0.0,0.0,0.0,0.0,0.0,0.0,0.0,0.0,0.0,0.0,0.0,0.0,224.8842,121.00033,73.056335,203.51062,0.0,0.0,57.4184,104.33559,0.0,0.0,0.0,0.0,0.0,0.0,0.0,0.0,0.0,0.0,0.0,0.0,0.0,0.0,0.0,0.0,0.0,0.0,0.0,0.0,0.0,0.0,0.0,0.0,0.0,0.0,0.0,83.1815,0.0,0.0,0.0,34.637863,0.0,128.06975,80.023346,0.0,0.0,31.58377,261.07797,0.0,102.92214,63.865986,79.88259,86.4357,0.0,0.0,0.0,0.0,0.0,61.1314,67.5733,50.93274,85.30002,0.0,0.0,0.0,0.0,11.493649,69.35644,0.0,0.0,0.0,0.0,0.0,0.0,0.0,0.0,0.0,0.0,0.0,0.0,0.0,0.0,0.0,0.0,112.871475,74.69069,0.0,96.43502,0.0,19.225721,146.7243,96.51846,218.80765,137.52861,227.8126,112.91334,127.44027,150.75093,83.57181,28.57708,0.0,0.0,0.0,0.0,0.0,0.0,0.0,0.0,0.0,0.0,15.109858,0.0,0.0,0.0,0.0,0.0,0.0,0.0,0.0,0.0,0.0,0.0,0.0,0.0,0.0,0.0,0.0,0.0,0.0,0.0,0.0,0.0,110.277275,87.759575,0.0,0.0,0.0,0.0,0.0,83.42767,11.493649,90.12293,0.0,0.0,88.11694,0.0,0.0,0.0,0.0,17.853603,0.0,0.0,0.0,0.0,0.0,0.0,0.0,0.0,0.0,0.0,0.0,0.0,0.0,72.77694,91.49372,0.0,0.0,32.954624,0.0,0.0,0.0,0.0,0.0,0.0,0.0,0.0,0.0,85.54055,0.0
C26x18_C27x18,0.0,0.0,0.0,0.0,86.29453,0.0,0.0,0.0,0.0,0.0,21.909363,0.0,84.04905,0.0,0.0,0.0,190.92471,0.0,0.0,0.0,0.0,31.343204,0.0,0.0,0.0,0.0,0.0,0.0,0.0,0.0,0.0,0.0,0.0,0.0,0.0,0.0,0.0,0.0,0.0,0.0,0.0,0.0,0.0,0.0,15.472054,0.0,0.0,15.472054,0.0,15.472054,0.0,0.0,0.0,108.328186,0.0,75.00183,0.0,0.0,88.908356,0.0,0.0,0.0,73.50936,0.0,0.0,0.0,0.0,0.0,0.0,139.40977,0.0,0.0,0.0,0.0,0.0,0.0,0.0,0.0,56.606216,155.08994,110.180885,46.322334,63.956,0.0,77.21391,0.0,0.0,0.0,0.0,0.0,0.0,79.07704,0.0,0.0,0.0,0.0,0.0,0.0,0.0,0.0,14.284306,84.414604,24.741142,0.0,56.931015,0.0,12.09172,0.0,51.212666,0.0,0.0,0.0,68.81047,0.0,84.08689,0.0,0.0,0.0,0.0,0.0,83.79604,0.0,68.57247,0.0,67.30285,0.0,0.0,70.59647,0.0,0.0,0.0,85.41837,0.0,0.0,0.0,0.0,65.3386,0.0,112.349846,0.0,50.802673,0.0,130.0012,0.0,0.0,0.0,0.0,61.379147,55.199997,18.75078,0.0,15.344248,0.0,0.0,0.0,0.0,0.0,0.0,160.3924,0.0,0.0,0.0,0.0,135.3413,67.32641,0.0,0.0,0.0,94.89433,0.0,0.0,100.774826,0.0,100.774826,67.586586,0.0,0.0,0.0,0.0,0.0,50.450256,0.0,0.0,0.0,0.0,0.0,0.0,57.396362,55.063152,119.45805,0.0,0.0,0.0,227.2553,0.0,53.33688,0.0,0.0,22.11998,0.0,0.0,0.0,0.0,0.0,0.0,0.0,0.0,0.0,0.0,0.0,92.2721,0.0,0.0,61.93479,0.0,0.0,0.0,0.0,0.0,0.0,0.0,0.0,0.0,0.0,246.97412,0.0,0.0,0.0,0.0,51.60383,0.0,0.0,0.0,0.0,0.0,0.0,0.0,0.0,0.0,0.0,123.79103,0.0,0.0,0.0,33.298508,0.0,0.0,0.0,0.0,32.824657,0.0,0.0,0.0,80.207794,0.0,45.446728,55.42681,0.0,0.0,0.0,0.0,0.0,16.135622,68.66126,116.20354,136.57054,160.88902,16.704203,201.01042,119.17754,106.714325,77.21391,72.10317,94.685074,31.99271,94.76509,86.10606,83.25342,104.555305,49.643078,0.0,0.0,91.477585,0.0,0.0,0.0,101.08211,116.46321,77.247604,55.89306,68.539955,23.158655,62.329838,60.264896,0.0,127.959114,0.0,0.0,0.0,0.0,0.0,0.0,0.0,0.0,0.0,0.0,0.0,0.0,0.0,0.0,0.0,0.0,0.0,0.0,0.0,0.0,279.2306,96.194,176.13771,0.0,0.0,0.0,70.726135,79.00836,0.0,0.0,0.0,0.0,0.0,0.0,0.0,0.0,0.0,0.0,0.0,0.0,0.0,0.0,0.0,0.0,0.0,0.0,0.0,0.0,0.0,0.0,0.0,0.0,0.0,0.0,0.0,98.05231,0.0,0.0,0.0,45.77244,58.177845,86.17225,71.10087,30.688496,130.25912,0.0,0.0,0.0,129.66798,98.8214,88.52031,151.01726,0.0,0.0,0.0,0.0,0.0,69.27526,109.86856,0.0,58.18561,0.0,0.0,0.0,0.0,12.999996,15.10044,0.0,0.0,0.0,0.0,0.0,0.0,0.0,0.0,0.0,0.0,0.0,0.0,0.0,0.0,0.0,0.0,0.0,0.0,0.0,0.0,0.0,0.0,0.0,0.0,0.0,0.0,0.0,0.0,0.0,0.0,86.104904,0.0,0.0,61.93479,0.0,0.0,0.0,0.0,0.0,0.0,0.0,0.0,64.79378,0.0,0.0,0.0,0.0,0.0,0.0,0.0,0.0,0.0,0.0,0.0,0.0,17.224804,0.0,0.0,0.0,0.0,0.0,0.0,0.0,0.0,70.1644,76.431465,0.0,0.0,0.0,0.0,0.0,0.0,0.0,0.0,0.0,0.0,0.0,0.0,0.0,0.0,0.0,0.0,0.0,0.0,0.0,0.0,0.0,0.0,0.0,0.0,0.0,0.0,0.0,0.0,0.0,91.68912,0.0,0.0,0.0,0.0,0.0,0.0,0.0,0.0,0.0,0.0,0.0,0.0,64.87954,139.08182,0.0
C26x19_C26x20,123.75155,0.0,87.16627,0.0,72.19072,0.0,72.19072,0.0,0.0,0.0,0.0,0.0,64.62343,0.0,0.0,0.0,306.0088,0.0,0.0,0.0,0.0,44.31414,0.0,45.609287,25.473106,0.0,0.0,0.0,0.0,0.0,0.0,0.0,0.0,0.0,0.0,0.0,0.0,112.52669,0.0,0.0,0.0,54.053337,55.838104,0.0,0.0,0.0,0.0,0.0,0.0,0.0,0.0,0.0,0.0,0.0,0.0,0.0,0.0,0.0,0.0,56.004417,0.0,0.0,0.0,0.0,6.0265784,3.365886,0.0,0.0,0.0,0.0,0.0,0.0,0.0,0.0,0.0,196.78925,0.0,75.38888,79.5112,59.44231,79.18075,0.0,128.52303,0.0,0.0,0.0,0.0,0.0,0.0,0.0,0.0,71.383804,0.0,0.0,0.0,0.0,0.0,0.0,0.0,0.0,0.0,92.11514,66.206696,0.0,84.26225,0.0,67.82005,0.0,85.110985,0.0,0.0,0.0,0.0,50.140545,46.15166,0.0,0.0,0.0,0.0,0.0,76.17784,0.0,93.6521,0.0,95.599625,0.0,0.0,0.0,0.0,0.0,0.0,97.03964,0.0,0.0,0.0,0.0,116.623924,0.0,154.42899,0.0,0.0,0.0,0.0,0.0,0.0,0.0,0.0,13.524726,29.728954,46.670303,0.0,49.747192,0.0,0.0,55.230938,6.7117805,0.0,0.0,230.49734,0.0,0.0,0.0,0.0,110.451385,0.0,24.957294,0.0,0.0,0.0,0.0,0.0,0.0,0.0,0.0,0.0,0.0,0.0,0.0,0.0,0.0,0.0,0.0,0.0,0.0,0.0,92.335754,0.0,58.123146,0.0,65.95769,0.0,0.0,21.086143,142.10056,0.0,0.0,0.0,0.0,0.0,0.0,0.0,0.0,0.0,0.0,0.0,0.0,0.0,0.0,0.0,0.0,136.63301,0.0,0.0,0.0,0.0,0.0,0.0,0.0,0.0,0.0,0.0,0.0,0.0,0.0,0.0,0.0,0.0,0.0,37.573242,28.850973,0.0,0.0,0.0,0.0,0.0,0.0,0.0,0.0,0.0,0.0,125.80253,0.0,0.0,0.0,0.0,0.0,61.089565,0.0,0.0,96.79076,0.0,0.0,0.0,0.0,0.0,0.0,79.42046,0.0,68.16082,45.44132,0.0,0.0,0.0,0.0,0.0,0.0,0.0,0.0,0.0,0.0,0.0,0.0,0.0,0.0,0.0,0.0,0.0,0.0,0.0,99.08673,0.0,0.0,88.06437,0.0,0.0,0.0,28.30721,104.11999,84.770874,88.00183,71.988075,69.55718,45.47212,69.73604,0.0,92.810646,91.69475,0.0,0.0,0.0,0.0,0.0,0.0,0.0,0.0,0.0,0.0,0.0,0.0,0.0,0.0,0.0,0.0,0.0,0.0,0.0,125.66156,25.085855,68.5897,142.34155,0.0,0.0,98.67074,42.57877,0.0,0.0,0.0,0.0,0.0,0.0,0.0,0.0,0.0,0.0,0.0,0.0,0.0,0.0,0.0,0.0,0.0,0.0,0.0,0.0,0.0,0.0,0.0,0.0,0.0,0.0,0.0,116.25551,0.0,0.0,0.0,75.57602,64.23128,106.22839,89.92529,29.728954,42.44426,134.86496,195.19252,0.0,43.150845,62.18121,86.550735,101.51352,0.0,0.0,0.0,0.0,0.0,0.0,0.0,0.0,0.0,0.0,0.0,0.0,0.0,40.40944,101.83697,0.0,0.0,0.0,0.0,0.0,0.0,0.0,0.0,0.0,0.0,0.0,0.0,0.0,0.0,0.0,0.0,126.75027,70.13531,0.0,155.62883,61.041862,80.81888,39.923096,51.757423,100.64605,61.534634,165.97069,118.48888,137.64458,130.9252,92.545044,49.272602,0.0,51.26636,0.0,0.0,0.0,0.0,0.0,0.0,0.0,0.0,57.259285,0.0,0.0,0.0,0.0,0.0,0.0,0.0,0.0,0.0,0.0,0.0,0.0,0.0,0.0,0.0,0.0,0.0,0.0,0.0,0.0,41.74371,63.30779,88.06437,0.0,0.0,0.0,0.0,0.0,170.04883,40.40944,70.13531,0.0,37.674877,107.2473,0.0,0.0,0.0,0.0,120.83587,0.0,0.0,38.770844,86.85482,0.0,0.0,0.0,0.0,0.0,0.0,0.0,0.0,0.0,30.512253,140.04659,0.0,0.0,54.049446,0.0,0.0,0.0,0.0,0.0,0.0,0.0,0.0,0.0,60.484417,0.0
C26x19_C27x19,84.76422,0.0,0.0,0.0,0.0,0.0,0.0,0.0,0.0,0.0,0.0,0.0,59.98632,0.0,0.0,0.0,143.55113,0.0,0.0,0.0,0.0,30.144314,0.0,0.0,28.915697,0.0,0.0,0.0,0.0,0.0,0.0,0.0,0.0,0.0,0.0,0.0,0.0,78.327,0.0,0.0,0.0,15.830232,0.0,0.0,0.0,0.0,0.0,0.0,0.0,0.0,0.0,0.0,0.0,0.0,0.0,0.0,0.0,0.0,0.0,56.85378,0.0,0.0,37.04293,0.0,0.0,35.533142,0.0,0.0,0.0,70.25154,40.23221,0.0,0.0,0.0,0.0,103.08366,0.0,0.0,108.154884,106.35106,141.66603,0.0,63.516167,0.0,74.545616,0.0,0.0,0.0,0.0,0.0,0.0,88.64221,0.0,0.0,0.0,0.0,0.0,0.0,0.0,0.0,0.0,57.157932,46.425926,0.0,77.127495,0.0,0.0,0.0,107.103806,0.0,0.0,0.0,0.0,48.889587,72.822525,0.0,0.0,0.0,0.0,0.0,116.76897,0.0,72.746056,0.0,101.019485,0.0,0.0,0.0,0.0,0.0,0.0,66.79218,0.0,0.0,66.79218,0.0,67.46197,0.0,178.27275,0.0,0.0,0.0,0.0,0.0,0.0,0.0,0.0,66.30983,18.802809,30.090351,0.0,58.157677,0.0,0.0,57.331898,0.0,0.0,0.0,57.546467,0.0,0.0,0.0,0.0,120.93159,0.0,0.0,0.0,0.0,0.0,0.0,0.0,0.0,0.0,0.0,0.0,0.0,0.0,0.0,0.0,0.0,0.0,0.0,0.0,0.0,0.0,64.49558,0.0,49.927372,0.0,53.896767,0.0,0.0,0.0,193.21986,0.0,0.0,0.0,0.0,0.0,0.0,0.0,0.0,0.0,0.0,0.0,0.0,0.0,0.0,0.0,0.0,55.07582,0.0,0.0,0.0,0.0,0.0,0.0,0.0,0.0,0.0,0.0,0.0,0.0,0.0,124.58517,0.0,0.0,0.0,8.521238,44.166046,0.0,0.0,0.0,0.0,0.0,0.0,0.0,0.0,0.0,0.0,102.793625,0.0,0.0,0.0,0.0,0.0,0.0,0.0,0.0,34.248352,0.0,0.0,0.0,0.0,0.0,0.0,0.0,0.0,0.0,0.0,0.0,0.0,7.7451296,0.0,41.163883,94.54535,83.93367,0.0,71.67635,68.529816,77.57738,88.134285,63.0667,83.922874,42.463734,35.74217,35.588985,82.81408,51.023903,129.91447,0.0,0.0,49.104107,0.0,0.0,0.0,0.0,130.48276,120.60132,137.01302,130.46597,66.013855,55.326416,128.74226,89.99877,52.411175,0.0,0.0,0.0,0.0,0.0,0.0,0.0,0.0,0.0,0.0,0.0,0.0,0.0,0.0,0.0,0.0,0.0,0.0,0.0,0.0,226.01186,99.070145,34.29935,0.0,0.0,0.0,106.69455,87.24219,0.0,0.0,0.0,0.0,0.0,0.0,0.0,0.0,0.0,0.0,0.0,0.0,0.0,0.0,0.0,0.0,0.0,0.0,0.0,0.0,0.0,0.0,0.0,0.0,0.0,0.0,0.0,161.58151,0.0,0.0,0.0,51.7513,98.967125,107.3499,71.43626,0.0,0.0,89.62378,101.92215,48.13935,97.2045,71.05996,107.47514,108.23241,0.0,0.0,0.0,0.0,0.0,0.0,0.0,0.0,0.0,0.0,0.0,0.0,0.0,6.5509744,85.28422,0.0,0.0,0.0,0.0,0.0,0.0,0.0,0.0,0.0,0.0,0.0,0.0,0.0,0.0,0.0,0.0,112.412796,70.485146,0.0,147.28726,24.256659,12.493385,125.5867,189.41148,128.99117,192.11853,226.88687,147.13461,97.10884,142.26274,122.84119,47.19126,0.0,0.0,0.0,0.0,0.0,0.0,0.0,0.0,0.0,0.0,59.478592,0.0,0.0,0.0,0.0,0.0,0.0,0.0,0.0,0.0,0.0,0.0,0.0,0.0,0.0,0.0,0.0,0.0,0.0,0.0,0.0,4.1806464,0.0,69.86225,64.009796,0.0,0.0,0.0,0.0,152.3351,6.2466927,85.048454,34.248352,0.0,105.73794,0.0,0.0,0.0,0.0,58.62723,0.0,0.0,0.0,0.0,0.0,0.0,0.0,0.0,0.0,0.0,0.0,0.0,0.0,68.73396,76.4024,0.0,0.0,0.0,0.0,0.0,0.0,0.0,0.0,0.0,0.0,0.0,0.0,63.84741,0.0
C26x20_C26x21,48.330795,0.0,34.042522,0.0,57.715652,0.0,40.421474,0.0,28.893705,0.0,22.622677,0.0,36.373875,0.0,0.0,0.0,123.00636,0.0,0.0,0.0,0.0,6.0385222,9.817462,29.63526,49.70045,0.0,0.0,0.0,0.0,0.0,0.0,0.0,0.0,0.0,19.005114,19.005114,41.406338,62.153717,0.0,27.795986,0.0,8.922805,8.922805,8.922805,0.0,0.0,0.0,0.0,8.922805,0.0,0.0,0.0,0.0,0.0,0.0,32.99149,44.608936,44.608936,74.36183,25.081203,0.0,27.658974,0.83021706,0.0,4.0744567,0.0,0.0,0.0,0.0,0.0,0.0,0.0,0.0,0.0,0.0,69.99156,0.0,85.21724,35.107296,35.62636,35.000397,0.0,124.220604,0.0,0.0,0.0,39.040787,0.0,0.0,0.0,23.773739,40.767204,0.0,25.199453,0.0,0.0,0.0,25.199453,0.0,0.0,0.0,70.38992,72.59166,0.0,77.44326,0.0,42.129326,36.7071,42.00104,0.0,0.0,0.0,0.0,32.3984,0.0,0.0,0.0,0.0,40.404358,0.0,36.3768,0.0,56.424885,0.0,36.266033,0.0,26.479221,0.0,0.0,0.0,0.0,88.371086,0.0,26.931396,0.0,0.0,8.681768,0.0,162.97621,0.0,0.0,0.0,0.0,0.0,0.0,0.0,0.0,22.05824,56.87351,0.0,0.0,48.399612,19.9942,0.0,37.461742,27.725544,45.63047,0.0,48.08933,0.0,24.521044,0.0,0.0,116.19412,0.0,70.430374,0.0,23.530163,32.22224,0.0,23.265247,0.0,0.0,0.0,0.0,0.0,0.0,0.0,0.0,0.0,0.0,0.0,0.0,0.0,0.0,53.084534,0.0,30.284956,0.0,38.158978,0.0,21.909979,32.376377,85.70578,0.0,0.0,0.0,0.0,0.0,0.0,0.0,24.507397,0.0,0.0,0.0,25.232542,0.0,0.0,0.0,0.0,130.41489,0.0,0.0,0.0,0.0,0.0,0.0,0.0,0.0,0.0,0.0,0.0,0.0,27.907095,0.0,0.0,0.0,0.0,55.35237,16.861397,52.339024,0.0,51.029972,0.0,0.0,0.0,0.0,0.0,0.0,0.0,73.99877,0.0,0.0,0.0,0.0,0.0,120.893295,0.0,0.0,51.83245,0.0,0.0,12.630262,0.0,0.0,0.0,41.18614,0.0,128.8229,39.817287,0.0,0.0,59.410088,98.63079,117.349655,128.98175,142.61082,78.08292,65.50269,38.979813,105.16051,125.24663,77.4205,80.842285,50.675484,72.11496,60.97024,86.39853,28.02478,86.6181,0.0,0.0,0.0,0.0,0.0,0.0,101.09061,115.18342,84.935684,101.15876,65.29442,50.256577,49.244236,69.78206,70.36528,45.486477,31.531084,38.05772,20.834925,25.228086,20.439692,15.897012,23.256773,25.19164,29.745193,9.269229,18.518797,38.08221,32.76945,24.339327,14.714569,20.41793,23.857468,34.428764,19.9942,43.65673,27.579058,0.0,15.214253,24.167246,0.0,0.0,76.48584,26.300087,0.0,0.0,10.399805,21.00527,19.9942,30.139086,25.228086,0.0,24.757692,25.6455,0.0,0.0,0.0,0.0,0.0,0.0,0.0,0.0,0.0,0.0,0.0,0.0,0.0,0.0,0.0,0.0,0.0,46.42919,25.228086,63.16208,81.34661,59.930717,56.999004,62.537037,51.6825,56.013958,21.108479,84.88627,69.42365,0.0,25.967077,34.63097,38.934856,39.53953,0.0,0.0,0.0,0.0,0.0,13.197611,26.766558,7.5346766,29.745193,14.714569,0.0,0.0,0.0,39.553894,64.52187,0.0,0.0,0.0,0.0,0.0,0.0,0.0,0.0,0.0,19.277805,46.610252,26.124022,23.530163,22.448196,0.0,15.214253,39.964813,87.3685,0.0,0.0,22.482327,18.518797,15.649282,20.957436,23.740126,24.36657,39.001232,22.479046,31.539808,8.735641,51.771286,32.172184,10.399805,16.486948,0.0,0.0,0.0,0.0,0.0,0.0,0.0,0.0,40.356922,44.453407,19.277805,26.124022,19.11317,23.256773,15.796121,0.0,15.214253,8.735641,22.725391,28.343725,75.43535,0.0,0.0,0.0,0.0,0.0,0.0,0.0,0.0,20.27703,24.70094,44.69848,0.0,0.0,27.297045,0.0,0.0,156.93288,41.409286,87.3685,0.0,0.0,0.0,0.0,0.0,26.766558,12.207609,78.54135,21.150114,15.919771,59.93449,15.574413,0.0,0.0,0.0,0.0,9.889018,0.0,0.0,16.054777,13.97929,14.992098,53.54622,0.0,0.0,53.678493,0.0,0.0,0.0,0.0,0.0,0.0,0.0,0.0,0.0,36.97051,51.289062
C26x20_C27x20,77.26406,0.0,54.422104,0.0,76.343056,0.0,76.343056,0.0,38.27907,0.0,42.203976,0.0,22.205896,0.0,0.0,0.0,154.60457,0.0,0.0,4.4605656,0.0,37.880848,34.108223,55.436657,30.961758,0.0,0.0,0.0,0.0,0.0,0.0,0.0,0.0,0.0,23.812449,23.812449,50.41231,82.34468,0.0,30.866001,0.0,15.518723,15.518723,15.518723,0.0,0.0,0.0,22.107498,15.518723,0.0,0.0,0.0,0.0,0.0,0.0,63.198418,56.116665,56.116665,0.0,45.76552,0.0,0.0,1.6338071,0.0,1.4710933,0.0,0.0,0.0,0.0,0.0,0.0,0.0,0.0,0.0,0.0,98.15519,0.0,45.96193,87.643715,50.597294,48.32756,0.0,125.07235,0.0,0.0,0.0,43.937027,0.0,0.0,0.0,0.0,64.36522,0.0,31.620415,0.0,0.0,0.0,31.620415,0.0,0.0,0.0,90.612175,65.12644,0.0,84.0244,0.0,84.17716,0.0,43.267315,0.0,0.0,0.0,0.0,35.069027,27.859404,0.0,0.0,0.0,18.283323,0.0,91.6358,0.0,101.52701,0.0,75.192764,0.0,43.450195,0.0,0.0,0.0,0.0,71.68358,0.0,36.35501,0.0,0.0,49.771503,0.0,212.3101,0.0,0.0,0.0,0.0,0.0,0.0,0.0,0.0,19.382061,42.69388,38.17282,0.0,56.01735,25.051722,0.0,22.030664,27.627132,0.0,0.0,47.10479,0.0,0.0,0.0,0.0,142.62004,0.0,26.823881,0.0,24.187271,0.0,0.0,21.726086,0.0,0.0,9.932025,0.0,0.0,0.0,0.0,0.0,0.0,0.0,0.0,0.0,0.0,0.0,72.1097,0.0,25.703514,0.0,37.325527,0.0,0.0,19.696924,135.11798,0.0,0.0,0.0,0.0,0.0,0.0,0.0,65.25688,0.0,0.0,0.0,0.0,0.0,0.0,0.0,0.0,107.58866,0.0,0.0,0.0,0.0,0.0,0.0,0.0,0.0,0.0,0.0,0.0,0.0,0.0,0.0,0.0,0.0,0.0,32.199703,16.036728,71.70519,0.0,0.0,0.0,0.0,0.0,0.0,0.0,0.0,0.0,106.162384,0.0,0.0,0.0,0.0,0.0,72.898544,0.0,0.0,95.0831,0.0,0.0,0.0,0.0,0.0,0.0,35.298042,0.0,49.443554,25.47275,0.0,0.0,0.0,0.0,0.0,0.0,0.0,0.0,0.0,0.0,0.0,0.0,0.0,0.0,0.0,0.0,0.0,0.0,0.0,78.00251,0.0,0.0,0.0,0.0,0.0,0.0,51.588524,138.20712,122.74435,129.5574,93.23933,58.143772,70.21592,107.20026,0.0,0.0,47.45146,53.77935,25.104856,25.43574,18.33891,19.918154,28.447256,35.777687,37.35518,22.956358,23.203117,45.095257,38.167854,34.36258,31.825912,21.0075,29.892202,39.14212,25.051722,54.699677,26.543135,6.971949,19.06269,39.560062,0.0,0.0,58.035015,23.693592,0.0,0.0,32.51901,18.283323,25.051722,36.785133,25.43574,0.0,0.0,0.0,0.0,0.0,0.0,0.0,0.0,0.0,0.0,0.0,0.0,0.0,0.0,0.0,0.0,0.0,0.0,0.0,0.0,73.3732,25.43574,79.01116,49.749233,62.374325,50.769085,84.82726,70.55713,43.390858,16.351547,88.371025,139.41298,0.0,21.145203,43.390858,49.30049,64.75124,0.0,0.0,0.0,0.0,0.0,25.971945,56.157726,14.8277,58.67139,49.98693,0.0,0.0,0.0,23.203117,81.54762,0.0,0.0,0.0,0.0,0.0,0.0,0.0,0.0,0.0,24.154116,57.5299,34.67476,24.187271,20.716032,6.971949,19.06269,85.05289,45.903564,0.0,114.621826,62.13385,23.203117,18.082792,26.258608,27.702301,32.228054,48.293034,28.46365,35.04862,37.58865,109.61797,63.20812,32.51901,33.553837,0.0,0.0,0.0,0.0,0.0,0.0,0.0,0.0,63.156128,46.87042,24.154116,34.67476,13.188767,28.447256,19.7184,6.971949,19.06269,37.58865,26.742123,35.513256,43.901123,0.0,0.0,0.0,0.0,0.0,0.0,0.0,0.0,9.142137,24.959486,49.749233,0.0,0.0,35.859215,0.0,0.0,192.34125,60.39822,97.844086,0.0,0.0,0.0,0.0,0.0,56.157726,25.187862,55.41723,28.03126,0.0,53.407043,47.338654,0.0,0.0,0.0,0.0,0.0,0.0,0.0,53.203793,0.0,19.17462,85.29061,0.0,0.0,52.92031,0.0,0.0,0.0,0.0,0.0,0.0,0.0,0.0,0.0,35.754765,64.2626
C26x21_C26x22,4.3618484,35.358883,0.0,0.0,7.1393423,0.0,0.0,0.0,23.34523,12.93756,30.634653,12.93756,62.25899,0.0,0.0,17.72869,75.323044,0.0,0.0,2.5609248,0.0,18.70428,44.69734,88.96835,24.963526,0.0,19.582405,0.0,0.0,9.909379,0.0,0.0,10.311566,10.311566,27.560574,27.560574,23.482231,34.206757,0.0,13.049551,0.0,12.130302,0.0,12.130302,16.385572,0.0,17.154839,19.585382,16.385572,0.0,0.0,0.0,0.0,20.121206,0.0,35.271553,15.571039,13.933892,26.229595,31.756212,0.0,46.01028,10.663411,0.0,52.332836,14.684009,0.0,0.0,0.0,12.441097,29.730303,0.0,21.6739,0.0,0.0,27.687037,0.0,99.06525,43.213657,26.061563,0.0,0.0,38.42836,16.754734,0.0,16.754734,16.00341,0.0,0.0,0.0,19.037163,25.27916,12.90488,29.564592,0.0,0.0,12.90488,29.564592,0.0,0.0,18.294638,32.069664,58.207684,15.799973,42.009037,22.344536,45.377186,76.54126,0.0,22.344536,0.0,0.0,16.540087,0.0,14.421479,0.0,0.0,14.421479,3.7166765,0.0,17.682178,0.0,47.17835,0.0,8.316577,29.922045,21.158081,0.90353245,0.9459512,11.400092,25.56116,77.68051,25.56116,24.414934,21.287643,19.750824,18.865149,19.749165,90.578545,0.0,23.245703,24.337034,20.732933,0.0,27.014767,16.968391,9.723371,11.929512,46.640354,0.0,0.0,47.6245,18.617985,15.165742,18.606709,0.0,36.63374,0.0,51.691845,0.0,38.125305,22.249979,0.0,69.7574,15.733112,35.685947,10.975795,10.483613,19.13102,10.188176,23.128939,5.4069343,5.6607776,6.462812,16.446508,18.272133,0.0,14.360052,0.0,9.391796,0.0,16.000378,0.0,23.417383,19.120214,44.886845,0.0,64.87944,10.148043,40.12574,9.643451,15.055241,22.247131,37.571625,2.1417103,14.317362,21.012213,0.0,25.346014,0.0,0.0,26.171316,0.0,15.92352,18.847404,72.358215,6.434676,0.0,0.0,0.0,72.3943,0.0,34.099014,32.56993,34.099014,26.488882,4.6908226,0.0,18.592636,18.592636,9.510548,9.510548,18.559757,63.576492,18.559757,25.237852,0.0,25.237852,24.153059,38.418865,28.038303,28.147741,96.42016,0.0,39.278072,0.0,0.0,11.342591,0.0,23.104515,62.421883,11.216126,0.0,17.779495,0.0,8.254766,80.887665,32.113113,0.0,81.00489,26.655064,26.655064,24.709137,8.663982,9.070736,15.66426,24.41771,21.033108,94.80759,31.915756,0.0,0.0,47.206882,0.0,92.75682,82.201225,77.38095,92.99603,67.85318,3.9369674,102.11762,69.73175,43.02428,53.708992,110.93607,110.24444,42.915848,106.38334,141.91716,58.201748,0.0,0.0,39.00819,0.0,0.0,0.0,47.833447,84.9586,112.11765,76.560356,68.87559,121.79967,64.206894,116.80109,50.457783,57.395927,10.674779,26.331911,12.901274,16.719488,16.541014,18.237635,18.860758,15.04665,17.592901,14.872654,8.020423,19.38848,12.5134325,15.799973,16.87752,13.971906,12.707276,5.1030145,18.617985,11.52102,5.907563,11.89631,4.4902377,22.403402,28.647226,0.0,61.317856,27.82605,0.0,0.0,18.763752,12.24469,18.617985,13.739879,16.331085,0.0,38.580326,42.621517,0.0,0.0,0.0,0.0,0.0,0.0,0.0,0.0,0.0,0.0,0.0,0.0,0.0,0.0,0.0,0.0,0.0,0.0,16.331085,34.56217,93.79618,71.387024,67.89488,76.31031,45.589615,47.692493,4.5603952,28.545166,51.247322,0.0,24.015139,32.2473,18.730467,39.023388,0.0,0.0,0.0,0.0,0.0,12.061054,25.47788,1.780267,41.657967,39.964027,0.0,0.0,0.0,37.21768,68.85336,0.0,0.0,0.0,0.0,0.0,0.0,0.0,0.0,0.0,10.1326065,27.77379,12.920349,7.761059,20.924805,11.89631,5.8370013,16.897352,16.927067,15.29968,14.867888,26.31402,8.020423,12.559459,16.685055,13.520033,13.313274,14.857879,18.730467,10.650162,24.111645,58.955654,33.265224,7.206066,24.111645,0.0,0.0,0.0,0.0,0.0,0.0,0.0,0.0,43.95511,17.758898,10.1326065,17.452766,14.746101,18.860758,25.459787,11.89631,7.884603,32.56993,33.999084,12.457791,10.537865,0.0,11.623507,30.71915,14.179762,36.398567,0.0,0.0,0.0,0.0,0.0,44.65706,0.0,0.0,21.770678,0.0,0.0,77.1467,26.628002,80.051254,22.19866,0.0,0.0,0.0,0.0,30.071102,24.422127,3.8972855,11.41252,0.0,0.0,0.0,11.5963125,17.845858,5.8370013,6.029474,19.346321,0.0,0.0,39.054615,72.04896,13.865145,34.589714,0.0,0.0,35.216732,24.536219,21.033108,10.33762,29.005154,0.0,0.0,0.0,10.33762,0.0,47.30537,15.137104
C26x21_C27x21,22.862875,28.659866,0.0,0.0,42.102604,3.1281497,30.417276,0.0,20.008722,12.721776,37.04554,12.721776,66.71394,0.0,0.0,20.190456,68.56887,0.0,7.8970194,4.884795,0.0,26.411957,34.94943,38.629646,13.573961,0.0,22.814695,0.0,0.0,11.545032,0.0,0.0,24.451286,22.173542,30.01097,30.01097,41.852222,55.23438,0.0,23.203491,0.0,34.166824,20.05085,24.530905,11.54639,0.0,19.986433,23.256378,24.530905,0.0,0.0,0.0,0.0,14.178771,0.0,41.288277,30.611198,26.527231,13.929222,13.82141,7.103271,27.28043,0.0,0.0,13.868368,3.981811,0.0,0.0,0.0,16.17099,21.398142,11.456685,19.268084,0.0,0.0,31.653824,0.0,39.24945,30.275057,44.133347,20.859814,0.0,46.86606,17.701887,0.0,19.520288,23.95877,7.3582993,0.0,0.0,14.31764,26.973076,23.179897,31.373032,0.0,0.0,25.56102,31.373032,0.0,0.0,12.129428,49.325806,51.775993,15.039413,61.159615,26.032751,31.790806,63.551258,21.904179,23.607685,0.0,0.0,8.095247,14.380833,0.0,0.0,0.0,22.057697,39.8129,0.0,26.198473,0.0,40.151436,0.0,12.3938265,33.736706,41.407684,6.1794653,10.696459,16.90344,27.006142,73.43925,29.78031,36.551693,17.718264,23.124525,13.359301,19.372768,117.50751,0.0,16.861717,29.1871,14.396568,0.0,30.055832,10.10081,6.6812444,11.265821,35.090656,0.0,0.0,41.02474,21.59314,7.9410906,22.809486,14.123466,36.155003,0.0,57.938595,8.717455,11.757107,25.922585,0.0,96.23659,14.975771,34.759537,11.280888,13.845912,10.153037,7.1792817,21.672758,5.925079,10.256123,11.93411,11.599179,21.28815,0.0,16.73034,0.0,10.170936,0.0,14.850769,0.0,21.104204,21.091015,58.121857,0.0,62.90329,7.151001,30.770386,7.4228888,12.253234,18.106606,43.277397,1.5091947,9.689019,24.48051,0.0,17.008009,16.873066,0.0,9.975746,0.0,19.11223,32.205807,5.956938,7.4967914,0.0,0.0,6.362813,89.145004,0.0,36.369938,23.169685,40.10599,26.925335,5.4650946,30.00555,18.848717,20.784924,11.518105,10.445142,20.885946,50.986862,17.063969,23.468904,0.0,21.282673,22.5851,39.46845,18.773619,32.19232,78.588036,0.0,46.892754,0.0,0.0,12.835047,0.0,24.431982,39.165375,16.670843,9.91858,22.931643,0.0,9.617307,68.39266,41.84738,0.0,71.039185,28.807062,26.123556,12.810408,5.9447885,10.29024,11.462378,16.694397,18.892807,63.205357,29.923782,5.8648906,16.544903,15.304378,31.770422,56.00467,30.21995,66.41531,27.99119,30.500004,42.301014,38.690197,50.06078,12.950023,54.63207,71.7905,72.16094,41.629486,32.02068,43.12316,47.405136,0.0,0.0,25.216202,0.0,0.0,0.0,43.07322,64.39878,88.56976,60.480507,79.196754,89.25409,75.75842,92.269554,24.421333,29.528131,6.789069,48.44558,24.608332,29.124474,20.083063,19.021189,19.299385,28.700497,33.68579,24.118431,14.858787,27.39479,22.2922,30.137411,32.19276,21.989317,24.238297,0.0,19.091608,20.900166,14.773707,10.289179,9.648304,32.375576,29.85807,0.0,36.235447,25.044575,14.079071,10.741272,34.08227,16.222027,19.091608,24.697023,25.238855,0.0,17.224997,19.029272,0.0,0.0,0.0,0.0,0.0,0.0,0.0,0.0,0.0,0.0,0.0,0.0,0.0,0.0,0.0,0.0,0.0,25.967548,39.155655,82.810616,48.641006,47.41767,37.799885,53.074905,34.360252,33.310287,4.3211603,31.259491,27.554747,0.0,18.402225,32.456383,52.991318,76.73826,0.0,0.0,0.0,0.0,0.0,7.9805336,29.82397,0.0,48.950817,46.781208,0.0,0.0,0.0,28.004341,56.194687,0.0,0.0,0.0,0.0,0.0,0.0,0.0,0.0,0.0,14.137066,57.555122,26.128605,13.845912,28.14579,12.588138,11.8040695,14.973606,23.86169,16.383738,0.0,16.96226,21.941523,17.591175,12.81577,36.055107,25.387402,41.849453,46.02888,9.342584,68.561226,37.353436,24.336159,38.547997,23.169685,0.0,0.0,0.0,0.0,0.0,0.0,0.0,0.0,26.480682,25.510956,14.137066,26.128605,20.584827,20.461422,35.357147,12.588138,11.8040695,49.225204,39.528694,12.483582,28.81472,0.0,7.6346736,17.053366,15.67088,21.217129,0.0,0.0,0.0,0.0,0.0,35.77603,0.0,16.478058,36.057472,0.0,9.417335,62.151897,35.370358,110.522644,17.139214,0.0,0.0,0.0,0.0,23.97466,21.050127,36.603504,21.051659,0.0,0.0,0.0,11.462378,13.558252,5.556027,0.0,16.353645,9.417335,0.0,46.575233,50.858936,10.824621,18.42441,0.0,10.657884,48.944946,28.586193,20.833544,12.043958,38.99136,0.0,0.0,23.19852,10.922009,0.0,44.951874,33.439545
C26x22_C26x23,11.592568,14.829674,0.0,0.0,15.398918,0.0,14.402264,0.0,0.0,15.900275,35.554096,15.900275,71.20726,28.426352,23.314077,7.101339,28.650923,12.639851,0.0,4.927583,0.0,30.79217,56.265347,0.0,0.0,18.084118,18.084118,0.0,44.354103,7.474787,0.0,24.902103,24.902103,14.758979,35.942455,51.1581,0.0,53.90773,13.9689,29.973036,34.260887,6.113032,0.0,8.823245,10.69316,6.113032,7.451747,12.55842,12.55842,0.0,21.584696,0.0,21.584696,14.816391,0.0,14.422348,27.585632,0.0,6.0741444,34.141403,0.0,52.13771,16.405401,9.634828,23.048931,0.0,23.630907,0.0,0.0,5.326538,12.416364,0.0,0.0,0.0,0.0,0.0,0.0,81.5199,44.50055,31.434946,21.779154,0.0,42.63998,12.769994,9.796266,12.769994,20.12514,14.8216915,14.8216915,0.0,15.595236,58.0752,29.80268,36.48491,0.0,25.277933,29.80268,51.930195,0.0,0.0,11.76617,33.89435,45.374954,8.303701,66.34936,15.243344,53.946743,59.433315,26.402246,11.743207,0.0,0.0,3.0538805,1.7458326,2.4059901,0.0,0.0,2.972662,0.0,0.0,75.63962,0.0,51.554985,0.0,49.698463,17.213278,23.481518,27.98979,17.398129,12.147498,10.105215,47.067802,11.282876,23.179186,15.549308,14.94709,19.447706,17.079626,65.82714,0.0,22.083326,15.816455,22.509367,0.0,13.123788,14.987826,9.79682,16.059952,43.24353,0.0,0.0,50.922787,0.0,12.948268,15.886109,11.826202,33.918076,0.0,40.954956,0.0,49.16166,13.41457,0.0,48.869476,0.0,78.21874,9.506417,6.7948833,6.771312,5.7486343,0.0,19.197496,10.974764,22.54621,19.607407,8.311963,0.0,15.239789,0.0,11.256123,0.0,15.344569,0.0,14.595444,11.9171295,25.741106,0.0,42.24918,10.879831,24.774807,14.6780205,10.650654,23.717962,53.654697,20.439007,24.67283,22.554886,15.301683,26.76632,0.0,12.637785,0.0,31.147726,19.789883,30.830725,44.45896,15.075627,0.0,0.0,0.0,100.178535,0.0,13.546864,34.011375,19.443516,21.69774,9.079519,20.901728,17.239399,17.239399,9.155223,8.259288,8.361651,26.727049,8.361651,12.303041,12.303041,7.0618267,0.0,37.05185,0.0,19.138432,74.62013,0.0,28.893934,0.0,1.6980871,15.994234,0.0,12.408752,75.63193,17.94702,0.0,18.344439,0.0,6.71369,112.56387,28.388418,0.0,71.12677,20.87502,20.87502,0.0,17.141373,14.1034565,23.18874,31.178696,16.655346,85.30872,87.65143,1.4213098,15.542554,65.98099,89.04331,25.08529,61.6612,71.11767,48.444233,26.501802,71.77247,31.786398,52.680035,39.35626,122.94495,86.115685,89.50965,60.88519,41.687027,55.884853,65.820816,0.0,0.0,28.003647,0.0,0.0,0.0,20.39034,75.262314,51.42455,55.75016,130.11002,91.13439,100.87972,45.707516,18.851181,35.667603,20.695467,60.912968,17.95688,32.244423,34.420254,35.09856,37.283554,26.980436,39.471897,26.509361,11.309631,37.58894,0.0,32.70761,30.956486,27.087692,15.41086,12.262334,34.25369,7.604171,0.0,0.0,0.0,0.0,22.208979,0.0,61.679768,52.77955,0.0,0.0,12.680481,2.6705594,11.886493,5.070251,0.0,0.0,0.0,54.150238,0.0,9.799326,8.363534,15.027476,12.624187,15.075627,6.6701913,34.246086,12.217868,9.912824,14.199442,2.4894865,25.961689,9.079519,10.974764,0.0,19.443516,27.62626,0.0,0.0,46.492672,47.220917,18.595198,58.029774,18.88114,41.789658,24.017916,17.192566,37.489876,0.0,22.390207,34.514057,31.431595,56.129368,0.0,0.0,0.0,0.0,0.0,18.555641,25.097507,15.2758465,31.322931,24.565525,0.0,0.0,0.0,34.55776,82.00555,0.0,0.0,0.0,0.0,0.0,0.0,0.0,0.0,0.0,13.214193,41.704063,11.997074,6.7220516,26.47745,15.840426,4.747296,0.0,0.0,2.3343995,0.0,32.192593,11.309631,9.97265,15.075627,8.426683,12.217868,15.948712,15.342619,9.079519,19.443516,46.813618,52.801205,0.0,17.902514,0.0,24.034365,0.0,14.387567,6.105851,35.65707,10.99487,49.984184,35.693996,12.190097,18.808203,17.075836,28.976635,35.69662,35.02735,22.54621,4.747296,39.94415,63.337673,23.124224,0.0,0.0,0.0,9.214594,23.97721,18.434755,0.0,0.0,0.0,0.0,22.800577,34.883434,0.0,11.254552,8.945103,0.0,12.145409,65.3812,19.588858,75.034966,23.497421,0.0,0.0,0.0,25.093813,41.001827,33.953335,30.40765,0.0,0.0,0.0,0.0,14.8071995,4.9934654,4.747296,4.26548,0.0,22.04888,0.0,29.533676,53.236877,17.633715,0.0,16.787767,6.9306307,53.77583,12.694121,16.655346,9.540222,25.961689,0.0,0.0,0.0,9.540222,8.2824135,48.565315,9.982296
C26x22_C27x22,10.808056,26.249586,11.627418,0.0,12.234746,0.0,12.234746,0.0,18.675991,18.85549,47.538,18.85549,103.71352,18.10167,18.817047,10.063511,21.650227,0.0,10.139342,3.2370505,0.0,30.763708,33.025475,34.30564,0.0,0.0,28.34236,0.0,26.09433,7.0793486,0.0,0.0,35.739414,43.63321,34.445175,48.705387,21.776903,44.608418,0.0,21.099966,20.156305,14.856127,6.2743053,9.23371,10.619116,0.0,9.580657,13.758378,13.056442,4.7447267,15.414846,0.0,12.626107,13.47996,0.0,23.665722,19.35644,19.299475,11.659847,31.270676,8.140195,46.482964,16.390238,15.100197,27.83669,0.0,13.9024935,0.0,0.0,7.1250415,19.113564,0.0,0.0,0.0,0.0,13.951559,0.0,78.33878,31.821371,32.573204,9.544924,0.0,41.211617,19.789213,0.0,16.209097,22.089624,0.0,0.0,12.935192,26.58742,48.73178,48.931488,38.62777,0.0,0.0,40.07917,54.619568,0.0,0.0,10.748317,23.652939,40.19002,16.892889,60.7407,23.890154,33.136158,77.48066,11.831363,29.166792,0.0,0.0,12.1922455,0.0,12.1922455,0.0,0.0,12.1922455,0.0,0.0,48.392788,0.0,75.22266,0.0,33.534603,26.066542,25.12259,20.985641,20.666424,20.072157,21.588783,42.867996,17.683104,24.098389,8.757382,14.962541,14.381395,12.930592,55.053596,0.0,21.129377,20.807972,22.563004,0.0,19.263071,15.1476145,3.411391,14.964185,46.30723,0.0,0.0,59.710297,16.811491,13.504251,16.568237,0.0,44.438164,0.0,37.451458,7.7225447,14.908527,21.024006,0.0,64.85721,18.149729,36.197697,5.183729,7.0643435,9.733794,5.4445143,32.65281,13.042791,12.844395,18.445293,17.838829,13.026936,0.0,23.139696,0.0,17.641172,8.736617,18.102726,0.0,13.039096,10.646378,33.679844,0.0,61.536022,8.1181755,20.138,5.144072,11.803205,16.950085,35.434166,19.269754,22.469246,19.617037,0.0,24.526016,0.0,0.0,26.725052,24.841787,15.769863,47.92565,37.987648,23.477932,0.0,0.0,0.0,91.71023,0.0,38.45965,31.988401,31.501818,23.124,14.323478,19.795963,0.0,0.0,7.0968494,8.664336,7.5536447,24.498016,9.346795,18.468796,0.0,22.548016,0.0,41.11352,22.36959,29.497944,95.66787,0.0,44.88809,0.0,0.0,9.847524,0.0,19.447634,69.238594,27.232494,13.486624,29.187511,14.454827,6.3585157,74.43981,43.992035,0.0,68.496704,26.848047,32.778,18.9803,18.059856,17.785145,27.484074,23.21671,21.987932,56.95419,53.085266,0.0,14.720306,18.163982,23.289145,29.521603,27.598747,70.05667,44.529312,36.32938,91.79566,36.059685,29.898048,15.492146,98.112816,88.56429,80.56669,95.34652,38.227962,58.10582,47.048172,0.0,0.0,21.501392,0.0,0.0,0.0,32.965416,73.894165,65.00082,53.893913,133.25995,93.41558,118.83062,58.79486,20.61564,23.601534,16.40771,42.398933,12.57752,23.052917,24.230652,24.890629,26.246315,18.575373,26.48748,17.357836,9.4909115,26.461298,0.0,23.025013,21.79228,18.982565,0.0,6.9645677,24.740974,9.816174,3.7755728,8.411704,4.1641474,23.568518,39.09476,0.0,43.576363,60.610542,0.0,0.0,24.586077,0.0,26.130941,20.67376,15.664455,0.0,19.695816,19.798204,0.0,0.0,0.0,0.0,0.0,0.0,0.0,0.0,0.0,0.0,0.0,0.0,0.0,0.0,0.0,0.0,0.0,13.104069,15.664455,35.58695,47.151104,45.063538,38.45067,67.71958,37.892696,38.21268,6.309967,20.779175,47.588596,13.4211,28.312485,37.017155,33.34495,58.67306,0.0,0.0,0.0,0.0,0.0,30.44807,30.030268,2.0995133,48.99455,40.309723,11.961507,7.472556,10.0581045,22.786142,67.68905,0.0,0.0,0.0,0.0,0.0,0.0,0.0,0.0,0.0,6.8398495,43.26254,12.555187,4.996009,28.130535,12.379256,6.128253,0.0,0.0,22.456528,4.3780117,15.873172,15.269938,27.57831,36.40576,16.508673,28.070768,30.418913,35.85694,22.210522,48.8479,32.65953,35.875355,15.817594,27.19508,9.066447,16.37448,13.049879,5.3078985,4.158113,21.289871,0.0,28.612936,32.61244,14.49048,12.2597275,17.753002,30.15512,37.11222,36.5883,17.504236,8.665334,42.930416,65.31269,24.041246,6.388606,0.0,10.771078,9.941985,16.204945,14.289119,0.0,0.0,0.0,0.0,0.0,32.50334,0.0,0.0,22.49277,0.0,19.162725,59.159096,20.065174,64.18766,18.318584,0.0,0.0,0.0,20.793247,28.613665,24.022894,17.312994,19.025091,0.0,28.497215,10.999417,19.138556,13.05941,4.4961495,4.7270656,17.74772,26.9715,0.0,37.783714,58.410248,21.311476,0.0,0.0,7.7162843,45.790512,19.549603,18.01004,4.5163355,40.68849,0.0,0.0,0.0,5.513862,0.0,50.070103,4.943135
C26x23_C26x24,17.69356,22.634304,0.0,0.0,12.344718,0.0,0.0,0.0,0.0,0.0,27.236477,0.0,49.74128,46.618267,24.276094,8.141364,54.18082,14.628124,0.0,16.753628,0.0,13.256398,31.073872,0.0,0.0,0.0,0.0,0.0,14.655094,8.803838,0.0,22.890278,22.890278,0.0,45.79224,35.711483,0.0,19.9915,12.303147,27.51629,27.510674,17.55676,0.0,17.55788,8.77894,8.776701,8.776701,0.0,0.0,0.0,0.0,25.203094,25.203094,18.742262,0.0,14.766033,26.375114,0.0,43.766804,24.09023,0.0,31.452131,12.533765,8.86158,0.0,0.0,19.815094,0.0,0.0,12.548842,0.0,0.0,0.0,0.0,0.0,0.0,0.0,65.19171,37.06522,26.652304,37.638454,0.0,54.162857,0.0,13.281214,13.281214,35.539352,25.448055,25.448055,0.0,0.0,25.45455,0.0,76.28631,0.0,38.133423,38.133423,14.146975,0.0,0.0,25.883848,70.1362,61.515793,12.439197,46.88643,11.496968,40.16626,44.21202,19.913332,0.0,0.0,0.0,16.047422,4.448263,12.642911,0.0,0.0,12.642911,0.0,0.0,55.13839,0.0,36.789356,0.0,48.51848,17.249294,34.507393,21.660887,21.655361,16.410362,0.0,51.115963,11.807179,25.25967,16.944962,17.100826,30.891846,17.065577,134.96219,0.0,19.854345,19.84928,20.425495,0.0,0.0,11.7467165,9.287416,32.49514,57.975777,0.0,0.0,65.744865,0.0,12.569893,16.430006,40.7298,46.5265,0.0,57.26536,0.0,67.288605,0.0,0.0,0.0,0.0,89.80881,9.662428,40.256695,14.750271,13.598834,0.0,7.7770023,7.7750177,6.5897264,19.702751,0.0,0.0,15.8048,0.0,5.9486656,0.0,18.072903,0.0,14.03605,14.03605,36.27664,0.0,18.184923,27.42623,25.397694,2.3028538,0.0,3.7211416,47.18101,38.43857,28.721075,24.564089,19.07274,23.998455,0.0,14.750142,0.0,31.790115,21.686935,27.8608,51.115482,3.6833987,0.0,9.306718,20.575315,95.89007,23.519094,0.0,25.6642,17.12026,25.555696,9.393144,12.718013,0.0,20.304642,10.2139,0.0,9.39367,16.270313,22.05388,0.0,0.0,0.0,0.0,43.612465,0.0,22.838524,71.0216,0.0,33.751835,9.739458,13.706046,18.838081,0.0,0.0,81.38694,19.956799,0.0,24.042168,0.0,7.9074144,75.18152,22.848076,22.601744,62.147846,23.844618,0.0,0.0,17.870094,17.865536,27.053993,45.900337,0.0,44.31255,114.625984,16.028448,15.302466,37.680973,50.41262,27.266766,67.23432,40.614468,43.983902,37.754612,43.316246,28.59553,65.86091,39.55893,76.27657,56.913517,51.117916,66.17989,46.81078,55.856647,94.48838,0.0,0.0,17.039297,0.0,0.0,0.0,20.288042,40.609283,29.916773,68.90398,76.266846,59.54318,69.2377,48.97365,27.882267,44.76877,26.73163,51.100285,26.350748,52.644817,5.9192877,28.667103,51.893772,48.600956,31.117374,41.539337,42.131832,33.03537,0.0,25.713251,37.540436,20.242313,57.41016,41.935726,46.524612,28.327858,0.0,0.0,0.0,0.0,0.0,0.0,46.576454,34.97066,0.0,0.0,0.0,0.0,0.0,0.0,0.0,0.0,13.0312605,20.557219,18.838081,17.865536,17.100826,15.201848,0.0,3.6833987,14.03605,40.478477,18.072903,24.564089,0.0,4.2768087,21.160612,9.393144,7.7750177,7.9074144,17.12026,37.818142,0.0,0.0,35.032745,31.741049,21.973389,44.57591,26.798183,51.09331,36.934536,26.520678,63.016083,0.0,10.731684,47.74565,24.918682,18.897547,0.0,0.0,0.0,0.0,0.0,8.073501,18.695356,22.0007,19.041832,19.575523,0.0,0.0,0.0,32.628513,62.59534,0.0,0.0,0.0,0.0,0.0,0.0,0.0,0.0,0.0,22.155224,67.520905,16.369705,28.28339,48.09661,15.554005,15.818866,0.0,0.0,0.0,0.0,51.538574,37.683376,35.73791,7.3682075,28.077473,36.152725,49.137585,51.121174,18.789883,34.247074,60.412327,78.77347,0.0,0.0,42.12323,39.94855,68.33279,19.522148,15.830777,57.144276,34.61943,28.499609,0.0,0.0,31.534271,23.299551,33.73103,52.228424,30.711231,6.5897264,0.0,30.140934,46.04021,0.0,0.0,0.0,10.118027,7.131977,28.028275,19.592999,0.0,0.0,0.0,26.641068,38.250362,25.609854,0.0,0.0,15.418351,0.0,0.0,67.10687,27.754225,55.78181,20.602036,0.0,0.0,0.0,39.777332,37.390713,39.696068,0.0,0.0,0.0,0.0,0.0,29.263721,0.0,8.555463,0.0,0.0,0.0,0.0,35.59773,77.87822,26.175465,0.0,19.35092,9.068091,60.58401,7.594625,3.8682094,4.2768087,21.160612,0.0,0.0,0.0,0.0,31.291525,52.88183,11.2543335
C26x23_C27x23,0.0,4.7351813,0.0,0.0,9.081554,0.0,0.0,0.0,0.0,19.757483,48.89654,19.757483,48.596348,35.041954,17.936604,10.141294,29.775366,10.199949,0.0,9.588991,0.0,0.0,0.0,0.0,0.0,0.0,0.0,0.0,0.0,14.769322,0.0,19.710657,26.110147,32.850395,28.449379,44.808884,0.0,28.496962,0.0,14.373648,19.609772,12.610284,0.0,18.201056,17.378653,12.610284,12.610284,17.378653,17.378653,0.0,32.388195,4.6042805,25.742779,20.633942,0.0,25.493761,13.777533,0.0,29.07035,37.520073,0.0,48.986095,15.78542,9.270714,0.0,0.0,20.729946,0.0,0.0,15.804409,29.98447,0.0,0.0,0.0,0.0,0.0,0.0,82.01514,51.70913,37.29076,25.836252,0.0,49.435513,19.288456,3.195172,15.330849,26.310007,12.245931,12.245931,0.0,19.167383,51.60845,47.89194,30.47992,0.0,21.117481,38.065468,65.32598,0.0,0.0,23.186634,65.170265,67.40526,8.326922,47.959393,12.027777,41.694973,45.265255,20.83272,14.815994,0.0,0.0,13.989847,10.151301,13.989847,0.0,0.0,17.284813,0.0,0.0,46.000492,0.0,69.58592,0.0,36.589962,18.411182,21.019173,27.978228,21.317202,16.323156,2.90656,50.942566,12.35231,17.023132,17.023132,18.092607,23.746038,21.304379,132.44182,0.0,26.554432,20.232382,23.6076,0.0,9.405884,26.257956,0.0,18.041311,52.435635,0.0,0.0,68.56323,0.0,0.0,23.746754,21.55415,39.327137,0.0,42.52077,0.0,0.0,5.054046,0.0,14.82215,0.0,45.090702,11.412805,19.586063,6.7571034,6.9014473,0.0,12.771898,9.267534,14.709866,26.35168,6.903386,0.0,20.24813,0.0,6.0634785,0.0,18.170488,0.0,19.216858,19.216858,72.65589,0.0,18.83486,20.975338,31.237036,10.245101,7.434042,14.488759,86.74413,26.898533,19.0561,25.470503,22.955582,31.63585,0.0,10.728785,0.0,23.907103,22.38747,29.872639,68.83774,9.237616,0.0,0.0,0.0,75.8021,0.0,22.428328,23.396753,17.826479,24.015055,9.574436,22.076561,4.6537333,24.015558,13.957912,6.0363812,10.038471,37.44952,14.965681,14.403916,14.403916,10.666547,0.0,48.374023,0.0,23.814135,88.84101,0.0,33.464577,0.0,19.844282,19.107998,0.0,5.1780434,82.58267,20.710978,0.0,24.098373,0.0,8.060032,57.719013,23.289059,0.0,75.43412,22.141382,27.857107,0.0,20.70648,15.776702,35.573895,10.276836,25.370173,45.143726,73.16921,23.092268,11.004994,43.420544,58.497253,45.14621,41.113197,92.58116,46.367672,8.390455,77.363815,34.779636,34.83744,38.515594,86.49902,70.512344,91.44318,75.98555,47.618767,40.508453,35.917583,24.28711,11.706911,14.118135,0.0,0.0,0.0,15.679078,98.74572,37.095455,51.29491,127.36181,75.20744,87.36096,50.789482,37.47331,24.517408,17.082691,26.693186,21.852772,34.81231,0.0,14.974795,44.439503,32.006447,44.616325,25.468843,21.900986,17.617361,0.0,25.807976,41.04543,4.6700788,29.98927,40.396294,26.437742,14.797585,0.0,0.0,0.0,0.0,24.103134,0.0,37.25811,92.68394,0.0,0.0,12.672182,0.0,16.310259,10.631229,0.0,0.0,2.860017,33.528755,2.9394245,12.383762,0.0,16.224237,2.1764848,9.237616,19.216858,25.014498,18.170488,18.911184,0.0,9.990948,0.0,5.4673834,9.267534,0.0,10.107145,30.134493,0.0,0.0,14.118135,53.109924,33.324837,53.224537,28.624731,21.125883,24.786509,19.913805,55.613636,0.0,41.484913,36.734562,48.418137,34.35022,0.0,0.0,0.0,0.0,0.0,20.479439,33.34783,20.297487,35.405293,32.57161,0.0,0.0,0.0,48.14077,89.973755,0.0,0.0,0.0,0.0,0.0,0.0,0.0,0.0,0.0,20.146156,43.265564,4.881431,8.070071,18.521795,13.376298,5.6993036,0.0,0.0,15.315129,0.0,15.36319,13.5113945,12.383762,9.237616,19.216858,18.170488,18.911184,23.720364,6.770149,12.605226,23.35387,68.252464,0.0,12.605226,29.87922,27.690935,49.358536,31.757483,22.340439,53.040348,41.409126,23.717684,0.0,33.09664,19.235865,11.847234,24.917177,33.420883,37.997894,13.600613,13.832211,30.592882,51.265877,10.405828,0.0,0.0,0.0,0.0,0.0,0.0,0.0,0.0,0.0,5.0556903,13.45131,31.220972,0.0,0.0,14.944532,0.0,17.107979,58.759686,43.420544,40.508453,25.207308,29.14442,48.366947,0.0,26.237446,40.71362,56.72564,0.0,0.0,0.0,0.0,0.0,19.165777,5.994839,5.6993036,0.0,0.0,17.107979,0.0,48.15168,75.226494,34.605606,0.0,15.813294,13.203457,65.0227,9.02184,20.164715,11.453388,21.569025,0.0,0.0,0.0,14.410042,18.455994,54.85069,13.249337
C26x24_C26x25,20.802816,22.595646,0.0,0.0,27.969423,0.0,11.185676,0.0,0.0,20.124733,21.90356,0.0,53.74908,27.564342,33.277813,20.622602,52.89042,27.076447,0.0,26.359797,0.0,24.684595,31.106972,0.0,0.0,19.16816,19.16816,0.0,42.86131,19.54791,0.0,18.546427,20.177845,0.0,55.82766,15.048998,18.826202,6.1034636,0.0,16.88694,6.48498,12.668196,0.0,0.0,10.279265,12.668196,12.668196,10.279265,10.279265,0.0,0.0,18.152433,18.152433,17.205309,0.0,23.347504,22.412542,0.0,0.0,32.086803,0.0,35.874134,0.0,0.0,0.0,0.0,0.0,0.0,3.1618898,16.685652,21.026884,8.158404,8.158404,0.0,0.0,13.395143,0.0,98.89151,55.53669,45.924812,46.4311,0.0,109.66473,0.0,27.832294,27.832294,22.583767,5.770268,5.770268,0.0,0.0,37.51383,0.0,53.8924,0.0,0.0,19.478382,0.0,0.0,0.0,23.761253,64.86913,32.04249,11.195878,50.64725,13.410422,21.43783,40.708897,17.922962,0.0,0.0,7.916448,17.273989,21.288513,17.273989,0.0,0.0,27.415169,0.0,0.0,38.333412,18.00106,23.828209,0.0,35.390915,18.661308,51.63174,15.431043,16.757738,8.171312,0.0,68.66831,26.711203,21.674082,21.674082,21.598877,21.699097,0.0,80.9743,0.0,15.153162,12.330881,16.579468,0.0,33.163486,0.0,18.839392,26.326479,55.62219,0.0,25.272007,59.281555,25.272007,0.0,10.799992,0.0,31.596188,0.0,47.167118,0.0,28.128635,18.191418,0.0,53.758045,0.0,53.327198,33.75283,27.387821,0.0,12.2866955,0.0,5.1508503,3.7233534,0.0,13.809646,14.604568,0.0,9.159527,0.0,0.0,0.0,9.010673,0.0,12.91172,12.913231,32.251366,0.0,35.705505,25.177153,33.66326,2.1767144,2.6825893,3.7432947,82.85418,29.474205,28.246912,21.431892,18.156303,24.360107,0.0,22.917646,0.0,6.581442,20.083094,26.856037,50.891033,19.241947,0.0,35.223454,38.366043,69.04464,25.29072,0.0,23.39505,28.832127,18.5032,6.419664,0.0,0.0,13.418093,17.817621,0.0,7.280521,22.100866,0.0,19.85247,19.85247,0.0,0.0,81.871185,0.0,20.843592,63.273144,0.0,29.552301,0.0,15.690991,8.369645,0.0,23.421492,135.48126,34.384388,0.0,33.500607,0.0,17.113804,83.33064,25.27098,18.432228,40.102993,19.97816,0.0,0.0,11.129148,11.024007,20.396168,28.263662,0.0,0.0,110.752525,17.270203,12.1061,23.398127,36.65503,23.241085,60.381683,21.877695,37.490093,32.180496,31.183487,24.373669,53.863503,34.69443,54.45364,55.85082,31.187368,56.409058,43.551605,47.009693,93.804306,0.0,0.0,0.0,0.0,0.0,0.0,63.705395,37.834366,32.14101,78.477425,30.760454,43.985497,52.294495,75.31632,23.981268,62.850418,25.896692,25.27098,43.64834,73.616714,8.42583,11.097336,73.71696,45.80965,30.980293,63.000904,23.15697,0.0,8.158404,37.10369,33.494915,31.84882,21.72811,43.619595,65.80852,23.95058,0.0,0.0,0.0,0.0,0.0,60.89735,83.62042,28.522648,0.0,0.0,0.0,0.0,0.0,0.0,0.0,0.0,0.0,0.0,2.729228,11.024007,11.344769,35.667774,0.0,19.241947,12.91172,25.471064,8.78476,14.139141,9.207321,18.128325,18.00431,0.0,0.0,17.113804,28.832127,36.330143,26.607359,28.814573,28.56074,32.850056,18.010971,43.691307,18.595905,42.090477,31.067846,49.36132,46.441936,0.0,12.218075,23.785236,11.155902,0.0,0.0,0.0,15.775862,12.894319,0.0,21.344002,23.717354,20.917545,39.896164,36.12057,0.0,0.0,0.0,9.279093,56.23662,0.0,0.0,0.0,0.0,0.0,0.0,0.0,0.0,0.0,49.297436,81.76472,21.751028,27.468206,35.330956,10.301701,14.952385,0.0,0.0,0.0,0.0,25.159018,20.054522,19.276247,19.241947,30.941414,21.590488,51.353,26.730675,15.382168,28.832127,51.533104,66.42064,18.7097,12.024368,8.892817,24.650427,47.326378,26.443417,40.53617,41.374416,39.78841,65.36799,0.0,10.88775,0.0,11.850483,28.246912,27.900284,12.657886,0.0,13.886535,23.39505,21.791605,0.0,0.0,0.0,22.010296,35.118008,37.97283,0.0,0.0,0.0,0.0,3.8597116,26.122784,25.021988,0.0,9.722978,31.728235,0.0,0.0,66.219475,8.369645,72.01794,12.657886,22.770477,29.552301,0.0,27.198248,49.733044,85.6782,22.12425,0.0,0.0,0.0,0.0,19.98543,21.479471,18.516357,16.664238,0.0,10.31866,0.0,42.932438,69.12243,16.902363,0.0,11.999184,8.507068,95.40363,11.398924,24.212912,18.128325,18.00431,0.0,0.0,0.0,0.0,28.725475,47.523216,14.809013
C26x25_C26x26,22.511532,50.858925,0.0,0.0,39.11589,0.0,26.289114,0.0,0.0,28.562874,24.085335,17.040981,40.543083,20.27348,44.117992,29.027483,66.79663,11.8136425,0.0,10.293109,0.0,21.521091,24.352396,41.98073,13.3989525,13.3989525,15.227582,18.546535,27.795162,18.346325,0.0,14.619832,14.005868,0.0,34.11708,14.619832,24.695524,10.797186,7.740832,27.416483,17.309025,44.285553,0.0,48.41694,24.20847,14.249924,19.876299,33.988995,8.855339,12.52334,0.0,12.878642,16.660765,31.043327,0.0,25.118181,23.39804,8.331939,0.0,14.855436,0.0,0.0,0.0,0.0,0.0,0.0,0.0,0.0,17.80769,18.996319,16.4611,6.281353,6.281353,0.0,0.0,23.51885,0.0,60.897873,34.642445,67.935684,35.159405,0.0,111.79325,0.0,21.173971,29.534203,15.51016,7.9299016,8.747767,0.0,0.0,29.297274,0.0,45.52653,0.0,13.399229,18.689718,4.5499926,0.0,0.0,22.111303,68.71836,30.650972,0.0,28.475998,6.8844466,12.508314,54.841957,8.54883,0.0,0.0,30.603426,16.813667,14.752705,18.009516,0.0,22.070116,29.166388,20.483192,0.0,17.313206,5.8761597,15.222357,0.0,8.287891,31.58317,76.93387,22.056503,18.10943,19.16347,0.0,48.203262,28.550564,14.291505,17.4465,7.681155,9.538151,0.0,0.0,0.0,0.0,0.0,11.566942,12.558928,35.295162,0.0,25.471157,40.079365,26.808218,0.0,37.29394,58.55188,32.674637,20.373747,27.206896,0.0,12.033928,0.0,29.582218,0.0,0.0,22.232098,0.0,70.1892,0.0,35.318035,24.6863,22.511564,0.0,0.0,35.87941,16.109495,13.226657,0.0,14.652187,0.0,0.0,18.826372,0.0,0.0,0.0,0.0,0.0,3.0502365,4.2545776,24.96673,0.0,26.72042,18.040813,18.756418,3.408124,11.113795,19.301344,74.53474,21.832281,16.837463,6.578569,20.210579,34.33472,0.0,19.556488,0.0,9.91621,20.663887,15.503886,0.0,12.397099,0.0,15.455835,51.30509,56.704597,18.24567,0.0,40.22682,33.028122,16.594217,15.655468,32.390247,0.0,10.269129,6.9224744,0.0,0.0,11.897729,1.9544469,22.149649,15.87976,0.0,0.0,83.05515,0.0,18.28857,57.776974,0.0,18.985321,0.0,9.08237,15.67161,0.0,10.595948,110.60472,29.220211,0.0,26.191648,32.153313,5.956195,42.156853,17.557335,9.993965,36.276974,21.48668,0.0,0.0,6.775654,5.5631323,23.608364,26.05638,0.0,42.52615,51.74213,16.356993,23.496834,37.55294,44.931606,53.72547,29.760895,32.72375,31.430744,9.8894205,43.394547,41.90595,70.77104,63.201637,44.785053,51.48724,45.125202,51.00635,68.414,79.14331,51.806343,0.0,0.0,0.0,0.0,0.0,0.0,67.56339,22.93441,28.91746,48.836,30.904202,35.529087,35.74775,47.209507,43.269108,61.833683,21.846735,44.58202,25.441446,92.732475,39.101784,7.093767,74.19669,71.89604,68.826706,51.038513,39.793743,50.206387,22.247301,17.481157,36.200813,10.479527,27.393316,19.222641,33.062927,71.0046,0.0,0.0,0.0,0.0,0.0,118.021355,27.922726,46.27711,0.0,0.0,0.0,0.0,0.0,0.0,0.0,0.0,0.0,9.974911,11.235455,7.7665715,8.530297,26.182295,2.9588134,13.450532,9.025568,18.84885,6.140735,11.987536,10.663721,18.909283,12.390897,11.223882,9.482594,11.789813,23.678867,38.245354,37.892967,30.695206,28.378323,45.81999,51.83166,68.540855,65.49691,33.237373,32.56609,26.895557,31.928602,12.571335,11.584754,17.977942,14.60979,12.390897,0.0,0.0,8.821203,16.519732,13.648111,22.157427,17.932444,21.421103,43.406025,40.697712,0.0,0.0,0.0,19.460379,33.79481,0.0,0.0,0.0,0.0,0.0,0.0,0.0,0.0,0.0,16.862547,46.246593,0.0,60.13369,63.800583,32.21899,14.508775,11.987536,15.718887,0.0,0.0,11.690363,34.917263,12.394984,27.62146,12.531427,8.526021,16.643932,36.972885,34.881298,73.58859,23.030535,31.686165,20.368797,47.041145,25.12324,16.111195,31.449888,36.60906,42.28244,26.830927,28.93249,42.78992,0.0,9.379533,0.0,11.146599,24.404306,22.400787,10.442183,0.0,11.789813,15.718887,20.379074,0.0,17.440317,0.0,28.19879,29.915483,29.348372,25.181112,0.0,0.0,22.167038,15.889333,19.652876,36.75539,17.284115,10.026874,24.206844,0.0,13.2984,68.971596,15.67161,43.48194,12.747401,17.696363,16.714952,0.0,39.79557,35.864887,48.41369,20.95437,16.31601,0.0,0.0,0.0,0.0,0.0,0.0,10.097255,13.2984,0.0,0.0,33.365486,111.52266,18.596575,0.0,9.770689,28.059092,76.08292,17.488209,20.100037,26.375336,6.474208,0.0,0.0,0.0,0.0,24.345692,61.5273,11.1999445
C26x25_C27x25,24.53887,0.0,0.0,0.0,33.678795,0.0,0.0,0.0,0.0,30.396206,23.94796,0.0,42.721313,20.613398,8.081494,34.604454,70.68818,30.763245,30.763245,15.384335,0.0,31.197678,0.0,43.674347,28.321613,0.0,36.252876,0.0,0.0,36.9711,0.0,17.713303,35.898094,0.0,60.184456,0.0,26.236946,0.0,0.0,0.0,0.0,43.43296,0.0,47.48481,23.742405,13.975582,13.975582,0.0,0.0,0.0,0.0,0.0,34.8451,33.77802,0.0,24.889343,24.81338,0.0,0.0,23.546358,20.836515,0.0,10.920124,5.5395093,0.0,0.0,13.277313,0.0,12.249331,30.18606,19.979864,0.0,0.0,0.0,0.0,22.314587,0.0,81.46168,44.5342,73.31284,45.19877,0.0,99.491776,0.0,19.536936,50.106663,0.0,8.644052,9.535572,0.0,0.0,32.040543,0.0,44.999588,0.0,13.24414,13.24414,0.0,0.0,0.0,0.0,55.872746,35.707806,0.0,73.723946,20.653532,26.862122,57.252113,27.262976,0.0,0.0,17.871756,23.269098,13.696978,38.701145,0.0,0.0,40.36452,18.834858,0.0,20.860647,21.845753,23.091585,0.0,21.171946,34.919586,50.00838,30.329897,21.78451,6.5003037,0.0,64.19786,50.590115,0.0,24.881353,12.855896,20.983095,0.0,0.0,0.0,16.764982,12.923446,17.063364,0.0,62.723988,0.0,27.184942,29.339613,30.64463,0.0,13.923424,75.8601,13.923424,17.259186,29.759731,0.0,21.39602,0.0,23.55928,17.338114,0.0,34.405556,0.0,54.616447,0.0,46.19302,62.07123,0.0,0.0,0.0,0.0,19.38372,11.409913,0.0,16.625366,30.158794,0.0,17.467049,0.0,0.0,0.0,16.614681,0.0,12.413527,12.413527,12.413527,0.0,45.67225,7.5774717,0.0,0.0,0.0,4.479096,84.86725,12.321623,30.53708,30.21964,18.203274,24.170534,0.0,21.317703,0.0,0.0,30.526323,55.626244,0.0,36.39243,0.0,16.847755,38.852962,20.82236,0.0,0.0,25.303139,54.90303,34.995235,0.0,10.4193325,0.0,25.377733,9.344357,0.0,5.2880497,7.278968,0.0,36.455738,17.929749,0.0,0.0,63.837273,0.0,33.130028,45.603275,0.0,54.941967,0.0,0.0,5.1618085,0.0,33.59274,129.1061,65.02121,35.918285,60.918823,0.0,32.36746,31.57381,47.79518,7.2295027,39.833157,31.389896,0.0,0.0,18.005505,10.59865,14.151154,17.84334,0.0,33.483818,28.44937,27.197126,32.982468,6.1313877,41.3903,15.208664,38.409492,30.144611,49.9048,23.04417,56.603825,42.35675,61.942127,43.262512,41.990726,37.286083,48.111828,56.160267,60.09282,65.21585,56.287506,14.65415,23.782671,0.0,0.0,0.0,0.0,56.404785,26.428612,29.10072,52.181557,28.849247,32.689735,38.58427,52.68503,31.591066,54.53829,22.422058,48.39243,25.962341,80.39766,30.095499,10.556741,57.093803,92.42515,48.889614,47.96902,2.851428,37.990215,8.523694,55.748962,70.32452,25.742786,63.426437,25.089468,37.794426,42.20802,12.355351,0.0,17.880066,21.16162,0.0,55.272465,48.19823,49.927334,0.0,0.0,0.0,0.0,0.0,0.0,0.0,0.0,0.0,0.0,0.0,10.59865,12.114596,22.699657,7.268276,9.474786,12.413527,21.798754,0.0,10.464308,14.707913,0.0,0.0,0.0,11.409913,12.578713,14.894282,28.988562,52.485954,36.788765,43.7396,61.16495,60.245872,79.892944,71.62976,45.46058,28.245459,28.165895,40.991554,0.0,12.468303,30.36482,21.845806,21.256792,0.0,0.0,0.0,12.63525,3.1671991,19.7411,29.67233,25.745073,49.698475,35.353992,0.0,0.0,0.0,3.406025,22.337885,0.0,0.0,0.0,0.0,0.0,0.0,0.0,0.0,0.0,31.749302,34.69366,0.0,48.768692,69.14027,38.76744,42.738667,23.608307,42.891563,26.282734,0.0,19.592981,4.4420323,32.938213,31.317772,38.578445,14.297886,32.52071,47.15978,0.0,47.247204,28.129461,30.131159,18.564098,57.98335,0.0,25.403261,0.0,0.0,0.0,36.3715,39.596867,32.082584,0.0,0.0,0.0,0.0,0.0,0.0,0.0,0.0,0.0,0.0,0.0,0.0,11.949678,0.0,24.920069,30.935883,24.306837,27.304487,0.0,0.0,0.0,0.0,11.780182,23.391657,18.840685,0.0,8.946873,0.0,0.0,80.315346,4.1021876,43.63249,15.438255,31.06919,34.29757,0.0,21.159925,34.262657,57.90498,0.0,0.0,0.0,0.0,0.0,0.0,0.0,0.0,0.0,0.0,0.0,0.0,42.830242,68.50859,21.128008,0.0,10.543537,21.722616,98.824,17.929325,49.770355,36.421253,34.05168,0.0,0.0,0.0,0.0,16.936829,37.77282,10.778263
C26x26_C26x27,8.338627,21.74251,0.0,11.614086,42.2867,10.088541,35.103302,0.0,24.87173,34.060017,24.656673,17.445217,43.664555,11.560414,64.45494,0.0,77.401054,0.0,0.0,11.724823,0.0,18.082727,15.835797,28.103691,23.072426,27.861013,0.0,10.996414,17.197845,0.0,0.0,23.48565,0.0,12.965415,18.335865,19.449074,19.799528,38.46239,18.13985,11.197236,11.197236,34.336372,0.0,37.192028,18.596014,33.393246,0.0,56.555004,27.653812,34.490845,15.452615,27.990978,0.0,27.538927,0.0,46.137714,24.120737,14.295903,0.0,15.849905,0.0,27.232313,0.0,0.0,0.0,0.0,0.0,0.0,18.691023,14.6563635,10.874464,0.0,0.0,0.0,0.0,36.004677,0.0,66.06918,39.39339,62.70993,24.04228,0.0,102.08425,28.781033,29.003057,0.0,43.17366,10.337968,0.0,10.258827,0.0,24.000546,15.718248,47.396767,0.0,28.47215,0.0,23.578526,0.0,0.0,13.577554,57.982594,50.90115,0.0,22.647926,0.0,9.578302,28.387667,5.8457584,6.3852224,0.0,15.632911,0.0,15.632911,12.800042,13.981269,0.0,12.800042,25.325771,0.0,20.233809,0.0,15.582039,0.0,13.488545,0.0,40.291626,11.566403,0.0,0.0,28.085722,87.451645,0.0,42.130646,4.699845,0.0,6.2575293,0.0,0.0,0.0,12.582672,0.0,14.742928,17.475708,0.0,0.0,10.090836,14.711571,29.025629,0.0,26.929125,58.183346,26.929125,11.050962,16.111353,15.133313,0.0,0.0,41.05022,0.0,23.739971,0.0,0.0,65.55067,46.24107,45.330418,0.0,42.567608,0.0,0.0,31.264767,8.819034,0.0,26.82083,0.0,0.0,0.0,0.0,0.0,0.0,0.0,0.0,0.0,0.0,0.0,15.155915,0.0,14.860288,0.0,24.207773,22.266462,0.0,33.317944,113.62368,17.15235,0.0,0.0,22.043283,22.789135,0.0,13.420533,15.66665,37.351837,0.0,0.0,28.900908,0.0,0.0,12.21569,58.232685,49.281895,13.90199,32.141697,12.094539,0.0,0.0,0.0,26.34888,0.0,0.0,0.0,0.0,0.0,21.770323,0.0,0.0,19.238697,20.76166,0.0,79.22097,18.263527,0.0,71.53914,0.0,0.0,2.1108966,22.382576,0.0,0.0,0.0,106.82038,0.0,0.0,0.0,50.332672,0.0,36.882996,0.0,7.384596,47.5699,0.0,15.277414,0.0,16.417818,0.0,9.031846,18.747118,14.656898,46.137375,63.41066,25.032825,15.414099,21.878756,39.313015,59.489532,45.114338,61.756542,19.24234,27.482489,33.206257,46.376488,48.816612,52.86583,68.03624,57.26513,73.64546,25.149906,42.27539,48.380547,58.86436,0.0,0.0,0.0,0.0,0.0,0.0,80.940254,40.12218,46.522038,88.585976,48.379654,47.022797,39.906628,86.44587,48.533455,30.34233,18.033396,24.288954,24.981348,39.492355,20.91696,11.531666,37.62908,40.9281,39.668484,54.159046,16.252266,38.81255,27.428373,13.404983,31.871294,19.1454,31.945257,24.388908,37.399292,43.821026,0.0,0.0,0.0,0.0,0.0,97.24734,0.0,42.492905,18.338541,24.850653,0.0,0.0,0.0,0.0,35.592396,0.0,0.0,7.7063446,26.329145,0.0,11.334934,63.97877,0.0,27.751385,7.1479187,39.949947,0.0,11.052347,0.0,40.21797,20.246128,13.774336,22.22149,10.006726,58.221703,25.403004,55.850624,34.874527,32.078552,75.34862,65.76195,57.410046,45.87423,25.57978,28.64679,32.79251,40.145737,0.0,18.00718,28.366594,27.905102,19.120705,0.0,0.0,0.0,0.0,0.0,31.251907,23.19901,21.753527,33.22957,26.698006,25.309158,20.75559,12.084635,28.640686,49.73729,0.0,0.0,0.0,0.0,0.0,0.0,0.0,0.0,0.0,41.86574,27.563684,13.875583,40.13116,38.04553,17.638067,7.812516,9.152736,48.2149,29.060677,0.0,13.817271,24.865583,30.314472,26.208767,7.2510133,19.19226,10.43798,47.365154,45.199486,54.98533,21.311996,29.014574,32.818348,95.0848,16.252266,23.643093,17.890871,30.106943,26.518093,36.94139,24.537434,23.982435,0.0,0.0,0.0,14.717999,25.6654,45.176674,22.917244,18.402193,8.28683,48.2149,31.209476,0.0,22.019049,0.0,31.10795,9.061041,14.076061,24.836296,0.0,36.526833,31.45594,13.307162,17.163242,36.209183,12.461009,12.342001,49.146244,11.1612625,12.623157,66.38074,55.82636,123.448975,19.293768,0.0,0.0,0.0,43.543213,25.939566,37.7358,0.0,16.683176,0.0,0.0,0.0,0.0,0.0,0.0,0.0,12.623157,0.0,0.0,42.490932,114.692345,23.50606,0.0,6.098401,31.2123,63.50469,0.0,0.0,0.0,0.0,0.0,0.0,0.0,22.20261,17.881002,54.456444,8.673192
C26x26_C27x26,17.990404,0.0,0.0,9.029876,28.716442,14.36121,0.0,0.0,22.694239,28.352528,45.8461,15.936864,44.238564,21.239243,34.114285,24.772917,64.74779,0.0,0.0,3.7713785,0.0,22.990356,15.678426,47.903446,14.327404,8.62644,14.614974,10.887134,17.89493,15.060588,0.0,15.053884,10.74162,10.530264,37.99798,15.053884,26.28919,26.842733,0.0,0.0,7.708761,35.943893,0.0,39.725674,19.862837,15.738355,16.411545,57.672386,16.088625,22.257395,14.099755,0.0,14.382756,24.287619,0.0,56.955128,13.032702,8.169699,0.0,11.90632,0.0,10.192602,0.0,0.0,0.0,0.0,0.0,0.0,20.494978,16.737988,24.104166,0.0,0.0,0.0,0.0,27.977743,0.0,56.774475,35.05916,90.56373,0.0,0.0,92.7495,26.261286,0.0,26.788385,26.261286,0.0,0.0,0.0,0.0,29.593147,10.082545,53.129253,0.0,21.048529,10.284916,21.048529,0.0,0.0,12.961536,54.261864,29.81776,0.0,23.235718,5.943143,9.858424,42.020855,0.0,5.8262033,0.0,28.456238,17.312551,13.717631,18.151846,9.139852,20.521643,24.483644,14.666194,0.0,20.825554,14.310386,21.928776,0.0,12.307638,25.601568,46.03894,20.514685,10.660532,15.846843,24.723597,47.983017,25.219833,24.723597,33.74701,4.7920704,4.6977797,0.0,0.0,0.0,10.375809,4.272716,10.71607,12.702423,31.29873,0.0,13.646682,17.834364,29.70784,0.0,34.528088,50.76817,30.251366,11.703167,14.700822,0.0,0.0,0.0,41.533123,0.0,14.437648,16.622602,0.0,47.437595,13.747567,47.35552,26.653831,26.12938,0.0,46.010715,17.375177,16.092554,0.0,46.72525,14.57339,9.132221,0.0,16.289326,0.0,0.0,0.0,0.0,0.0,0.0,3.6728537,23.414427,0.0,25.150331,9.758844,0.0,14.501498,0.0,18.99044,79.33915,16.844334,20.174845,5.6790876,29.444117,23.288261,0.0,15.151301,14.295053,23.185125,16.824945,18.875202,18.250706,12.64157,0.0,15.940095,52.664253,44.775475,0.0,26.482853,27.22187,27.0144,12.928085,13.514913,21.00065,8.690608,8.865041,5.9759707,5.8583856,0.0,0.0,0.0,19.36199,25.90855,18.981016,0.0,79.92571,19.228558,16.453321,49.27802,0.0,18.641247,0.0,0.0,13.528847,0.0,9.170227,99.03551,28.603941,0.0,23.747759,26.633541,5.141811,30.992907,17.403082,2.240818,34.43092,18.096863,17.74078,6.7465415,14.758107,4.802491,13.426911,26.930264,17.371696,35.30429,50.44955,28.192163,28.576605,36.319412,38.61181,51.960716,49.076828,24.026808,25.487434,9.564576,58.412994,47.25197,71.91584,61.125607,75.63944,48.58266,70.935425,54.097237,67.704926,77.510864,50.18449,0.0,0.0,13.636299,11.286361,13.636299,9.678994,51.560005,28.512253,40.911453,86.15834,51.46691,58.204166,36.809074,81.11348,41.37803,43.631004,22.288116,48.84294,13.63617,53.794765,26.846893,2.5471287,28.50292,60.58709,29.730167,30.343391,0.0,37.675102,21.598698,18.506866,36.080265,0.0,45.054073,20.557318,43.431763,43.31663,0.0,0.0,0.0,0.0,11.549646,102.572296,16.981205,41.020214,15.943153,22.07167,0.0,0.0,0.0,0.0,0.0,0.0,2.946555,13.6331,0.0,11.693614,13.656831,20.616108,0.0,11.092341,8.849821,16.396534,2.6272168,6.9241714,8.7936325,6.8405786,6.371166,10.243702,12.750965,8.601127,21.569298,0.0,53.779697,33.9541,25.327131,91.82418,80.79819,88.28672,47.25072,31.944435,40.270004,23.97794,32.70815,11.14328,14.076026,16.64463,19.739521,11.858017,0.0,0.0,9.859023,18.463287,15.306155,39.9093,60.475693,50.431343,69.24465,45.532017,21.571228,18.386814,11.100084,21.281805,30.506348,0.0,0.0,0.0,0.0,0.0,0.0,0.0,0.0,0.0,26.375761,25.84398,12.660791,36.952522,47.53635,32.18511,21.710373,6.9241714,26.482853,24.528877,0.0,16.865099,18.103138,26.706352,25.333143,20.211584,6.000145,15.813705,45.081924,23.394983,49.260845,21.935276,30.448032,33.537136,68.19007,11.188906,24.257557,4.5383058,24.175016,18.83094,40.948215,24.432028,32.370667,0.0,8.690608,10.449442,8.952532,15.985574,28.041117,17.74078,12.750965,8.601127,26.482853,18.503805,0.0,15.239562,0.0,20.402187,15.508298,16.858406,17.343224,0.0,1.8616575,4.3431334,0.0,0.0,25.284931,0.0,0.0,0.0,25.255238,11.787752,83.28906,38.96097,77.797264,24.215664,17.72037,18.641247,0.0,49.734886,57.78734,84.06661,0.0,22.299726,0.0,0.0,0.0,0.0,0.0,0.0,0.0,11.787752,0.0,0.0,35.493267,68.89633,17.76487,0.0,15.743032,19.883411,61.353287,12.720204,17.72037,22.769062,10.403178,0.0,0.0,0.0,22.321049,14.271326,54.940887,9.245476
C26x27_C26x28,8.069214,20.482433,10.211948,2.3774624,73.69896,23.664047,25.647903,0.0,26.518967,36.31579,18.751741,0.0,42.284294,31.638275,0.0,0.0,69.75399,0.0,0.0,8.926056,0.0,15.488767,17.18284,28.967745,23.781794,21.904423,0.0,0.0,26.534874,0.0,0.0,20.61864,0.0,16.617155,23.500206,24.926952,16.432877,38.96416,11.343312,11.343312,15.797743,38.052334,0.0,31.457067,0.0,33.612625,0.0,44.480103,33.366894,41.616405,23.531466,26.311298,0.0,0.0,31.184994,18.44488,15.6942425,19.609955,0.0,26.195393,0.0,32.91998,0.0,0.0,0.0,0.0,0.0,0.0,24.566881,10.636157,0.0,22.299034,15.216139,0.0,0.0,19.295628,0.0,62.821213,26.324915,53.50363,16.066427,24.756163,100.10363,32.710922,32.74686,0.0,0.45417675,0.0,0.0,18.08202,0.0,42.571243,32.348797,27.555744,0.0,45.79837,0.0,29.22871,0.0,0.0,0.0,66.56224,60.829967,0.0,50.539967,0.0,22.171766,70.43424,13.531708,14.780455,0.0,23.585426,0.0,16.935131,13.866286,15.145908,4.4380064,13.866286,16.935131,0.0,21.896317,0.0,21.09595,0.0,14.596831,0.0,19.28814,0.0,0.0,0.0,24.820938,43.146313,0.0,6.1313305,0.0,0.0,12.211007,0.0,41.446976,0.0,0.0,0.0,0.0,15.291592,0.0,12.846586,0.0,2.9765697,37.42725,0.0,29.02356,65.583824,24.818054,0.0,0.0,12.836457,0.0,0.0,66.56529,0.0,22.141186,0.0,0.0,39.25091,20.138693,61.08332,0.0,32.39499,15.988641,0.0,3.4821439,0.0,0.0,18.315228,0.0,0.0,0.0,0.0,0.0,0.0,18.362541,0.0,0.0,4.35711,0.0,42.61609,0.0,14.615134,0.0,12.313449,12.560027,0.0,35.5544,90.03748,0.0,0.0,0.0,0.0,0.0,22.27368,0.0,25.240534,60.17753,0.0,0.0,41.440056,0.0,0.0,0.0,73.659035,61.701744,0.0,27.42993,0.0,0.0,0.0,0.0,34.613506,26.19322,0.0,0.0,28.764833,0.0,28.672064,6.727538,0.0,0.0,25.244854,0.0,54.47068,8.181623,0.0,57.359283,0.0,0.0,0.0,27.598063,0.0,0.0,0.0,102.28369,0.0,0.0,0.0,40.419895,0.0,41.16215,0.0,0.0,54.275806,0.0,31.223442,19.251553,0.0,0.0,0.0,15.274215,34.09174,63.34464,51.861958,0.0,0.0,29.655855,44.64542,60.576397,35.880787,43.252346,28.042435,30.777573,42.66658,33.759327,53.08513,50.50521,52.497456,50.67117,58.37055,31.52714,40.280823,44.51484,59.28635,22.4846,24.10366,0.0,0.0,0.0,0.0,65.68457,73.74698,58.56916,92.097565,91.078,87.90957,44.796955,69.88333,40.69234,44.76541,10.716074,24.708097,21.638273,32.44101,16.133484,7.5031195,30.912941,29.03546,31.174791,32.211178,17.477358,29.02439,17.846369,16.526506,26.968433,18.138432,20.785295,19.05829,22.954014,26.29948,0.0,0.0,0.0,0.0,21.113907,93.19321,0.0,50.970158,25.957918,23.005184,0.0,0.0,0.0,0.0,35.114,0.0,18.138432,19.12498,17.477358,29.987106,31.302116,49.658695,18.138432,11.903034,12.4064665,34.103203,20.314686,10.450865,21.230526,44.060356,26.939407,43.213497,20.478851,12.946518,38.8344,30.5399,33.290897,41.453907,37.725994,54.596554,59.43499,39.8401,46.61178,28.936209,30.852722,62.838814,33.842636,31.786747,38.520634,31.884548,35.583633,22.979147,0.0,0.0,0.0,0.0,0.0,27.692707,16.322552,20.567474,10.092157,24.119175,16.610342,18.817572,19.798225,28.560453,38.76262,0.0,0.0,0.0,0.0,0.0,0.0,0.0,0.0,0.0,40.679615,0.0,3.5096633,30.540794,30.552643,25.901644,16.374752,0.0,19.531977,45.448624,14.6064415,18.046278,26.739946,30.489128,18.211363,18.981604,31.080992,8.97206,43.716507,37.098755,33.339302,0.0,43.924282,34.672474,38.519085,24.340582,36.326183,25.019806,48.706837,53.37442,61.68659,39.34677,28.597588,24.518557,34.197495,43.14936,3.7227423,3.7071846,37.637054,24.335302,27.474186,17.368896,19.531977,24.80391,14.722579,25.18932,16.758001,0.0,0.0,0.0,0.0,0.0,30.980597,26.25161,14.310255,26.046146,24.09129,0.0,17.910366,43.83434,20.567692,0.0,36.166466,60.034542,53.041267,0.0,0.0,0.0,0.0,19.506317,24.74672,32.635597,28.042915,25.65785,0.0,19.66201,0.0,0.0,0.0,0.0,0.0,18.569952,26.4098,0.0,83.51559,137.28067,21.32765,0.0,0.0,37.615284,104.32928,0.0,0.0,0.0,0.0,0.0,0.0,13.903141,31.121181,0.0,41.303696,19.114388
C26x27_C27x27,11.367883,25.643892,0.0,0.0,33.955177,36.455307,0.0,0.0,32.2733,27.798391,39.11381,0.0,49.62253,29.798729,39.23903,0.0,113.946075,0.0,0.0,3.3429825,0.0,26.05162,24.016762,40.488735,24.776781,40.13911,0.0,0.0,34.506428,0.0,0.0,26.131294,0.0,23.142546,21.892532,16.130136,22.628984,22.154812,0.0,0.0,0.0,48.675056,0.0,29.530537,0.0,51.540016,0.0,40.549065,31.814249,44.99214,30.61587,20.350964,0.0,0.0,0.0,68.039085,0.0,21.43008,0.0,25.533361,0.0,34.477356,0.0,0.0,0.0,0.0,0.0,0.0,21.391722,18.667542,17.209444,12.616222,0.0,0.0,0.0,32.582222,0.0,77.037056,40.634895,87.462685,26.960287,0.0,78.381744,50.959213,10.446337,0.0,34.087296,18.394928,0.0,0.0,0.0,44.665524,39.90601,37.75054,0.0,60.662277,0.0,37.445175,0.0,0.0,0.0,46.69234,37.506332,0.0,23.049438,0.0,12.859927,16.171259,0.0,14.985392,0.0,22.807098,0.0,16.376266,13.408694,5.9821215,0.0,13.408694,26.53003,0.0,28.878645,0.0,36.17538,0.0,22.510038,0.0,43.899654,0.0,0.0,0.0,39.442207,48.731804,0.0,26.383419,21.203657,0.0,10.865757,0.0,0.0,0.0,0.0,0.0,0.0,0.0,0.0,8.609128,0.0,3.5159829,36.38659,0.0,41.8543,82.78582,29.130943,0.0,13.196266,11.84391,0.0,0.0,56.87439,0.0,24.377398,0.0,0.0,57.44124,45.565903,89.05177,0.0,28.675417,18.816826,0.0,3.805344,0.0,0.0,22.411964,0.0,0.0,0.0,0.0,0.0,0.0,0.0,0.0,0.0,0.0,0.0,22.985014,0.0,18.837812,0.0,0.0,14.836154,0.0,29.714104,88.77011,0.0,0.0,0.0,28.792732,0.0,0.0,16.676416,22.386482,73.32233,0.0,0.0,31.594105,0.0,0.0,0.0,58.86909,49.28056,0.0,39.749413,0.0,0.0,0.0,0.0,19.827282,46.492355,0.0,0.0,41.635807,0.0,34.19771,7.9467015,0.0,24.092087,44.81515,0.0,75.14644,43.698875,0.0,68.597244,0.0,0.0,0.0,10.757662,0.0,0.0,0.0,86.52891,0.0,0.0,0.0,38.53737,0.0,44.864265,0.0,0.0,61.30205,0.0,49.616234,22.523386,0.0,0.0,0.0,23.143202,59.593147,65.12008,46.47918,30.790487,18.80441,4.187494,22.592716,33.535942,48.665604,36.787025,10.847455,15.492662,35.0876,27.469955,36.88777,37.807236,67.34451,35.91563,68.6178,29.009779,28.550976,60.548332,93.74378,0.0,0.0,0.0,0.0,0.0,0.0,24.97344,67.037315,54.67276,73.47808,98.63686,71.54163,42.489483,56.871708,56.139908,55.139732,16.12086,22.068626,8.118985,27.24597,14.011481,5.8711205,21.86907,32.92706,13.524908,20.792889,0.0,27.83352,11.219547,0.0,17.351637,7.664439,31.433834,9.755401,30.052801,29.345015,0.0,0.0,0.0,0.0,24.940165,103.51795,0.0,29.417114,24.881891,31.81396,0.0,0.0,0.0,0.0,24.555368,0.0,7.664439,22.510506,0.0,35.694756,43.836777,44.13927,12.416616,29.315958,14.074034,43.635433,25.010956,14.213117,20.451838,0.0,26.318964,21.268902,28.486797,24.570415,54.540447,27.596455,38.531624,38.091793,40.520077,86.37819,72.27626,59.94308,50.029247,31.792269,39.427307,26.13085,33.09258,15.926438,29.41159,45.980083,58.373432,24.85597,0.0,0.0,0.0,0.0,0.0,50.80751,44.75555,40.861435,61.408325,40.10346,35.8264,21.164146,20.750237,4.187494,46.867317,0.0,0.0,0.0,0.0,0.0,0.0,0.0,0.0,0.0,39.386906,22.93706,0.0,40.55316,40.36185,18.29857,8.793597,8.77337,33.666336,53.58941,0.0,13.861921,3.1098826,33.710583,27.686369,13.291699,23.62067,13.423051,58.373432,28.752888,51.508705,25.17261,42.599155,39.812645,89.072754,0.0,30.685743,0.0,40.781628,0.0,53.135597,30.394005,28.97097,7.0198774,31.099356,27.850748,0.0,17.81468,37.630398,33.188957,17.584126,15.166649,33.666336,21.826132,0.0,33.088238,0.0,0.0,0.0,0.0,0.0,0.0,0.0,0.0,0.0,12.178034,13.799953,15.484108,10.569329,0.0,0.0,0.0,63.982292,12.268792,89.072754,26.67309,0.0,0.0,0.0,44.64494,45.429893,65.7259,0.0,30.303585,0.0,0.0,0.0,0.0,0.0,0.0,0.0,0.0,17.698503,0.0,70.98532,89.47978,23.04778,0.0,11.434323,0.0,91.66185,0.0,0.0,0.0,0.0,0.0,0.0,0.0,52.22942,0.0,51.94139,15.522328
C26x28_C26x29,16.628157,23.689983,21.04367,26.003815,53.59229,0.0,0.0,0.0,0.0,22.089403,41.230694,0.0,42.54853,59.46169,10.364192,15.975101,26.898952,5.2187066,0.0,11.817806,0.0,19.081703,19.081703,19.081703,2.6304877,19.081703,16.374445,0.0,23.979784,24.780447,0.0,27.886375,15.524383,18.17035,0.0,10.764522,21.698969,43.461395,31.297573,16.907959,34.263245,61.45026,21.343449,0.0,0.0,53.056225,21.343449,67.980316,20.480429,34.459766,0.0,27.719883,23.787064,0.0,37.046833,45.441406,13.309389,0.0,0.0,41.286648,0.0,14.162666,0.0,0.0,0.0,0.0,0.0,0.0,33.704758,19.02418,0.0,9.183342,16.06124,0.0,0.0,10.783075,0.0,0.0,25.087727,20.672684,0.0,25.979149,82.57329,26.093246,26.121914,0.0,15.458223,11.450759,0.0,0.0,0.0,55.771904,25.857891,0.0,0.0,39.68459,19.313421,15.318792,0.0,0.0,0.0,73.13215,51.768684,0.0,50.8559,14.940999,21.129765,49.599937,0.0,16.070518,0.0,14.843197,0.0,14.843197,0.0,0.0,19.77079,0.0,41.10724,14.937996,20.86726,0.0,21.741875,0.0,0.0,10.947468,0.0,0.0,22.73274,14.030846,23.130516,43.908726,4.13175,13.703035,0.0,11.562647,0.0,0.0,86.808525,0.0,0.0,17.957846,0.0,20.093458,22.910658,10.713847,0.0,0.0,39.378265,0.0,4.204477,43.87231,7.097094,0.0,0.0,16.261166,0.0,0.0,24.147589,0.0,23.80954,9.077843,0.0,39.948856,0.0,10.574197,22.020363,6.824082,11.597178,17.808773,26.796633,0.0,14.606942,59.844124,0.0,0.0,0.0,19.022846,0.0,0.0,30.934727,16.800457,0.0,15.578815,8.785126,69.436005,0.0,26.574411,0.0,0.0,17.385677,0.0,57.922653,103.39199,0.0,0.0,0.0,0.0,0.0,12.734671,0.0,0.0,42.049026,8.714508,8.735086,33.523853,10.76109,0.0,0.0,82.010765,30.67099,0.0,0.0,0.0,13.16211,22.03485,23.967655,23.291622,5.6160502,23.998829,29.425873,22.756113,6.082117,38.17645,9.614182,25.556393,0.0,13.476568,0.0,52.480255,0.0,12.167448,40.39252,0.0,7.4089227,0.0,18.399109,15.800629,0.0,0.0,82.28578,26.184044,0.0,21.285847,27.312458,11.704465,0.0,16.285168,0.0,83.786224,14.593286,44.137436,0.0,0.0,18.335043,0.0,12.309049,36.043697,50.559994,0.0,0.0,0.0,31.763271,47.81803,64.94109,45.503105,48.243736,30.035198,42.776028,45.698578,34.570633,41.38184,41.532894,41.008587,69.99851,44.29564,31.207949,36.683186,26.45918,76.464424,22.264452,20.434843,27.142527,0.0,0.0,0.0,94.805176,82.77484,59.31503,68.86347,68.24233,116.48443,53.545464,61.044437,34.525818,56.758423,48.978985,23.849037,28.191792,31.62909,11.541603,9.099431,38.345585,25.979149,22.744661,41.06423,23.13945,36.636894,13.263901,21.880554,34.04151,22.362898,27.914038,25.23255,28.326378,35.87994,22.172293,14.606942,11.704465,23.348135,21.645685,29.446918,13.602863,28.99785,0.0,0.0,0.0,0.0,0.0,0.0,29.88373,0.0,15.979022,9.354856,24.849834,30.003685,44.033997,45.812782,41.394966,20.306105,50.0025,36.859146,43.423492,14.439891,37.9942,24.076418,31.424086,27.93033,51.040424,13.639614,15.338259,0.0,25.009462,20.12162,34.109737,51.711006,78.52197,34.846184,61.659946,22.540468,39.96427,19.25059,28.393791,31.402874,31.17896,27.354412,31.161982,17.58445,15.5258665,14.243662,0.0,0.0,0.0,53.739067,20.61673,39.044697,33.7822,36.12091,0.0,0.0,0.0,35.83872,39.576687,0.0,0.0,0.0,0.0,0.0,0.0,0.0,0.0,0.0,0.0,0.0,0.0,0.0,0.0,0.0,0.0,5.573995,0.0,17.448088,20.418968,25.570621,45.491844,52.78871,30.982426,27.012966,48.37047,7.800895,63.440887,69.00565,37.89524,8.717716,39.297596,41.72324,0.0,27.204536,32.84675,45.021523,43.979755,30.25659,35.137566,36.39516,13.843393,31.48923,3.3270736,13.481232,10.803976,8.506205,0.0,26.148005,19.702301,0.0,0.0,17.346064,18.385397,45.262417,36.636894,0.0,0.0,0.0,0.0,0.0,0.0,28.851822,46.2789,24.618097,0.0,0.0,12.315321,35.136597,13.880696,0.0,18.967073,34.89002,29.063799,0.0,0.0,0.0,0.0,33.62921,29.095816,36.02947,31.152422,19.333296,20.945934,21.157562,16.29677,0.0,0.0,0.0,0.0,21.998844,31.2863,0.0,35.928085,93.08646,28.671747,0.0,0.0,26.109993,114.06196,17.19715,28.040453,20.660522,12.434084,0.0,0.0,14.960655,13.888604,0.0,42.380745,25.628885
C26x28_C27x28,0.0,25.801516,22.91933,18.1088,30.890312,38.81698,0.0,0.0,39.528656,20.65382,27.950981,0.0,43.493565,54.371887,0.0,0.0,108.21304,0.0,0.0,4.211365,0.0,36.18891,0.0,34.96387,21.415592,55.478848,0.0,0.0,63.595337,0.0,0.0,35.20461,0.0,37.846012,31.430145,22.224468,13.157832,51.723434,0.0,0.0,0.0,53.261944,0.0,41.343822,0.0,64.00908,0.0,70.531364,29.234499,44.012978,57.555904,29.990484,0.0,0.0,27.066147,30.805494,0.0,17.126726,0.0,29.173492,0.0,43.92113,0.0,0.0,0.0,0.0,0.0,0.0,34.263348,15.854047,0.0,14.92674,11.758004,0.0,0.0,17.66646,0.0,53.60735,25.482193,59.890965,0.0,27.544895,42.472416,0.7685225,14.552783,0.0,8.611933,27.29449,0.0,23.564142,0.0,42.931744,49.457737,41.07338,0.0,65.58235,0.0,29.043266,0.0,0.0,0.0,78.84019,54.51379,0.0,60.73435,0.0,22.031456,30.367174,0.0,37.517334,0.0,3.1378436,0.0,3.1378436,0.0,22.43266,4.1768165,0.0,10.928385,0.0,20.939587,0.0,35.65799,0.0,20.939587,0.0,32.47472,0.0,0.0,0.0,10.374959,11.613082,0.0,6.0925293,0.0,0.0,16.257837,0.0,55.19187,0.0,0.0,0.0,0.0,11.498785,0.0,10.316841,0.0,0.0,56.32493,0.0,19.005684,76.35328,39.313084,0.0,0.0,17.410387,0.0,0.0,55.336834,0.0,25.857092,0.0,0.0,35.834217,0.0,71.94546,0.0,31.82768,17.210306,0.0,3.041197,0.0,0.0,46.489677,0.0,0.0,0.0,0.0,0.0,0.0,22.024797,0.0,0.0,10.656974,0.0,52.040955,0.0,20.746845,0.0,0.0,13.472477,0.0,35.981518,98.82991,0.0,0.0,0.0,0.0,0.0,22.956598,0.0,28.443079,59.28283,0.0,0.0,54.729378,0.0,0.0,0.0,64.63363,26.84921,0.0,24.426321,0.0,0.0,0.0,0.0,6.797843,56.263462,0.0,0.0,73.84697,0.0,29.358795,7.3233695,0.0,0.0,59.56154,0.0,60.863857,29.661997,0.0,56.03344,0.0,0.0,0.0,7.1184726,0.0,0.0,0.0,99.39413,0.0,0.0,0.0,49.578026,0.0,45.779934,0.0,0.0,53.484276,0.0,47.782074,29.702991,0.0,0.0,0.0,11.186177,76.599304,75.42259,46.986496,0.0,0.0,26.221256,38.037914,53.827003,55.03042,46.01157,24.794695,26.815168,37.112576,29.6658,22.96422,34.615635,67.50575,31.57852,69.92395,36.237087,6.8566685,54.44939,81.87399,0.0,21.541061,0.0,0.0,0.0,0.0,28.77963,79.75086,62.00501,39.80339,117.00627,66.002815,62.808968,14.3312435,43.565548,75.57877,29.150362,12.187634,12.686269,31.858015,0.0,9.173881,34.17137,35.086098,0.0,26.19411,0.0,31.817904,14.977095,0.0,22.733,11.976021,38.746704,0.0,32.2249,33.038754,0.0,0.0,0.0,0.0,24.316296,45.25887,0.0,40.03456,38.692364,34.706036,0.0,0.0,0.0,0.0,31.750904,0.0,7.0632486,15.136221,0.0,42.409153,53.462475,48.67523,18.297924,31.475725,20.7404,54.148476,35.844566,16.88669,24.298954,0.0,38.785313,25.26971,8.32064,35.33467,52.898,0.0,26.572086,29.559967,47.942833,31.640766,52.859795,44.98118,18.64957,42.939903,46.72958,38.872467,21.002903,21.00319,9.269671,19.005684,26.222546,14.971662,0.0,0.0,0.0,0.0,0.0,41.143776,22.505358,31.038935,23.76573,36.352596,26.812511,28.094866,28.425804,26.221256,40.770386,0.0,0.0,0.0,0.0,0.0,0.0,0.0,0.0,0.0,61.328014,15.450183,5.2314353,45.011135,46.57138,38.608486,14.312046,6.518493,20.41935,68.407104,11.5003805,29.200977,0.0,35.288654,26.19095,17.258087,29.826262,14.0514145,56.52593,21.026926,44.016422,18.702902,42.324333,36.957165,54.024525,0.0,48.613567,0.0,67.21102,0.0,77.86998,59.724434,0.0,26.071327,33.03982,43.365456,3.6991837,3.6837242,31.924713,28.05926,27.300322,13.639665,20.41935,23.652222,14.629412,54.094624,24.979147,0.0,0.0,0.0,0.0,0.0,0.0,0.0,0.0,19.075077,0.0,0.0,6.167749,0.0,21.754995,0.0,43.94839,79.69356,61.618374,0.0,0.0,0.0,0.0,20.9742,25.328033,34.685688,11.947503,32.58326,15.189639,26.113815,23.137741,0.0,0.0,0.0,0.0,0.0,28.949856,0.0,81.29848,62.00079,15.664255,0.0,0.0,0.0,124.00158,0.0,0.0,0.0,0.0,0.0,0.0,18.465256,52.37759,0.0,44.44374,22.457073
C26x29_C26x30,13.4826145,23.048832,8.980036,0.0,27.107937,20.365753,0.0,0.0,0.0,16.285234,36.21903,0.0,24.70004,71.07924,4.9772196,25.915112,53.262775,18.2431,0.0,11.035864,0.0,5.6633987,4.6630096,4.6630096,0.0,7.0766006,0.0,0.0,5.8599567,35.508293,12.848721,13.616714,16.374731,0.0,0.0,14.621471,13.296533,35.31989,33.37562,27.637522,40.40075,69.840065,27.33871,0.0,0.0,59.63757,27.33871,93.715546,24.411524,40.838272,0.0,14.959624,19.064919,0.0,22.576551,33.765327,14.981734,11.198233,0.0,39.315975,0.0,18.155802,0.0,0.0,0.0,0.0,0.0,0.0,23.47287,22.06937,0.0,19.2614,25.769175,0.0,0.0,14.127936,0.0,26.33606,27.540226,22.888182,0.0,18.953133,56.329483,0.0,26.853548,0.51221025,0.4573674,9.122071,0.0,0.0,0.0,25.012316,0.0,0.0,18.812868,30.251854,23.97559,21.408499,0.0,0.0,0.0,88.722725,50.115765,0.0,37.880466,9.331608,15.092136,38.800735,0.0,0.0,17.717098,0.0,0.0,20.161545,20.161545,0.0,12.772568,34.920822,34.920822,0.0,35.7762,23.502766,17.357439,0.0,34.211926,27.79297,0.0,0.0,18.990055,2.999056,0.0,50.145924,11.181433,9.984225,9.984225,17.784105,27.504868,24.763662,97.22678,0.0,0.0,28.321167,0.0,20.057362,17.733461,0.0,0.0,0.0,28.745037,0.0,0.0,33.02135,0.0,0.0,0.0,0.0,0.0,0.0,22.197313,0.0,10.074317,16.919382,0.0,65.928925,0.0,30.316526,15.776228,14.08705,14.109014,21.205017,3.1660764,0.0,29.649193,101.63574,0.0,6.5085545,0.0,11.5109825,0.0,27.967422,41.777435,27.085304,0.0,33.247932,21.188112,42.48982,0.0,34.856247,0.0,0.0,0.0,0.0,45.250786,105.0817,0.0,0.0,8.479028,0.0,0.0,0.0,0.0,0.0,30.39439,0.0,26.386414,31.615587,3.1165268,0.0,0.0,108.86264,35.455696,0.0,0.0,0.0,0.0,19.13121,19.378122,33.832474,0.0,19.667286,26.331942,0.0,14.624864,35.823456,0.0,24.929588,0.0,0.0,0.0,69.36523,0.0,0.0,0.0,0.0,0.0,0.0,29.542206,14.591692,0.0,0.0,70.86763,17.457783,0.0,26.85213,40.111427,0.0,19.43967,30.203344,0.0,87.778656,38.28165,0.0,0.0,0.0,20.31719,0.0,13.745604,0.0,44.489952,24.71583,0.0,0.0,23.50415,30.709581,47.896626,41.644756,31.679865,31.50211,41.232307,30.58899,30.387949,49.962822,34.984287,38.61964,61.663692,30.81636,26.376253,43.524597,0.0,55.459465,0.0,0.0,16.562714,0.0,23.766754,0.0,43.985718,52.024227,46.137238,91.42124,63.74624,93.19185,39.86222,79.64066,21.59971,34.92362,34.048527,41.918247,27.050554,36.977856,0.0,17.61426,24.229094,23.633135,17.686255,52.493217,20.251337,39.923855,25.769175,22.65202,49.13969,35.52604,40.792366,25.897943,23.02408,38.13143,27.630394,29.649193,0.0,24.70037,0.0,0.0,8.70915,29.245905,30.56352,29.191341,0.0,0.0,0.0,0.0,5.537715,0.0,28.405302,22.811316,20.101385,31.47066,36.162453,20.906404,26.640259,20.695656,40.150867,42.068943,21.252958,6.653218,33.989037,30.378801,33.310364,33.26243,25.011778,6.537177,0.0,0.0,23.790884,21.477036,23.766754,75.97756,45.15679,44.818142,42.71005,18.32121,20.275965,38.452297,37.20142,35.265785,57.51953,25.000303,36.603825,35.304398,36.674316,0.0,20.708426,23.071293,25.42723,90.87618,64.57786,70.919205,27.550146,89.51618,0.0,0.0,0.0,32.12529,49.356808,0.0,0.0,0.0,0.0,0.0,0.0,0.0,0.0,0.0,0.0,0.0,0.0,0.0,0.0,0.0,0.0,6.653218,0.0,13.592641,22.723234,61.655663,31.349066,43.649837,24.236166,47.019676,58.190575,18.216501,41.10185,41.632324,0.0,21.447487,58.76189,0.0,0.0,34.34888,47.82672,59.25475,65.042015,44.593193,45.034916,48.024315,16.65779,31.33354,17.56149,23.512552,5.811677,11.553995,15.58856,34.182793,26.474625,0.0,0.0,23.561193,24.972923,60.41234,21.137833,0.0,0.0,0.0,0.0,0.0,0.0,23.61969,33.290913,27.491207,20.8852,0.0,4.0853133,62.976124,26.697424,0.0,25.503736,21.272373,0.0,34.182793,0.0,0.0,0.0,49.701176,34.243595,44.400978,28.547283,0.0,16.311571,16.476376,12.6910515,0.0,0.0,0.0,0.0,17.509424,0.0,0.0,26.567253,92.646866,38.74193,0.0,0.0,31.798555,153.53731,18.865246,37.82292,18.943563,18.452057,0.0,0.0,0.0,0.0,0.0,53.4969,29.046728
C26x30_C26x31,29.24148,31.157326,19.476158,0.0,0.0,0.0,0.0,0.0,0.0,12.696314,35.94827,0.0,0.0,100.43207,0.0,32.814247,38.949635,0.0,0.0,0.0,0.0,7.632748,5.0910664,9.348169,8.998185,5.3971677,0.0,0.0,16.97303,11.719648,15.002226,15.002226,13.002948,0.0,0.0,11.610708,36.78024,51.84073,17.463676,43.88465,54.91982,132.23613,54.85025,0.0,0.0,40.903057,54.85025,180.92166,48.97738,103.87228,0.0,0.0,9.688395,0.0,26.87473,49.213768,15.977727,0.0,0.0,31.78496,0.0,21.08296,14.359202,16.081013,0.0,0.0,15.307541,0.0,0.0,0.0,0.0,22.387976,0.0,0.0,0.0,68.98789,0.0,57.074093,52.1887,32.95174,0.0,35.128006,122.3697,0.0,10.760621,12.050926,10.760621,10.07465,0.0,0.0,0.0,17.8064,0.0,0.0,23.18543,23.18543,36.23867,32.35856,0.0,0.0,0.0,59.800014,39.35509,0.0,79.3502,9.697329,20.56382,58.19261,0.0,0.0,18.19708,0.0,0.0,0.0,0.0,0.0,0.0,24.275019,0.0,0.0,25.000898,25.000898,34.36861,0.0,23.582968,4.524429,0.0,0.0,0.0,0.0,0.0,65.63487,16.26523,14.523695,14.523695,6.3795,28.172832,28.82066,89.49386,0.0,0.0,13.439625,0.0,18.555285,19.51234,0.0,0.0,8.703484,40.56336,0.0,0.0,53.856873,0.0,0.0,13.212257,0.0,0.0,0.0,26.373117,0.0,32.51194,0.0,0.0,31.13387,0.0,55.71555,12.341179,11.019796,17.793217,0.0,0.0,0.0,21.023144,69.34412,0.0,25.453297,0.0,0.0,0.0,8.795274,51.007587,24.132336,0.0,17.077791,12.3696375,88.98691,0.0,38.58404,0.0,0.0,0.0,0.0,78.85428,111.012886,0.0,0.0,16.461325,0.0,0.0,0.0,0.0,0.0,46.930035,20.471146,0.0,19.266943,15.384943,0.0,0.0,64.727844,0.0,0.0,0.0,0.0,20.294098,14.242225,20.484547,21.54838,0.0,30.759459,15.566294,0.0,16.559093,46.28328,0.0,0.0,0.0,0.0,0.0,75.023796,0.0,0.0,0.0,0.0,0.0,0.0,36.58008,0.0,0.0,0.0,73.669174,24.44454,0.0,18.217733,72.99718,0.0,33.477093,0.0,0.0,80.29938,0.0,0.0,0.0,0.0,0.0,0.0,5.2119803,0.0,51.78052,51.203438,0.0,0.0,0.0,17.010109,16.314453,11.200616,54.005,17.025795,45.316425,0.0,42.562515,21.158052,16.686558,63.62496,0.0,25.005358,22.829536,28.557192,35.630756,72.23346,0.0,0.0,0.0,0.0,19.241173,0.0,42.678417,84.66959,66.72994,90.357025,99.75187,90.09498,42.745266,73.64157,33.549652,30.178198,21.316368,27.46996,7.7165465,14.757493,19.456984,20.754238,35.276047,53.254894,17.733984,67.94939,15.330884,24.54927,23.734058,20.56382,40.96091,37.24761,22.974533,33.628128,32.052,17.446945,27.72295,21.023144,0.0,35.18669,0.0,0.0,41.789772,35.97038,24.54927,17.446945,0.0,0.0,0.0,0.0,0.0,0.0,26.157598,21.208645,15.330884,24.088713,29.866732,14.757493,15.387392,15.784121,33.35326,30.244875,17.831316,0.0,22.816154,22.99349,26.912594,23.631227,26.167599,4.985761,0.0,0.0,19.686586,40.34685,24.901613,65.76785,33.832634,27.050892,0.0,30.366814,64.44654,22.42972,44.21322,28.781527,44.894417,37.147392,31.864824,52.321102,47.369858,0.0,7.7165465,14.868223,39.42714,36.599327,54.53534,40.75957,23.657242,54.64211,0.0,0.0,0.0,33.516735,46.849728,0.0,0.0,0.0,0.0,0.0,0.0,0.0,0.0,0.0,0.0,0.0,0.0,0.0,0.0,0.0,0.0,0.0,0.0,0.0,5.9640174,49.01545,21.075289,33.11463,37.090904,45.850555,58.17962,39.685905,34.335968,49.38532,48.926178,8.776733,44.786724,0.0,0.0,48.212612,75.75426,81.419334,72.785446,72.31,51.544655,84.51944,19.576607,33.99028,27.466013,13.899593,22.727985,19.43157,21.827236,0.0,18.772173,0.0,18.12119,0.0,7.8535542,44.404926,0.0,0.0,0.0,0.0,0.0,0.0,0.0,0.0,0.0,10.423961,12.311257,0.0,4.748455,46.858932,20.533018,0.0,38.24901,40.90299,34.59603,0.0,0.0,0.0,0.0,62.091076,44.564266,40.34938,30.711973,0.0,10.325473,19.11605,22.860512,0.0,0.0,0.0,0.0,0.0,0.0,0.0,60.028854,131.60582,23.968344,0.0,0.0,34.284973,141.90295,24.242199,47.085533,9.50411,21.408255,0.0,0.0,0.0,0.0,0.0,82.86076,24.63334
C27x18_C27x19,61.789436,0.0,0.0,0.0,0.0,0.0,0.0,0.0,0.0,0.0,0.0,0.0,62.17176,0.0,0.0,0.0,152.37103,0.0,0.0,0.0,0.0,31.728662,0.0,0.0,0.0,0.0,0.0,0.0,0.0,0.0,0.0,0.0,0.0,0.0,0.0,0.0,0.0,73.63928,0.0,0.0,0.0,0.0,0.0,0.0,0.0,0.0,0.0,0.0,0.0,0.0,0.0,0.0,0.0,65.6225,0.0,0.0,0.0,0.0,71.872314,63.98381,0.0,0.0,43.922554,0.0,0.0,0.0,0.0,0.0,0.0,90.66234,90.66234,0.0,0.0,0.0,0.0,0.0,0.0,0.0,140.25894,119.692276,91.60448,87.67113,0.0,0.0,112.07554,0.0,0.0,0.0,0.0,0.0,0.0,89.221634,0.0,0.0,0.0,0.0,0.0,0.0,0.0,0.0,35.22365,0.0,64.61727,0.0,0.0,0.0,0.0,0.0,0.0,0.0,0.0,0.0,64.95964,97.68319,145.50208,0.0,0.0,0.0,0.0,0.0,75.29585,0.0,72.607315,0.0,41.841415,0.0,0.0,94.26111,0.0,0.0,0.0,72.00879,0.0,0.0,21.994114,0.0,65.73574,0.0,122.35736,0.0,66.82939,0.0,75.394684,0.0,0.0,0.0,0.0,73.97788,35.22579,56.372227,0.0,43.257446,0.0,0.0,65.0049,0.0,0.0,0.0,51.986103,0.0,0.0,0.0,0.0,98.51444,0.0,0.0,0.0,0.0,0.0,0.0,0.0,45.287872,0.0,45.287872,41.415794,0.0,0.0,0.0,0.0,0.0,25.901484,0.0,0.0,0.0,0.0,59.817318,0.0,52.5515,62.141827,78.73771,0.0,0.0,0.0,134.89726,28.043911,37.7393,0.0,0.0,34.827263,0.0,0.0,0.0,0.0,0.0,0.0,0.0,0.0,0.0,0.0,0.0,0.0,0.0,0.0,55.387043,0.0,0.0,0.0,0.0,0.0,0.0,0.0,0.0,0.0,0.0,137.0674,0.0,0.0,0.0,0.0,46.487362,0.0,0.0,0.0,0.0,0.0,0.0,0.0,0.0,0.0,0.0,0.0,0.0,0.0,0.0,46.733166,0.0,0.0,0.0,0.0,151.56017,0.0,0.0,0.0,41.460033,0.0,40.94073,0.0,0.0,0.0,0.0,0.0,0.0,6.5750117,130.55225,101.084236,82.09979,134.00421,124.09705,156.68591,159.12704,74.151825,112.07554,64.10531,88.32992,147.71883,117.293396,27.4595,70.18371,93.50172,75.998764,0.0,0.0,56.135593,0.0,0.0,0.0,0.0,122.33358,111.602905,83.82468,0.0,0.0,52.928314,42.39376,74.891594,9.919321,0.0,0.0,0.0,0.0,0.0,0.0,0.0,0.0,0.0,0.0,0.0,0.0,0.0,0.0,0.0,0.0,0.0,0.0,0.0,0.0,232.98903,104.27716,0.0,0.0,0.0,0.0,93.78104,71.628296,0.0,0.0,0.0,0.0,0.0,0.0,0.0,0.0,0.0,0.0,0.0,0.0,0.0,0.0,0.0,0.0,0.0,0.0,0.0,0.0,0.0,0.0,0.0,0.0,0.0,0.0,0.0,57.825706,0.0,0.0,0.0,49.543102,47.673588,89.12942,76.95804,86.51489,0.0,0.0,89.9517,200.62042,98.63692,70.42927,113.12392,105.38272,0.0,0.0,0.0,0.0,0.0,0.0,0.0,0.0,0.0,0.0,0.0,0.0,0.0,5.1985407,67.28084,0.0,0.0,0.0,0.0,0.0,0.0,0.0,0.0,0.0,0.0,0.0,0.0,0.0,0.0,0.0,0.0,0.0,0.0,0.0,0.0,41.352287,13.150023,100.356606,103.82029,119.634636,157.26578,215.61159,60.68463,0.0,159.73438,146.09485,78.64563,0.0,55.387043,0.0,0.0,0.0,0.0,0.0,0.0,0.0,0.0,80.00654,0.0,0.0,0.0,0.0,0.0,0.0,0.0,0.0,0.0,0.0,0.0,0.0,48.45209,0.0,0.0,0.0,0.0,0.0,0.0,0.0,4.4003763,47.133846,73.76948,0.0,0.0,0.0,0.0,0.0,122.46291,6.5750117,79.86719,0.0,0.0,0.0,0.0,0.0,0.0,0.0,0.0,0.0,0.0,0.0,0.0,0.0,0.0,0.0,0.0,0.0,0.0,0.0,0.0,0.0,69.74684,0.0,0.0,0.0,0.0,0.0,0.0,0.0,0.0,0.0,0.0,0.0,0.0,0.0,79.943886,0.0
C27x18_C28x18,72.78909,0.0,0.0,0.0,0.0,0.0,0.0,0.0,0.0,0.0,0.0,0.0,67.31826,0.0,0.0,0.0,163.98338,0.0,0.0,0.0,0.0,24.577625,24.577625,0.0,0.0,0.0,0.0,0.0,0.0,0.0,0.0,0.0,0.0,0.0,0.0,0.0,0.0,86.19786,0.0,0.0,0.0,0.0,0.0,0.0,0.0,0.0,0.0,0.0,0.0,0.0,0.0,0.0,0.0,89.71597,0.0,0.0,0.0,0.0,81.50416,85.51679,0.0,0.0,57.642014,0.0,0.0,0.0,0.0,0.0,0.0,118.98123,118.98123,0.0,0.0,0.0,0.0,0.0,0.0,0.0,41.90282,169.96974,122.836,117.477806,0.0,0.0,74.23813,0.0,0.0,0.0,0.0,0.0,0.0,0.0,0.0,0.0,0.0,0.0,0.0,0.0,0.0,0.0,81.10177,0.0,164.08435,0.0,0.0,0.0,71.714645,0.0,56.526382,0.0,0.0,0.0,101.05118,0.0,110.28902,0.0,0.0,0.0,0.0,0.0,0.0,0.0,59.75748,0.0,0.0,0.0,0.0,104.67062,0.0,0.0,0.0,55.850235,0.0,0.0,28.864101,0.0,0.0,0.0,181.49814,0.0,46.795876,0.0,78.80176,0.0,0.0,0.0,0.0,87.88157,54.793938,48.801144,0.0,52.40378,0.0,0.0,0.0,0.0,0.0,0.0,121.83393,0.0,0.0,0.0,0.0,141.9439,0.0,0.0,0.0,0.0,0.0,0.0,0.0,49.879055,0.0,49.879055,57.46911,0.0,0.0,0.0,0.0,0.0,45.55873,0.0,0.0,0.0,0.0,78.5016,0.0,49.555096,0.0,96.30166,0.0,0.0,0.0,93.75595,16.011486,20.55676,0.0,0.0,36.701897,0.0,0.0,0.0,0.0,0.0,0.0,0.0,0.0,0.0,0.0,0.0,0.0,0.0,0.0,90.58987,0.0,0.0,0.0,0.0,0.0,0.0,0.0,0.0,0.0,0.0,148.47618,0.0,0.0,0.0,0.0,40.503147,0.0,0.0,0.0,0.0,0.0,0.0,0.0,0.0,0.0,0.0,0.0,0.0,0.0,0.0,92.55765,0.0,0.0,0.0,0.0,157.23514,0.0,0.0,0.0,63.333134,0.0,0.0,0.0,0.0,0.0,0.0,0.0,0.0,11.939718,109.59814,108.19061,112.24178,123.03027,79.818405,129.54155,151.44,105.142334,74.23813,80.0442,54.085094,112.44201,79.03975,49.86435,39.93963,131.06763,92.16663,0.0,0.0,92.5888,0.0,0.0,0.0,0.0,29.583162,50.17527,66.70093,48.59397,0.0,0.0,0.0,93.80795,77.410774,0.0,0.0,0.0,0.0,0.0,0.0,0.0,0.0,0.0,0.0,0.0,0.0,0.0,0.0,0.0,0.0,0.0,0.0,0.0,0.0,55.343697,112.28551,140.26112,0.0,0.0,0.0,94.28599,64.75344,0.0,0.0,0.0,0.0,0.0,0.0,0.0,0.0,0.0,0.0,0.0,0.0,0.0,0.0,0.0,0.0,0.0,0.0,0.0,0.0,0.0,0.0,0.0,0.0,0.0,0.0,0.0,110.87198,0.0,0.0,0.0,0.0,0.0,0.0,0.0,104.80756,0.0,0.0,0.0,203.12057,40.92096,65.02024,49.9043,47.628265,0.0,0.0,0.0,0.0,0.0,0.0,0.0,0.0,0.0,0.0,0.0,0.0,0.0,6.8223343,60.895718,0.0,0.0,0.0,0.0,0.0,0.0,0.0,0.0,0.0,0.0,0.0,0.0,0.0,0.0,0.0,0.0,0.0,0.0,0.0,0.0,94.48476,17.257507,132.44354,207.51917,157.0032,241.33023,281.34277,114.243,0.0,189.44339,81.91199,87.480484,0.0,90.58987,0.0,0.0,0.0,0.0,0.0,0.0,0.0,0.0,54.498444,0.0,0.0,0.0,0.0,0.0,0.0,0.0,0.0,0.0,0.0,0.0,0.0,10.753125,0.0,0.0,0.0,0.0,0.0,0.0,0.0,5.774859,60.578808,96.8118,0.0,0.0,0.0,0.0,0.0,121.022354,8.628754,94.721695,81.26109,0.0,0.0,0.0,0.0,0.0,0.0,0.0,0.0,0.0,0.0,0.0,0.0,0.0,0.0,0.0,0.0,0.0,0.0,0.0,0.0,73.057945,0.0,0.0,0.0,0.0,0.0,0.0,0.0,0.0,0.0,0.0,0.0,0.0,0.0,84.48928,0.0
C27x19_C27x20,46.038677,0.0,0.0,0.0,44.172672,0.0,0.0,0.0,36.674744,0.0,40.435146,0.0,55.6885,0.0,0.0,0.0,159.33752,0.0,0.0,15.211047,0.0,20.841154,18.765545,18.765545,18.272362,0.0,0.0,0.0,0.0,0.0,0.0,0.0,0.0,0.0,11.455301,11.455301,22.410595,84.43184,0.0,30.615904,0.0,26.04458,0.0,0.0,0.0,0.0,0.0,0.0,0.0,0.0,0.0,0.0,0.0,0.0,0.0,53.766644,37.616013,37.616013,0.0,41.30033,0.0,0.0,28.795483,0.0,25.927687,25.246273,0.0,0.0,0.0,54.57925,49.143604,0.0,0.0,0.0,0.0,91.64686,0.0,54.03361,103.64124,76.41507,25.63015,0.0,65.75648,0.0,60.61045,0.0,30.274977,0.0,0.0,0.0,27.745115,57.86134,0.0,27.623491,0.0,0.0,0.0,27.623491,0.0,0.0,0.0,57.867794,52.53365,0.0,84.58745,0.0,74.69985,0.0,27.415617,0.0,0.0,0.0,0.0,76.30026,104.7264,0.0,0.0,0.0,39.77933,0.0,98.32471,0.0,54.57019,0.0,65.80954,0.0,12.83945,0.0,0.0,0.0,0.0,45.474182,0.0,23.062666,13.660123,0.0,55.593086,0.0,224.53108,0.0,0.0,0.0,0.0,0.0,0.0,0.0,0.0,34.47719,43.18865,31.252302,0.0,61.187313,25.34204,0.0,51.480164,34.478943,0.0,0.0,39.636387,0.0,0.0,0.0,0.0,113.27675,0.0,15.403819,0.0,16.194912,0.0,0.0,50.212524,0.0,0.0,34.905396,0.0,0.0,0.0,0.0,0.0,0.0,0.0,0.0,0.0,0.0,0.0,32.079662,0.0,45.889545,0.0,47.56034,0.0,0.0,0.0,119.695946,0.0,0.0,0.0,0.0,0.0,0.0,0.0,47.051743,0.0,0.0,0.0,0.0,0.0,0.0,0.0,0.0,67.704895,0.0,0.0,0.0,0.0,0.0,0.0,0.0,0.0,0.0,0.0,0.0,0.0,0.0,72.232216,0.0,0.0,0.0,6.050888,21.846642,35.8857,0.0,0.0,0.0,0.0,0.0,0.0,0.0,0.0,0.0,113.634544,0.0,0.0,0.0,0.0,0.0,43.32859,0.0,0.0,88.40207,0.0,0.0,30.424982,0.0,0.0,0.0,0.0,0.0,22.905882,32.810406,0.0,0.0,10.002979,46.91654,81.12687,64.35297,82.45602,27.001938,41.06603,25.296322,60.983826,71.65893,25.335407,26.93971,55.749325,82.115234,25.271555,16.936869,0.0,92.94549,0.0,0.0,0.0,0.0,0.0,0.0,25.925076,106.42615,78.71195,92.49032,76.54779,124.23991,32.618046,63.909237,39.079086,0.0,36.105515,66.40737,0.0,18.250704,30.228268,0.0,52.318542,54.03361,30.388126,10.440335,2.0679479,22.905882,15.598534,38.94495,0.0,48.981056,48.999615,26.049316,25.34204,42.89141,53.3431,24.502419,8.48305,0.0,0.0,0.0,36.726326,21.357317,0.0,0.0,20.497768,39.77933,25.34204,25.14841,18.250704,0.0,0.0,0.0,0.0,0.0,0.0,0.0,0.0,0.0,0.0,0.0,0.0,0.0,0.0,0.0,0.0,0.0,0.0,0.0,0.0,53.510254,18.250704,74.142456,25.567352,39.31653,70.11438,76.28481,48.236874,43.8937,0.0,67.766396,102.48567,59.65662,57.626427,43.8937,50.84913,61.871468,0.0,0.0,0.0,0.0,0.0,52.91041,52.495403,0.0,47.72869,0.0,0.0,0.0,0.0,8.460706,53.677856,0.0,0.0,0.0,0.0,0.0,0.0,0.0,0.0,0.0,28.995783,48.90966,28.68828,16.194912,32.558506,24.502419,8.48305,80.41355,50.05114,0.0,106.97375,48.759434,16.13544,68.38313,50.075684,64.159325,52.101704,95.70237,132.45708,92.79759,36.34674,102.86706,52.195293,20.497768,0.0,0.0,0.0,0.0,0.0,0.0,0.0,0.0,0.0,61.66463,32.591267,28.995783,28.68828,0.0,52.318542,44.83395,24.502419,8.48305,36.34674,26.52271,14.013664,0.0,0.0,0.0,0.0,0.0,0.0,0.0,0.0,0.0,0.0,0.0,34.144196,0.0,0.0,48.850574,0.0,0.0,112.186,8.06772,100.23621,44.9636,0.0,0.0,0.0,0.0,52.495403,34.31312,58.51974,56.298504,0.0,0.0,0.0,0.0,0.0,0.0,0.0,21.357317,0.0,0.0,24.196579,0.0,52.25605,66.26851,0.0,0.0,22.676142,0.0,0.0,0.0,0.0,0.0,0.0,0.0,0.0,0.0,33.423023,30.524357
C27x19_C28x19,70.2657,0.0,0.0,0.0,0.0,0.0,0.0,0.0,36.127796,0.0,36.127796,0.0,62.977932,0.0,0.0,0.0,121.51872,59.026802,0.0,0.0,0.0,30.784468,24.062792,0.0,0.0,0.0,0.0,0.0,0.0,0.0,0.0,0.0,0.0,0.0,0.0,11.16689,0.0,85.45992,0.0,0.0,0.0,0.0,0.0,0.0,0.0,0.0,0.0,0.0,0.0,0.0,0.0,0.0,0.0,38.826283,0.0,44.35744,0.0,0.0,43.82912,30.624462,0.0,0.0,37.85113,0.0,0.0,0.0,0.0,0.0,0.0,71.74342,56.07851,0.0,0.0,0.0,0.0,55.242516,0.0,73.367325,43.97288,104.75664,85.88285,59.984077,84.06048,0.0,40.48559,0.0,35.014847,0.0,0.0,0.0,0.0,32.087696,0.0,0.0,0.0,0.0,0.0,25.491425,0.0,0.0,33.221436,68.97787,81.023674,0.0,76.91455,0.0,82.237785,71.63972,53.03805,0.0,0.0,0.0,42.737614,71.38489,106.329956,0.0,0.0,0.0,0.0,0.0,66.29006,0.0,52.09651,0.0,36.836956,0.0,0.0,52.123398,0.0,0.0,0.0,63.398224,0.0,22.482018,37.218082,0.0,29.877142,0.0,186.42911,0.0,36.03093,0.0,46.977646,0.0,0.0,0.0,0.0,48.223267,45.82378,42.518776,0.0,40.966087,0.0,0.0,57.595592,22.42425,0.0,0.0,18.0708,0.0,0.0,0.0,0.0,132.0186,0.0,13.570738,0.0,21.985977,0.0,0.0,0.0,19.680391,0.0,25.980448,19.902449,0.0,0.0,0.0,0.0,0.0,15.795221,0.0,0.0,0.0,0.0,39.010773,0.0,52.41733,35.350323,48.62782,0.0,0.0,0.0,130.77414,17.101715,23.014149,0.0,0.0,15.926675,0.0,0.0,43.423885,0.0,0.0,0.0,0.0,0.0,0.0,0.0,0.0,69.2388,0.0,0.0,40.967503,0.0,0.0,0.0,0.0,0.0,0.0,0.0,0.0,0.0,62.161594,63.35873,0.0,0.0,0.0,0.0,46.368675,37.3338,0.0,99.83542,0.0,0.0,0.0,0.0,0.0,0.0,0.0,120.99171,0.0,0.0,0.0,40.483253,0.0,66.5286,0.0,0.0,130.14247,0.0,0.0,28.772402,20.695803,0.0,24.966442,21.59277,0.0,26.570358,42.261757,0.0,0.0,3.4997725,85.87069,71.01968,57.5189,91.526,68.07613,85.57169,95.787865,57.68873,74.40091,48.746704,54.165173,98.06258,75.91572,23.727844,47.770668,75.28652,54.56176,0.0,0.0,23.282398,0.0,0.0,0.0,0.0,74.60691,72.598045,65.47161,50.99459,79.935165,29.616142,38.939995,55.58995,29.220932,34.136093,0.0,0.0,0.0,0.0,0.0,0.0,0.0,0.0,0.0,0.0,0.0,0.0,0.0,0.0,0.0,0.0,0.0,0.0,0.0,0.0,0.0,0.0,0.0,49.09798,0.0,79.33665,30.7944,0.0,0.0,0.0,0.0,0.0,0.0,0.0,0.0,0.0,0.0,0.0,0.0,0.0,0.0,0.0,0.0,0.0,0.0,0.0,0.0,0.0,0.0,0.0,0.0,0.0,0.0,0.0,92.46732,0.0,0.0,0.0,51.061287,56.83804,60.767433,37.818394,50.033955,0.0,39.740593,58.006104,108.175064,33.225033,21.636477,35.72775,36.317017,0.0,0.0,0.0,0.0,0.0,41.2585,43.03882,0.0,45.233418,0.0,0.0,0.0,0.0,3.4997725,87.44866,0.0,0.0,0.0,0.0,0.0,0.0,0.0,0.0,0.0,0.0,0.0,0.0,0.0,0.0,0.0,0.0,0.0,0.0,0.0,0.0,73.58042,0.0,66.88224,179.18954,58.398697,189.78177,201.751,133.50037,90.37237,132.39392,90.65044,88.8509,0.0,47.19718,0.0,0.0,0.0,0.0,0.0,0.0,0.0,0.0,70.19529,43.07432,28.265753,27.965994,19.904287,50.398308,46.15059,17.021015,8.269472,35.431637,27.65262,13.66084,0.0,21.723545,0.0,0.0,0.0,0.0,0.0,0.0,0.0,0.0,0.0,38.944584,0.0,0.0,21.296608,0.0,0.0,124.585785,0.0,88.44014,76.40047,10.177477,53.10946,0.0,0.0,43.03882,28.131918,52.897293,0.0,0.0,0.0,0.0,0.0,0.0,0.0,0.0,0.0,0.0,0.0,19.01271,22.757532,70.36712,0.0,0.0,0.0,24.433168,0.0,0.0,0.0,0.0,0.0,0.0,0.0,0.0,0.0,70.93911,17.179543
C27x20_C27x21,30.117487,37.75392,0.0,0.0,59.357502,23.150648,39.2928,0.0,21.294958,11.288524,32.87194,11.288524,80.48695,0.0,0.0,33.80798,87.73724,0.0,21.195267,0.0,0.0,18.721884,17.94071,34.31907,18.097324,0.0,11.711547,0.0,0.0,11.919635,0.0,0.0,12.403412,11.247978,15.223673,15.223673,47.90998,85.83535,0.0,36.0587,0.0,13.54704,7.9500995,9.726428,4.5781074,0.0,7.924559,17.560707,9.726428,0.0,26.867188,0.0,29.627083,14.69779,0.0,42.799652,26.145641,22.65744,16.836136,27.04849,13.901097,0.0,4.252885,0.0,0.0,4.1110096,0.0,0.0,0.0,18.694353,0.0,14.813399,24.913475,0.0,0.0,40.29384,0.0,41.174313,33.52705,46.29772,21.882816,0.0,92.320335,32.67921,0.0,36.03614,44.229958,19.558582,0.0,0.0,38.05672,48.015022,9.222765,12.482629,0.0,0.0,10.17016,12.482629,0.0,0.0,12.846093,56.966473,58.72028,12.766299,56.61263,22.098063,35.228374,53.94588,18.593498,20.03953,0.0,0.0,22.170841,39.903934,31.700329,0.0,0.0,60.410473,55.193703,20.070763,37.797092,0.0,70.69578,0.0,21.82216,21.50258,26.391792,14.301908,24.756151,35.500656,7.538339,21.951807,8.312704,10.202828,4.9457736,32.2039,18.604557,27.687359,165.75874,0.0,18.925838,32.760025,22.347645,0.0,42.82296,9.964859,8.375477,14.122614,19.212732,20.550491,0.0,22.89143,12.048777,17.838898,30.079704,18.385075,10.606188,0.0,38.46977,19.85231,0.0,26.242392,0.0,97.37201,15.160526,0.0,22.476234,27.586832,17.340445,12.261545,35.47956,6.572053,11.376015,13.237226,14.441041,16.016878,0.0,8.571519,0.0,11.794733,0.0,22.319681,0.0,16.005802,15.995799,44.080643,0.0,70.80809,18.25605,28.190233,7.4907146,7.273479,16.192429,41.995087,8.2255535,13.648694,34.16732,0.0,8.829994,9.576444,0.0,32.48126,0.0,25.858446,20.75599,0.0,25.012424,0.0,0.0,8.139064,73.30609,0.0,15.745933,10.031039,17.363413,40.266304,28.23543,17.17278,37.418217,41.26195,17.757147,16.10299,21.32102,52.048965,17.419426,19.344149,0.0,17.542154,19.875788,34.76734,18.363985,29.913874,73.02587,0.0,52.873135,0.0,23.477196,0.0,0.0,26.651833,70.04209,27.340088,16.266415,33.066326,0.0,9.929361,62.478268,38.120564,0.0,86.26288,32.666,29.62302,13.431486,11.331512,19.61449,10.995584,16.014536,0.0,48.464394,21.656923,12.133413,0.0,0.0,31.855923,42.812958,34.626595,44.366085,23.760494,31.42284,26.61855,32.1829,38.74713,14.254186,10.935259,35.12346,43.295532,13.336519,8.938067,18.66966,47.260994,0.0,0.0,14.431738,0.0,0.0,0.0,31.813475,124.73756,90.4839,108.93958,43.12635,98.75144,37.49632,26.184225,23.071428,17.547436,29.500294,44.13115,22.285748,38.116173,28.955574,0.0,31.650883,30.108019,34.184086,0.0,0.0,35.438766,28.82363,25.582329,0.0,33.832184,27.617823,39.05331,10.652943,23.431526,38.294403,11.41268,9.961364,0.0,34.49125,0.0,18.891216,18.59181,18.213133,12.042221,17.694384,44.428043,10.652943,27.501728,33.030933,0.0,26.501928,34.06598,0.0,0.0,0.0,0.0,0.0,0.0,0.0,0.0,0.0,0.0,0.0,0.0,0.0,0.0,0.0,0.0,0.0,32.31099,51.244312,86.76611,27.838226,37.28056,44.395046,44.18216,34.698105,19.170238,0.0,31.15424,46.73654,0.0,45.032887,18.110369,79.24745,56.249393,0.0,0.0,0.0,0.0,0.0,31.23185,23.65756,2.492362,49.674915,22.14307,0.0,0.0,0.0,6.782417,61.795364,0.0,0.0,0.0,0.0,0.0,0.0,0.0,0.0,0.0,21.79473,64.89532,19.65876,27.586832,40.584877,13.962668,12.1870775,20.328386,26.541864,9.29872,19.452187,38.62825,0.0,33.530987,42.75876,27.344831,38.155514,58.409065,68.83528,48.268494,29.682768,60.82504,35.02747,20.012842,18.747192,0.0,0.0,0.0,0.0,0.0,0.0,0.0,0.0,22.605034,50.64401,21.79473,19.65876,28.997364,33.55662,40.09353,13.962668,12.1870775,21.311468,25.475443,14.476595,47.273727,0.0,16.84391,9.196914,16.429106,12.142988,0.0,0.0,0.0,0.0,0.0,20.47534,0.0,13.812053,31.762648,0.0,6.990947,69.399055,10.889796,47.84946,19.43515,0.0,0.0,0.0,0.0,19.384403,18.542835,29.123783,37.68643,0.0,0.0,0.0,10.995584,11.175334,5.7363043,11.201646,12.140109,6.990947,0.0,38.090603,0.0,26.4894,13.37962,0.0,20.183105,31.968853,29.931181,0.0,13.256873,28.580793,0.0,0.0,17.004591,12.021936,0.0,35.657616,39.03525
C27x20_C28x20,42.637028,0.0,0.0,0.0,39.087193,22.04734,0.0,0.0,38.213486,38.481655,41.39262,0.0,79.55349,0.0,0.0,34.63436,93.819016,0.0,20.666796,0.0,0.0,22.123772,31.072311,31.072311,30.255686,0.0,10.829027,0.0,0.0,12.1043625,0.0,0.0,12.595636,8.90646,14.975631,14.975631,44.245552,88.69886,0.0,26.369043,0.0,18.019104,18.019104,18.019104,4.2008443,0.0,3.473284,7.2732067,18.019104,0.0,20.19442,0.0,28.55922,31.24758,0.0,47.533577,12.116393,12.116393,20.319567,28.97361,12.704045,0.0,3.6030645,0.0,5.0955024,4.961586,0.0,0.0,0.0,20.48592,28.971464,18.608356,0.0,0.0,0.0,18.608356,0.0,32.346024,24.343636,32.42796,34.700905,0.0,85.96813,24.765316,0.0,35.023445,24.765316,20.889757,0.0,0.0,18.534851,43.216927,9.494369,13.887545,0.0,0.0,13.427064,13.887545,0.0,0.0,30.001585,60.887276,65.38915,0.0,55.08226,22.44053,41.669815,31.735703,29.484837,15.867851,0.0,0.0,35.917515,82.7926,65.771774,0.0,0.0,64.926605,43.164124,19.223776,70.470535,0.0,48.39077,0.0,0.0,23.697718,16.756817,29.059532,24.026602,35.202057,5.969064,24.758709,8.441532,14.294446,10.364913,30.73817,0.0,0.0,144.5259,0.0,40.23643,33.26773,45.129173,0.0,40.351917,0.0,9.22155,22.177256,33.457684,24.613037,0.0,39.000336,18.691374,22.495289,36.116802,32.633038,9.833209,0.0,49.085106,18.110928,0.0,25.077305,0.0,77.74606,0.0,20.348316,23.681646,16.745453,0.0,0.0,19.694225,12.4261,10.273975,21.514149,0.0,16.265102,0.0,8.704358,0.0,12.702619,0.0,23.989286,0.0,0.0,19.824236,60.56591,0.0,62.985703,35.23984,31.919418,9.808717,0.0,16.989197,69.482155,17.487572,33.07017,33.097813,0.0,11.967411,12.234381,0.0,32.401737,0.0,25.24562,16.781414,0.0,25.400059,0.0,0.0,15.154699,69.84769,0.0,12.468064,21.326044,17.632507,33.714485,27.372417,20.620962,29.971916,42.386692,18.032343,12.750792,22.432962,31.725002,0.0,23.3326,0.0,16.498638,17.500559,32.188152,51.148335,34.54101,48.84837,0.0,46.706215,0.0,27.080717,4.9856005,0.0,22.243551,69.59483,28.352959,20.048569,25.295221,0.0,10.083244,48.29477,38.61542,0.0,89.555824,33.973167,24.022657,20.87268,19.351507,15.999946,23.921778,19.778675,9.993903,38.933113,16.297329,14.130319,0.0,7.4708385,42.79551,55.715218,46.060627,63.515743,33.626755,43.939995,36.003456,42.83917,52.482037,20.173063,20.12023,50.908215,50.520588,18.874348,12.649493,26.42201,61.438934,0.0,0.0,14.581222,0.0,0.0,0.0,14.975134,84.97872,65.09265,70.21656,40.950294,68.110916,44.158737,42.150127,31.722288,21.178038,25.67981,22.646896,4.914866,26.124065,20.70323,0.0,13.596908,9.937495,16.64871,5.876293,1.4508047,22.260777,11.856876,17.010344,4.3286204,25.896015,13.417919,26.00506,16.152826,13.948262,0.0,16.113605,5.8568783,6.94291,52.877068,0.0,34.851723,16.452349,22.478043,15.170382,22.356642,43.164124,16.152826,14.868729,26.124065,0.0,20.734482,26.341349,0.0,0.0,0.0,0.0,0.0,0.0,0.0,0.0,0.0,0.0,0.0,0.0,0.0,0.0,0.0,0.0,0.0,50.706745,43.71969,80.82085,20.620962,42.88201,42.686066,46.667946,33.451057,27.977518,0.0,13.823094,39.08392,41.853138,42.73818,27.977518,64.31837,49.465775,0.0,0.0,0.0,0.0,0.0,34.686302,23.722466,0.0,57.48109,4.3286204,0.0,0.0,0.0,9.327205,48.363857,0.0,0.0,0.0,0.0,0.0,0.0,0.0,0.0,0.0,12.750792,44.566692,11.501164,16.745453,33.18398,16.113605,7.1299305,45.005665,12.468064,0.0,42.34357,38.728817,12.463191,39.99726,63.496017,49.55736,59.969315,82.73914,84.28073,68.42659,44.078396,65.088875,50.693012,22.356642,0.0,0.0,0.0,0.0,0.0,0.0,0.0,0.0,0.0,42.1352,29.971916,12.750792,11.501164,19.646254,20.048569,24.022657,16.113605,7.1299305,12.468064,20.783989,11.213734,40.881443,0.0,20.403742,10.087315,9.122269,14.581222,0.0,0.0,0.0,0.0,0.0,23.41055,0.0,16.773785,24.550415,0.0,0.0,91.42666,15.231731,53.869854,41.713863,0.0,0.0,0.0,0.0,23.722466,25.618246,33.942287,14.986096,0.0,0.0,0.0,0.0,0.0,0.0,0.0,16.452349,0.0,0.0,36.77439,19.987806,47.611576,44.58251,0.0,24.35903,34.69195,28.588356,14.133512,13.462324,26.973148,0.0,0.0,19.072895,9.5193,0.0,29.80619,28.550253
C27x21_C27x22,15.063625,36.585114,16.205605,0.0,20.31976,4.727913,11.65681,0.0,16.619473,16.779205,41.035538,16.779205,93.082085,14.965043,25.661833,20.914476,22.494465,0.0,10.816329,6.056957,0.0,18.864798,20.15437,20.304426,4.1580105,0.0,18.954803,0.0,17.451365,0.0,0.0,0.0,27.682547,19.574516,38.37416,38.37416,32.49981,35.34268,0.0,16.06083,20.911879,25.962513,15.370574,17.870323,17.706654,0.0,17.437315,25.04099,22.531038,8.635658,17.657707,0.0,14.463207,18.187113,0.0,30.972809,13.009647,13.009647,6.263561,19.57775,11.231141,25.467823,11.083449,9.295749,32.097744,6.573087,3.8880453,0.0,0.0,18.47485,19.737764,0.0,24.234545,0.0,0.0,30.31842,0.0,43.354733,23.53463,31.588417,17.276075,0.0,54.97022,27.626125,0.0,22.628214,29.238285,9.274756,0.0,10.904424,19.008226,45.072605,22.585083,40.340458,0.0,0.0,29.101004,40.340458,0.0,0.0,23.952484,57.30213,55.76926,15.130039,51.97952,21.397106,29.67825,70.29936,11.1812525,26.123106,0.0,0.0,32.638725,15.918131,0.0,15.918131,0.0,8.518001,22.511637,10.557485,38.577938,0.0,57.494736,0.0,26.733234,32.094307,22.694101,4.580678,23.735336,16.78719,18.459597,35.748165,15.120025,19.536829,7.4880433,13.921208,13.380508,9.760006,57.52413,0.0,25.71742,25.326225,29.497002,0.0,34.96657,24.386782,5.50065,10.363183,39.0224,0.0,0.0,46.006916,25.956041,7.2338414,30.47939,13.494057,20.333866,0.0,44.703575,6.5505724,14.854129,21.476833,0.0,61.8972,18.540651,39.656075,20.997301,27.130955,4.749216,2.4920049,24.415478,7.6294265,13.768361,16.86273,0.0,12.788495,0.0,15.390885,0.0,8.937614,4.4262652,21.382704,0.0,29.691877,24.243317,45.579556,0.0,71.33875,21.657648,22.114595,0.0,9.907535,14.227792,41.487095,10.267571,28.809477,18.223064,0.0,27.452719,13.048311,0.0,22.56137,20.971512,14.627784,25.072746,24.692167,9.715469,0.0,0.0,10.3296795,85.446815,0.0,33.28694,27.686056,27.264917,34.934143,20.401009,15.668624,36.913017,30.23499,15.096748,10.675014,19.016798,62.478954,23.531174,32.43593,0.0,39.60008,0.0,30.80085,15.857314,35.529495,116.73077,0.0,40.959854,0.0,11.404353,6.967183,0.0,26.920113,51.603275,17.97762,12.712096,23.243847,11.511285,6.8646026,73.49488,26.759802,0.0,76.5097,32.3605,39.50799,9.881248,20.46185,20.150599,16.858984,16.699097,31.520306,71.09667,28.698551,13.00973,14.314314,18.23563,37.855423,68.23889,36.436817,79.135864,56.003944,36.019436,16.783417,55.656647,59.22619,2.7506862,48.41897,84.69909,91.43525,34.37757,39.57455,71.362114,55.96735,0.0,0.0,17.01848,0.0,0.0,0.0,24.815298,99.62089,70.063866,74.55742,86.510376,106.62421,82.29363,49.81878,30.934278,20.062763,14.3282385,25.918383,10.630292,22.462406,14.811533,9.48052,21.434963,20.598503,22.593561,18.31853,4.9265428,19.675327,13.991821,15.130039,15.547496,9.73102,12.733939,17.801886,19.88734,9.187402,10.391468,16.416206,0.0,0.0,41.11162,0.0,41.00993,31.831282,8.757311,2.3904653,23.339048,27.747955,19.88734,12.252368,12.618587,0.0,17.57292,23.51424,0.0,0.0,0.0,0.0,0.0,0.0,0.0,0.0,0.0,0.0,0.0,0.0,0.0,0.0,0.0,0.0,0.0,13.17993,19.576523,51.389286,46.75235,55.34192,66.39756,57.778915,25.306084,40.596775,6.2034774,23.034433,26.392273,6.9870977,19.45131,38.271774,42.607635,41.34364,0.0,0.0,0.0,0.0,0.0,9.098594,29.33845,3.5331547,52.908863,38.023247,13.388882,7.477832,6.122305,15.836328,39.16687,0.0,0.0,0.0,0.0,0.0,0.0,0.0,0.0,0.0,20.927448,38.662117,9.042832,14.847334,26.119045,19.086008,4.854007,8.926127,4.7295556,8.476539,0.0,11.418738,10.373478,30.002338,19.239601,36.096004,34.691784,27.132421,52.01364,30.375175,40.594883,53.46927,25.004276,23.871403,23.537422,6.414567,18.552313,8.689896,17.537786,0.0,32.163273,7.3220415,25.721199,33.211582,39.067123,20.927448,16.524223,36.65895,24.920975,41.813526,19.086008,8.869864,35.229443,34.756397,11.548437,13.541247,0.0,8.364916,4.3242044,15.2344475,9.341138,0.0,0.0,0.0,0.0,0.0,26.701519,0.0,0.0,37.01558,0.0,9.97622,40.8626,10.841111,42.42489,16.026218,0.0,0.0,0.0,14.739878,22.351763,19.246061,14.757436,15.795629,8.821491,19.83798,14.796793,11.739767,22.935665,4.854007,0.0,17.267546,14.041511,0.0,49.436207,84.82367,13.029514,0.0,0.0,12.847795,62.718822,21.264418,25.817886,3.8900576,28.324785,0.0,0.0,12.740933,2.7506862,0.0,50.679073,33.337936
C27x21_C28x21,36.32498,0.0,17.411354,0.0,49.565086,18.271894,29.205482,0.0,24.922186,24.959291,32.572613,10.802739,86.28021,0.0,0.0,23.13333,61.408672,0.0,20.449957,8.916561,0.0,22.32503,28.213259,52.987305,14.134264,0.0,19.988867,0.0,0.0,0.0,0.0,0.0,22.08576,22.08576,31.294815,31.294815,37.78889,56.692997,0.0,14.597784,0.0,30.789341,26.681608,30.789341,15.364745,0.0,21.72903,21.72903,30.789341,4.9652605,16.451124,0.0,16.451124,14.743815,0.0,41.74244,10.162609,8.997525,11.129626,26.633299,22.019098,0.0,20.501902,14.468854,50.95094,0.0,0.0,0.0,0.0,19.812014,26.2161,15.360628,3.724439,0.0,0.0,21.864027,0.0,34.570522,13.588843,33.201263,23.566927,0.0,60.419407,22.821138,0.0,23.261614,28.488028,17.833057,0.0,12.127621,18.631279,43.174343,25.99805,27.8514,0.0,0.0,26.499846,31.557867,0.0,0.0,12.48399,67.43032,69.09107,6.79041,61.01357,23.490368,14.35379,46.091118,26.065245,23.045559,0.0,0.0,21.066605,37.42385,0.0,16.332067,0.0,63.539005,47.578396,15.72939,24.726843,0.0,45.603096,0.0,11.697637,35.23406,24.914244,11.803353,21.141077,18.3256,16.284883,44.176422,16.599203,19.76749,14.194439,15.283108,10.323624,18.65252,98.98871,0.0,13.495046,28.063354,14.93128,0.0,37.538292,18.785254,4.313793,14.375114,37.14986,0.0,0.0,26.175148,20.94409,20.257763,23.041464,14.240638,19.065315,0.0,32.040695,10.748524,0.0,23.577892,0.0,71.60775,11.338087,31.420036,22.681067,27.010202,17.207987,12.167885,22.640055,6.7527547,13.565253,21.546837,14.260796,14.039582,0.0,12.268215,0.0,9.811974,4.7183604,25.2268,0.0,27.51661,23.154829,67.54749,0.0,66.125755,11.823696,27.806051,8.825884,6.1723866,16.422993,41.128796,6.7857876,14.687275,20.005812,0.0,14.413862,9.305791,0.0,35.981594,0.0,14.937546,15.877296,0.0,10.53941,0.0,0.0,25.836702,100.131676,0.0,29.365429,14.393742,29.932219,37.682854,22.967476,32.50057,31.921886,32.53802,13.439973,13.185476,20.877195,40.963737,10.039381,36.106285,0.0,35.422585,0.0,23.120193,25.897684,37.979897,74.52145,0.0,45.936974,0.0,23.754393,7.648777,0.0,29.553682,48.299976,18.595606,15.901619,25.199245,11.785165,7.3176074,53.80248,30.238176,0.0,94.79524,35.61912,34.944645,11.071022,12.991477,19.376984,8.76484,23.720913,28.384367,46.75531,13.850038,10.730642,16.868532,11.708239,23.166197,43.812973,23.394365,49.807034,35.957493,23.333282,32.361355,36.24943,35.607334,8.632825,40.5642,54.52338,57.68241,28.304209,25.408955,45.81825,43.000954,0.0,0.0,18.683382,0.0,0.0,0.0,43.96737,82.38438,59.959137,73.104324,71.47065,90.18555,80.30694,42.028217,22.21202,25.434616,20.904486,11.340892,0.0,26.094429,17.824533,0.0,18.547903,12.88211,32.077164,19.55643,7.4838657,27.516651,4.3089876,13.607271,7.663239,7.7808824,0.0,25.648802,12.336422,17.810755,2.6736028,11.726477,8.985468,10.6516285,44.812763,0.0,26.66508,24.246428,20.311453,10.086197,21.40996,42.21527,12.336422,19.962276,22.613062,0.0,21.766422,28.867285,0.0,0.0,0.0,0.0,0.0,0.0,0.0,0.0,0.0,0.0,0.0,0.0,0.0,0.0,0.0,0.0,0.0,30.013376,55.284435,83.5001,47.94045,51.313366,61.81128,55.081894,25.163305,25.001438,3.2432988,17.611454,31.707937,5.2637115,15.947849,23.23986,66.28684,41.834316,0.0,0.0,0.0,0.0,0.0,0.0,34.97459,3.591537,45.319893,31.534733,14.413862,9.926661,6.141902,19.455143,47.08701,0.0,0.0,0.0,0.0,0.0,0.0,0.0,0.0,0.0,9.503495,44.42309,9.927484,16.037937,35.706524,13.531813,10.368814,14.146244,21.165276,7.6080675,17.306053,37.36313,15.522881,39.324795,14.934004,46.99178,51.196762,40.600975,76.475815,46.611557,60.746216,30.009855,25.102884,29.97406,31.778696,0.0,0.0,0.0,0.0,0.0,0.0,0.0,0.0,24.658512,38.748547,16.005259,16.719316,36.372303,22.144945,42.41774,16.154451,10.368814,35.64538,21.001637,11.684783,29.734863,0.0,15.647364,20.31407,1.9534552,18.683382,0.0,0.0,0.0,0.0,0.0,15.265974,0.0,12.829506,23.165178,0.0,10.82646,63.63827,17.390165,68.05353,30.458899,20.722555,32.902126,0.0,0.0,27.665977,12.938419,33.975033,16.838003,0.0,20.406279,15.0452175,5.868039,6.4779267,5.1743298,9.965783,18.80066,10.82646,0.0,52.321507,56.768734,16.052177,0.0,0.0,26.061579,75.148155,23.681087,28.932219,7.0486717,30.006407,0.0,0.0,21.217735,7.0486717,0.0,49.437473,42.542324
C27x22_C27x23,6.083314,4.5819273,0.0,0.0,14.024324,0.0,6.8230515,0.0,10.37792,10.477665,26.41603,10.477665,29.158726,0.0,25.683252,13.638136,27.606842,0.0,8.410528,6.298637,0.0,5.941307,13.031496,0.0,0.0,0.0,0.0,0.0,11.155499,24.492537,0.0,0.0,27.525677,34.323273,26.52888,59.500156,5.849724,33.68523,0.0,12.354399,18.902855,31.310566,13.2236395,19.46084,20.146572,0.0,20.19206,25.784767,25.784767,9.99992,20.940546,0.0,17.15214,20.696716,0.0,42.740025,13.528749,6.518788,16.458696,31.325588,12.568307,35.02307,16.112822,14.844616,17.967947,0.0,15.141597,0.0,0.0,16.132206,18.99635,0.0,0.0,0.0,0.0,19.269325,0.0,57.846478,43.388237,38.255592,11.210033,0.0,24.460825,13.322085,0.0,10.911953,13.018767,0.0,0.0,13.293339,27.323565,54.947002,42.271454,33.37017,0.0,0.0,34.62402,61.27741,0.0,0.0,22.50396,58.43498,62.681747,13.618402,43.172756,19.259329,24.377018,61.62377,9.5379925,23.513153,0.0,0.0,24.53004,7.9570255,27.807537,7.9570255,0.0,14.758073,13.23128,0.0,54.24437,0.0,56.483482,0.0,34.670696,25.390903,24.471415,39.127834,28.957275,14.882206,24.147583,47.559887,19.778984,23.597794,9.795346,13.380529,9.461463,0.0,77.852844,0.0,16.8032,13.623797,23.075907,0.0,9.44732,34.203503,0.0,14.757659,44.670593,0.0,0.0,60.610126,9.743201,0.0,21.711592,0.0,54.06916,0.0,33.15685,8.231935,18.6668,8.09273,0.0,25.619856,6.9863405,47.263493,0.0,15.74741,8.866327,6.678082,41.175407,23.122368,0.0,29.593365,1.690489,0.0,0.0,31.405907,0.0,0.0,0.0,27.070766,0.0,37.75175,30.824179,61.388355,0.0,27.836035,16.550827,18.43245,6.309569,8.417163,12.239138,85.09101,19.992458,24.621063,33.459175,0.0,31.910946,0.0,0.0,18.127722,14.934825,26.974905,10.502451,34.398205,14.344464,0.0,0.0,0.0,73.11789,0.0,23.799063,16.828478,19.493513,38.35949,9.264561,18.183147,46.948116,38.454613,16.295725,19.894974,15.47003,49.49921,17.263214,21.797045,0.0,26.611376,0.0,70.36224,29.183554,12.721483,64.20295,0.0,47.30463,0.0,3.3503563,12.963325,0.0,8.291278,74.34042,33.163197,16.423746,21.49388,10.644632,7.799169,71.772064,2.874781,0.0,71.37261,29.682106,36.238018,10.255384,19.57638,22.676584,21.685446,24.832542,21.108665,45.4947,65.6924,13.433001,0.0,33.467354,44.281597,48.411896,34.544453,99.2781,49.72172,7.5790925,74.758865,32.84499,28.171337,42.06765,89.38867,76.63015,99.03252,73.03755,51.063313,50.326317,30.44144,16.85434,0.0,0.0,0.0,0.0,0.0,18.150354,128.9003,42.645153,36.57699,116.06012,99.49476,99.98877,66.29938,40.100018,23.743443,13.837133,26.952559,15.622576,25.629923,0.0,9.858806,31.962248,21.815844,29.985815,21.108665,12.49388,17.324854,11.115706,18.561884,29.52113,3.5617194,13.24204,29.598476,21.86054,12.040233,14.053176,0.0,5.107621,6.330743,40.675793,0.0,47.725613,66.0614,0.0,0.0,37.62739,16.355133,15.144344,18.561312,17.41553,0.0,3.5617194,32.996994,0.0,0.0,0.0,0.0,0.0,0.0,0.0,0.0,0.0,0.0,0.0,0.0,0.0,0.0,0.0,0.0,0.0,14.984058,17.41553,27.301346,13.695473,75.66774,44.619366,44.788086,37.326336,24.750528,25.294966,22.512558,26.604464,7.2516513,47.459072,32.206497,52.790756,33.089745,0.0,0.0,0.0,0.0,0.0,34.33357,30.104904,27.106224,55.465508,54.605965,18.306309,14.949166,9.030366,29.471792,60.91786,0.0,0.0,0.0,0.0,0.0,0.0,0.0,0.0,0.0,15.705603,45.591576,0.0,0.0,20.715515,0.0,7.516736,0.0,0.0,0.0,0.0,16.92019,20.101418,35.163162,22.243065,47.797127,41.976948,51.883053,59.481663,14.365974,30.227373,46.58846,47.29966,24.207798,16.828478,7.2598133,20.701294,9.834962,17.831814,7.3797975,35.18883,17.317303,32.124886,0.0,45.879196,28.319921,0.0,31.511482,39.566147,45.2302,29.593365,9.304986,23.257204,53.89072,10.551483,22.55046,0.0,0.0,0.0,0.0,0.0,0.0,0.0,0.0,0.0,0.0,25.714853,0.0,0.0,38.29888,0.0,10.3539505,55.33316,25.817303,38.8226,21.261694,29.852161,47.23199,0.0,17.34564,37.835728,32.663162,0.0,24.831604,0.0,0.0,20.174414,17.457727,15.412837,5.514846,0.0,9.589399,14.6326,0.0,44.91778,64.37068,37.431465,0.0,0.0,0.0,61.108494,12.722257,16.3591,16.294584,0.0,0.0,0.0,0.0,19.893581,10.783092,50.450825,18.62596
C27x22_C28x22,12.769958,31.01447,6.19951,0.0,17.27876,7.586858,9.674154,0.0,18.632683,17.939682,43.419106,17.939682,54.474014,8.992333,14.08057,16.634333,24.234257,14.311173,15.417847,11.06946,0.0,18.667671,24.756445,22.569515,0.0,0.0,19.369091,0.0,17.83279,23.13875,0.0,0.0,42.12017,45.878155,40.59486,52.189835,28.10282,29.874897,0.0,14.712839,14.054832,31.526129,21.422,31.526129,31.440208,0.0,32.71069,44.463165,40.53083,6.8974156,7.0923805,0.0,7.0923805,26.99338,0.0,48.063206,13.035068,16.579117,5.2118807,24.938047,20.418459,29.057974,15.636161,16.223673,18.904371,5.461541,14.936859,0.0,0.0,14.386536,17.973537,6.7964005,0.0,0.0,0.0,9.609628,0.0,45.906982,25.394337,45.205166,23.703272,0.0,32.202305,13.600816,0.0,13.600816,16.852362,9.378639,0.0,11.958892,18.97923,39.062958,51.346867,29.356468,0.0,0.0,30.525507,52.330524,0.0,0.0,12.613258,43.739704,52.864258,12.805105,42.87658,18.109154,25.117785,55.955128,13.492646,18.109154,0.0,0.0,23.626057,14.307724,24.124006,14.307724,0.0,29.68715,28.055897,10.422396,0.0,0.0,59.743267,0.0,28.434309,15.818825,15.245973,29.989021,31.200861,12.352328,17.310764,38.889835,10.291181,17.642387,11.79212,4.6829066,4.501023,17.503796,72.32829,0.0,9.672029,10.727079,13.755913,0.0,24.219435,24.497763,5.722531,16.123533,33.83039,0.0,0.0,36.64219,18.09291,5.5939317,33.733498,0.0,44.482903,0.0,35.90917,0.0,16.85148,21.808407,0.0,64.623604,15.420872,39.833786,8.335249,13.465694,19.478455,10.220718,35.071404,13.309382,14.761206,27.48738,6.9886703,0.0,0.0,17.118382,0.0,5.263092,4.745446,19.863853,0.0,43.03864,35.1409,68.770744,0.0,41.642838,11.951851,17.728312,4.7341585,11.987146,16.293955,73.722145,15.744824,17.50093,25.126297,0.0,23.404366,13.395189,0.0,16.209452,14.463677,26.741402,26.29613,15.961161,20.357222,0.0,0.0,13.82298,68.05189,0.0,16.56864,15.925114,16.56864,36.562508,8.955722,14.626621,30.857552,20.858204,16.185383,27.225384,19.118015,59.072384,22.812437,18.703451,0.0,30.960484,0.0,47.380688,26.448807,20.97626,64.81414,0.0,38.42566,0.0,2.6776705,4.410954,0.0,13.614399,63.548325,26.839973,24.090296,20.200588,18.21378,7.3596125,57.29583,22.70106,0.0,89.9278,23.797047,40.028942,19.798428,16.671257,17.344934,12.898441,27.814852,27.94616,45.94444,54.40632,15.299007,9.604196,14.173794,17.516111,44.47022,11.5654125,58.94732,44.724327,9.896239,77.05702,28.8111,33.590046,38.74329,98.08815,76.46746,90.29873,104.024536,33.068832,40.919704,43.941525,14.854236,3.2180023,15.886708,7.1513205,9.7205925,6.990613,22.204542,84.51757,41.30882,41.1144,140.63696,109.63762,127.32659,47.41347,43.92796,20.136356,14.516046,22.527521,12.043341,16.325922,14.511006,8.459573,25.868011,17.645527,31.604704,26.172796,4.377234,17.659925,9.538086,17.453362,13.69814,3.0562143,11.362634,21.937727,17.954597,16.29489,13.218826,5.2146716,4.819759,8.701533,27.939367,0.0,39.26659,34.029457,10.824425,5.4101844,23.468327,23.690624,16.3134,17.112429,14.53763,0.0,3.3786492,9.462373,0.0,0.0,0.0,0.0,0.0,0.0,0.0,0.0,0.0,0.0,0.0,0.0,0.0,0.0,0.0,0.0,0.0,17.036865,23.266201,43.98588,40.25293,49.563774,54.20845,55.46411,34.43429,35.045467,19.951029,19.896662,22.955643,13.999603,40.34954,27.10196,51.345005,27.915705,0.0,0.0,0.0,0.0,0.0,20.134766,33.80548,22.328331,56.120552,24.323822,15.173654,14.94739,9.503691,14.176857,42.849606,0.0,0.0,0.0,0.0,0.0,0.0,0.0,0.0,0.0,11.444795,37.03414,0.0,8.033402,17.53268,10.437748,7.093097,8.401643,5.070606,17.553675,0.0,14.462227,13.884277,41.913445,19.620022,47.012253,62.525085,37.39986,63.335354,24.351809,22.571772,14.112318,27.427961,16.828836,11.715798,0.0,15.969185,0.0,18.583721,14.443117,33.662476,14.497508,21.409624,0.0,31.448692,27.74694,0.0,25.775885,33.256603,40.795776,25.305445,9.119074,20.529703,45.080006,9.02263,14.850467,0.0,9.08241,6.7596593,16.34771,7.7784777,0.0,15.6804905,17.845581,0.0,0.0,25.726376,0.0,2.3201995,26.684275,0.0,10.473853,73.01345,12.010962,32.42483,27.267776,23.315964,42.00848,0.0,12.70396,35.37077,32.142677,0.0,13.470081,0.0,23.655556,20.596193,5.893431,13.225337,5.204032,0.0,9.700448,19.798428,0.0,54.122536,83.90945,27.692192,0.0,0.0,4.350026,64.297066,8.966155,27.156212,15.687395,19.878626,0.0,0.0,13.117985,15.687395,10.301688,54.1093,19.059444
C27x23_C28x23,0.0,0.0,4.4429045,0.0,20.463984,0.0,7.8670816,0.0,11.9658985,5.960742,19.83277,5.960742,0.0,18.589596,26.272127,21.685823,11.686869,0.0,3.6217067,5.0247946,0.0,26.695719,47.46366,19.237873,0.0,0.0,27.206463,0.0,42.542805,27.8028,0.0,0.0,38.424633,38.424633,27.170319,70.93453,0.0,60.657536,0.0,16.345871,36.147404,22.212067,0.0,20.527847,42.91635,0.0,29.030758,56.72991,53.592793,8.395371,22.95737,0.0,0.0,39.090202,0.0,44.823566,11.265912,8.836461,16.663288,50.733494,11.863405,54.154884,11.987671,11.164843,8.476563,0.0,17.45849,0.0,0.0,12.002091,15.86416,0.0,14.437568,0.0,0.0,24.497478,0.0,49.936237,27.938726,30.12852,15.06426,0.0,22.34016,15.445415,0.0,0.0,14.329986,0.0,0.0,14.449485,14.818344,51.42306,51.76932,16.668863,0.0,0.0,23.573334,48.030674,0.0,0.0,18.438402,45.273914,46.259285,9.176831,41.466602,12.977999,30.431,51.5555,10.99745,25.77775,0.0,0.0,21.97789,4.666642,12.381369,4.666642,0.0,12.381369,6.5996294,0.0,0.0,0.0,48.890293,0.0,0.0,11.336625,8.016205,51.901825,35.108982,11.150899,26.473286,47.66771,16.469366,30.403591,13.71589,19.680632,29.093998,22.12173,132.82542,0.0,8.249567,0.0,37.410206,0.0,15.363867,28.073545,0.0,22.607101,30.44434,0.0,0.0,39.24727,17.106092,0.0,41.538628,0.0,38.909126,0.0,25.39191,9.491545,12.951801,17.84032,0.0,63.839947,12.615012,36.413635,0.0,0.0,11.5677185,7.61357,40.97291,8.473656,0.0,11.983559,0.0,0.0,0.0,18.916994,0.0,0.0,0.0,25.586987,0.0,49.322132,40.27135,105.6715,0.0,40.275143,17.58695,10.940621,10.353936,8.791104,21.09486,114.19032,21.818962,23.532534,24.38805,0.0,54.284653,0.0,0.0,13.567451,30.790308,18.866816,17.326185,46.177475,18.104652,0.0,0.0,0.0,50.366673,0.0,19.820263,24.987703,16.90293,37.827385,0.0,17.803179,45.20653,21.053364,17.28269,29.914387,22.314993,82.09694,33.26792,25.071096,0.0,25.071096,0.0,52.652416,30.365973,17.988073,66.17818,0.0,38.222786,0.0,0.0,0.0,0.0,9.348184,74.34992,23.269648,17.019503,0.0,14.257669,0.0,35.93114,30.15312,0.0,64.784424,12.769446,43.836212,12.620534,19.733137,13.348477,14.097872,24.418228,22.676256,55.567413,45.01977,13.525041,27.41809,33.789032,44.70722,37.401062,34.87648,88.03526,50.199627,9.083867,78.4038,37.653923,30.07842,34.34104,100.81565,85.3667,82.365715,67.61039,51.55411,38.598007,36.158108,25.863144,13.573305,11.385275,0.0,0.0,0.0,14.92408,105.02362,44.920082,35.882717,120.27026,101.840096,128.51273,61.502625,42.60492,29.215836,10.294597,21.321478,13.936373,24.70063,13.620318,6.1784935,31.814274,28.159367,23.255718,16.034534,13.837013,14.974196,8.335534,20.557348,27.863823,3.7199526,13.830331,31.41694,18.120548,13.334599,0.0,0.0,0.0,0.0,29.013844,0.0,13.613363,42.812294,0.0,0.0,25.965559,10.512515,9.693848,13.452286,0.0,0.0,3.7199526,27.582258,0.0,0.0,0.0,0.0,0.0,0.0,0.0,0.0,0.0,0.0,0.0,0.0,0.0,0.0,0.0,0.0,0.0,15.574078,0.0,0.0,15.798945,62.24659,42.498756,49.710228,32.24883,19.387695,30.151093,40.9579,32.070103,8.924065,44.330456,25.914713,49.64738,30.102995,0.0,0.0,0.0,0.0,0.0,41.846897,28.346636,52.08784,54.78915,42.034027,16.620539,15.845222,4.7564435,24.53778,50.719303,0.0,0.0,0.0,0.0,0.0,0.0,0.0,0.0,0.0,12.220708,27.027592,0.0,0.0,0.0,0.0,0.0,0.0,0.0,12.225434,0.0,12.1335335,19.584671,34.259224,12.801924,28.476145,43.338688,45.26428,47.7405,17.032356,22.372032,38.257298,61.82349,29.329168,11.952176,0.0,20.873045,21.888002,35.85437,30.518543,59.150772,35.666355,31.114359,0.0,41.941833,31.905043,0.0,29.386799,42.957382,40.670475,18.427654,9.684974,31.203978,31.985338,0.0,15.13249,0.0,0.0,0.0,0.0,0.0,0.0,0.0,0.0,0.0,0.0,25.177498,0.0,0.0,9.001918,0.0,8.737843,65.7907,28.870886,44.353065,18.701653,19.904068,62.90929,0.0,29.745789,31.954405,34.821896,0.0,25.557318,0.0,0.0,23.261404,3.2953362,17.727943,0.0,2.923071,0.0,12.620534,0.0,45.893776,83.42603,33.142235,0.0,0.0,23.371927,72.45395,10.280192,22.676256,19.51685,22.936106,0.0,0.0,0.0,19.51685,50.152245,46.59914,14.685905
C27x25_C27x26,19.888292,22.333239,0.0,8.566649,0.0,0.0,0.0,0.0,23.109184,28.538979,46.68436,13.785643,34.89527,12.550991,14.023206,41.304558,72.31119,13.637843,13.637843,4.3416657,0.0,20.492855,11.342007,34.988583,18.492083,0.0,23.670654,12.035666,12.756979,55.6753,0.0,0.0,37.859684,20.667473,38.50054,20.667473,28.97553,0.0,0.0,0.0,0.0,42.250988,22.21093,40.88802,20.44401,0.0,40.20742,31.698072,14.580501,14.580501,0.0,0.0,0.0,26.473478,0.0,61.669052,0.0,8.387033,0.0,26.534132,23.480442,8.904963,10.641335,0.0,22.172625,6.6315928,8.084229,0.0,12.883882,26.89852,18.168243,0.0,0.0,0.0,0.0,35.096985,0.0,65.813484,48.723156,78.58861,0.0,0.0,83.52602,24.539263,0.0,40.812008,24.539263,0.0,0.0,0.0,0.0,33.515366,0.0,58.73409,0.0,0.0,57.75644,0.0,0.0,0.0,10.394452,41.838448,27.039675,0.0,40.895233,0.0,31.884611,71.59272,0.0,18.8434,0.0,15.486232,17.096125,0.0,29.683287,14.288379,17.047289,25.9034,22.927734,0.0,28.955166,14.436488,30.489046,0.0,17.112133,55.30526,56.241417,20.120018,39.570225,28.288492,13.1571,61.511814,46.50491,13.1571,17.95907,34.714832,13.057299,0.0,0.0,0.0,10.704964,15.395211,10.694442,15.124225,46.542927,0.0,0.0,20.280958,32.84185,0.0,17.287857,63.752464,17.287857,17.390713,13.181807,0.0,0.0,0.0,54.27731,17.121374,15.68996,44.308598,0.0,78.25206,2.7348933,37.69605,36.41025,25.567432,0.0,76.15017,22.298058,17.79023,34.988205,19.327791,15.8825035,8.773523,0.0,17.230726,0.0,0.0,0.0,7.2089925,0.0,0.0,0.0,42.488667,0.0,42.0578,12.223194,0.0,1.9702926,0.0,19.328354,78.97703,16.277964,19.246372,10.408252,14.204222,27.440355,0.0,16.638853,0.0,0.0,32.15419,31.093002,30.0094,30.437002,0.0,17.621685,53.967834,21.342194,5.30231,14.840784,33.32532,65.54122,54.164566,28.108364,13.919883,0.0,18.346285,28.672907,11.186545,0.0,0.0,0.0,32.225998,18.897951,13.84494,0.0,54.292164,34.090466,29.817577,32.239784,0.0,13.027644,0.0,0.0,5.1329722,0.0,25.879936,77.84005,38.033764,21.010185,50.054207,25.600267,24.22355,38.270336,51.362617,6.145941,36.592766,27.665306,0.0,24.04804,14.749821,29.008606,17.473686,17.473686,16.780117,25.662573,35.68417,6.8828764,42.050488,6.665235,0.0,27.557083,45.077686,23.822903,50.42637,23.28501,51.38248,44.737816,65.66893,45.965706,74.99753,35.923782,70.333435,55.307728,60.387268,85.10617,44.279045,13.802128,29.794193,10.835031,15.786397,10.835031,10.260523,48.29551,19.105997,37.107803,79.01179,60.1481,28.810913,66.54535,48.43066,56.29515,42.38463,30.134205,56.228706,0.0,65.6283,34.12177,0.0,41.63708,61.634853,44.054974,35.27239,5.619269,43.372124,24.864735,0.0,24.090813,0.0,46.79021,23.665882,49.999275,51.21187,19.44443,19.327791,13.3813,13.929481,18.632572,65.53253,18.070211,57.423134,11.227908,0.0,0.0,0.0,0.0,0.0,0.0,0.0,7.340665,18.58329,0.0,0.0,0.0,0.0,0.0,0.0,0.0,0.0,0.0,0.0,0.0,0.0,0.0,0.0,0.0,0.0,0.0,0.0,39.856434,35.52336,34.151424,49.28644,59.152752,54.35711,52.081512,34.67678,28.217678,25.600382,39.622383,17.004532,24.111149,28.510967,33.81228,11.524077,0.0,0.0,7.4032726,22.020483,13.66721,46.648785,0.0,37.081955,53.50933,74.867714,10.4062395,10.073536,12.189888,2.8354986,29.068544,0.0,0.0,0.0,0.0,0.0,0.0,0.0,0.0,0.0,29.158258,24.175247,13.996434,37.02657,50.90148,35.58046,24.633587,12.527288,51.202366,19.610847,0.0,19.348051,5.393859,30.482988,31.983982,20.284552,7.5753946,17.099394,56.917515,29.53699,68.87239,33.38891,35.38671,11.278637,40.914165,0.0,15.467421,7.249594,0.0,0.0,21.3224,24.109556,22.621939,0.0,0.0,11.186545,9.896974,22.813477,24.868109,0.0,7.8819184,15.0585375,14.840784,19.088457,0.0,32.25966,0.0,28.400785,0.0,19.414228,25.761395,0.0,0.0,0.0,0.0,0.0,16.269213,0.0,0.0,0.0,0.0,14.345712,87.091995,3.2042625,42.43148,0.0,20.113289,8.132519,0.0,24.105598,0.0,45.335148,0.0,22.0275,0.0,0.0,0.0,0.0,0.0,0.0,0.0,0.0,0.0,0.0,34.284573,63.753586,33.43882,0.0,9.351448,22.795973,65.94133,34.45309,32.21988,35.398705,18.460651,0.0,0.0,0.0,0.0,10.068883,40.182728,0.0
C27x25_C28x25,0.0,0.0,0.0,0.0,0.0,0.0,0.0,0.0,0.0,14.282484,38.443443,22.195332,47.285126,6.649766,0.0,46.98485,85.72517,33.07617,33.07617,0.0,0.0,30.228323,0.0,40.237335,26.677916,0.0,26.677916,16.982635,14.21409,44.021168,0.0,0.0,49.55706,0.0,60.506634,0.0,34.613705,0.0,0.0,0.0,0.0,42.65219,30.159653,34.587383,22.725243,0.0,42.65219,30.159653,0.0,0.0,0.0,0.0,0.0,29.539408,0.0,51.163757,15.118833,0.0,0.0,21.278322,28.239386,21.278322,13.493387,13.509098,26.070604,0.0,0.0,0.0,25.623186,50.40445,0.0,0.0,0.0,0.0,0.0,39.121582,0.0,83.31786,21.505518,61.03596,0.0,0.0,101.27264,0.0,0.0,52.097412,0.0,0.0,18.090769,0.0,0.0,60.506905,0.0,41.12573,0.0,0.0,40.419895,0.0,0.0,0.0,16.735405,67.08677,26.499586,0.0,97.12538,30.36209,23.435843,65.59135,0.0,0.0,0.0,0.0,23.852074,0.0,4.986332,0.0,33.731926,33.731926,23.852074,0.0,23.836834,30.255156,27.285025,0.0,0.0,39.168137,48.376842,27.893974,52.353203,19.83833,0.0,58.30228,38.57882,0.0,7.735821,36.972633,0.0,0.0,0.0,0.0,17.235338,32.34839,17.2184,24.350492,39.6079,0.0,0.0,0.0,31.685144,0.0,0.0,61.4184,0.0,31.953918,20.180006,0.0,0.0,0.0,51.610527,24.698305,18.610126,35.555325,0.0,62.959225,18.944006,38.390057,64.62711,0.0,0.0,112.97217,0.0,16.80797,31.546278,22.306585,16.588942,25.230581,0.0,7.613423,0.0,0.0,0.0,0.0,0.0,0.0,37.88494,20.185232,0.0,61.06262,7.252841,0.0,0.0,0.0,31.119276,116.002754,23.02821,31.406574,27.627186,24.528242,25.358171,0.0,0.0,0.0,0.0,40.296783,46.95067,34.371864,38.90967,0.0,0.0,58.23378,0.0,0.0,0.0,28.379004,53.26354,43.158775,26.28485,0.0,0.0,12.148169,22.78791,0.0,0.0,0.0,0.0,33.73639,10.551025,0.0,0.0,64.92195,0.0,19.872108,36.624165,0.0,37.097824,0.0,0.0,0.0,0.0,59.41295,79.797325,62.39655,44.12102,67.12603,0.0,38.52484,45.486546,51.299896,8.178294,25.689877,16.99908,0.0,0.0,17.23412,32.346104,15.771031,0.0,0.0,23.066553,42.41273,0.0,34.371864,0.0,0.0,46.049553,48.252872,26.227427,64.220894,38.267616,68.326004,53.211708,67.99217,40.729603,54.503933,22.185448,65.42158,80.18944,50.349102,69.51408,55.807156,21.711649,17.640045,19.877298,25.41661,19.877298,0.0,75.87711,17.180105,80.58634,102.97059,79.88996,33.598698,97.94958,76.25108,46.52221,31.883816,20.243093,62.180862,15.818897,67.19121,18.806097,2.954845,44.12102,55.28738,52.0743,54.535534,0.0,45.848045,34.964897,48.457623,45.616394,28.874678,40.692245,17.367992,40.048523,25.717415,0.0,22.306585,0.0,0.0,25.323965,33.48249,43.666412,41.448154,0.0,0.0,0.0,0.0,0.0,0.0,0.0,0.0,0.0,22.262154,0.0,0.0,0.0,0.0,0.0,0.0,0.0,0.0,0.0,0.0,0.0,0.0,0.0,0.0,0.0,0.0,0.0,0.0,52.5093,37.634,37.30699,82.03785,35.28926,54.511414,27.513718,36.806126,0.0,48.516735,52.835945,0.0,30.54279,24.584187,30.302334,17.570793,0.0,0.0,11.919509,42.158905,22.004652,38.414146,0.0,30.536095,43.621696,59.53382,0.0,0.0,0.0,0.0,32.441174,0.0,0.0,0.0,0.0,0.0,0.0,0.0,0.0,0.0,37.122326,44.559803,14.364764,15.023263,50.744637,27.80647,62.75835,27.627186,53.26354,20.86753,0.0,26.828648,0.0,32.346104,38.90967,37.88494,0.0,27.627186,46.20042,40.075165,53.26354,5.698158,27.982183,0.0,48.159378,0.0,17.23412,8.077647,0.0,0.0,22.995152,26.863369,29.358484,0.0,0.0,0.0,0.0,0.0,0.0,0.0,0.0,0.0,0.0,0.0,0.0,27.75689,0.0,54.374195,24.323107,0.0,10.669481,0.0,0.0,0.0,0.0,0.0,6.738147,19.967207,0.0,0.0,0.0,14.877764,67.39517,0.0,36.23995,0.0,33.477184,27.35348,0.0,0.0,0.0,40.2578,0.0,0.0,0.0,0.0,0.0,0.0,0.0,0.0,0.0,0.0,0.0,0.0,37.495987,73.81829,30.6705,0.0,3.7924392,0.0,109.30756,40.772224,33.477184,18.865368,24.241854,0.0,0.0,0.0,0.0,16.211227,0.0,0.0
C27x26_C27x27,15.689848,17.618662,0.0,14.198467,33.915268,0.0,17.30457,0.0,29.122925,23.481722,35.95965,10.9152565,53.692223,21.027172,50.210037,10.5587435,73.061325,0.0,0.0,0.0,0.0,32.66436,22.062704,68.06051,16.877262,9.280389,20.764738,0.0,24.815138,29.422346,0.0,19.116077,12.168846,43.40898,41.064304,34.76439,28.247385,0.0,0.0,0.0,0.0,33.79722,0.0,34.401653,20.888859,16.01451,25.257357,47.796486,29.123898,36.97274,0.0,0.0,10.3302355,22.343933,0.0,73.610725,6.131056,11.980995,0.0,27.95734,0.0,37.750423,0.0,0.0,0.0,0.0,0.0,0.0,23.576454,16.334646,11.033018,9.310462,0.0,0.0,0.0,36.440903,0.0,71.62984,52.160328,66.21745,0.0,0.0,75.576706,44.872185,0.0,9.531647,35.936207,15.999625,19.2862,24.93748,0.0,61.116123,51.471626,48.691452,0.0,22.666634,28.01896,41.221416,0.0,0.0,8.429065,35.287235,32.247044,0.0,33.298546,0.0,15.833232,30.823547,0.0,19.770359,0.0,17.0018,2.3156993,17.0018,5.4513783,25.825315,3.274893,4.9762087,17.0018,0.0,19.021948,16.203468,22.361946,0.0,6.6931734,20.10167,51.002644,7.426587,8.9797125,14.404414,47.242752,73.35792,0.0,37.83469,0.0,22.051037,20.34344,0.0,0.0,0.0,7.673576,9.278355,10.998236,15.553855,20.206326,15.676137,6.404466,6.804797,45.139538,0.0,23.592882,69.6814,27.889698,11.195142,11.894929,10.4035225,0.0,0.0,52.675446,0.0,29.492077,9.974201,0.0,76.4461,8.24907,66.759094,23.432281,28.136496,27.402075,49.062397,23.75453,2.9400423,3.5548944,35.37588,0.0,0.0,0.0,16.037344,0.0,0.0,0.0,12.695667,0.0,0.0,7.144039,55.56411,0.0,30.864365,0.0,10.523028,15.293341,0.0,21.950788,115.028755,15.606475,0.0,7.2146378,23.258057,14.374977,0.0,8.7066145,14.693756,21.96035,0.0,16.868998,34.37403,11.044244,0.0,0.0,49.972313,17.842361,0.0,64.599686,17.126093,20.707682,29.000046,18.941027,14.314038,12.278728,18.619646,21.218876,0.0,6.53484,25.465015,5.404578,20.722622,27.729227,30.86597,0.0,62.35492,46.73648,12.484168,48.648403,0.0,8.416632,0.0,8.767652,0.0,0.0,17.939072,73.38559,19.584906,0.0,10.752145,55.602142,12.472047,38.608414,7.955706,0.0,43.639893,15.679538,28.104239,20.77772,15.758215,19.053738,5.287776,23.352365,30.6735,46.537346,36.923595,32.975086,28.091269,3.5854225,29.571972,14.983759,63.124664,53.301758,13.594076,20.246822,31.886875,29.101513,30.854063,33.589832,80.20881,44.88522,83.01733,34.835293,32.48406,59.27909,55.80936,0.0,0.0,7.5777903,5.2967534,7.5777903,9.258837,21.680069,57.62129,56.301556,66.30611,86.70888,48.522682,64.14398,69.809006,56.79409,52.773693,15.12912,22.725126,6.4149494,28.170849,13.943638,1.1982617,19.187536,28.681671,18.16416,13.507733,2.2962778,12.822822,9.553517,8.706302,16.75922,0.0,18.86318,9.670908,16.52248,19.121744,0.0,0.0,0.0,0.0,17.354542,69.46882,10.09331,31.242256,19.477549,29.045454,0.0,0.0,0.0,0.0,0.0,0.0,5.849431,15.130144,2.2962778,10.848873,13.39287,28.170849,0.0,13.421252,10.863472,19.279919,0.0,7.9220695,9.842849,15.835904,8.258526,11.699497,15.578528,10.656921,28.447857,0.0,39.8396,36.419212,30.74878,73.70256,87.87128,77.21616,27.590427,47.52625,27.681438,19.094109,26.799265,20.074005,16.870783,25.310158,33.05558,15.227902,0.0,0.0,7.6101975,27.781443,16.40651,26.832613,44.883263,32.91216,41.79124,43.542633,36.12406,22.204298,0.0,3.9923697,39.679,0.0,0.0,0.0,0.0,0.0,0.0,0.0,0.0,0.0,0.0,12.266012,8.431313,33.235317,51.73556,33.4651,22.892723,14.407033,51.735115,26.954006,0.0,21.841343,2.2962778,25.49607,14.778457,10.863472,16.988249,9.654008,38.805367,25.345251,28.447857,28.869532,34.48486,40.143425,77.96691,2.2962778,22.770386,0.0,28.777145,15.835904,34.656837,21.447224,19.528866,4.404075,9.833507,0.0,7.1378164,35.68603,34.894344,22.50748,28.331024,19.38062,51.735115,20.38334,0.0,23.92844,0.0,24.372984,0.0,0.0,9.162537,0.0,16.278938,10.347685,0.0,0.0,9.7352705,19.261045,7.9724503,0.0,19.26717,4.94035,68.89936,11.744922,145.50412,20.981009,22.586306,8.416632,0.0,69.849365,44.085842,35.6373,0.0,29.566551,0.0,0.0,0.0,0.0,0.0,0.0,0.0,0.0,16.326788,0.0,37.32975,88.01448,23.282888,0.0,11.601221,13.268054,78.20063,10.165892,22.586306,11.733774,13.359617,0.0,0.0,0.0,35.960335,7.406954,42.333786,15.86543
C27x26_C28x26,0.0,0.0,0.0,0.0,0.0,0.0,0.0,0.0,7.5223784,9.397912,30.661657,17.702517,50.274876,22.079298,12.544045,43.699436,80.54857,1.586525,1.586525,2.8788,0.0,20.046705,14.576869,44.9677,17.69216,0.0,17.69216,0.0,14.576869,53.918236,0.0,0.0,37.566406,23.959034,33.88319,23.959034,29.885878,0.0,0.0,0.0,0.0,41.947556,29.661404,19.368637,22.34981,0.0,41.947556,29.7745,13.695694,13.695694,0.0,0.0,0.0,30.216494,0.0,52.336502,9.94823,0.0,0.0,23.098116,30.65451,23.098116,11.894523,8.889021,29.135511,8.714116,9.444656,0.0,16.860123,42.3295,10.903066,0.0,0.0,0.0,0.0,30.650713,0.0,72.208046,29.793373,48.845978,0.0,0.0,67.04095,20.007267,0.0,46.295517,20.007267,0.0,20.217552,14.8117,0.0,63.53212,16.284706,23.030054,0.0,0.0,56.78398,16.284706,0.0,0.0,0.0,44.41042,26.404766,0.0,64.29553,19.978333,32.467613,74.7543,0.0,19.187944,0.0,2.1534283,20.757212,0.0,3.9459283,1.9868613,29.35513,29.35513,20.757212,0.0,33.023136,19.90797,33.023136,0.0,19.516253,55.519978,27.090614,24.826323,46.595634,29.039614,6.3336535,72.1467,47.739723,6.3336535,8.645258,36.58555,11.352025,0.0,0.0,0.0,11.61629,21.802198,11.565024,16.355413,48.658382,0.0,0.0,0.0,31.169046,0.0,17.187616,53.05486,17.187616,16.302273,17.321299,0.0,0.0,0.0,47.947647,18.40233,17.305962,45.485085,0.0,80.54224,24.234617,56.823025,41.656906,5.948817,0.0,109.99906,6.7372155,18.99223,35.645836,25.20541,17.330276,5.8022356,0.0,16.923904,0.0,0.0,0.0,7.4004073,0.0,0.0,24.928389,13.281935,0.0,39.754505,13.148404,0.0,15.384179,0.0,20.476562,90.01783,16.235094,23.687464,19.504171,27.411823,28.149166,0.0,0.0,13.339294,9.432305,36.673893,31.91859,21.583656,31.245173,0.0,0.0,41.877853,13.690334,0.0,18.362427,34.352215,64.474434,55.602753,17.295496,5.783618,7.8362412,16.951166,29.434235,14.699464,0.0,0.0,0.0,35.363987,11.791422,8.638583,0.0,75.828735,35.655746,28.47841,41.74047,0.0,17.99866,0.0,0.0,5.2692637,0.0,42.82445,56.308308,44.0296,31.133627,54.21282,20.093542,25.349443,21.643917,42.685177,0.0,42.91935,28.399881,0.0,29.31533,16.145033,30.302032,18.796322,0.0,21.594637,41.69973,35.750755,6.0305786,21.583656,6.8769,0.0,33.737293,47.74769,22.122915,47.05017,28.036013,60.81182,50.249477,60.420143,44.412796,74.108604,37.0646,72.566986,58.74921,62.304962,84.1454,57.691986,18.57938,39.097588,17.24549,10.7166,17.24549,11.81416,54.914696,33.503998,76.1002,91.50314,112.233604,56.132397,74.25004,94.357605,34.637302,25.147589,22.622906,30.182978,10.4088745,44.270596,22.624897,1.9442954,31.133627,47.915215,28.657692,22.267454,3.7259321,27.670761,8.488132,14.126815,28.644608,0.0,34.098038,14.268109,31.898682,33.956722,25.550577,25.20541,6.7833905,0.0,21.77198,70.22335,25.294357,64.010124,18.15462,0.0,0.0,0.0,0.0,0.0,0.0,0.0,0.0,19.073303,0.0,0.0,0.0,0.0,0.0,0.0,0.0,0.0,0.0,0.0,0.0,0.0,0.0,0.0,0.0,0.0,0.0,0.0,45.337143,32.493633,32.367443,86.13957,37.053646,57.23687,0.0,36.17726,0.0,31.924133,41.39555,20.729067,20.09723,24.035593,29.625347,11.561627,0.0,0.0,7.843067,27.740665,14.4791155,27.531317,34.839046,28.63634,52.93149,37.38399,20.082338,4.5362587,0.0,4.665247,47.448574,0.0,0.0,0.0,0.0,0.0,0.0,0.0,0.0,0.0,20.788181,24.953106,8.044144,8.412897,28.41656,15.571384,35.144135,19.504171,64.474434,25.769255,0.0,21.039705,5.2692637,30.302032,31.245173,24.928389,7.4004073,19.504171,55.602753,23.143345,64.474434,7.8941293,38.76603,21.765923,47.28098,2.8074827,16.145033,0.0,19.25231,18.131447,29.625347,18.30412,23.876448,0.0,7.8362412,14.699464,5.6880684,17.026363,7.8794312,0.0,11.010631,24.850657,18.362427,13.9325695,0.0,22.28748,0.0,27.740665,12.409182,0.0,5.4433637,0.0,0.0,0.0,0.0,0.0,5.783618,22.314589,0.0,0.0,28.445963,9.789606,74.15647,2.8074827,52.9602,0.0,22.02807,17.99866,0.0,25.212423,0.0,44.990574,0.0,25.170996,0.0,0.0,0.0,0.0,0.0,0.0,0.0,0.0,0.0,0.0,42.444023,84.13054,38.35694,0.0,4.238285,17.469883,72.35995,38.502487,31.490934,34.030266,11.561627,0.0,0.0,0.0,12.169208,12.676623,57.892708,0.0
C27x27_C27x28,20.034899,16.411821,0.0,0.0,72.402306,32.4521,0.0,0.0,27.71839,22.349247,33.59346,0.0,63.485092,19.177647,0.0,0.0,111.20207,0.0,0.0,8.862759,0.0,28.20184,0.0,73.1219,42.012924,32.08468,0.0,0.0,23.101866,0.0,0.0,18.067207,0.0,25.78149,36.460533,30.866913,0.0,0.0,0.0,0.0,0.0,38.644547,0.0,58.28317,0.0,55.71321,0.0,77.50834,49.341614,56.309196,39.040924,25.702148,0.0,0.0,0.0,36.3299,0.0,21.492107,0.0,29.65099,0.0,37.30161,0.0,0.0,0.0,0.0,0.0,0.0,26.771532,25.218616,0.0,27.126919,0.0,0.0,0.0,29.119293,0.0,111.3072,41.465504,83.70639,0.0,0.0,50.702488,22.519958,16.464323,0.0,0.0,25.798317,24.627203,30.643291,0.0,73.88161,72.75109,47.743607,0.0,75.21955,0.0,40.418983,0.0,0.0,0.0,53.30379,70.56632,0.0,27.12687,0.0,21.657679,38.083637,0.0,15.798571,0.0,3.919101,0.0,3.919101,4.7842827,5.9530168,0.0,4.7842827,32.511684,0.0,34.81711,0.0,32.58361,0.0,25.397947,0.0,0.0,0.0,0.0,0.0,30.163494,28.099674,0.0,0.0,0.0,0.0,21.311934,0.0,0.0,0.0,0.0,0.0,0.0,0.0,0.0,0.0,0.0,0.0,73.92454,0.0,14.5637045,88.538345,59.676632,0.0,0.0,14.998329,0.0,0.0,103.69833,0.0,20.233114,0.0,0.0,73.00844,0.0,125.72036,0.0,34.410885,31.607677,0.0,3.8163583,0.0,0.0,49.141678,0.0,0.0,0.0,0.0,0.0,0.0,0.0,0.0,0.0,0.0,0.0,46.522747,0.0,18.930584,0.0,0.0,16.707376,0.0,38.124447,61.42619,0.0,0.0,0.0,7.4323535,0.0,0.0,27.809818,50.189686,75.01031,0.0,0.0,29.809847,0.0,0.0,0.0,76.04952,0.0,0.0,61.81408,0.0,0.0,0.0,0.0,25.34986,41.90289,0.0,0.0,50.054253,0.0,33.49171,9.146735,0.0,36.287712,45.1523,0.0,41.109966,11.837051,0.0,63.807606,0.0,0.0,0.0,8.890822,0.0,0.0,0.0,82.97942,0.0,0.0,0.0,44.579704,0.0,39.18035,0.0,0.0,36.603065,0.0,39.29143,0.0,0.0,0.0,0.0,21.576189,53.363567,94.73604,64.83757,18.17349,21.492493,0.0,36.608353,43.513504,54.123405,40.89587,14.814189,21.517702,39.58833,37.82754,24.68143,30.383661,79.73375,43.06263,81.18709,24.175089,33.058594,67.74701,102.2693,0.0,0.0,0.0,0.0,0.0,0.0,27.212374,77.6438,69.08018,45.072914,145.60876,78.64043,47.771717,60.37118,35.889103,22.091774,31.140835,17.885576,21.51797,20.31097,0.0,6.7577205,31.815437,19.91325,0.0,25.87068,0.0,25.817402,6.168627,10.400809,17.605827,15.107241,14.152321,18.923141,14.5637045,26.427568,0.0,0.0,0.0,0.0,23.395063,68.301956,0.0,13.147712,39.215996,40.142822,0.0,0.0,0.0,0.0,36.938072,0.0,15.107241,16.53438,0.0,46.544792,51.059162,52.238327,15.107241,31.147388,9.999424,48.39532,21.563602,17.62404,25.359955,28.663462,18.699291,46.269463,35.323177,16.224213,63.91145,0.0,34.00159,49.281868,54.455437,38.77295,108.86314,50.21398,83.42946,48.72577,32.498535,50.94304,31.051888,0.0,21.618952,14.5637045,15.945628,18.699291,0.0,0.0,0.0,0.0,0.0,72.29807,37.110466,35.052692,0.0,45.83623,9.247976,16.226849,34.60338,0.0,54.799595,0.0,0.0,0.0,0.0,0.0,0.0,0.0,0.0,0.0,54.452396,0.0,0.0,40.646736,46.14249,28.840117,34.85213,0.0,31.403233,66.417984,0.0,20.14731,0.0,21.891815,20.844301,14.242482,30.713696,0.0,22.711843,28.846771,24.595137,0.0,68.62682,53.033783,52.96291,0.0,15.369899,17.4094,25.284311,17.628658,15.945628,29.515211,0.0,5.8016777,50.16827,46.098537,0.0,0.0,57.85938,0.0,24.415588,29.505264,31.403233,22.486286,0.0,35.098972,0.0,0.0,0.0,0.0,0.0,0.0,23.260168,21.080587,0.0,0.0,0.0,33.87441,10.746575,0.0,0.0,0.0,45.622932,0.0,107.06513,0.0,0.0,0.0,0.0,17.690903,36.339874,38.029476,0.0,40.742966,0.0,0.0,0.0,0.0,0.0,0.0,0.0,10.318269,14.113364,0.0,70.456726,94.72816,30.47063,0.0,0.0,25.857252,120.14523,0.0,0.0,0.0,0.0,0.0,0.0,0.0,27.722818,0.0,39.283504,29.002378
C28x18_C28x19,76.15583,0.0,0.0,0.0,0.0,0.0,0.0,0.0,0.0,0.0,0.0,0.0,91.5578,0.0,0.0,0.0,142.21742,71.60991,0.0,0.0,0.0,0.0,0.0,0.0,0.0,0.0,0.0,0.0,0.0,0.0,0.0,0.0,0.0,0.0,0.0,19.007101,0.0,129.00952,0.0,0.0,0.0,0.0,0.0,0.0,18.364202,0.0,0.0,18.364202,0.0,18.364202,0.0,0.0,0.0,54.4283,0.0,55.74971,0.0,0.0,58.647575,40.57131,0.0,0.0,64.38952,0.0,0.0,0.0,0.0,0.0,0.0,122.114075,95.45092,0.0,0.0,0.0,0.0,0.0,0.0,69.02936,68.96692,80.80488,80.80488,70.29311,89.63603,0.0,72.31172,0.0,37.337307,0.0,0.0,0.0,0.0,46.035824,0.0,0.0,0.0,0.0,0.0,0.0,0.0,0.0,25.469503,106.128296,98.085655,0.0,0.0,0.0,0.0,0.0,0.0,0.0,0.0,0.0,104.18439,0.0,93.391914,0.0,0.0,0.0,0.0,0.0,28.886116,0.0,59.86415,0.0,0.0,0.0,0.0,100.58089,0.0,0.0,0.0,28.348253,0.0,12.776514,21.151009,0.0,0.0,0.0,124.691696,0.0,69.36648,0.0,44.277946,0.0,0.0,0.0,0.0,52.25534,51.640247,34.45133,0.0,48.638294,0.0,0.0,0.0,0.0,0.0,0.0,54.927574,0.0,0.0,0.0,0.0,102.423035,0.0,34.963463,0.0,34.156635,0.0,0.0,0.0,52.876106,0.0,52.876106,84.76298,0.0,0.0,0.0,0.0,0.0,19.633995,0.0,0.0,0.0,0.0,0.0,0.0,64.1077,64.16352,102.913055,0.0,0.0,0.0,67.436584,17.830404,33.70344,0.0,0.0,62.460102,0.0,0.0,38.845528,0.0,0.0,0.0,0.0,0.0,0.0,0.0,0.0,120.97921,0.0,0.0,48.981365,0.0,0.0,0.0,0.0,0.0,0.0,0.0,0.0,0.0,95.77738,83.92254,0.0,0.0,0.0,0.0,0.0,0.0,0.0,149.29076,0.0,0.0,0.0,0.0,0.0,0.0,0.0,123.21083,0.0,0.0,0.0,55.403255,0.0,95.97341,0.0,0.0,113.735634,0.0,0.0,67.29304,60.730885,0.0,28.42464,35.993847,0.0,0.0,71.87041,0.0,0.0,8.06207,102.819115,118.49889,68.08795,67.282646,116.95645,148.48537,149.26712,90.98965,72.31172,63.970898,63.913284,97.45062,125.723465,37.11894,24.710413,112.01144,68.784935,0.0,0.0,65.88343,0.0,0.0,0.0,0.0,60.78734,78.87702,73.48356,0.0,0.0,37.407875,25.145454,69.86706,5.507525,0.0,0.0,0.0,0.0,0.0,0.0,0.0,0.0,0.0,0.0,0.0,0.0,0.0,0.0,0.0,0.0,0.0,0.0,0.0,0.0,0.0,0.0,0.0,0.0,8.812536,0.0,58.463383,50.94261,0.0,0.0,0.0,0.0,0.0,0.0,0.0,0.0,0.0,0.0,0.0,0.0,0.0,0.0,0.0,0.0,0.0,0.0,0.0,0.0,0.0,0.0,0.0,0.0,0.0,0.0,0.0,44.1555,0.0,0.0,0.0,29.526358,31.804428,50.666668,42.132824,97.27659,0.0,0.0,0.0,253.00038,27.012014,24.38282,0.0,35.234047,0.0,0.0,0.0,0.0,0.0,40.910557,82.95908,0.0,28.289976,0.0,0.0,0.0,0.0,5.956943,134.96274,0.0,0.0,0.0,0.0,0.0,0.0,0.0,0.0,0.0,0.0,0.0,0.0,0.0,0.0,0.0,0.0,0.0,0.0,0.0,0.0,37.27485,0.0,0.0,134.26175,0.0,206.4531,280.4679,0.0,0.0,216.40712,76.21122,44.47148,0.0,57.91549,0.0,0.0,0.0,0.0,0.0,0.0,0.0,0.0,46.831093,30.886307,0.0,22.957018,0.0,51.322674,0.0,17.298584,43.982243,57.91549,41.24316,0.0,0.0,65.62792,0.0,0.0,0.0,0.0,0.0,0.0,0.0,0.0,0.0,61.137547,0.0,0.0,0.0,0.0,0.0,158.7809,0.0,144.5616,0.0,0.0,58.23905,0.0,0.0,82.95908,0.0,0.0,0.0,0.0,0.0,0.0,0.0,0.0,0.0,0.0,0.0,0.0,0.0,0.0,0.0,57.2086,0.0,0.0,0.0,0.0,0.0,0.0,0.0,0.0,0.0,0.0,0.0,0.0,0.0,136.73802,33.87633
C28x19_C28x20,37.992134,0.0,0.0,0.0,24.686682,24.686682,0.0,0.0,12.236657,12.32253,13.254673,0.0,50.195244,0.0,0.0,24.890388,96.29453,63.91468,13.778,0.0,0.0,41.322594,41.322594,12.710722,8.987837,0.0,12.710722,0.0,0.0,0.0,0.0,0.0,10.953402,7.7452245,7.7452245,16.840702,31.15736,57.15655,0.0,0.0,0.0,75.715546,0.0,0.0,23.42915,0.0,0.0,23.42915,20.26321,23.42915,20.287836,0.0,28.691334,34.949593,0.0,53.16505,0.0,0.0,18.160894,49.206966,15.394895,0.0,30.327074,17.854855,17.854855,12.625289,0.0,0.0,0.0,38.137238,38.137238,12.689054,0.0,0.0,0.0,12.689054,0.0,37.70167,37.546795,21.76707,30.783287,1.229987,68.327896,16.326288,35.331436,23.08886,30.557161,0.0,0.0,0.0,0.0,29.677214,13.336123,13.336123,0.0,0.0,18.860126,13.336123,0.0,0.0,17.384178,33.619473,40.31177,0.0,84.71421,34.5126,42.095486,48.808186,34.5126,24.404093,0.0,0.0,53.61611,46.752613,65.519264,0.0,0.0,83.80322,46.94547,0.0,52.264732,0.0,49.273293,0.0,0.0,15.223309,10.764505,52.441547,43.358997,33.393707,0.0,43.099117,0.0,16.074682,26.610996,13.917019,0.0,0.0,160.62059,0.0,36.74076,30.37749,41.280643,0.0,15.12639,0.0,25.844997,28.76499,50.06645,22.612982,0.0,30.302177,29.362598,6.404153,45.025448,48.706646,23.643738,0.0,26.025255,25.19492,0.0,17.475592,0.0,92.71975,0.0,30.677017,13.517084,17.777782,0.0,0.0,0.0,28.090618,23.225496,48.63519,39.353233,14.539115,0.0,3.512783,0.0,8.598266,14.580538,24.803596,0.0,0.0,10.882085,32.22647,0.0,54.220047,35.302994,69.441605,6.5194335,0.0,11.29199,88.24374,19.862772,28.36045,49.508694,0.0,30.731003,4.321286,0.0,27.159855,0.0,19.27377,15.533414,0.0,30.609741,0.0,0.0,28.68112,70.10102,0.0,20.387419,34.87173,28.832163,27.816076,7.8559775,28.473036,14.576643,20.614487,20.88391,14.767154,22.5554,31.898157,0.0,33.090443,0.0,23.398476,0.0,29.306,0.0,17.736439,55.606472,0.0,33.904133,0.0,46.909584,2.3790307,0.0,25.758461,82.484055,33.60403,23.761637,23.721855,45.310555,21.099167,44.718967,50.218197,0.0,69.277824,26.91833,19.034134,34.812172,28.94806,20.64968,23.497766,19.428099,0.0,32.597267,36.98836,12.997143,0.0,3.0850217,50.307632,75.63337,55.820896,60.94687,44.754414,58.31399,56.226032,56.673695,64.929054,31.240168,28.152725,54.902775,94.577415,35.78378,34.156113,37.38827,43.396038,0.0,0.0,20.133476,0.0,0.0,0.0,13.983523,56.451115,52.493153,60.13955,40.75826,58.172688,33.144184,31.636583,26.561127,19.775688,26.904827,0.0,0.0,0.0,0.0,0.0,0.0,0.0,0.0,0.0,0.0,0.0,0.0,0.0,0.0,0.0,0.0,0.0,0.0,0.0,0.0,0.0,0.0,0.0,39.64694,0.0,35.34153,25.592905,18.633415,8.930699,0.0,0.0,0.0,0.0,0.0,0.0,31.797983,24.528429,0.0,0.0,0.0,0.0,0.0,0.0,0.0,0.0,0.0,0.0,0.0,0.0,0.0,0.0,0.0,0.0,0.0,43.334644,11.952117,80.525055,28.473036,42.44721,55.28041,56.42264,32.33387,37.009575,0.0,9.3513565,0.0,95.41897,38.82598,39.06193,51.011612,39.2971,0.0,0.0,0.0,0.0,0.0,48.71267,49.54658,0.0,48.31183,0.0,0.0,0.0,0.0,4.450759,60.748917,0.0,0.0,0.0,0.0,0.0,0.0,0.0,0.0,0.0,14.767154,23.97384,10.280706,9.5580225,16.773886,16.422907,14.919365,35.007935,20.387419,0.0,0.0,68.676834,3.761578,93.55091,48.39825,72.46903,78.031815,116.538826,166.31761,115.40052,45.58765,48.221523,40.081154,35.026314,0.0,0.0,0.0,0.0,0.0,0.0,0.0,0.0,0.0,44.377598,28.683052,14.767154,10.280706,24.528152,23.761637,25.838556,16.422907,14.919365,20.387419,24.683477,12.610296,18.152723,26.65106,10.38491,16.812876,0.0,20.133476,0.0,0.0,0.0,0.0,0.0,27.107775,12.925142,17.937382,12.346643,0.0,0.0,118.02509,7.045319,85.38426,42.7747,6.608129,53.843727,0.0,0.0,49.54658,24.661772,31.220299,0.0,0.0,0.0,0.0,0.0,0.0,0.0,0.0,0.0,0.0,0.0,0.0,14.776225,35.960304,0.0,0.0,12.153997,14.776225,23.55594,0.0,12.999081,21.42828,0.0,0.0,15.152082,9.191738,0.0,58.877037,19.186666
C28x19_C29x19,35.20992,0.0,0.0,0.0,0.0,0.0,0.0,0.0,17.975262,20.645697,17.975262,0.0,73.4805,0.0,0.0,0.0,168.16702,68.79438,0.0,0.0,0.0,87.096016,68.078926,0.0,0.0,0.0,0.0,0.0,0.0,0.0,0.0,0.0,0.0,0.0,0.0,0.0,0.0,100.45856,0.0,0.0,0.0,64.62869,0.0,0.0,22.569653,0.0,0.0,29.794619,12.652854,22.569653,0.0,0.0,0.0,58.556046,0.0,0.0,0.0,0.0,38.706665,22.099243,0.0,0.0,59.49424,0.0,0.0,0.0,0.0,0.0,0.0,93.77093,73.29639,0.0,0.0,0.0,0.0,0.0,0.0,68.49269,0.0,0.0,0.0,0.0,95.11684,0.0,28.39023,0.0,36.86004,0.0,0.0,0.0,0.0,41.58581,0.0,0.0,0.0,0.0,0.0,29.672823,0.0,0.0,20.290146,23.18066,48.10506,0.0,136.19327,0.0,27.626696,118.01549,32.368732,0.0,0.0,0.0,96.81869,0.0,26.357294,0.0,0.0,136.92232,0.0,0.0,61.43863,0.0,50.276817,0.0,0.0,0.0,0.0,88.21982,0.0,0.0,0.0,73.82882,0.0,0.0,44.585205,0.0,0.0,0.0,227.04991,0.0,61.557045,0.0,42.81463,0.0,0.0,0.0,0.0,55.37286,56.789734,37.88676,0.0,58.04374,43.162483,0.0,23.589006,23.409546,0.0,0.0,49.980778,0.0,0.0,0.0,0.0,108.04902,0.0,45.30684,0.0,20.935465,0.0,0.0,0.0,48.36961,0.0,13.234821,70.92359,0.0,0.0,0.0,0.0,0.0,24.42886,0.0,0.0,0.0,0.0,51.853706,0.0,57.557796,54.053883,46.220142,0.0,0.0,0.0,99.54852,31.970703,43.345898,0.0,0.0,54.237698,0.0,0.0,0.0,0.0,0.0,0.0,0.0,0.0,0.0,0.0,0.0,124.89112,0.0,0.0,53.96609,0.0,0.0,0.0,0.0,0.0,0.0,0.0,0.0,0.0,74.84759,0.0,0.0,0.0,0.0,0.0,48.63233,0.0,0.0,48.68789,0.0,0.0,0.0,0.0,0.0,0.0,0.0,130.47348,0.0,0.0,0.0,44.071033,0.0,70.048965,0.0,0.0,45.243103,0.0,0.0,40.843704,53.893658,0.0,39.509537,30.675404,0.0,63.94699,67.83076,0.0,0.0,6.1033216,77.83833,83.54519,50.669342,81.86554,86.06091,113.92519,111.68799,65.108215,60.10461,60.00425,48.38501,73.77418,88.16141,60.51292,54.383343,68.322105,67.237755,0.0,0.0,34.97748,0.0,0.0,0.0,0.0,68.305595,100.36159,92.64875,74.58347,113.71981,42.34248,38.053448,0.0,22.099833,48.801937,0.0,0.0,0.0,0.0,0.0,0.0,0.0,0.0,0.0,0.0,0.0,0.0,0.0,0.0,0.0,0.0,0.0,0.0,0.0,0.0,0.0,0.0,0.0,73.78394,0.0,15.049043,35.75069,0.0,0.0,0.0,0.0,0.0,0.0,0.0,0.0,0.0,0.0,0.0,0.0,0.0,0.0,0.0,0.0,0.0,0.0,0.0,0.0,0.0,0.0,0.0,0.0,0.0,0.0,0.0,37.869217,0.0,0.0,0.0,68.66596,87.30981,86.695206,33.121014,62.00743,0.0,0.0,0.0,153.55931,67.12046,69.63494,112.34635,79.43903,0.0,0.0,0.0,0.0,0.0,25.076267,30.773823,0.0,51.14332,0.0,0.0,0.0,0.0,9.168323,82.134544,0.0,0.0,0.0,0.0,0.0,0.0,0.0,0.0,0.0,0.0,0.0,0.0,0.0,0.0,0.0,0.0,0.0,0.0,0.0,0.0,37.306366,6.4829836,72.47474,83.41315,68.78129,109.758606,140.65814,132.7945,147.76605,87.00782,54.27573,35.80184,54.237698,41.899544,0.0,0.0,0.0,0.0,0.0,0.0,0.0,0.0,67.394646,27.175184,26.762953,22.87453,13.542063,50.56158,45.243103,37.554405,33.195526,41.899544,25.962269,13.527736,0.0,0.0,0.0,0.0,0.0,0.0,0.0,0.0,0.0,0.0,0.0,50.07939,29.405916,0.0,21.089104,0.0,0.0,137.97871,0.0,65.59455,0.0,0.0,67.69996,0.0,0.0,30.773823,27.325459,34.531452,0.0,0.0,0.0,0.0,0.0,0.0,0.0,0.0,0.0,0.0,0.0,0.0,0.0,26.035128,0.0,0.0,0.0,0.0,0.0,0.0,0.0,0.0,0.0,0.0,0.0,0.0,0.0,100.42714,28.853754
C28x20_C28x21,31.227509,0.0,14.968024,0.0,99.56012,35.850487,24.380627,0.0,28.979893,29.183264,28.979893,0.0,66.04942,0.0,0.0,18.194307,84.027725,0.0,35.706497,0.0,0.0,29.938597,24.630064,37.850143,19.366282,0.0,27.38806,0.0,0.0,0.0,0.0,0.0,16.395615,16.085152,15.591959,20.707102,42.96027,86.08592,0.0,23.237152,0.0,48.8815,11.099064,16.598547,26.038027,0.0,17.454084,36.566715,22.043915,8.393284,27.067793,0.0,27.590237,25.432083,0.0,35.715755,10.0680485,14.773245,15.599045,25.956345,31.217443,0.0,29.810184,0.0,0.0,0.0,0.0,0.0,0.0,32.658615,21.644325,11.967741,0.0,0.0,0.0,18.462301,0.0,21.008217,11.182672,20.900885,13.865963,0.0,86.87082,32.402393,0.0,33.027798,41.712982,23.51239,0.0,15.98993,23.64226,56.924168,15.905206,15.417531,0.0,0.0,16.212196,20.47545,0.0,0.0,12.79973,44.308678,45.373196,0.0,59.41237,22.58825,11.81217,44.321045,25.064241,22.160522,0.0,0.0,26.87734,27.104908,0.0,26.355686,0.0,102.53533,80.165115,27.346842,11.948628,0.0,65.16974,0.0,0.0,14.066274,13.376795,19.056004,32.642864,24.972866,17.66967,48.51052,18.010717,22.74692,15.401465,29.434687,0.0,0.0,178.43141,0.0,14.414684,29.975769,18.929129,0.0,44.95367,14.864343,19.482477,19.590088,36.03179,0.0,0.0,34.816753,24.118645,17.250156,22.187992,15.35374,24.17547,0.0,20.707182,41.281555,0.0,25.659754,0.0,84.70777,12.339209,39.29464,19.506985,24.636658,0.0,29.7749,26.704042,9.49095,19.736717,27.648928,20.158958,0.0,0.0,6.974125,0.0,14.129081,6.7943625,22.169142,0.0,0.0,17.253855,62.287777,0.0,71.34547,16.863012,27.845152,8.86981,0.0,16.504728,68.180145,11.705026,23.099869,42.69977,0.0,14.781681,3.3203635,0.0,12.7850065,0.0,21.982704,27.264936,0.0,12.504467,0.0,0.0,26.523596,98.24411,0.0,0.0,0.0,0.0,49.25798,34.603466,27.58172,30.892708,31.488976,0.0,0.0,16.370546,32.121117,7.872234,28.23988,0.0,27.705137,0.0,35.372818,13.044755,25.840647,50.702667,0.0,60.709,0.0,46.386658,1.827985,0.0,35.813137,48.768925,18.541672,15.855499,42.217422,20.301424,0.0,59.563,29.75938,0.0,71.45185,26.528252,26.025917,26.226263,19.235655,29.612196,11.844246,27.155413,0.0,47.849983,30.368555,18.359194,0.0,8.464348,42.2333,62.356564,45.05666,48.20123,34.576588,52.143215,49.967525,48.18847,50.55676,25.21596,28.952082,40.60768,75.40084,31.70794,27.569609,0.0,49.638718,0.0,0.0,15.855717,0.0,0.0,0.0,25.100079,84.0135,83.99126,88.119125,43.25461,70.77814,43.743973,48.053116,23.871977,14.183118,27.136675,18.92401,9.178054,24.56303,18.666166,0.0,11.790661,7.946344,16.013613,0.0,1.1624169,18.099222,10.762582,14.363882,0.0,21.661448,10.750734,24.592997,12.942002,11.175656,11.830609,12.5505905,0.0,0.0,26.161482,0.0,38.26357,29.22616,20.125916,12.427071,19.87539,38.968777,14.470696,14.779361,24.56303,0.0,48.64173,33.201595,0.0,0.0,0.0,0.0,0.0,0.0,0.0,0.0,0.0,0.0,0.0,0.0,0.0,0.0,0.0,0.0,0.0,32.851536,63.352283,87.83172,41.763718,47.85456,48.344578,55.390095,35.5847,29.617826,0.0,15.744175,36.625946,52.587948,22.478773,30.961355,74.93494,47.960415,0.0,0.0,0.0,0.0,0.0,10.851403,28.430506,0.0,40.54106,9.263761,13.442288,0.86982685,9.995701,4.7127366,70.962,0.0,0.0,0.0,0.0,0.0,0.0,0.0,0.0,0.0,0.0,57.733257,0.0,18.550821,40.14807,18.76929,0.0,30.193298,0.0,0.0,10.772371,34.324345,13.499925,61.37385,25.916594,53.23132,45.947468,88.498985,102.09144,71.71869,0.0,25.919256,21.441494,33.126774,0.0,0.0,0.0,0.0,0.0,0.0,0.0,0.0,0.0,41.65337,39.7695,0.0,0.0,33.878136,23.4175,33.504272,24.9268,0.0,0.0,34.434685,17.844547,30.401024,0.0,14.234276,15.53414,28.387575,15.855717,0.0,0.0,0.0,0.0,0.0,15.943296,9.931342,14.8922,23.706032,0.0,0.0,63.85729,15.79672,0.0,24.773302,0.0,43.482513,0.0,0.0,28.430506,16.195696,31.774107,21.695421,10.716155,21.440008,17.570866,0.0,0.0,0.0,0.0,12.558768,13.430976,0.0,38.157185,0.0,13.957567,0.0,0.0,27.777592,33.12257,31.48064,0.0,16.473122,31.526457,0.0,0.0,22.29257,16.161192,0.0,53.46192,34.20949
C28x20_C29x20,21.663694,0.0,47.22004,0.0,103.26977,11.957933,0.0,0.0,25.794308,40.806873,27.940239,0.0,69.60868,0.0,34.25564,9.915621,109.60102,55.40137,21.325466,0.0,0.0,67.76992,37.6591,33.17166,23.455906,0.0,33.17166,0.0,0.0,8.046782,0.0,0.0,21.396463,15.129584,15.129584,15.129584,22.350826,95.46528,0.0,0.0,0.0,43.765354,0.0,12.379517,29.484673,0.0,17.50728,36.661,20.667688,0.0,10.614498,0.0,15.011168,28.633492,0.0,32.636776,0.0,6.0875773,15.178677,8.593018,5.352146,0.0,41.072678,20.104038,20.104038,14.215702,0.0,0.0,0.0,64.43062,35.803482,0.0,0.0,0.0,0.0,14.073908,0.0,15.690407,8.31725,18.033863,8.959576,0.0,101.075615,11.7191305,0.0,16.573355,33.699192,11.280207,0.0,0.0,0.0,63.370075,12.107838,12.107838,0.0,0.0,17.123068,17.42108,0.0,0.0,23.65466,49.73238,37.765236,21.630596,66.55589,11.213538,13.677305,42.61005,14.733579,7.929169,0.0,0.0,77.2593,24.273508,0.0,0.0,0.0,109.261154,74.65695,9.461915,38.387875,0.0,42.882233,0.0,0.0,12.721491,8.995453,45.023453,20.077429,15.420355,16.832306,62.750385,23.804476,16.832306,29.228262,12.236835,0.0,0.0,158.62782,0.0,42.09132,11.056162,54.276268,0.0,12.948921,0.0,9.767842,22.468842,54.694622,0.0,0.0,36.68894,23.430984,11.209924,20.767725,21.099415,0.0,8.876629,26.671432,14.450272,0.0,0.0,0.0,84.939125,0.0,37.31381,21.504873,16.784796,0.0,26.90658,28.39772,27.995474,6.7319646,14.097023,58.864777,0.0,0.0,0.0,0.0,22.638765,0.0,25.738,0.0,0.0,31.52057,96.2999,0.0,66.89652,48.559776,32.029537,10.297701,0.0,17.83614,69.32774,15.126568,31.87455,35.489273,0.0,39.554184,0.0,0.0,0.0,11.881242,10.269295,26.11585,0.0,11.7092,0.0,0.0,17.59861,110.45639,0.0,10.536075,0.0,14.90026,27.18216,36.720272,19.608013,24.503052,34.652546,15.6949005,11.09797,10.983229,30.940937,0.0,17.227913,0.0,12.181974,0.0,32.37678,25.249107,21.135809,49.638298,0.0,37.22104,0.0,30.104425,6.183761,0.0,22.401697,51.767963,17.518549,12.387485,31.872839,0.0,0.0,43.766315,0.0,0.0,47.777134,12.073389,8.537175,39.948128,43.167553,8.148917,21.18534,19.58153,14.317563,37.878407,22.63636,14.351451,0.0,7.5927143,47.99426,69.85454,50.33859,49.86039,38.659286,53.22763,54.983025,53.982822,58.710213,37.382267,30.35074,49.64424,84.76266,26.271593,29.228262,18.295244,50.876785,0.0,0.0,13.86496,38.292385,28.462873,35.393272,10.703391,84.49577,91.48184,99.4931,51.433796,84.12948,41.03151,42.25458,21.78067,15.136881,27.019707,0.0,0.0,0.0,0.0,0.0,0.0,0.0,0.0,0.0,0.0,0.0,0.0,0.0,0.0,0.0,0.0,0.0,0.0,0.0,0.0,0.0,0.0,0.0,26.041294,0.0,21.630352,28.805,8.921876,18.807678,0.0,0.0,0.0,0.0,0.0,0.0,44.706768,33.48855,0.0,0.0,0.0,0.0,0.0,0.0,0.0,0.0,0.0,0.0,0.0,0.0,0.0,0.0,0.0,0.0,0.0,29.989101,32.105804,67.51164,33.01524,53.683727,50.641445,61.66229,40.52935,16.568207,9.93334,11.508414,26.868185,80.10253,31.613386,31.136585,105.75446,67.73797,0.0,0.0,0.0,0.0,0.0,19.80335,41.59114,25.845842,59.149025,4.535244,0.0,0.0,0.0,11.568758,64.068344,0.0,0.0,0.0,0.0,0.0,0.0,0.0,0.0,0.0,11.09797,26.31925,0.0,15.206242,22.5375,4.7602177,0.0,25.094706,10.536075,0.0,0.0,23.200306,15.458397,42.39413,29.271095,78.796295,64.34081,88.71741,68.16526,91.79471,37.248226,32.683296,31.444048,39.554184,0.0,0.0,0.0,0.0,0.0,0.0,0.0,0.0,0.0,74.11016,28.619461,11.09797,0.0,22.90551,17.259735,28.495396,19.623816,7.2635293,10.536075,23.486296,16.008024,28.202265,0.0,10.951662,14.1910305,13.198614,13.86496,0.0,0.0,0.0,0.0,0.0,22.26057,11.434127,17.755585,0.0,0.0,0.0,83.33702,18.892284,45.52245,14.824278,7.2876067,57.995743,0.0,18.404024,41.59114,29.549072,34.47347,22.30873,32.93231,67.92626,57.330128,14.475712,25.49531,7.08038,0.0,0.0,0.0,0.0,52.684086,28.635126,14.239982,0.0,0.0,21.82133,46.986988,13.04866,20.24809,30.44537,15.86436,0.0,0.0,11.217796,21.528128,0.0,55.889736,24.323906
C28x21_C28x22,28.956398,0.0,0.0,0.0,40.53504,0.0,22.749956,0.0,22.330027,24.968527,36.97643,11.642102,37.58645,0.0,0.0,17.325266,58.898396,22.119839,22.34614,7.5046077,0.0,24.2201,17.11986,25.602592,13.461112,0.0,19.036888,0.0,0.0,23.775692,0.0,0.0,43.956215,31.081738,41.801636,47.94893,22.085016,38.308037,0.0,11.618893,0.0,57.153854,19.9962,29.90413,21.566538,0.0,31.445478,47.902798,34.301792,17.158085,29.560215,0.0,16.507969,24.02404,0.0,46.227016,9.767268,9.767268,15.308931,22.819107,25.419655,0.0,22.380423,16.00797,21.52902,11.3193445,0.0,0.0,0.0,26.48001,17.877428,0.0,11.669194,0.0,0.0,13.002408,0.0,34.372944,7.3036814,35.930225,23.227516,0.0,64.486465,36.12554,0.0,20.174389,35.44472,15.190722,0.0,11.508162,14.46497,38.394608,33.498943,32.35411,0.0,0.0,34.02174,37.112064,0.0,0.0,12.290528,33.659683,38.9858,0.0,47.322716,18.607645,0.0,26.315184,18.607645,13.157592,0.0,0.0,36.739143,29.229235,49.282906,29.229235,0.0,43.700516,41.33638,16.538227,21.459923,0.0,51.062954,0.0,23.993713,16.25427,15.457543,17.33694,35.329826,13.863558,17.459204,36.097332,9.750132,17.130169,9.053731,14.557245,19.933989,17.689432,103.50441,0.0,0.0,5.776234,21.445158,0.0,27.688278,20.849169,9.224538,18.383856,35.991035,0.0,0.0,31.001677,23.134838,20.332224,28.866682,7.0334573,20.303438,0.0,25.154877,34.113926,0.0,22.408726,0.0,69.73341,12.684771,45.24526,10.097774,17.740946,17.267448,12.209929,30.550512,11.18466,13.554522,20.64842,23.620306,0.0,0.0,17.918514,0.0,5.0988483,4.7346644,19.223408,0.0,27.464417,34.865734,85.14906,0.0,42.41131,19.583715,37.14566,11.571968,7.706969,20.043236,59.561306,8.403194,22.157917,25.81795,0.0,18.150446,18.036875,0.0,20.976551,0.0,26.832914,24.790321,0.0,21.113379,0.0,0.0,9.300118,70.30929,0.0,12.038298,0.0,17.024725,36.881138,10.523681,28.396355,26.688402,20.39622,13.782992,9.746047,19.644278,29.254639,9.761577,20.130707,0.0,29.832846,0.0,40.788242,19.004433,20.587774,84.19831,0.0,40.592262,0.0,3.286168,5.9161057,0.0,18.463423,69.828705,27.457167,19.415148,25.286318,23.48025,7.3428926,36.044865,24.251858,0.0,85.17315,23.005838,41.195713,20.175842,22.02092,18.867168,12.66556,20.053371,25.083147,53.00954,32.99374,13.736817,9.990317,19.953709,55.67771,52.20632,49.09836,50.26855,18.728268,18.584661,50.099274,41.96583,68.04373,22.087324,63.096443,77.59358,100.549095,47.386124,32.88503,17.135086,46.797153,14.372192,0.0,16.324022,10.541902,5.6822314,16.553097,44.384464,73.31409,61.205006,99.23827,92.02291,113.166245,96.21091,47.96112,49.028248,22.904917,23.010818,15.421771,8.967933,23.292637,14.187178,0.0,17.46003,14.770392,25.395702,18.126675,6.6492963,23.938732,10.708656,11.832613,8.984285,6.1930795,8.193015,19.249718,12.414093,14.983861,13.72677,8.619329,0.0,7.8202405,28.22905,0.0,17.52973,30.470186,8.169337,12.284252,18.150446,36.739143,12.414093,16.09659,18.86006,0.0,6.707904,12.055277,0.0,0.0,0.0,0.0,0.0,0.0,0.0,0.0,0.0,0.0,0.0,0.0,0.0,0.0,0.0,0.0,0.0,25.815302,20.41716,61.57393,38.045353,48.17703,51.613365,47.94035,42.725445,25.551605,17.70455,15.38373,22.774668,14.266474,43.920883,29.04204,54.866302,26.224987,0.0,0.0,0.0,0.0,0.0,15.86363,38.11415,17.750324,50.745678,18.539936,14.440283,16.620676,12.806258,19.694538,57.398415,0.0,0.0,0.0,0.0,0.0,0.0,0.0,0.0,0.0,13.107398,38.60257,0.0,7.140204,17.880127,12.890126,5.192209,18.256048,12.038298,4.835808,0.0,30.623915,18.2991,58.35802,35.981865,69.36151,45.508392,51.727898,92.21132,21.053558,29.013895,28.464254,20.758602,30.066177,17.244741,0.0,0.0,0.0,0.0,0.0,0.0,0.0,0.0,29.340414,26.185434,15.034955,0.0,33.354263,29.951206,40.419342,16.836243,12.900849,18.571146,27.042124,8.958251,29.806395,0.0,6.8733234,4.177519,0.0,16.324022,0.0,7.6130443,0.0,0.0,0.0,14.6801815,7.9214864,3.4506574,29.202446,0.0,10.86387,71.167404,15.765154,41.57777,21.362654,20.41693,45.509514,0.0,0.0,41.451572,20.85388,17.598434,15.927038,21.976686,23.622154,21.095444,7.6732726,11.780554,5.192209,10.000218,6.2946835,22.914803,0.0,52.53396,57.28778,32.636345,0.0,0.0,0.0,72.49484,12.4425125,28.505512,16.11922,17.988188,0.0,0.0,11.489526,11.726525,0.0,66.39179,31.114056
C28x21_C29x21,24.7926,0.0,13.766584,0.0,88.25422,7.282369,4.9524765,0.0,27.515081,42.69041,35.469013,0.0,53.77424,0.0,0.0,19.149971,46.956615,22.216253,23.40932,7.503168,0.0,39.2455,32.22002,49.513977,25.334162,0.0,35.827915,0.0,0.0,17.346607,0.0,0.0,19.564083,19.19362,18.605118,30.785284,32.943428,72.7571,0.0,18.820183,0.0,47.275078,14.5047,21.691645,27.277504,0.0,22.809696,36.230564,30.288042,27.003677,27.320602,0.0,27.847923,18.754915,0.0,47.36913,9.991565,14.661016,15.191169,13.769739,18.856428,0.0,26.899235,24.55679,33.937344,17.364273,0.0,0.0,0.0,27.134092,22.27672,9.162047,0.0,0.0,0.0,18.64368,0.0,24.290943,0.0,24.968737,16.709837,0.0,68.52479,22.168367,0.0,22.596243,26.454424,0.0,0.0,0.0,0.0,40.435326,32.193855,31.206749,0.0,0.0,32.815235,38.41825,0.0,0.0,11.950769,44.677734,52.24396,0.0,35.416565,2.1849287,0.0,20.67065,2.4244275,2.1435552,0.0,0.0,38.170982,15.862895,27.888182,15.862895,0.0,61.71371,48.249577,18.180359,0.0,0.0,39.80784,0.0,21.77965,13.628317,12.960303,16.471394,32.942535,33.297382,31.96369,87.20832,32.58063,38.14359,27.860601,16.62147,17.524633,0.0,97.412384,0.0,0.0,0.0,22.986174,0.0,24.602285,9.598731,0.0,15.184687,33.402454,0.0,0.0,31.572412,21.87119,24.6595,24.795708,16.685093,20.27105,0.0,39.811737,23.72439,0.0,24.226147,0.0,78.31075,11.649818,51.554756,20.75105,24.294174,0.0,22.453989,28.34218,11.988372,12.2814865,19.50772,25.317627,0.0,0.0,13.759997,0.0,20.105724,9.668398,24.13837,0.0,0.0,35.46139,87.17593,0.0,83.47236,20.99097,30.254799,12.134011,0.0,22.578674,63.80115,10.470802,20.638523,37.359,0.0,18.680273,11.472776,0.0,15.346024,0.0,25.368431,27.999418,0.0,18.523693,0.0,0.0,17.807833,82.33411,0.0,13.8332615,6.7805033,14.100261,35.227837,30.142881,17.874653,35.378155,36.060997,18.976618,18.617281,14.455053,28.362673,6.9511156,14.875285,0.0,14.593611,0.0,34.677055,9.635941,19.846416,44.572525,0.0,45.928993,0.0,16.430897,26.915735,0.0,27.785326,51.131386,10.165187,12.715787,29.030176,31.31627,7.4481378,28.8622,17.718029,0.0,76.76161,13.787856,13.526772,24.422686,24.194702,4.260959,13.874363,19.854118,26.60513,38.0957,24.848763,13.469761,16.55784,39.17793,40.534798,40.251144,34.901215,52.489567,24.806683,33.52064,47.950397,38.372066,47.99654,33.146416,47.765106,59.33634,76.85569,57.051895,47.42362,20.524017,44.15588,0.0,0.0,8.718345,10.737195,11.761369,16.471876,33.56637,91.54848,66.925766,74.62239,83.30842,92.2529,88.70115,82.71282,46.756866,17.213634,13.450893,11.266906,4.052955,12.586364,18.852404,0.0,6.464049,9.576119,27.357086,17.244762,17.115734,14.743783,8.239423,1.3893974,14.890455,14.644225,17.35613,16.349586,11.736023,20.424515,7.1214485,7.809805,4.7362757,7.8543267,25.670755,0.0,20.413904,33.322582,16.394745,22.711588,12.302274,23.454432,13.122268,16.46285,18.102734,0.0,16.284039,26.797188,0.0,0.0,0.0,0.0,0.0,0.0,0.0,0.0,0.0,0.0,0.0,0.0,0.0,0.0,0.0,0.0,0.0,21.56264,30.691042,84.49419,30.959806,45.76118,51.057663,51.52471,36.415176,26.857937,0.0,6.0611567,32.925186,16.879616,30.325764,28.076271,53.59123,33.31359,0.0,0.0,0.0,0.0,0.0,9.324745,29.150534,0.0,56.090496,30.530043,8.320375,21.284815,11.134294,57.739655,58.87789,0.0,0.0,0.0,0.0,0.0,0.0,0.0,0.0,0.0,18.046452,43.677715,0.0,19.733906,27.607218,11.679491,7.083056,26.416803,9.97039,0.0,22.176617,14.566989,55.785202,35.35388,38.39196,73.49681,50.02887,77.42978,73.01275,62.473736,29.224014,0.0,0.0,20.504484,6.7805033,0.0,0.0,0.0,0.0,0.0,0.0,0.0,0.0,49.379356,42.218212,22.216766,0.0,42.144928,19.325153,32.01798,14.378481,10.199994,16.5078,32.78016,23.538662,24.740068,0.0,23.067484,0.0,22.093767,8.718345,0.0,0.0,0.0,0.0,0.0,16.63309,19.39926,17.938608,22.77696,0.0,0.0,51.591564,66.167854,34.663143,11.790379,21.287931,42.460705,0.0,0.0,27.7531,19.795448,17.256304,12.264272,17.11627,7.870381,0.0,0.0,0.0,0.0,0.0,15.355087,16.4215,0.0,51.286976,53.21026,21.835958,0.0,0.0,17.677305,62.075676,26.3621,27.118643,22.772013,11.573001,0.0,0.0,8.183347,22.340807,0.0,61.80512,54.24933
C28x22_C28x23,14.517136,0.0,0.0,0.0,14.513436,6.133422,7.8208494,0.0,11.036945,5.9429464,26.368042,5.9429464,22.397148,0.0,8.4205675,22.53321,10.674031,33.80625,36.420467,11.936956,0.0,36.89869,20.130629,32.43621,16.140768,0.0,27.128906,0.0,20.02057,28.4321,0.0,0.0,33.042427,46.41816,23.364525,49.469746,0.0,51.64266,0.0,15.865863,15.779121,74.681015,0.0,19.734388,26.612965,0.0,27.90864,46.255554,41.64528,21.172964,7.371233,0.0,5.1183386,25.21464,0.0,47.42372,15.535981,19.157736,20.768204,26.685778,31.70142,0.0,14.017131,10.305769,12.321918,6.1315794,16.769358,0.0,0.0,16.283499,14.615127,7.1723385,12.062584,0.0,0.0,14.253407,0.0,36.907078,16.433039,26.946232,13.509604,0.0,28.78982,14.454137,0.0,0.0,17.518478,11.788979,0.0,15.032363,18.894651,49.579853,35.29356,16.96797,0.0,0.0,23.996332,42.775948,0.0,0.0,19.576586,55.64374,67.13606,7.724377,37.488068,13.370651,13.379013,44.073837,15.147965,18.821156,0.0,0.0,17.024767,12.183565,34.23671,12.183565,0.0,25.279726,23.890656,19.273321,10.646016,0.0,24.994005,0.0,11.903001,16.18867,11.447117,33.044724,34.653534,10.728882,27.57091,64.18131,19.626148,29.286144,18.92207,19.967905,22.339495,16.831923,98.272514,0.0,4.1086936,0.0,26.083555,0.0,10.090362,25.092077,8.457258,18.43085,31.724367,0.0,0.0,39.13013,18.64061,13.992893,30.494623,0.0,47.234753,0.0,29.75269,0.0,0.0,17.127258,0.0,60.940994,16.332117,26.930265,0.0,10.499555,11.075795,4.5840573,40.794598,10.247003,0.0,14.491449,5.3143616,0.0,0.0,26.296505,0.0,0.0,0.0,28.212584,0.0,40.216965,40.19183,87.8017,0.0,43.14969,11.601153,16.00313,7.5643353,7.3449645,16.979235,94.37822,13.472502,14.112308,26.504475,0.0,37.558823,7.7555704,0.0,31.332424,12.224077,21.646946,15.499421,0.0,14.479159,0.0,0.0,18.40115,42.56659,0.0,24.282778,16.483028,17.285517,38.93501,0.0,16.421059,42.96477,30.584156,19.526459,27.430862,22.002802,71.51388,24.531443,25.638567,0.0,36.01718,0.0,58.31803,37.037483,18.549623,60.2903,0.0,42.150078,0.0,1.900327,3.267605,0.0,9.559775,71.42986,26.353958,29.853783,7.679848,5.826338,0.0,26.983421,29.831379,0.0,59.514473,18.199064,25.566133,13.5580635,15.585761,16.344566,8.290263,14.223164,27.57824,43.195267,35.70046,17.208126,17.036076,8.541555,16.562536,55.67342,52.196323,79.94733,42.28954,6.983455,90.58472,32.28342,32.477222,51.068413,79.30164,47.572556,101.77654,91.711174,51.30297,45.184532,37.846058,13.317512,0.0,0.0,10.56885,0.0,17.48661,24.568325,121.20604,48.94405,33.80215,95.098274,72.12351,130.94826,77.77909,52.499622,19.770512,12.037426,24.472792,11.643836,12.344848,15.648211,0.0,24.875563,23.367582,27.73474,27.57824,1.8877325,19.043905,6.964336,18.821156,16.542019,3.1080189,13.03195,22.861982,19.746067,17.571896,0.0,0.0,0.0,0.0,38.46642,0.0,16.613531,43.697647,13.179829,6.0950894,37.558823,15.313908,7.8821034,17.496815,15.887842,0.0,3.1080189,10.436553,0.0,0.0,0.0,0.0,0.0,0.0,0.0,0.0,0.0,0.0,0.0,0.0,0.0,0.0,0.0,0.0,0.0,28.19474,25.4271,49.493706,0.0,98.554924,64.15267,41.258312,45.911915,13.8368845,52.60229,23.830605,17.894238,9.586998,40.950626,29.003616,51.81906,30.34632,0.0,0.0,0.0,0.0,0.0,46.93296,26.689655,56.357452,55.670883,51.3541,29.88136,19.315609,13.92026,9.167545,23.49889,0.0,0.0,0.0,0.0,0.0,0.0,0.0,0.0,0.0,13.807291,29.804605,0.0,0.0,5.430473,0.0,0.0,15.769254,10.284289,7.530654,0.0,0.0,8.743817,43.736588,38.744926,107.54973,75.49434,70.92359,104.186584,0.0,46.25449,16.695435,29.16046,33.1409,16.483028,0.0,17.928331,0.0,13.4186945,7.8484344,35.08626,13.864559,24.018875,0.0,45.63768,29.137386,0.0,22.609991,39.325386,27.156647,17.660254,9.270588,25.793453,30.01908,0.0,39.400482,0.0,13.284871,0.0,11.46371,0.0,0.0,15.414698,0.0,0.0,0.0,23.222885,12.459348,4.4369264,10.160668,0.0,7.300465,61.79105,7.1382976,37.76135,17.546183,39.00152,50.14812,0.0,6.635136,29.13122,34.429012,0.0,15.122631,0.0,23.452757,21.455544,5.0225534,14.81169,0.0,2.4422247,0.0,15.398632,0.0,51.553963,64.58046,46.584496,0.0,0.0,18.18791,54.93047,12.350145,17.472599,19.536417,21.859282,0.0,0.0,13.005524,27.44485,33.082703,49.3443,13.436371
C28x22_C29x22,23.77424,29.802317,24.752104,0.0,11.482562,6.587409,8.399737,0.0,27.997759,17.055614,47.259094,15.075653,46.289345,9.528033,12.181631,25.361094,11.900175,17.318789,27.233912,8.383097,0.0,36.62938,27.602776,35.94057,17.884592,8.058048,30.05987,0.0,13.956949,22.552237,0.0,24.059242,23.427458,35.492348,16.565714,51.820156,21.853058,61.216854,0.0,24.64233,0.0,69.31128,0.0,20.1011,27.107498,17.03709,28.427248,44.99318,42.419147,21.566408,22.793642,3.9945912,15.045415,28.370913,0.0,53.881397,15.472564,22.141155,11.632083,13.828293,27.251945,14.839645,19.098673,14.839713,17.74285,8.82912,15.826692,0.0,0.0,16.55421,6.451475,6.090039,10.242351,0.0,0.0,11.006,0.0,45.012367,21.00199,56.738438,23.778837,0.0,38.88114,21.639917,7.832932,14.2838745,21.314402,16.653114,0.0,11.775531,5.6132436,47.00913,46.618073,21.75854,0.0,17.92077,30.77122,45.91682,0.0,0.0,13.381033,38.196888,44.30493,0.0,38.042953,0.0,0.0,32.253616,0.0,0.0,0.0,0.0,28.184364,22.423151,34.901398,22.423151,0.0,46.525883,43.96937,17.226004,8.506323,0.0,20.515038,0.0,18.209822,7.9024086,5.5878468,29.653702,31.097418,16.956367,24.49363,51.045868,16.167524,24.125185,15.587524,18.155375,10.488565,15.0405,90.36153,0.0,9.335268,9.789763,16.799553,0.0,14.015154,19.445314,7.9306865,17.27532,34.96616,0.0,0.0,28.137688,15.827758,16.037058,34.93333,6.7200594,30.412628,9.750538,20.388815,14.968395,8.150819,24.315092,0.0,87.97772,23.18625,31.574633,9.768113,14.57598,16.734875,11.833344,30.811638,5.7963057,6.078503,16.005075,8.089917,0.0,0.0,8.5976515,0.0,0.0,0.0,22.355286,0.0,34.841515,34.81974,79.42924,0.0,45.793133,5.453045,12.5918045,11.498079,11.164628,25.809086,68.50311,12.5124445,22.245905,18.889902,0.0,22.994297,11.914662,0.0,23.029978,11.786524,23.582272,23.042679,8.004993,13.343638,0.0,0.0,16.119864,50.005684,0.0,30.814766,19.39563,20.339922,34.699936,10.449395,15.798214,18.546125,12.241753,16.192865,24.532017,20.789724,71.36656,23.178953,9.11928,0.0,13.815613,0.0,38.814312,13.641909,22.869877,78.50726,0.0,33.43758,0.0,1.8282483,8.450809,0.0,21.862995,56.384293,6.200168,27.761084,11.960516,9.073877,0.0,38.571857,32.807144,0.0,63.07116,19.97624,30.263792,16.871023,10.72054,11.242478,5.800318,9.491037,26.885513,45.78354,37.351845,6.7494655,9.4569025,21.896158,38.982864,39.82729,47.04081,46.135372,40.054863,6.6144333,80.573814,23.128664,37.009705,48.394394,79.72863,51.758705,89.90799,94.4841,41.89027,52.701004,37.441612,10.206346,13.388404,0.0,12.215497,19.490795,24.701597,50.919487,66.82347,33.862988,54.18641,116.73176,75.78061,136.85284,61.332104,57.23052,3.3890612,15.578359,30.125484,9.99422,9.905705,24.37023,0.0,5.6933656,19.273232,21.082386,16.295752,7.7600393,19.60343,9.399262,0.0,14.595622,0.0,9.391208,26.586323,7.3995066,23.0552,0.0,0.0,0.0,0.0,17.510174,0.0,15.747132,26.537994,12.701597,14.938093,22.994297,28.184364,7.684078,11.551573,14.268433,0.0,3.6421282,0.0,0.0,9.769064,2.63752,6.823589,1.684286,11.45032,18.76533,21.123823,10.498453,13.90254,0.0,8.8355,11.196096,4.230968,7.6541038,4.1451025,7.821476,24.548803,12.836353,45.316032,32.077545,56.0615,44.050194,52.493893,39.92204,15.133096,38.2376,22.277231,23.400585,11.929615,32.1921,21.286556,45.700703,24.444967,0.0,0.0,0.0,0.0,0.0,33.510227,30.52668,41.36757,46.767937,28.78572,18.293993,19.189411,10.000253,21.819347,40.573933,0.0,0.0,0.0,0.0,0.0,0.0,0.0,0.0,0.0,11.450085,23.643938,0.0,6.9070992,8.457362,4.298151,0.0,11.238844,12.101556,11.569129,0.0,10.931785,20.604753,34.52487,40.4666,84.89744,54.506638,49.133,84.60534,25.477703,49.592773,19.289585,22.857824,20.771585,19.39563,0.0,16.920515,0.0,19.260714,15.303535,33.72891,16.085117,23.29819,23.622885,25.303116,24.162996,0.0,34.811485,32.55961,29.808552,16.485842,8.927956,30.351238,34.384293,0.0,31.919775,0.0,12.544813,5.45556,11.0278635,12.65404,0.0,0.0,12.216096,0.0,0.0,27.564144,9.0237,5.0062814,22.26278,0.0,9.084359,63.670536,19.277609,46.39852,19.259605,20.955496,39.484257,0.0,11.499238,33.098267,23.786552,0.0,0.0,15.521034,19.913757,11.312633,3.514051,5.268312,0.0,9.652577,8.053442,19.161343,0.0,67.58547,60.91929,33.824425,0.0,0.0,15.44337,55.965004,8.926496,17.746338,18.67779,18.560736,0.0,0.0,11.043001,28.296652,26.006199,54.00893,22.474333
C28x23_C29x23,25.12829,0.0,27.033276,0.0,29.120808,0.0,5.089048,0.0,28.814762,0.0,47.758762,0.0,42.396004,0.0,0.0,0.0,0.0,32.14943,28.409376,10.558138,0.0,42.305996,55.919342,29.914858,0.0,0.0,0.0,0.0,55.61362,0.0,0.0,0.0,0.0,47.707832,0.0,64.60929,0.0,103.85308,0.0,51.134617,50.855057,74.1585,0.0,0.0,42.197987,0.0,0.0,59.676968,63.12193,28.02928,0.0,0.0,0.0,31.458588,0.0,48.979282,26.465155,24.522228,11.199271,16.4867,34.056625,0.0,17.846985,0.0,0.0,0.0,0.0,0.0,0.0,13.44649,15.019932,0.0,0.0,0.0,0.0,21.763153,0.0,32.323265,12.307668,38.07406,9.362601,0.0,0.0,0.0,0.0,0.0,0.0,0.0,0.0,6.732226,6.732226,70.37605,62.18536,0.0,0.0,0.0,0.0,59.74526,0.0,0.0,14.639149,41.449245,46.339294,0.0,21.55655,0.0,0.0,0.0,0.0,0.0,0.0,0.0,31.049759,20.624262,54.5216,20.624262,0.0,0.0,29.167112,0.0,0.0,0.0,18.231775,0.0,19.608168,0.0,0.0,42.898975,0.0,0.0,38.3362,60.891,0.0,36.83192,16.355207,0.0,25.490036,0.0,183.7309,0.0,0.0,0.0,30.333485,0.0,0.0,18.84891,0.0,27.247875,38.16169,0.0,0.0,30.375732,21.478888,0.0,50.43699,0.0,38.501564,0.0,18.479834,9.268831,0.0,0.0,0.0,121.4711,22.54084,0.0,0.0,16.02552,21.10621,0.0,25.038694,7.6432004,0.0,10.809117,10.667632,0.0,0.0,0.0,0.0,0.0,0.0,0.0,0.0,0.0,0.0,122.22816,0.0,43.45686,9.8460865,27.70635,0.0,0.0,21.160246,117.04722,19.469252,25.924015,0.0,0.0,37.71476,0.0,0.0,29.087355,27.03762,0.0,0.0,0.0,0.0,0.0,0.0,0.0,59.84339,0.0,31.209543,20.045376,0.0,0.0,0.0,0.0,0.0,0.0,0.0,41.349247,0.0,101.573975,30.726538,0.0,0.0,24.446293,0.0,65.235954,17.74083,0.0,106.77421,0.0,0.0,0.0,0.0,0.0,0.0,0.0,37.563618,0.0,37.563618,0.0,0.0,0.0,57.53266,0.0,0.0,53.350483,0.0,33.588783,21.060741,17.55417,0.0,7.6484914,12.212009,31.605192,74.41454,50.221146,13.048516,23.886097,11.629246,18.215914,74.33167,83.20613,111.26319,58.8701,0.0,122.27317,43.8071,0.0,63.954746,113.84114,61.49012,133.63663,134.18488,70.18109,61.518307,40.63056,16.787865,0.0,0.0,19.267159,21.457806,35.664333,65.713135,133.44954,55.765327,0.0,144.91689,78.275375,160.94191,89.33876,50.886765,0.0,16.689804,62.284855,23.267935,0.0,45.064243,0.0,12.410483,17.501354,12.494743,25.204641,0.0,40.291576,21.88279,0.0,33.96574,0.0,15.967236,54.751705,13.5829735,33.910095,0.0,0.0,0.0,0.0,0.0,0.0,21.979826,75.98695,0.0,0.0,25.051373,20.624262,7.2664065,0.0,27.847185,0.0,0.0,0.0,0.0,0.0,0.0,0.0,0.0,0.0,0.0,0.0,0.0,0.0,0.0,0.0,0.0,0.0,0.0,0.0,0.0,15.418924,0.0,0.0,0.0,110.7419,78.70092,48.38644,65.76814,14.532813,52.24795,42.798027,43.42418,14.892193,59.53129,21.478888,74.74817,50.94878,0.0,0.0,0.0,0.0,0.0,46.807453,33.87328,61.23395,44.153667,42.59111,25.051373,14.287598,0.0,10.4306555,35.327553,0.0,0.0,0.0,0.0,0.0,0.0,0.0,0.0,0.0,0.0,0.0,0.0,0.0,0.0,0.0,0.0,0.0,0.0,0.0,0.0,5.844788,8.516594,39.671658,48.946064,86.62274,61.652813,73.46491,92.107254,23.0908,45.05249,21.299242,29.330635,56.135967,13.314792,0.0,21.67678,25.841959,21.225706,17.099398,57.896946,32.179302,15.139272,0.0,53.57262,39.726738,0.0,38.77848,49.394016,32.27079,11.433093,0.0,29.984905,42.927734,0.0,27.530302,0.0,0.0,0.0,0.0,0.0,0.0,23.536951,0.0,0.0,0.0,30.345922,0.0,0.0,0.0,0.0,0.0,94.13935,8.223119,50.549156,14.329838,35.644745,69.13963,0.0,16.490664,36.827118,41.37444,0.0,0.0,9.848548,30.019926,0.0,0.0,0.0,0.0,0.0,0.0,21.060741,0.0,79.95529,67.104866,45.272903,0.0,0.0,27.593946,57.47593,0.0,0.0,0.0,0.0,0.0,0.0,0.0,21.559546,46.820686,50.938644,12.825363
C28x25_C28x26,0.0,0.0,0.0,19.275892,0.0,0.0,0.0,0.0,0.0,16.092716,64.824036,24.177906,0.0,18.754932,0.0,56.089573,64.271515,30.633972,30.633972,0.0,0.0,36.46613,0.0,0.0,36.46613,0.0,43.37831,0.0,0.0,84.06372,0.0,0.0,71.32109,0.0,0.0,0.0,38.875336,0.0,0.0,0.0,0.0,47.26079,33.418427,0.0,22.314646,0.0,56.219116,37.288128,0.0,0.0,0.0,0.0,0.0,36.20251,0.0,97.06353,0.0,0.0,0.0,34.490784,37.857136,0.0,19.486574,0.0,36.4351,0.0,12.588638,0.0,22.708208,41.882946,0.0,0.0,0.0,0.0,0.0,65.02007,0.0,104.52566,53.16755,87.56246,0.0,0.0,92.150314,0.0,0.0,0.0,0.0,0.0,0.0,0.0,0.0,52.149624,0.0,0.0,0.0,0.0,85.288124,0.0,0.0,0.0,0.0,73.95403,55.844723,0.0,77.065,0.0,39.199535,82.52888,0.0,0.0,0.0,0.0,17.503769,0.0,38.455265,0.0,24.754066,32.257065,27.09495,0.0,32.82262,27.778425,42.9996,0.0,0.0,74.66763,0.0,29.37309,57.694626,32.98048,0.0,62.406376,47.769485,0.0,10.811234,45.345383,0.0,0.0,0.0,0.0,18.080585,24.043175,18.40238,26.024895,20.197876,0.0,0.0,0.0,17.301811,0.0,0.0,75.65627,0.0,0.0,0.0,0.0,0.0,0.0,74.89196,33.179436,18.605234,59.109398,0.0,89.513214,6.1538076,66.77149,0.0,0.0,0.0,158.22456,0.0,14.96211,53.811676,31.98737,4.9781322,18.345774,0.0,15.839745,0.0,0.0,0.0,0.0,0.0,0.0,0.0,35.20595,0.0,56.92348,0.0,0.0,0.0,0.0,35.06348,105.209984,14.634665,31.983261,0.0,20.899479,17.687637,0.0,0.0,0.0,0.0,41.160496,34.338814,37.842083,45.81408,0.0,0.0,48.616493,0.0,0.0,0.0,0.0,96.01142,60.227814,54.685688,0.0,0.0,25.274294,0.0,0.0,0.0,0.0,0.0,16.511206,25.147417,0.0,0.0,54.727016,0.0,40.117027,37.631084,0.0,23.55132,0.0,0.0,0.0,0.0,0.0,70.36821,0.0,0.0,73.93098,0.0,48.488594,43.04728,89.57603,0.0,36.91949,28.260334,0.0,0.0,19.418455,39.76773,0.0,0.0,0.0,49.51099,0.0,0.0,58.577633,0.0,0.0,41.62619,54.34676,23.708113,90.22317,44.9202,79.882645,47.968403,107.88416,36.81726,80.003044,26.509117,76.7947,90.82623,44.809338,90.06185,38.162266,22.123735,25.209274,0.0,18.350803,0.0,23.087292,68.06508,24.50372,61.10027,137.41861,82.68782,27.39872,115.69089,46.31307,53.465546,38.35781,41.07898,53.246838,0.0,51.015564,25.627295,0.0,0.0,42.98111,30.489727,29.91299,0.0,29.47821,26.544333,0.0,3.5254517,0.0,27.94696,21.058327,37.136814,35.941498,0.0,31.98737,28.82316,31.342846,38.36708,35.881268,26.08022,73.1018,0.0,0.0,0.0,0.0,0.0,0.0,0.0,0.0,16.517294,38.34849,0.0,0.0,0.0,0.0,0.0,0.0,0.0,0.0,0.0,0.0,0.0,0.0,0.0,0.0,0.0,0.0,0.0,0.0,49.13839,49.410816,44.019585,67.31372,78.38679,56.50306,0.0,33.834515,33.19396,39.823097,71.8868,0.0,35.645145,33.834515,32.617783,19.7978,0.0,0.0,13.430244,33.32242,24.793625,64.89332,0.0,53.259346,74.177895,101.459435,0.0,0.0,0.0,0.0,38.27627,0.0,0.0,0.0,0.0,0.0,0.0,0.0,0.0,0.0,0.0,0.0,0.0,0.0,0.0,0.0,0.0,0.0,80.71234,15.759217,0.0,30.229038,0.0,33.43088,38.513763,26.873545,0.0,24.139805,50.630722,45.971714,80.71234,35.683178,31.326832,0.0,51.99723,0.0,19.418455,0.0,0.0,0.0,28.237644,30.26816,8.1977005,0.0,0.0,0.0,0.0,0.0,0.0,0.0,0.0,0.0,0.0,0.0,0.0,49.493656,0.0,25.20698,0.0,0.0,23.839834,0.0,0.0,0.0,0.0,0.0,0.0,0.0,0.0,0.0,0.0,29.843685,99.307365,0.0,51.99723,0.0,27.253052,12.754767,0.0,0.0,0.0,38.73745,0.0,0.0,0.0,0.0,0.0,0.0,0.0,0.0,0.0,0.0,0.0,0.0,43.191902,69.41227,55.329926,0.0,12.389061,0.0,87.05944,46.996796,50.321987,39.249447,36.556076,0.0,0.0,0.0,0.0,18.265915,0.0,0.0
C29x19_C29x20,21.506844,0.0,55.488224,0.0,80.55224,0.0,0.0,0.0,0.0,0.0,0.0,0.0,54.038563,0.0,34.20656,0.0,113.10338,93.49042,0.0,0.0,0.0,67.68872,67.68872,0.0,0.0,0.0,0.0,0.0,0.0,0.0,0.0,0.0,0.0,0.0,0.0,32.5029,24.927317,69.145065,0.0,0.0,0.0,92.1228,0.0,0.0,0.0,0.0,0.0,0.0,30.97286,0.0,0.0,0.0,0.0,37.156456,0.0,31.405823,0.0,0.0,27.938585,42.570404,0.0,0.0,40.542595,0.0,0.0,0.0,0.0,0.0,0.0,57.683598,57.683598,0.0,0.0,0.0,0.0,20.849144,0.0,18.895113,0.0,32.72729,14.076948,0.0,83.45733,0.0,0.0,0.0,29.742435,0.0,0.0,0.0,0.0,31.760418,0.0,0.0,0.0,0.0,0.0,29.238161,0.0,0.0,29.964151,59.645916,36.5275,43.57656,126.948395,0.0,0.0,43.57656,5.087947,0.0,0.0,0.0,61.111652,0.0,0.0,0.0,0.0,86.42493,59.053207,0.0,0.0,0.0,54.705124,0.0,0.0,0.0,0.0,74.31992,0.0,0.0,0.0,63.77319,0.0,40.646873,49.14114,0.0,0.0,0.0,137.51244,0.0,57.652596,0.0,17.68567,0.0,0.0,0.0,0.0,22.060726,48.65519,0.0,0.0,69.29784,37.15959,0.0,39.9857,44.89199,0.0,16.122997,68.69297,0.0,0.0,0.0,0.0,73.05926,0.0,66.32922,0.0,36.54145,0.0,19.289892,47.606564,38.798447,0.0,29.05969,68.401985,0.0,0.0,0.0,0.0,0.0,0.0,0.0,0.0,0.0,0.0,65.06998,0.0,95.777824,54.729507,64.92052,0.0,0.0,0.0,125.71873,18.518143,36.58262,0.0,0.0,54.122375,0.0,0.0,0.0,0.0,0.0,0.0,0.0,0.0,0.0,0.0,34.15675,107.07634,0.0,0.0,44.871918,0.0,0.0,0.0,37.119972,0.0,0.0,0.0,0.0,0.0,25.008743,0.0,0.0,0.0,0.0,0.0,51.02371,0.0,0.0,62.365578,0.0,0.0,0.0,49.720177,0.0,0.0,0.0,112.33155,0.0,0.0,0.0,0.0,0.0,45.98865,0.0,0.0,42.354107,0.0,0.0,19.926495,40.036915,0.0,27.33123,33.649223,0.0,34.57616,23.632559,0.0,0.0,16.566555,46.620197,48.3842,46.621597,89.027855,74.11861,91.1985,86.37421,60.694736,48.72642,79.8366,45.873417,42.354107,87.34302,50.99565,63.77319,52.14989,62.77259,0.0,0.0,0.0,71.17295,60.57059,23.511238,0.0,98.28234,102.616875,82.38199,72.70593,46.756844,57.819572,70.40244,36.619587,0.0,29.76306,0.0,0.0,0.0,0.0,0.0,0.0,0.0,0.0,0.0,0.0,0.0,0.0,0.0,0.0,0.0,0.0,0.0,0.0,0.0,0.0,0.0,0.0,0.0,31.989618,0.0,39.332127,39.134674,0.0,0.0,0.0,0.0,0.0,0.0,0.0,0.0,80.48869,7.556908,0.0,0.0,0.0,0.0,0.0,0.0,0.0,0.0,0.0,0.0,0.0,0.0,0.0,0.0,0.0,0.0,0.0,47.462658,0.0,52.754616,70.25829,70.59582,66.17474,83.88503,66.003365,25.390743,0.0,21.039442,0.0,141.93878,44.441692,52.551598,89.86254,36.00985,0.0,0.0,0.0,0.0,0.0,33.831413,0.0,0.0,49.757774,0.0,0.0,0.0,0.0,25.864067,105.748405,0.0,0.0,0.0,0.0,0.0,0.0,0.0,0.0,0.0,0.0,0.0,0.0,0.0,0.0,0.0,0.0,0.0,0.0,0.0,0.0,67.39444,31.405594,81.42836,59.467754,160.08415,130.71611,180.81345,165.57812,186.91388,0.0,0.0,0.0,54.122375,37.57984,0.0,0.0,0.0,0.0,0.0,0.0,0.0,0.0,69.99886,56.74334,27.990112,0.0,54.281166,33.418606,26.995075,22.976278,0.0,26.572962,45.393406,38.656384,0.0,0.0,0.0,0.0,0.0,0.0,0.0,0.0,0.0,0.0,0.0,40.89094,0.0,0.0,27.424074,0.0,0.0,138.10805,12.765543,50.675568,32.63643,34.57423,74.99807,0.0,0.0,0.0,0.0,0.0,5.03411,42.648598,35.039066,0.0,18.67513,34.66527,0.0,0.0,0.0,0.0,0.0,0.0,77.31034,26.561434,0.0,0.0,0.0,77.31034,0.0,0.0,0.0,0.0,0.0,0.0,0.0,0.0,0.0,74.07345,36.89165
C29x20_C29x21,22.808441,0.0,41.801086,0.0,103.506096,20.617533,0.0,0.0,28.167833,59.067852,28.167833,0.0,50.24841,0.0,11.360746,7.0946345,39.020733,40.71362,32.57273,0.0,0.0,51.24486,0.0,31.87657,22.540138,0.0,31.87657,0.0,0.0,7.971295,0.0,0.0,21.195745,14.987655,14.987655,32.169662,21.383684,86.14883,0.0,0.0,0.0,36.900185,0.0,12.705873,32.645008,0.0,17.968819,28.23348,27.27202,21.514637,9.322236,0.0,13.183632,50.751606,0.0,38.012497,0.0,21.02249,32.274048,0.0,21.017275,0.0,27.979609,17.40455,17.40455,12.306875,0.0,0.0,0.0,50.22362,0.0,2.493984,0.0,0.0,0.0,6.8731904,0.0,16.343842,0.0,0.0,0.0,0.0,66.928604,12.280236,0.0,17.366877,26.358433,13.028948,0.0,0.0,0.0,54.643253,5.8799214,5.8799214,0.0,0.0,8.315464,25.763142,0.0,0.0,26.37906,49.10826,45.653656,0.0,41.060112,11.108345,0.0,25.271938,11.108345,7.854786,0.0,0.0,45.089127,0.0,28.539623,0.0,0.0,63.76565,43.570374,15.685349,0.0,0.0,23.54256,0.0,41.607037,11.494576,8.1278925,43.700806,15.988672,12.505151,14.646999,71.44855,20.713984,31.438475,14.646999,17.168285,21.454826,0.0,111.94948,0.0,0.0,10.952445,14.973819,0.0,23.192162,0.0,10.401204,18.382168,49.165974,0.0,0.0,29.836557,23.21118,9.453854,27.698904,17.658215,0.0,26.14255,78.55,32.077984,0.0,12.561724,0.0,75.02486,0.0,58.29531,21.07295,31.983294,0.0,51.29082,28.95314,17.056091,9.931049,15.604149,30.444284,0.0,0.0,0.0,0.0,22.426392,26.851835,25.496555,0.0,0.0,29.725067,77.177536,0.0,100.63473,15.633778,30.501934,10.201098,0.0,17.66882,100.319916,19.921482,41.91615,34.710556,0.0,24.378109,0.0,0.0,16.211273,14.78921,10.065802,26.005793,0.0,9.180466,0.0,0.0,28.217152,86.21326,0.0,10.437236,19.05675,14.760482,33.42062,36.746124,33.2467,23.646654,33.441418,15.5476675,10.99386,10.81147,26.295986,0.0,19.893297,0.0,14.066686,0.0,55.298725,9.644108,20.937534,47.633747,0.0,43.271336,0.0,40.89769,0.0,0.0,24.717646,64.14688,17.354208,17.350716,35.34649,42.32148,0.0,36.315754,3.7942755,0.0,54.01974,15.661116,11.074081,20.814821,17.780325,15.882837,7.271272,23.63727,13.826082,28.947382,16.694946,16.475481,0.0,41.81777,43.915016,42.697403,41.24993,80.349106,26.689821,65.499825,50.236847,41.39008,41.727085,71.45892,52.232887,37.628685,80.299126,50.92664,49.76912,35.464745,55.14871,0.0,0.0,14.0404215,12.998156,17.546007,47.20569,52.18511,128.59259,69.65976,70.29053,88.836494,60.221832,81.50418,79.76279,34.678017,14.700507,15.16932,0.0,0.0,0.0,0.0,0.0,0.0,0.0,0.0,0.0,0.0,0.0,0.0,0.0,0.0,0.0,0.0,0.0,0.0,0.0,0.0,0.0,0.0,0.0,36.316406,0.0,29.17798,43.150986,7.8436823,17.208452,0.0,0.0,0.0,0.0,19.273537,0.0,72.44986,30.419102,0.0,0.0,0.0,0.0,0.0,0.0,0.0,0.0,0.0,0.0,0.0,0.0,0.0,0.0,0.0,0.0,0.0,23.19125,42.53753,89.893105,50.2742,48.718212,58.995506,57.765034,53.64682,16.412783,9.840156,26.67009,52.856113,27.061192,41.049664,23.21118,73.0667,25.598713,0.0,0.0,0.0,0.0,0.0,17.85201,38.670773,23.2991,45.78886,23.999865,0.0,0.0,0.0,50.523247,103.085884,0.0,0.0,0.0,0.0,0.0,0.0,0.0,0.0,0.0,10.99386,30.597456,0.0,14.9008255,24.993742,7.0223126,0.0,24.544071,10.437236,0.0,0.0,0.0,35.72533,32.61648,24.58655,61.042435,52.358894,71.28048,68.63151,75.46066,30.311647,0.0,0.0,24.378109,28.033567,0.0,0.0,0.0,0.0,0.0,0.0,0.0,0.0,41.46071,50.755436,23.59734,0.0,46.576725,26.339205,23.769527,15.072767,6.9374776,22.402596,39.470078,34.037468,22.090025,0.0,5.5523663,15.191023,17.502548,14.0404215,0.0,16.25066,14.538411,0.0,0.0,24.8138,21.497091,17.58902,42.73296,0.0,0.0,63.115543,38.531822,38.323803,11.074081,26.25893,58.11164,0.0,8.79812,36.964962,25.462423,17.507797,13.704626,51.418335,25.669867,21.914974,4.968381,0.0,8.360233,0.0,0.0,0.0,0.0,54.28203,50.177902,20.179121,0.0,0.0,36.19439,72.274475,17.226614,19.553034,29.741312,20.891012,0.0,0.0,14.772176,21.030283,0.0,80.279686,25.23888
C29x20_C30x20,0.0,0.0,58.044964,0.0,74.97459,0.0,0.0,0.0,20.65762,45.331223,23.312,0.0,105.90332,0.0,66.8065,0.0,67.59712,87.11301,0.0,0.0,0.0,43.083797,0.0,0.0,0.0,0.0,0.0,0.0,0.0,0.0,0.0,0.0,0.0,0.0,0.0,0.0,9.998913,107.882675,0.0,0.0,0.0,46.088093,0.0,0.0,46.9289,0.0,0.0,38.1883,32.895462,38.1883,0.0,0.0,0.0,17.337791,0.0,14.654457,0.0,55.542984,14.648407,0.0,0.0,0.0,29.851715,0.0,0.0,0.0,0.0,0.0,0.0,0.0,0.0,0.0,0.0,0.0,0.0,19.912943,0.0,15.53045,0.0,0.0,0.0,0.0,73.45759,0.0,0.0,0.0,0.0,0.0,0.0,0.0,0.0,68.20666,0.0,0.0,0.0,0.0,0.0,20.490414,0.0,0.0,49.580864,99.815025,61.430904,24.137463,41.807312,0.0,0.0,50.391933,0.0,0.0,0.0,0.0,19.351074,0.0,0.0,0.0,0.0,27.366552,102.98272,0.0,0.0,0.0,70.49064,0.0,0.0,0.0,0.0,28.871113,0.0,0.0,0.0,130.41539,0.0,42.800938,0.0,0.0,0.0,0.0,158.9525,0.0,34.82963,0.0,0.0,0.0,0.0,0.0,0.0,0.0,44.348602,0.0,0.0,119.570564,33.870506,0.0,45.397488,0.0,0.0,34.513775,190.13359,0.0,0.0,0.0,0.0,128.1492,0.0,69.388275,0.0,35.305943,0.0,31.00356,66.00487,28.735579,0.0,22.83235,89.46785,0.0,0.0,0.0,0.0,0.0,37.359577,0.0,0.0,0.0,0.0,104.834946,0.0,171.3844,30.334848,0.0,0.0,0.0,0.0,163.28343,0.0,62.252636,0.0,0.0,6.2612967,0.0,0.0,0.0,9.030113,0.0,0.0,0.0,0.0,0.0,0.0,0.0,87.78214,0.0,0.0,0.0,0.0,0.0,0.0,0.0,0.0,0.0,0.0,0.0,0.0,45.732483,0.0,0.0,0.0,0.0,0.0,0.0,33.91477,0.0,94.98111,0.0,0.0,0.0,0.0,0.0,0.0,0.0,65.31421,0.0,0.0,0.0,77.06762,0.0,42.29829,0.0,0.0,74.75137,0.0,0.0,0.0,27.951399,0.0,21.84843,12.388194,0.0,32.97899,12.772566,0.0,0.0,78.83696,39.632977,41.132603,42.138462,118.66227,25.539053,62.675713,48.36541,89.506874,44.873425,94.62912,38.998123,61.850613,79.49983,48.730865,74.567154,33.935635,44.81252,0.0,0.0,0.0,45.201817,61.017223,41.30695,37.311924,181.10936,136.61069,97.07351,84.36362,94.400055,105.418205,117.28224,68.719826,32.58257,17.85677,0.0,0.0,0.0,0.0,0.0,0.0,0.0,0.0,0.0,0.0,0.0,0.0,0.0,0.0,0.0,0.0,0.0,0.0,0.0,0.0,0.0,0.0,0.0,59.08865,0.0,33.32125,71.59558,0.0,0.0,0.0,0.0,0.0,0.0,0.0,0.0,62.675713,26.315285,0.0,0.0,0.0,0.0,0.0,0.0,0.0,0.0,0.0,0.0,0.0,0.0,0.0,0.0,0.0,0.0,0.0,0.0,26.348927,50.480026,43.14569,40.836353,45.35669,71.94294,45.38844,44.81252,0.0,31.465181,56.88484,53.565407,78.822556,51.606647,66.69121,43.266518,0.0,0.0,0.0,0.0,0.0,15.68797,38.153114,37.405087,63.308872,51.363804,0.0,0.0,0.0,106.000984,108.075455,0.0,0.0,0.0,0.0,0.0,0.0,0.0,0.0,0.0,0.0,0.0,0.0,0.0,0.0,0.0,0.0,0.0,0.0,0.0,0.0,0.0,63.399876,27.450603,34.684948,91.165474,0.0,57.756676,42.986588,45.71235,0.0,0.0,0.0,6.2612967,0.0,0.0,0.0,0.0,0.0,0.0,0.0,0.0,0.0,93.99803,68.11118,34.12723,0.0,43.63685,0.0,35.50175,20.142601,13.548959,0.0,30.447737,47.101727,0.0,0.0,0.0,0.0,0.0,0.0,0.0,0.0,0.0,0.0,0.0,0.0,39.73041,0.0,0.0,0.0,0.0,77.98464,72.906136,47.992237,0.0,60.100723,39.70215,0.0,12.337585,33.808876,0.0,0.0,36.20864,96.06649,97.36363,62.353455,43.22954,42.867496,0.0,0.0,0.0,0.0,0.0,96.82958,108.70682,43.726276,0.0,0.0,16.534105,172.60999,0.0,0.0,0.0,0.0,0.0,0.0,0.0,0.0,0.0,86.640175,4.922414
C29x21_C29x22,37.605873,0.0,0.0,0.0,31.026125,6.52027,5.021607,0.0,16.572033,58.38209,34.668106,0.0,52.97241,0.0,15.266967,22.488443,14.0116205,33.37918,29.395147,0.0,0.0,41.699028,0.0,26.17641,18.50952,20.310427,26.17641,0.0,35.178696,20.225601,0.0,11.296894,26.043621,18.41562,18.41562,39.52749,29.592077,59.23665,16.1138,0.0,27.90992,51.436256,0.0,19.035282,32.558964,12.97286,26.919954,39.262558,40.857533,32.232117,19.490747,16.44226,0.0,26.858875,0.0,47.09851,0.0,19.05541,12.905821,9.44286,21.610601,11.265528,29.854094,8.738688,12.188465,6.1791863,25.185913,0.0,0.0,31.727526,0.0,10.659224,0.0,0.0,0.0,20.810242,0.0,38.139866,0.0,46.76904,19.237204,0.0,49.372715,18.342768,15.473832,5.8133364,34.180458,5.6439877,0.0,0.0,0.0,20.151907,20.36958,19.343058,0.0,17.183636,27.355217,41.518147,0.0,0.0,12.628311,39.013126,46.438065,0.0,37.76252,10.106463,0.0,22.992619,10.106463,7.1463494,0.0,0.0,30.39189,14.0708685,25.85647,19.194225,0.0,54.93816,30.775637,18.648619,0.0,0.0,37.000957,0.0,45.9717,8.828264,6.2425256,33.23412,27.478174,10.904894,22.466192,82.716705,12.825326,41.864178,15.885999,15.303545,30.182974,0.0,95.91178,0.0,10.618918,8.779787,19.109581,0.0,11.101702,0.0,5.5269847,12.899954,34.46007,0.0,0.0,30.637308,15.879666,20.530502,47.918087,0.0,15.660404,17.104786,44.473877,23.846575,12.431132,22.229269,0.0,81.39872,10.213514,35.38244,7.641116,26.426237,0.0,21.873337,24.274712,6.5933285,5.451405,16.544651,10.71353,0.0,0.0,7.7106614,0.0,0.0,9.803356,20.04897,0.0,0.0,30.746384,75.67573,0.0,88.21215,8.072596,12.946419,12.255475,0.0,21.227106,78.06355,14.67657,21.18649,12.418893,0.0,25.569122,14.059677,0.0,6.117342,4.5064754,21.271082,19.997002,13.791564,12.150696,0.0,0.0,27.957798,63.834843,0.0,12.898705,22.062634,18.241524,31.165373,9.3713665,20.994394,25.28065,7.262052,14.522302,12.936384,19.070013,43.385056,2.8959758,8.178475,0.0,10.257354,0.0,39.27881,7.523025,20.721367,47.141956,0.0,27.53601,0.0,0.0,6.6274853,0.0,17.055414,51.447083,13.768892,11.707918,10.72659,15.395415,0.0,30.930475,29.906368,0.0,59.27694,17.97696,12.80829,19.899864,13.333114,11.023902,7.924568,18.26558,17.870358,35.933495,34.539722,9.527461,10.079843,64.92927,68.1856,14.666579,40.096233,88.44075,20.494745,55.553486,70.731285,63.59372,64.169556,54.93329,71.26006,44.807972,76.95835,52.813465,78.59477,36.991703,37.461235,17.928217,0.0,8.866148,8.513117,11.047204,31.62277,32.543163,127.32828,91.55597,92.384995,102.593216,64.51011,85.128876,113.15301,48.400883,9.671924,5.6333485,0.0,0.0,0.0,0.0,0.0,0.0,0.0,0.0,0.0,0.0,0.0,0.0,0.0,0.0,0.0,0.0,0.0,0.0,0.0,0.0,0.0,0.0,0.0,15.54723,0.0,16.878408,33.979057,12.8158455,14.19621,8.7949505,14.0708685,8.998844,11.512739,24.075619,0.0,0.0,0.0,15.657028,7.652813,9.668797,11.513678,13.396155,10.625427,19.804857,31.895445,14.008569,21.548445,19.100788,13.246601,8.492312,17.169884,7.408453,5.2661753,0.0,20.457054,0.0,64.2733,31.7468,53.3746,34.209473,42.918472,54.30061,20.60988,14.485604,18.145763,26.94584,15.824744,23.946615,22.170313,57.153854,32.349316,0.0,0.0,0.0,0.0,0.0,25.186445,27.750845,31.092058,62.055256,33.746353,11.997289,28.884293,15.704654,66.27972,65.81722,0.0,0.0,0.0,0.0,0.0,0.0,0.0,0.0,0.0,10.268818,19.4709,0.0,5.403085,7.584845,3.8547254,0.0,8.781484,12.898705,0.0,0.0,10.419879,62.078743,30.342731,42.128887,78.52453,55.542747,85.4377,73.579735,68.07708,28.842379,0.0,0.0,29.14295,34.644867,27.118769,13.255061,15.143608,0.0,22.943787,32.142914,16.190208,14.011939,44.09981,47.10872,24.106043,0.0,45.868294,20.897621,27.284378,16.364681,11.632561,27.685917,33.541424,25.834663,23.567888,0.0,18.976593,6.005472,18.97575,8.866148,0.0,27.83195,14.643821,0.0,0.0,16.739866,37.07972,20.698866,30.462585,0.0,0.0,59.518642,46.260944,44.89765,12.711629,25.140633,36.97974,0.0,5.5420036,34.446934,25.155642,0.0,0.0,18.17385,10.066834,7.3181257,0.0,0.0,0.0,0.0,14.659677,17.377663,0.0,68.81483,53.211952,23.807505,0.0,0.0,27.561338,69.94797,8.005579,18.720324,16.36489,17.639729,0.0,0.0,12.473171,15.702595,29.582191,48.56604,29.453485
C29x21_C30x21,13.87442,0.0,44.690758,0.0,67.38232,13.421982,0.0,0.0,19.538813,28.145958,33.842213,0.0,84.09946,0.0,29.08059,14.090042,19.507723,44.251076,35.402855,0.0,0.0,31.269299,0.0,19.450884,13.753853,24.168673,19.450884,0.0,41.861366,8.613541,0.0,14.94007,14.594701,10.320012,10.320012,25.876959,22.95778,61.35272,20.284904,0.0,35.134483,37.673737,0.0,12.972231,22.188398,16.347178,18.345505,38.59441,28.314138,30.904175,9.46297,17.822165,13.382661,8.868897,0.0,44.268932,0.0,25.595867,15.655199,0.0,21.10428,0.0,19.1771,11.929002,11.929002,8.435078,29.675156,0.0,0.0,18.208105,0.0,9.914956,0.0,0.0,0.0,23.476208,0.0,32.955868,0.0,53.6433,18.131886,0.0,54.444782,4.8433495,18.231955,6.84953,31.578669,11.946863,0.0,0.0,0.0,50.141403,13.432376,13.432376,0.0,22.7213,18.996248,39.354446,0.0,0.0,22.491093,70.327545,56.27525,2.1572156,4.471968,0.0,0.0,6.998325,0.0,0.0,0.0,0.0,19.533861,0.0,14.271674,23.35172,0.0,35.31055,47.57204,16.538914,0.0,0.0,28.0512,0.0,38.799072,11.448739,8.095481,20.834494,17.226088,26.72563,18.004389,89.88965,25.462051,38.644814,18.004389,0.0,25.473743,0.0,143.2032,0.0,16.877977,13.954817,0.0,0.0,14.608465,0.0,6.5121384,0.0,28.469048,0.0,0.0,54.724964,17.332655,22.604591,39.949352,0.0,0.0,20.631357,82.25718,14.913273,14.913273,22.712902,0.0,79.36617,0.0,50.282314,19.175837,29.103968,0.0,24.133541,51.07345,14.492786,11.982725,16.261316,40.16139,0.0,0.0,13.86021,0.0,25.261044,18.8423,0.0,0.0,0.0,34.719814,81.32728,0.0,126.0881,12.334752,0.0,7.0997148,0.0,12.457938,115.25783,0.0,28.561749,20.084932,0.0,14.670229,7.7911654,0.0,10.976332,17.744848,0.0,14.773822,3.847324,15.479068,0.0,0.0,0.0,46.920353,0.0,9.438707,16.14447,13.348349,23.202875,15.648675,0.0,26.203936,37.057964,21.113436,14.929454,8.59259,45.037476,0.0,4.1349506,0.0,2.923852,0.0,17.51064,6.5298333,12.263249,69.35089,0.0,25.898026,0.0,0.0,28.029734,0.0,18.049568,21.474485,3.4789512,7.191173,33.600487,33.93499,8.060203,26.228262,10.132156,0.0,69.344955,24.317434,17.195023,17.74128,13.608513,11.251602,8.8840065,8.508,22.948923,37.520756,22.581089,0.0,17.9264,67.421074,42.07674,15.436407,26.896107,89.13704,3.5355523,35.329018,51.95922,71.840256,43.04422,73.01194,53.64322,58.491726,56.952606,35.27234,61.24492,32.107334,33.746548,21.12382,0.0,0.0,13.266505,17.215527,36.8652,38.07647,142.62247,114.946976,78.418526,97.72792,93.58886,64.25961,97.99406,79.853806,13.881489,9.3560095,0.0,0.0,0.0,0.0,0.0,0.0,0.0,0.0,0.0,0.0,0.0,0.0,0.0,0.0,0.0,0.0,0.0,0.0,0.0,0.0,0.0,0.0,0.0,23.82196,0.0,36.570793,42.59959,10.556151,12.740436,0.0,0.0,0.0,0.0,17.429035,0.0,29.138523,0.0,7.04488,8.807542,11.392205,12.324189,14.964077,11.80512,24.288832,37.35577,17.366096,25.483036,22.505394,14.519286,10.006019,20.659658,6.2483096,5.205656,9.664192,25.999247,30.994139,66.14032,19.116575,35.99716,19.274277,62.679573,37.30693,22.457619,10.520397,10.313417,30.074312,33.539715,42.29357,23.058142,42.551506,17.50788,0.0,0.0,0.0,0.0,0.0,20.886686,29.236658,24.909746,50.38868,42.44536,12.314318,24.236546,14.557816,109.40229,86.368835,0.0,0.0,0.0,0.0,0.0,0.0,0.0,0.0,0.0,14.929454,18.312668,0.0,13.559364,23.759132,8.473066,5.6994243,14.20219,9.438707,0.0,0.0,0.0,57.56096,23.105928,31.787313,71.29949,30.07896,44.137913,47.64867,35.783577,27.411737,0.0,0.0,16.720705,25.351599,12.202089,15.25511,4.644262,13.294687,25.148142,41.782322,7.1447196,19.42611,33.488308,56.24441,32.044743,0.0,42.383327,12.455477,36.90758,18.18668,12.233306,20.259344,33.718296,38.339737,23.61709,0.0,18.16697,13.355784,22.213413,8.450598,0.0,19.62669,18.222002,0.0,0.0,0.0,32.1769,20.440107,0.0,0.0,0.0,52.1916,65.65651,31.267012,17.195023,43.58531,34.77999,0.0,10.556434,27.947,0.0,0.0,0.0,57.867916,32.23029,23.429937,15.062073,14.686611,7.4988275,0.0,17.74128,0.0,0.0,90.09885,60.60821,37.074898,0.0,0.0,15.716689,122.740685,29.866972,32.45468,30.35409,9.546855,0.0,0.0,6.7506456,21.463583,4.0141826,63.829105,3.9607995
C29x22_C29x23,0.0,0.0,0.0,0.0,26.03959,0.0,4.3500366,0.0,0.0,0.0,39.10225,0.0,41.041706,16.811895,18.190838,0.0,0.0,65.683754,57.843952,14.752144,0.0,59.97346,32.627163,22.518908,0.0,26.865524,0.0,0.0,46.532455,0.0,0.0,27.821583,0.0,40.922916,0.0,59.697083,0.0,67.88836,23.410278,26.241804,40.54779,99.81991,0.0,0.0,21.102581,25.175817,0.0,56.222954,54.02004,21.102581,22.166224,0.0,0.0,18.025936,0.0,55.53688,23.194876,20.961206,19.92563,20.500174,46.91599,24.457134,0.0,0.0,0.0,0.0,0.0,0.0,0.0,18.291988,0.0,16.882895,0.0,0.0,0.0,26.839005,0.0,45.67405,0.0,17.71143,3.1115015,0.0,21.044258,21.044258,0.0,0.0,24.640892,23.098318,0.0,18.675276,13.690438,65.75773,43.611244,0.0,0.0,20.351074,0.0,51.06476,0.0,0.0,8.5359335,41.203915,46.00932,0.0,16.602558,0.0,0.0,33.205116,0.0,16.602558,0.0,0.0,10.174517,10.174517,61.582344,13.879169,0.0,12.13841,14.388938,0.0,0.0,0.0,19.285286,0.0,0.0,0.0,0.0,25.585674,0.0,0.0,19.770943,75.35414,0.0,35.787525,13.980167,0.0,61.728413,0.0,141.13821,0.0,0.0,0.0,20.093712,0.0,0.0,0.0,11.348995,26.488499,27.28259,0.0,0.0,27.28259,19.291704,18.427792,43.010372,0.0,28.526632,7.256612,18.867802,0.0,0.0,0.0,0.0,67.93866,13.568395,30.675943,0.0,16.85082,0.0,9.810272,13.55028,0.0,0.0,0.0,0.0,0.0,0.0,0.0,0.0,0.0,0.0,0.0,0.0,0.0,0.0,102.79245,0.0,52.981422,8.787862,0.0,0.0,0.0,11.606474,112.49915,10.376285,11.954823,0.0,0.0,27.85804,0.0,0.0,33.14494,24.416952,0.0,0.0,23.023298,0.0,0.0,0.0,24.05502,43.552303,0.0,29.966558,11.567889,0.0,0.0,0.0,0.0,19.45921,0.0,0.0,20.74731,0.0,70.520676,16.74656,0.0,0.0,25.385498,0.0,38.613235,31.536531,0.0,59.77997,0.0,0.0,0.0,0.0,0.0,0.0,0.0,57.161545,0.0,27.100657,0.0,0.0,0.0,32.35828,0.0,0.0,57.616005,0.0,27.542664,16.98746,9.966826,0.0,0.0,0.0,31.467628,41.452396,40.47365,0.0,0.0,29.834545,53.115993,70.02699,79.009514,62.640846,39.78401,0.0,121.96318,41.59763,50.427467,66.14957,104.503784,65.99933,129.55222,111.16438,66.64142,71.8076,37.255375,12.952085,23.623388,0.0,17.480658,0.0,28.383999,53.676098,95.01883,63.098732,48.77106,123.34548,77.29159,168.62335,101.08723,54.07608,11.678523,0.0,33.882736,0.0,15.893053,34.46282,0.0,21.90023,32.29643,36.096405,31.467628,12.450473,22.154451,0.0,16.602558,1.0482417,0.0,15.067575,30.6793,16.475847,36.227882,0.0,0.0,0.0,0.0,24.617159,0.0,0.0,33.35149,0.0,0.0,27.85804,10.174517,6.211208,12.279371,25.176168,0.0,0.0,0.0,0.0,11.890631,19.774048,12.039993,0.0,11.042636,35.446426,34.88979,24.249657,16.958197,4.5667157,16.555532,21.647062,0.0,0.0,0.0,13.800733,14.73894,15.031593,43.55892,0.0,133.80737,86.21844,33.486042,58.98011,14.22541,56.878277,39.923183,27.165495,10.489498,49.18404,25.369734,71.72021,39.367817,0.0,0.0,0.0,0.0,0.0,60.641468,38.057846,76.51407,60.48498,59.45702,38.001457,21.43184,16.750425,17.607628,34.467815,0.0,0.0,0.0,0.0,0.0,0.0,0.0,0.0,0.0,0.0,0.0,0.0,0.0,0.0,0.0,0.0,0.0,0.0,0.0,0.0,0.0,0.0,47.14531,43.783085,140.54198,96.147766,67.23776,128.55666,0.0,54.7187,0.0,0.0,23.980614,27.122034,0.0,20.595179,24.552528,32.593346,28.675028,56.159294,36.032227,20.24451,30.85305,33.639156,37.55486,0.0,39.054928,30.31348,32.249928,10.485932,0.0,35.08809,39.89325,0.0,25.121462,0.0,21.804213,0.0,0.0,0.0,0.0,25.227993,0.0,0.0,0.0,0.0,30.474905,10.444036,21.835855,0.0,0.0,69.87571,26.030203,62.65108,10.689278,44.501945,69.591446,0.0,23.232086,44.76063,26.561283,0.0,0.0,0.0,25.66055,0.0,0.0,0.0,0.0,0.0,12.514189,14.834391,0.0,64.712135,62.935257,60.373398,0.0,0.0,26.725,56.44386,0.0,0.0,0.0,0.0,0.0,0.0,0.0,26.776962,28.042828,65.07038,12.135063
C29x22_C30x22,25.80399,0.0,3.8817677,0.0,44.869278,0.0,9.310165,0.0,29.923758,0.0,51.829468,0.0,88.729546,0.0,9.926416,0.0,0.0,60.4748,48.683983,0.0,0.0,34.10228,0.0,11.214611,0.0,34.10228,0.0,0.0,59.066887,0.0,0.0,31.078615,0.0,18.459377,0.0,53.829735,14.666322,78.00147,30.25646,0.0,52.405724,58.617203,0.0,0.0,11.409496,33.84266,0.0,70.36563,58.617203,51.58169,13.64649,16.963135,0.0,5.326899,0.0,58.710724,0.0,24.10548,13.081188,15.2784195,31.963434,18.427032,18.192993,0.0,1.3984532,0.0,31.51119,0.0,0.0,7.92128,0.0,16.320938,0.0,0.0,0.0,32.878586,0.0,36.153755,0.0,75.90916,16.216227,0.0,34.35029,8.663285,15.3619175,0.0,26.60762,14.190777,0.0,10.034395,0.0,15.294043,22.227823,0.0,0.0,34.660862,0.0,60.034367,0.0,0.0,10.04681,45.14088,65.79048,0.0,28.410208,0.0,0.0,52.33837,0.0,0.0,0.0,0.0,13.7989435,13.7989435,25.356785,31.82757,0.0,31.82757,19.514654,0.0,0.0,0.0,9.584563,0.0,21.431734,0.0,0.0,14.027535,0.0,0.0,25.964016,90.0756,0.0,42.651436,18.359333,0.0,46.02841,0.0,150.85736,0.0,9.251798,0.0,0.0,0.0,0.0,0.0,3.8920336,0.0,24.64807,0.0,0.0,33.705364,11.466107,22.515465,58.523647,0.0,0.0,10.874491,55.28393,13.6874,13.6874,0.0,0.0,104.38079,16.394367,47.338478,0.0,25.478514,0.0,6.580174,40.294357,8.640107,0.0,20.034492,17.145071,0.0,0.0,0.0,0.0,0.0,13.776742,0.0,0.0,0.0,0.0,100.71763,0.0,110.77429,0.0,0.0,0.0,0.0,18.97335,125.41318,0.0,13.331337,0.0,0.0,10.75962,0.0,0.0,24.201233,24.201233,0.0,0.0,17.913006,0.0,0.0,0.0,0.0,46.40742,0.0,16.88299,11.938076,0.0,0.0,0.0,0.0,30.15768,0.0,0.0,21.96225,0.0,98.92444,3.9543836,0.0,0.0,0.0,0.0,24.695892,13.087946,0.0,105.73538,0.0,0.0,0.0,0.0,0.0,0.0,0.0,38.314293,0.0,17.134674,0.0,22.343895,0.0,36.96573,0.0,0.0,91.54029,0.0,26.386208,17.729046,7.5419707,0.0,0.0,0.0,25.704567,44.040833,39.924686,0.0,0.0,101.48463,47.471546,28.236042,42.799343,104.90843,26.417124,42.514984,73.760414,101.197365,31.940487,93.411,77.32312,91.78874,90.35921,64.61863,90.320076,58.730244,30.50901,15.173462,0.0,0.0,0.0,0.0,38.621735,37.273277,148.76126,143.49893,54.62914,123.2589,130.15742,110.519936,128.07484,80.543884,7.7340307,10.77794,0.0,0.0,0.0,0.0,0.0,0.0,0.0,0.0,0.0,0.0,0.0,0.0,0.0,0.0,0.0,0.0,0.0,0.0,0.0,0.0,0.0,0.0,0.0,17.57243,0.0,27.119232,30.70761,0.0,0.0,10.75962,13.7989435,6.4977255,9.083526,17.200329,0.0,22.294718,0.0,6.9878626,12.787891,20.584532,12.162468,0.0,15.154294,39.067963,43.46855,25.204739,22.84944,21.691267,11.280684,22.17594,11.781297,6.853282,0.0,17.973703,17.676054,9.742968,32.919163,31.526093,53.184475,15.670889,68.28609,44.89959,17.614384,36.421413,25.514164,8.903277,27.021938,32.375214,21.573128,67.86751,38.409855,0.0,0.0,0.0,0.0,0.0,34.097702,26.783615,44.60694,51.098763,46.5086,26.378515,28.99555,14.236754,118.687454,38.78013,0.0,0.0,0.0,0.0,0.0,0.0,0.0,0.0,0.0,0.0,0.0,0.0,0.0,0.0,0.0,0.0,0.0,0.0,0.0,0.0,0.0,93.416405,34.153496,51.816048,83.9739,43.655888,39.57639,83.17548,20.405806,54.061077,0.0,0.0,18.986792,26.357044,12.103333,22.149277,23.930063,26.00508,19.53872,67.86751,31.248108,32.078335,25.248016,49.540424,36.07768,0.0,44.71909,29.678125,43.344975,20.072243,13.501632,31.131365,46.509342,32.0054,0.0,0.0,23.197315,4.0339584,20.89784,15.763046,0.0,29.535707,18.384909,0.0,0.0,0.0,63.454,13.416532,0.0,0.0,0.0,57.20859,71.90672,46.336395,18.657866,27.072111,29.046417,0.0,13.087946,38.154514,0.0,0.0,0.0,10.376544,0.0,14.092063,0.0,0.0,0.0,0.0,17.729046,0.0,0.0,97.2158,98.38133,43.698826,0.0,0.0,0.0,81.66522,0.0,0.0,0.0,0.0,0.0,0.0,0.0,26.852554,2.968299,56.316425,0.0
C2x14_C2x15,0.0,0.0,0.0,0.0,0.0,0.0,41.74452,0.0,103.66601,0.0,67.208015,0.0,0.0,0.0,60.433647,0.0,63.20187,0.0,80.82027,0.0,0.0,60.62755,0.0,0.0,0.0,0.0,0.0,0.0,0.0,0.0,70.51047,0.0,0.0,0.0,172.71468,0.0,0.0,0.0,0.0,0.0,0.0,147.65498,0.0,80.559235,0.0,0.0,0.0,0.0,0.0,152.18657,0.0,0.0,0.0,0.0,0.0,62.266087,0.0,0.0,57.379498,0.0,78.94184,0.0,144.66124,0.0,0.0,0.0,0.0,0.0,49.36206,93.401634,0.0,109.44995,0.0,0.0,0.0,245.73924,160.54169,0.0,34.625275,0.0,0.0,0.0,0.0,0.0,0.0,0.0,0.0,149.77097,62.610447,0.0,0.0,0.0,0.0,0.0,0.0,0.0,0.0,0.0,0.0,0.0,0.0,0.0,107.3086,0.0,0.0,0.0,96.310745,160.21448,0.0,0.0,0.0,0.0,0.0,0.0,49.364708,0.0,0.0,0.0,82.34324,0.0,47.29577,0.0,46.751324,0.0,0.0,0.0,0.0,0.0,0.0,0.0,0.0,200.91454,0.0,0.0,145.5256,0.0,0.0,0.0,49.323593,0.0,0.0,0.0,0.0,0.0,0.0,0.0,0.0,0.0,34.56251,0.0,0.0,0.0,0.0,0.0,91.20412,0.0,0.0,0.0,0.0,0.0,0.0,0.0,0.0,74.21923,0.0,0.0,0.0,0.0,0.0,0.0,0.0,0.0,0.0,0.0,0.0,0.0,0.0,0.0,0.0,0.0,277.6072,0.0,0.0,0.0,0.0,0.0,0.0,97.78158,0.0,147.4004,0.0,0.0,0.0,182.84283,0.0,0.0,0.0,0.0,0.0,0.0,57.04907,70.07681,56.06961,0.0,0.0,0.0,0.0,0.0,0.0,123.41502,0.0,0.0,0.0,0.0,0.0,0.0,0.0,0.0,0.0,0.0,0.0,0.0,0.0,225.6318,0.0,0.0,33.537453,0.0,0.0,49.219654,0.0,0.0,239.2703,0.0,0.0,0.0,0.0,0.0,0.0,0.0,0.0,0.0,29.32472,0.0,93.064705,0.0,0.0,0.0,0.0,122.31387,0.0,0.0,0.0,0.0,0.0,0.0,0.0,0.0,0.0,0.0,0.0,0.0,55.35339,50.910583,118.05797,22.87356,81.90483,73.31059,72.29589,128.03406,63.222824,42.13102,58.41986,27.482204,64.62642,48.114735,66.94406,106.15629,0.0,53.17862,0.0,0.0,149.3887,0.0,0.0,0.0,111.95396,0.0,0.0,0.0,0.0,0.0,99.71686,77.7867,0.0,0.0,0.0,0.0,0.0,0.0,0.0,0.0,0.0,0.0,0.0,0.0,0.0,0.0,0.0,0.0,0.0,0.0,0.0,0.0,0.0,0.0,0.0,0.0,0.0,0.0,0.0,0.0,109.64797,0.0,0.0,0.0,0.0,0.0,0.0,0.0,0.0,0.0,72.29589,7.1112337,0.0,0.0,0.0,0.0,0.0,0.0,0.0,0.0,0.0,0.0,0.0,0.0,0.0,0.0,0.0,0.0,0.0,0.0,0.0,0.0,0.0,0.0,0.0,0.0,0.0,0.0,0.0,311.42273,328.9061,0.0,0.0,0.0,0.0,0.0,0.0,0.0,0.0,0.0,0.0,0.0,73.6264,0.0,0.0,0.0,0.0,0.0,0.0,56.352276,34.914536,0.0,0.0,0.0,0.0,0.0,0.0,0.0,0.0,0.0,102.10597,0.0,217.99004,0.0,0.0,121.045975,0.0,0.0,0.0,0.0,0.0,0.0,55.35339,24.60163,73.018135,71.20708,115.44162,121.73329,48.114735,86.18016,0.0,38.966076,0.0,0.0,0.0,0.0,0.0,0.0,0.0,0.0,0.0,0.0,0.0,94.01211,0.0,0.0,0.0,0.0,0.0,0.0,0.0,0.0,0.0,0.0,0.0,113.55062,0.0,0.0,0.0,0.0,0.0,0.0,0.0,0.0,0.0,0.0,142.01122,0.0,84.40429,107.36653,0.0,0.0,125.51771,0.0,0.0,0.0,131.01195,59.68656,0.0,37.855095,0.0,0.0,0.0,0.0,0.0,0.0,0.0,0.0,0.0,0.0,0.0,0.0,0.0,0.0,0.0,49.038246,0.0,0.0,0.0,0.0,0.0,0.0,0.0,0.0,0.0,0.0,0.0,0.0,0.0,0.0,73.6264,0.0
C2x14_C3x14,0.0,0.0,0.0,0.0,0.0,0.0,0.0,0.0,85.237946,0.0,0.0,0.0,61.505104,0.0,184.0919,0.0,97.71126,0.0,0.0,0.0,0.0,75.679825,0.0,0.0,0.0,0.0,0.0,0.0,0.0,0.0,0.0,0.0,0.0,0.0,0.0,0.0,0.0,33.852436,0.0,0.0,0.0,137.56117,0.0,0.0,0.0,0.0,0.0,0.0,0.0,315.89764,0.0,0.0,0.0,0.0,0.0,0.0,0.0,0.0,0.0,0.0,0.0,0.0,137.2876,0.0,0.0,0.0,0.0,0.0,0.0,68.47657,0.0,140.84595,0.0,0.0,0.0,358.4498,120.43429,34.37012,36.73079,0.0,0.0,0.0,0.0,0.0,0.0,0.0,0.0,144.5988,119.060135,0.0,0.0,105.162964,0.0,0.0,0.0,0.0,0.0,0.0,0.0,0.0,0.0,0.0,116.95325,0.0,0.0,0.0,102.16726,188.64426,0.0,0.0,0.0,0.0,0.0,0.0,68.49463,0.0,0.0,0.0,0.0,0.0,0.0,0.0,0.0,0.0,0.0,0.0,0.0,0.0,0.0,0.0,0.0,258.04077,0.0,0.0,0.0,0.0,0.0,0.0,45.172844,0.0,0.0,0.0,0.0,0.0,0.0,0.0,0.0,0.0,56.39072,0.0,0.0,0.0,0.0,0.0,0.0,0.0,0.0,0.0,0.0,0.0,0.0,0.0,0.0,86.03645,0.0,107.45563,0.0,0.0,0.0,0.0,46.339066,0.0,0.0,0.0,0.0,0.0,0.0,0.0,0.0,0.0,362.0077,0.0,0.0,0.0,0.0,68.950226,0.0,109.52841,0.0,70.80254,0.0,0.0,0.0,174.35449,0.0,0.0,0.0,0.0,0.0,0.0,93.56811,76.631905,112.59859,0.0,0.0,0.0,0.0,0.0,0.0,0.0,0.0,0.0,0.0,0.0,0.0,0.0,0.0,0.0,0.0,0.0,0.0,0.0,0.0,262.70868,0.0,0.0,56.716053,0.0,0.0,0.0,27.3299,0.0,195.87299,0.0,0.0,0.0,0.0,0.0,0.0,0.0,0.0,0.0,0.0,0.0,79.22083,0.0,0.0,0.0,0.0,0.0,0.0,0.0,93.75154,0.0,0.0,0.0,0.0,0.0,4.7937255,89.5347,122.41788,0.0,78.407394,155.93555,164.19307,0.0,43.51659,154.26802,55.302288,133.24179,98.78699,54.360928,78.29468,0.0,100.98013,0.0,49.121284,115.91983,0.0,78.26674,0.0,0.0,172.78986,0.0,0.0,0.0,0.0,0.0,0.0,0.0,0.0,0.0,0.0,0.0,0.0,83.36249,0.0,0.0,0.0,0.0,0.0,0.0,0.0,0.0,0.0,0.0,0.0,0.0,0.0,0.0,0.0,0.0,0.0,0.0,0.0,0.0,0.0,0.0,0.0,0.0,0.0,0.0,133.04033,0.0,0.0,0.0,0.0,0.0,0.0,0.0,0.0,0.0,41.44876,8.327972,0.0,0.0,0.0,0.0,0.0,0.0,0.0,0.0,0.0,0.0,0.0,0.0,0.0,0.0,0.0,0.0,0.0,0.0,0.0,0.0,101.023285,0.0,50.095932,53.012314,82.64647,0.0,0.0,301.61172,406.2583,0.0,0.0,0.0,0.0,0.0,0.0,0.0,0.0,0.0,0.0,0.0,0.0,0.0,0.0,0.0,0.0,0.0,0.0,58.76591,42.403748,0.0,0.0,0.0,0.0,0.0,0.0,0.0,0.0,0.0,0.0,0.0,0.0,0.0,0.0,0.0,0.0,0.0,0.0,0.0,0.0,0.0,58.76591,0.0,90.22703,83.39067,76.41637,185.13068,0.0,56.603195,0.0,42.59217,72.443214,0.0,0.0,0.0,0.0,0.0,0.0,0.0,0.0,0.0,0.0,0.0,0.0,0.0,0.0,0.0,0.0,0.0,0.0,0.0,0.0,0.0,0.0,0.0,0.0,0.0,0.0,0.0,0.0,0.0,0.0,0.0,48.58964,0.0,163.01772,0.0,98.33882,158.61423,0.0,0.0,142.40155,48.58964,0.0,0.0,84.226326,69.898994,0.0,40.15701,57.62575,0.0,0.0,0.0,0.0,0.0,0.0,0.0,0.0,0.0,0.0,0.0,0.0,0.0,0.0,36.376583,39.3722,0.0,60.777,0.0,0.0,0.0,0.0,0.0,0.0,0.0,0.0,0.0,0.0,0.0,57.62575,0.0
C2x15_C2x16,0.0,0.0,53.219444,0.0,0.0,0.0,0.0,0.0,43.210793,51.32075,69.79754,30.723457,49.862873,9.020336,49.59489,0.0,27.884562,0.0,0.0,69.52102,0.0,53.302654,21.314308,0.0,15.071492,0.0,0.0,15.071492,15.071492,0.0,32.87044,0.0,0.0,0.0,73.78451,16.113981,53.506317,0.0,0.0,17.959633,9.843698,0.0,39.56369,181.15868,39.56369,0.0,0.0,0.0,39.56369,159.55887,0.0,0.0,0.0,26.364592,0.0,59.89507,0.0,18.524523,0.0,29.451313,52.362686,29.451313,26.444542,0.0,0.0,26.374664,26.374664,0.0,63.989407,47.15119,50.203583,31.198074,0.0,18.88343,0.0,90.63158,28.136684,20.203953,48.60677,8.167634,0.0,0.0,23.994822,0.0,9.795844,0.0,9.795844,59.64871,0.0,0.0,0.0,38.55072,0.0,0.0,0.0,0.0,0.0,0.0,0.0,0.0,15.964294,39.104374,73.69181,27.05076,66.26056,0.0,38.25555,127.042206,0.0,0.0,0.0,0.0,13.814232,0.0,40.100677,0.0,0.0,0.0,44.727448,0.0,17.58184,0.0,0.0,0.0,0.0,0.0,19.424097,36.050095,0.0,0.0,0.0,147.46356,0.0,31.94591,150.2732,0.0,0.0,0.0,37.107395,0.0,6.378754,0.0,21.664463,0.0,0.0,32.995083,0.0,0.0,20.724564,0.0,0.0,0.0,0.0,0.0,0.0,0.0,0.0,28.531563,57.063126,0.0,0.0,0.0,0.0,81.8726,46.65516,77.292534,0.0,0.0,14.356983,0.0,63.066685,15.327889,0.0,0.0,36.34102,0.0,0.0,0.0,0.0,0.0,141.42493,0.0,0.0,0.0,0.0,0.0,0.0,55.586876,10.39859,58.420628,0.0,0.0,0.0,129.86783,32.550392,30.094559,0.0,0.0,0.0,0.0,0.0,22.794983,27.003452,0.0,0.0,11.042758,0.0,0.0,16.24732,138.16817,93.69065,38.249046,0.0,0.0,0.0,0.0,0.0,0.0,0.0,0.0,0.0,0.0,0.0,120.48493,51.30908,0.0,0.0,0.0,0.0,0.0,59.187576,0.0,181.24512,0.0,0.0,8.411212,0.0,0.0,0.0,0.0,32.146793,0.0,23.33347,0.0,164.62595,0.0,0.0,0.0,6.0995164,83.99635,0.0,0.0,0.0,6.926993,0.0,0.0,51.05145,0.0,70.31075,66.160255,0.0,0.0,17.685669,24.189901,35.732475,0.0,22.137733,27.05076,18.219162,36.050095,17.801424,9.795844,14.108709,0.0,18.19663,11.227979,16.113981,31.94591,0.0,32.27435,14.122265,17.146204,61.433556,0.0,0.0,0.0,59.50628,74.48992,59.89894,32.961445,0.0,61.22874,54.220966,107.49286,0.0,60.692562,0.0,45.557014,40.47335,25.551176,34.142357,0.0,23.944248,14.901687,23.371944,29.787243,32.267155,51.858616,34.452446,49.35358,20.147295,33.2405,0.0,50.559685,0.0,48.13374,10.112724,15.327889,23.257322,0.0,0.0,0.0,60.197254,30.744295,40.19728,37.310013,0.0,0.0,0.0,0.0,19.805542,0.0,52.71229,5.793078,0.0,0.0,0.0,0.0,0.0,0.0,0.0,0.0,0.0,0.0,0.0,0.0,0.0,0.0,0.0,0.0,0.0,0.0,19.805542,0.0,0.0,0.0,20.357193,45.38705,31.150175,0.0,0.0,106.470345,153.59293,0.0,0.0,0.0,15.878761,11.548645,0.0,29.950764,37.055515,47.377476,0.0,0.0,36.71915,21.835402,29.10219,25.086931,0.0,0.0,0.0,53.99822,25.096054,0.0,23.168716,32.89897,22.374668,0.0,14.414734,8.424062,16.136318,14.436602,54.278233,76.95198,144.55685,0.0,87.21442,70.18507,106.49324,40.370556,0.0,0.0,0.0,0.0,0.0,0.0,0.0,0.0,0.0,0.0,0.0,0.0,0.0,24.555658,32.70004,0.0,0.0,17.685669,6.926993,13.53337,10.112724,14.108709,11.227979,20.959953,16.759026,37.095432,22.137733,11.853957,31.570133,30.094559,13.123873,18.19663,15.327889,23.257322,0.0,11.23341,19.388779,90.445076,0.0,0.0,0.0,0.0,0.0,0.0,0.0,0.0,25.01131,0.0,140.64943,0.0,0.0,100.71702,0.0,17.292082,54.84996,0.0,0.0,85.59674,8.09429,0.0,0.0,70.11493,22.857967,0.0,0.0,18.558971,53.447613,14.898935,52.39616,0.0,12.18695,23.257322,0.0,0.0,17.292082,65.26754,23.089052,76.67603,53.714146,0.0,0.0,0.0,39.991413,0.0,0.0,0.0,0.0,0.0,0.0,0.0,0.0,21.621492,32.970478,25.277357
C2x15_C3x15,0.0,0.0,54.992645,0.0,0.0,0.0,27.976473,0.0,86.70324,50.71606,122.56126,0.0,44.524406,0.0,52.4749,0.0,51.847183,0.0,46.816345,73.688965,0.0,28.92797,0.0,0.0,0.0,0.0,0.0,0.0,0.0,0.0,49.876392,0.0,0.0,0.0,122.171715,0.0,0.0,0.0,0.0,40.336536,0.0,72.06207,0.0,129.75388,0.0,0.0,0.0,0.0,0.0,245.12146,0.0,0.0,0.0,0.0,0.0,112.41452,0.0,0.0,31.150303,0.0,59.725105,0.0,69.139885,0.0,0.0,0.0,0.0,0.0,70.96282,44.121284,0.0,63.82388,39.41051,0.0,0.0,134.42941,80.49021,47.820282,56.844994,0.0,0.0,0.0,0.0,0.0,0.0,0.0,0.0,77.84308,51.010925,0.0,0.0,50.273235,0.0,78.778015,32.16099,0.0,0.0,0.0,0.0,0.0,0.0,0.0,98.914406,0.0,0.0,0.0,71.59472,139.97406,0.0,0.0,0.0,0.0,0.0,0.0,19.19719,0.0,0.0,0.0,25.73463,0.0,0.0,0.0,55.64242,0.0,0.0,0.0,108.84825,0.0,0.0,0.0,0.0,184.60353,0.0,0.0,176.00671,0.0,17.307243,13.615127,34.766396,0.0,0.0,0.0,0.0,0.0,0.0,0.0,0.0,0.0,16.156645,0.0,0.0,17.684216,0.0,0.0,96.11975,23.479992,0.0,0.0,0.0,0.0,0.0,0.0,0.0,75.69626,44.45874,87.03806,0.0,0.0,0.0,0.0,0.0,0.0,0.0,0.0,0.0,0.0,0.0,0.0,0.0,0.0,254.91055,0.0,0.0,41.17418,0.0,0.0,0.0,47.729797,0.0,90.507034,0.0,0.0,0.0,149.13672,0.0,0.0,0.0,0.0,0.0,0.0,41.25247,35.18469,41.68058,0.0,0.0,0.0,0.0,0.0,0.0,106.92217,0.0,0.0,0.0,0.0,0.0,0.0,0.0,0.0,0.0,0.0,0.0,0.0,0.0,178.63803,0.0,0.0,23.925812,0.0,0.0,43.429348,69.48655,0.0,180.27423,0.0,0.0,0.0,0.0,0.0,0.0,0.0,0.0,0.0,11.475618,0.0,50.523167,0.0,0.0,0.0,0.0,57.58434,0.0,0.0,60.528645,0.0,0.0,0.0,42.171947,0.0,3.0200315,70.25522,0.0,0.0,21.963087,46.640022,51.142853,12.417646,22.735579,43.212784,30.631578,46.293514,34.32254,22.872179,31.715097,14.919598,35.084526,19.918516,30.84649,33.904278,0.0,43.816383,29.001825,35.21186,86.38127,0.0,0.0,0.0,27.358768,65.45952,40.61513,50.955433,45.48251,37.369038,70.535866,94.079544,0.0,120.24343,0.0,49.596416,39.514393,28.51667,0.0,22.845572,24.937925,33.814045,22.781174,31.023401,21.645472,2.1354847,36.466103,42.587868,0.0,30.188604,0.0,54.435562,12.484311,50.131275,0.0,0.0,0.0,0.0,0.0,0.0,63.080208,39.2415,0.0,0.0,0.0,0.0,0.0,0.0,0.0,0.0,56.076363,7.0674214,0.0,0.0,0.0,0.0,0.0,0.0,0.0,0.0,0.0,0.0,0.0,0.0,0.0,0.0,0.0,0.0,0.0,0.0,0.0,0.0,0.0,0.0,23.57981,43.119408,40.655903,0.0,0.0,155.97308,198.89108,0.0,0.0,0.0,0.0,0.0,0.0,0.0,39.514393,48.691006,32.47652,0.0,74.221306,21.460566,55.05335,34.51096,0.0,0.0,0.0,57.86136,17.067032,0.0,0.0,0.0,0.0,0.0,0.0,0.0,0.0,0.0,89.14948,0.0,146.09041,40.23643,0.0,66.40472,149.09712,0.0,0.0,0.0,0.0,0.0,21.963087,0.0,37.17845,38.65705,32.077293,80.3396,19.918516,21.154799,0.0,33.099026,75.174446,0.0,0.0,0.0,0.0,0.0,0.0,0.0,0.0,0.0,0.0,0.0,0.0,0.0,0.0,0.0,0.0,0.0,0.0,0.0,0.0,0.0,0.0,95.937416,0.0,0.0,0.0,0.0,0.0,0.0,0.0,0.0,0.0,0.0,133.65393,0.0,23.756565,94.7357,0.0,0.0,81.19146,0.0,0.0,51.2125,31.478626,32.40277,0.0,82.31533,33.192776,31.432064,0.0,0.0,57.400352,17.99135,54.570583,0.0,0.0,0.0,0.0,0.0,0.0,74.24593,0.0,75.99151,45.354744,0.0,22.714708,0.0,0.0,0.0,0.0,0.0,0.0,0.0,0.0,0.0,0.0,0.0,45.505024,0.0
C2x16_C2x17,52.57211,0.0,28.399765,0.0,0.0,0.0,31.248604,0.0,9.302448,20.082764,28.950699,20.471235,20.664669,15.847744,0.0,20.050869,47.09686,0.0,0.0,45.795506,0.0,44.537296,39.30967,0.0,22.838999,0.0,31.686295,22.838999,22.838999,43.87764,18.830326,0.0,24.937586,27.167833,46.12469,17.97463,54.60109,0.0,0.0,34.572334,23.620766,80.0938,33.330658,82.49463,33.330658,0.0,46.24218,0.0,33.330658,101.297806,19.91615,0.0,18.2812,12.703081,0.0,17.96487,20.465471,21.839607,0.0,36.197113,35.84873,46.828865,23.641531,15.906889,0.0,11.465444,11.465444,0.0,17.175575,57.031178,50.337067,17.023775,0.0,16.520279,0.0,67.50065,0.0,56.022957,47.029816,22.720793,38.606777,0.0,45.344368,19.005121,12.574062,17.444962,12.574062,14.448339,0.0,0.0,0.0,25.370863,15.916862,75.14983,30.67979,0.0,14.610222,10.530825,0.0,16.72666,0.0,0.0,27.943382,20.917374,51.537113,19.827446,29.581633,44.498127,24.283564,21.600677,0.0,0.0,15.317937,0.0,0.0,0.0,0.0,21.251749,62.893482,0.0,17.011433,31.001484,46.665062,0.0,43.842716,21.321527,23.858053,18.556509,25.744867,0.0,13.558384,47.68293,12.445355,8.970422,52.01442,10.624205,32.918777,0.0,40.38468,0.0,0.0,0.0,12.501142,0.0,36.56559,22.111914,0.0,66.14761,26.110342,0.0,0.0,36.436214,0.0,27.257784,28.861662,14.529291,0.0,27.376762,65.13406,0.0,0.0,16.51857,0.0,43.68697,20.829512,75.50979,19.495098,14.051771,9.920057,0.0,17.48085,4.968106,6.8926344,0.0,14.320755,26.037832,0.0,23.453049,0.0,28.35658,46.726974,13.7285795,0.0,0.0,21.498056,0.0,0.0,18.69901,24.758398,58.67519,0.0,0.0,28.739128,90.46669,22.059809,24.94783,47.74855,0.0,0.0,0.0,0.0,17.617329,0.0,0.0,0.0,0.0,18.25408,0.0,18.72148,57.709953,110.40412,30.615232,0.0,0.0,0.0,17.041746,0.0,0.0,18.286364,16.785208,40.296364,43.900196,40.67475,91.285095,58.635483,28.825317,0.0,31.40326,0.0,32.751167,17.924994,36.923435,82.86613,0.0,18.01991,15.187335,0.0,13.037827,0.0,38.202084,24.443274,9.403857,21.5623,36.033154,61.98486,23.770489,23.36871,29.267376,0.0,40.068066,19.511295,21.256254,0.0,0.0,0.0,23.022137,64.50156,0.0,32.65734,60.475502,0.0,0.0,19.772104,27.723776,31.884056,16.111801,25.455074,30.068684,43.908085,39.04256,29.675812,26.455605,31.20746,22.156668,29.589235,25.84412,37.818302,18.87361,0.0,93.15156,0.0,0.0,72.794395,0.0,26.20464,15.972782,86.08224,27.053116,31.538828,33.172817,43.387775,31.446817,40.192493,27.802877,23.515255,47.235577,0.0,30.876223,29.225431,30.199286,0.0,20.923094,20.258192,33.255104,26.16701,15.168595,14.850006,23.092226,24.179771,20.917374,29.591173,30.544794,21.160248,35.515194,24.206045,29.517267,15.652425,4.968106,17.133406,0.0,15.550012,0.0,75.29861,7.995844,0.0,39.953136,0.0,0.0,0.0,0.0,29.179436,0.0,11.220396,31.778381,0.0,0.0,0.0,0.0,0.0,0.0,0.0,0.0,0.0,0.0,0.0,0.0,0.0,0.0,0.0,0.0,0.0,34.047234,48.39864,0.0,28.548208,19.177391,20.382578,35.113964,18.17723,0.0,0.0,81.586205,92.69269,0.0,47.823418,22.855825,26.17227,16.543276,0.0,14.117102,10.35389,32.529484,24.320618,0.0,28.429268,11.54186,27.851492,31.496086,0.0,0.0,0.0,22.35301,31.600298,20.321632,29.702791,20.037418,23.27226,10.726923,7.2320466,7.325319,16.958113,18.500256,41.07584,50.215958,71.03348,73.2367,50.47906,18.150253,24.230295,34.416424,0.0,14.359464,0.0,0.0,22.582178,0.0,31.616993,37.235725,23.778597,82.70291,29.517172,0.0,0.0,17.748035,44.66962,0.0,0.0,9.397467,0.0,9.307362,15.652425,14.832567,12.28343,15.697919,23.41111,17.784773,12.098521,29.045002,18.767673,24.94783,6.778157,14.063444,4.968106,17.133406,0.0,0.0,20.438992,39.135475,0.0,36.627407,38.19477,40.834908,44.718597,0.0,0.0,0.0,13.290025,32.55822,47.349888,0.0,0.0,46.43767,0.0,8.150512,54.733562,0.0,0.0,16.68958,28.036842,35.60045,0.0,0.0,28.429268,41.835285,27.455563,19.579165,26.384663,7.7642546,22.195301,33.69616,30.409864,25.077168,0.0,0.0,8.150512,0.0,0.0,40.51149,43.768906,0.0,0.0,0.0,0.0,19.568384,0.0,20.57836,10.771946,0.0,0.0,0.0,22.41875,16.00294,20.903145,0.0
C2x16_C3x16,51.772743,0.0,51.575176,0.0,31.497221,15.7486105,19.799059,0.0,47.81924,20.209444,60.943405,26.82605,28.873125,11.688489,0.0,0.0,44.969433,0.0,19.238354,63.408,0.0,33.279934,23.443592,27.946491,16.577122,0.0,0.0,16.577122,16.577122,0.0,30.073011,0.0,0.0,29.49802,67.5051,14.742604,27.908392,0.0,0.0,49.06762,10.68984,41.43065,19.124031,87.56727,19.124031,0.0,0.0,0.0,19.124031,103.22794,17.693663,0.0,0.0,15.00625,0.0,34.091194,16.684103,0.0,26.147757,30.96839,55.059967,30.96839,36.68488,0.0,0.0,19.030436,19.030436,0.0,40.1251,42.712097,31.334843,25.888903,0.0,14.523378,0.0,74.87552,0.0,58.62727,37.57997,14.824785,0.0,0.0,21.077263,16.177458,8.604756,0.0,8.604756,31.462326,0.0,0.0,0.0,37.673023,17.851631,68.01667,30.300913,0.0,0.0,14.854329,0.0,0.0,12.025017,29.455154,53.515198,22.051727,54.01548,0.0,31.185854,59.01083,0.0,4.7378793,0.0,0.0,4.1873603,0.0,0.0,0.0,0.0,0.0,25.489832,0.0,26.104937,0.0,59.305183,0.0,0.0,0.0,14.631094,20.25542,0.0,0.0,11.717303,109.606606,0.0,24.628918,115.85416,0.0,33.218784,0.0,53.8633,0.0,13.453599,0.0,10.952283,0.0,0.0,11.304705,10.202841,50.24118,20.408049,0.0,0.0,32.78359,0.0,0.0,89.53892,14.160533,0.0,12.16889,38.064552,0.0,0.0,0.0,0.0,56.69245,30.66681,79.02397,0.0,14.227004,10.291464,0.0,25.17597,11.017372,0.0,0.0,17.36736,0.0,0.0,0.0,0.0,0.0,150.25475,0.0,0.0,0.0,0.0,0.0,0.0,49.71085,17.8834,88.01705,0.0,0.0,22.361656,132.54922,27.708078,28.262226,0.0,0.0,0.0,0.0,0.0,26.42795,0.0,0.0,0.0,18.224758,0.0,0.0,23.110481,74.42149,57.838528,23.612482,0.0,0.0,0.0,0.0,0.0,0.0,17.822248,0.0,0.0,30.519423,0.0,106.220055,57.057594,0.0,0.0,18.196209,0.0,63.898853,54.339172,0.0,120.88612,0.0,0.0,0.0,0.0,0.0,0.0,0.0,25.474983,0.0,18.490795,0.0,28.19766,0.0,26.497164,0.0,0.0,64.600845,0.0,20.716764,18.400497,5.217719,0.0,19.186274,38.372547,2.9847167,33.5459,75.39781,32.49761,15.304057,16.021873,21.670221,27.340557,23.579206,21.827711,22.051727,29.959469,33.47897,24.821692,19.81326,31.11794,21.863695,25.372751,22.161316,36.12755,24.628918,0.0,77.14718,17.629286,12.4171715,46.665577,0.0,0.0,0.0,74.25562,56.82948,43.730267,28.953629,49.982437,48.84399,49.606503,82.87236,22.918434,85.3803,0.0,45.925148,41.79305,20.1105,16.811049,29.695604,24.65401,41.455738,39.08988,7.7916994,18.447542,23.720531,34.317722,22.051727,25.699968,34.49525,11.2213955,50.405792,16.227617,39.803062,14.956935,11.017372,25.430975,7.728396,0.0,0.0,24.23804,18.352737,32.626804,16.862995,0.0,0.0,0.0,0.0,28.440542,0.0,59.296783,29.017748,0.0,0.0,0.0,0.0,0.0,0.0,0.0,0.0,0.0,0.0,0.0,0.0,0.0,0.0,0.0,0.0,0.0,0.0,28.440542,3.7294745,24.321789,12.11269,22.200672,50.19644,33.482162,0.0,0.0,91.185425,92.6767,0.0,30.367952,14.43067,12.794842,8.927201,25.77093,17.87904,36.159164,28.070663,41.573704,0.0,46.16715,23.168135,23.277607,29.352589,0.0,0.0,0.0,47.306152,40.630802,15.812079,19.695108,19.641256,22.94617,10.204024,13.358193,12.571112,0.0,18.714603,119.52542,53.391148,84.74198,65.14421,0.0,50.447582,116.446205,28.902685,0.0,0.0,0.0,0.0,10.985314,17.900389,18.871243,19.168135,12.240701,36.826416,15.194792,12.824913,0.0,23.523794,40.63828,0.0,0.0,15.493862,5.217719,13.99893,14.956935,2.9979498,8.803701,0.0,23.561125,12.848996,16.889208,26.103453,18.50701,28.262226,10.400118,14.515993,11.017372,25.430975,0.0,12.863614,27.836226,78.20605,0.0,26.31818,19.847828,38.361492,39.34584,0.0,0.0,0.0,21.91163,27.133488,106.83879,0.0,0.0,78.96804,0.0,10.322469,67.70496,0.0,0.0,68.28307,24.05685,36.00091,0.0,0.0,28.739422,44.300167,27.364754,0.0,44.561504,13.954528,41.438374,19.186274,23.02286,25.430975,0.0,0.0,10.322469,48.46366,11.019127,20.850729,41.39414,0.0,0.0,0.0,19.085688,0.0,0.0,0.0,0.0,0.0,0.0,0.0,25.407692,12.521748,41.453934,22.64065
C2x17_C2x18,14.955753,0.0,2.5943787,3.7811599,26.425558,20.31833,12.113267,0.0,0.0,0.0,14.390105,7.879162,27.015108,21.954977,0.0,0.0,21.972652,0.0,6.6823854,26.161806,0.0,23.147198,37.51764,0.0,0.0,20.877983,50.96274,0.0,44.288887,53.73577,25.204039,20.191486,49.287014,24.927015,52.187237,28.555073,32.606182,58.166218,21.984762,15.545574,46.636726,64.30876,23.866446,75.52258,23.866446,23.680155,57.802795,0.0,33.488796,47.36031,19.066843,18.607698,45.421024,14.720698,0.0,26.885145,20.250013,0.0,22.251356,7.45752,8.618368,13.515393,30.595594,31.597158,0.0,16.882029,27.459335,0.0,19.491259,34.040287,26.562807,0.0,0.0,20.47365,0.0,49.813004,10.965416,62.49017,41.39549,19.998766,37.180546,0.0,56.785614,29.8195,19.729012,16.701569,19.729012,0.0,0.0,0.0,13.611835,21.342318,20.89293,43.74147,21.125122,22.21116,54.217007,31.411325,7.5545197,20.90657,9.69011,27.890848,33.438435,0.0,13.708054,10.388259,3.0092862,13.401814,8.172389,3.0092862,0.0,0.0,21.958836,0.0,0.0,0.0,16.090673,35.67912,49.13414,24.759325,38.370026,0.0,55.192795,0.0,31.110218,32.264595,25.923069,4.765057,0.0,32.705128,20.946114,47.82177,19.482954,13.858251,42.372887,46.528954,26.957153,0.0,85.1007,0.0,15.155692,25.780037,6.868317,2.1037762,45.097206,4.529777,27.94303,54.500023,41.61562,0.0,0.0,56.166298,0.0,16.010391,34.53348,38.43579,0.0,12.0356455,51.97497,0.0,0.0,12.245645,0.0,42.59896,13.22115,49.28638,54.571823,31.616896,13.437636,9.279734,0.0,5.3306036,13.461046,0.0,0.0,60.641514,12.988986,0.0,0.0,28.222107,23.123587,36.355385,0.0,0.0,19.138323,20.743813,0.0,19.114313,15.235626,30.877844,0.0,0.0,17.282528,49.839146,7.704991,16.070204,52.680584,0.0,13.898713,21.761745,0.0,0.0,0.0,27.827085,0.0,35.413044,43.8441,0.0,11.722915,38.02275,75.53747,13.927772,22.495867,14.88359,0.0,25.78826,39.440075,11.731979,10.510436,36.282734,46.076355,13.347466,50.20295,64.76644,0.0,32.67776,0.0,9.466143,0.0,41.412796,0.0,32.13302,41.454563,0.0,33.849148,0.0,12.226081,28.683123,0.0,56.94882,51.6892,39.171192,25.160975,56.09714,45.962795,0.0,38.518963,47.00869,3.7023523,12.586214,11.459564,3.3196237,0.0,13.53933,46.738678,13.229066,63.214363,14.990227,59.03835,90.98476,42.517937,25.883696,16.617939,26.54152,25.998695,26.957153,21.020872,6.0185723,17.894226,10.025595,7.503704,41.509487,27.923422,31.411325,6.6392474,36.868332,34.699028,29.157513,31.314806,139.84727,17.519148,12.988986,43.93767,27.94303,27.40964,0.0,34.263153,33.23692,11.864397,54.64298,49.665665,10.497572,45.677704,38.382866,27.250162,22.478115,0.0,18.954624,11.406972,6.8513374,0.0,26.470316,11.347169,29.27103,23.451376,14.516033,8.3089695,12.93459,18.733984,3.0092862,28.599854,8.947113,11.852434,20.992159,30.455177,20.812262,10.028021,5.3306036,5.5574803,10.936111,14.271514,0.0,49.392876,0.0,34.01765,20.109417,6.305724,16.090673,6.3845153,11.525438,6.619963,0.0,8.947113,7.5286727,11.750657,19.147503,19.061584,7.516206,12.653128,17.961678,7.8404245,4.7375865,14.8937645,21.581732,23.027262,17.50811,6.677869,16.157475,5.5146065,0.0,0.0,27.40092,14.43342,25.536669,17.231295,9.886894,14.842188,33.695683,18.07101,0.0,0.0,46.093414,42.955574,0.0,31.604658,36.884724,31.062155,10.470389,10.638574,0.0,0.0,0.0,0.0,3.1862347,35.7077,17.729548,29.262909,35.68724,0.0,0.0,0.0,29.862358,43.115498,34.565056,28.94563,20.179464,32.146126,20.80781,4.648799,16.989305,23.344946,16.994648,0.0,33.84539,37.36447,41.686443,33.916897,16.868073,17.585997,23.342958,14.88359,19.699629,0.0,0.0,31.911535,51.99932,48.77895,21.292425,40.447346,58.610016,28.690844,43.879234,0.0,14.373089,28.23133,0.0,25.779133,24.926908,40.61799,49.69891,18.451168,37.140312,22.411144,16.01896,46.058414,14.357067,21.020872,26.694933,35.133442,32.140408,22.694338,6.6392474,7.7988315,5.5574803,14.88359,5.4653554,16.350843,16.847195,0.0,39.067142,20.544195,27.338028,27.40964,21.048574,0.0,0.0,0.8707844,6.053798,52.56194,0.0,0.0,0.0,0.0,0.0,13.561623,31.089315,0.0,0.0,24.300209,30.878315,20.352736,0.0,27.649858,22.561104,13.17131,0.0,10.733771,0.0,5.6772294,6.265384,6.530253,8.13416,0.0,0.0,0.0,0.0,25.419231,34.365685,22.34787,0.0,0.0,0.0,35.15096,12.951647,26.638157,42.736954,16.300547,0.0,0.0,8.178685,20.059568,12.74237,29.879465,17.481543
C2x17_C3x17,42.589886,0.0,21.968555,7.5354056,45.316845,29.988647,20.609884,0.0,0.0,16.007738,29.801254,16.317387,21.675629,15.974687,0.0,0.0,36.781197,0.0,9.594895,34.961143,0.0,32.47254,19.633833,0.0,28.518126,13.883217,28.163925,9.119359,31.399849,30.898952,21.264492,13.22223,26.82303,32.308865,44.03005,21.383028,30.289831,40.3734,13.125567,31.843884,29.686266,41.944557,17.45503,55.2344,17.45503,17.86053,36.23243,0.0,28.8841,48.423958,13.953086,5.710226,28.454075,12.590636,0.0,22.994904,26.841059,13.120852,19.111332,30.153044,34.999664,21.524673,23.554266,23.10208,0.0,20.685894,22.776178,0.0,16.968575,26.072596,26.99224,0.0,0.0,14.847563,0.0,58.584446,4.452624,60.1896,34.340267,19.144606,32.530178,0.0,50.551174,30.291252,8.765673,25.147997,20.04771,0.0,0.0,0.0,9.097996,19.58262,26.746529,64.82961,31.309727,10.945874,28.42358,20.487282,8.686902,15.592182,4.137627,23.861477,18.489464,13.66454,46.888374,18.957865,19.324577,39.999477,23.218548,7.096817,0.0,0.0,13.811549,0.0,0.0,0.0,13.811549,17.95577,33.151653,14.40023,34.75787,15.450585,63.480022,0.0,25.120289,19.725399,41.862877,3.251893,4.5116005,19.631128,24.398733,31.550646,20.25599,16.147854,18.984818,24.382235,26.148752,0.0,74.457275,0.0,11.739718,17.274546,7.759125,2.932736,28.634228,3.091327,30.311062,69.969696,30.7332,0.0,0.0,25.951561,0.0,14.164502,45.68893,27.39614,0.0,15.03235,38.759655,0.0,0.0,15.641113,0.0,31.064575,11.734772,58.41489,29.385414,23.425734,11.931304,6.2296934,19.51092,4.74326,7.634591,0.0,0.0,35.497013,5.290635,12.184686,0.0,28.832409,20.781961,28.490503,0.0,0.0,17.640099,0.0,0.0,25.045334,18.673807,65.58765,0.0,18.660416,25.844484,75.87932,19.221113,15.251352,37.459435,0.0,12.271428,14.165163,0.0,0.0,0.0,30.898973,5.17465,43.723637,27.835659,0.0,19.200544,58.636116,68.760994,11.258451,16.028221,7.3593607,13.306735,17.845198,18.992205,8.912689,15.018134,26.437708,27.62273,30.759703,29.04238,64.497986,41.866608,21.19352,0.0,22.840775,0.0,41.993687,0.0,18.985111,46.125885,0.0,20.71905,0.0,9.594885,16.285448,0.0,28.645605,39.67992,19.739807,17.18806,32.550083,43.502567,19.557718,38.258198,26.97958,14.294384,17.340412,6.8785605,0.0,0.0,9.239858,26.508394,16.658228,46.67167,12.270541,44.16223,84.684875,26.109732,25.293106,26.408384,20.509264,19.268845,34.762135,20.218283,13.66454,29.637276,3.251893,8.463395,40.77984,44.901844,36.007725,4.9579616,28.937666,43.49606,32.84699,21.57812,96.03535,24.884705,15.565226,43.06864,21.69204,15.43723,14.164502,49.408447,52.778664,23.440863,30.943424,56.74314,13.731948,38.537994,24.924038,29.757456,35.669643,0.0,32.265617,27.607285,15.522859,0.0,26.59932,23.607376,34.095306,37.41199,12.971608,19.476213,25.01636,20.83291,13.66454,38.80968,21.857525,16.864197,28.525398,31.464983,23.794018,9.03045,4.74326,14.096905,9.776704,16.162502,0.0,36.082996,0.0,21.572512,19.333178,7.330684,13.811549,9.170744,9.269343,21.952639,0.0,24.120913,26.554724,8.0278015,13.067132,10.567232,5.129403,9.009342,13.721399,0.0,7.635928,10.309985,15.937467,14.204045,13.6495695,4.557283,9.362079,3.7634196,3.3559504,6.559464,18.834055,34.31648,19.868048,22.671925,15.778641,14.986081,30.870955,19.951431,15.381187,6.95219,52.54191,70.71732,0.0,42.54179,30.549494,21.515087,10.7347145,13.518704,0.0,17.31912,23.66134,23.94755,2.1744323,30.20897,12.39692,20.940336,21.722656,0.0,0.0,0.0,28.860395,59.640984,22.251844,21.885777,11.593164,21.937986,18.341488,6.3095126,14.741364,18.493914,13.959473,63.003002,47.25682,19.610868,58.30982,16.22095,15.009492,44.60801,32.73785,13.474085,11.561764,0.0,0.0,18.580008,0.0,31.007635,30.553547,49.347,64.881645,26.096884,26.03665,17.684595,31.42498,23.62228,0.0,12.746786,18.156582,29.554102,42.013252,15.67696,30.871407,19.89554,21.87809,32.392357,18.147604,19.055897,20.357746,28.297834,25.935555,15.736361,4.9579616,6.0862126,14.096905,10.607985,3.7298088,20.781961,39.281025,0.0,41.04603,20.648348,24.822344,33.278645,10.407707,16.641724,16.51614,10.934674,23.55829,43.520264,0.0,0.0,0.0,7.5071006,0.0,44.40496,24.693,20.17649,15.159428,17.996508,20.71905,13.90456,0.0,23.39198,38.86012,27.311377,11.762818,17.12079,6.936112,11.689943,24.475342,19.023672,14.096905,1.5391443,0.0,0.0,0.0,18.344624,37.971096,30.081589,0.0,0.0,5.0556827,44.51066,11.741917,17.996508,27.689943,9.245048,0.0,0.0,5.581509,33.35308,10.686068,25.278244,26.985796
C2x18_C3x18,18.458515,0.0,2.9228604,15.213244,49.472145,35.78804,19.55082,0.0,0.0,11.817884,9.649261,1.2247335,17.099472,0.0,0.0,0.0,27.346006,0.0,11.210199,35.928497,0.0,16.926634,15.196907,0.0,8.145664,9.9093485,18.538692,8.145664,21.020903,29.739824,21.035906,13.156926,36.199196,24.323488,29.749262,21.035906,37.953197,0.0,0.0,18.47847,18.47847,62.722725,21.043917,29.76059,21.394857,30.256897,56.60547,0.0,42.789715,70.69299,17.42735,9.426704,43.865578,12.870664,0.0,18.201868,29.224766,0.0,15.209283,13.232741,14.457954,8.401738,35.222393,38.5769,0.0,16.744646,43.742092,0.0,34.745235,33.66613,27.872934,0.0,0.0,18.983532,0.0,78.0925,0.0,62.8653,40.057507,18.961647,39.963123,0.0,59.34333,45.09873,17.249554,45.638027,34.499107,0.0,0.0,0.0,7.4290915,14.248852,35.17752,35.362015,25.00472,19.028028,43.02885,26.909695,10.556621,18.367458,8.472299,29.147099,30.35347,5.7911363,11.663591,8.9698925,8.863896,14.681729,0.0,8.863896,0.0,0.0,24.341024,0.0,0.0,0.0,24.341024,0.0,0.0,13.074738,41.519306,0.0,58.717167,0.0,29.396778,18.95042,0.0,5.368375,9.238055,29.35584,35.775673,49.02397,36.20349,27.367266,0.0,29.53685,22.327759,0.0,89.96443,0.0,14.8313055,32.553417,6.0051365,6.0051365,38.23436,5.1033053,47.40778,47.627876,57.348854,0.0,0.0,40.216923,0.0,22.601795,22.706726,22.323627,0.0,16.4409,40.64376,0.0,0.0,28.498438,0.0,49.06996,0.0,72.034904,44.30346,33.490265,15.287361,12.756061,0.0,6.005527,11.623135,0.0,0.0,47.412823,8.734024,24.949638,0.0,25.33192,14.720766,39.494984,0.0,0.0,32.349087,0.0,0.0,14.621985,14.511303,28.060278,0.0,0.0,23.778114,54.858128,11.987315,16.716595,52.789764,0.0,14.076187,15.655477,0.0,0.0,0.0,58.347847,10.59573,66.14851,45.18796,0.0,12.706033,32.42715,46.135796,7.996635,24.830744,11.463074,25.127676,26.30992,28.914312,10.926613,0.0,29.171225,13.222737,13.066484,22.203001,40.642895,25.805006,24.837152,0.0,24.543655,0.0,34.220127,0.0,21.641312,35.422035,0.0,31.4983,0.0,14.914037,24.80778,0.0,32.18272,39.07738,30.052488,16.132345,33.97738,42.4334,12.85581,44.686047,27.292128,0.0,17.367155,10.286008,0.0,0.0,15.253584,40.35719,11.9205885,37.549866,18.562521,49.38799,96.8916,29.873484,47.163494,33.485004,25.490955,30.287039,39.868202,16.951843,12.107367,18.107727,5.368375,6.7556314,61.60122,58.90454,48.049652,5.977356,35.512558,33.223923,48.866684,33.916794,147.53008,30.190664,18.765553,37.45982,27.624454,18.92545,13.170036,48.95974,37.905476,15.106051,54.54788,55.912254,13.365774,47.037716,43.271446,49.43627,26.722383,0.0,20.417747,15.196035,5.2736983,0.0,25.99825,22.482824,30.326128,35.913006,15.170072,18.559162,23.824692,18.983532,6.7105436,41.74846,10.036262,19.397316,24.440195,35.895847,25.968618,6.6954336,6.005527,0.0,12.320764,12.952475,0.0,52.342144,0.0,29.24104,18.55429,14.076187,24.341024,18.1353,14.040409,7.458136,0.0,5.0705194,12.941859,13.260317,21.571825,15.788109,0.0,7.1707983,24.153982,0.0,15.13701,21.110958,28.217316,2.5785873,23.326645,0.0,15.455351,6.2128267,6.87172,13.431307,28.16392,13.3850975,24.97717,21.627436,0.0,0.0,29.993752,0.0,0.0,0.0,30.471704,43.321507,0.0,40.027386,30.977777,33.451473,0.0,2.3694801,0.0,0.0,0.0,0.0,2.7796078,21.738878,12.003316,25.659447,29.82881,0.0,0.0,0.0,30.981745,63.172077,25.139486,29.07514,13.363176,26.15071,36.2706,5.2373967,18.552773,30.417368,21.678497,9.834558,25.88597,10.566441,24.765984,11.967648,8.493097,0.0,23.718124,11.463074,21.197218,0.0,0.0,0.0,0.0,46.36795,56.030254,58.873547,70.693375,44.76287,43.864086,34.16642,31.482658,18.573442,0.0,19.854626,28.12938,45.76075,73.20464,21.186453,49.483288,29.832642,42.017296,43.127796,27.06607,16.951843,9.99545,35.840725,33.43319,22.717546,5.977356,8.786264,9.718079,18.994738,6.15734,14.720766,19.788036,0.0,59.13778,16.692724,23.836258,32.478962,16.211235,0.0,0.0,0.0,16.85826,32.629745,0.0,0.0,0.0,15.371709,0.0,0.0,35.0835,35.5359,0.0,26.105099,31.4983,22.967543,0.0,13.627564,37.09158,22.820566,0.0,16.329205,0.0,6.39604,15.411816,16.035347,8.29996,0.0,0.0,0.0,0.0,25.273031,47.785736,28.303635,0.0,0.0,10.35213,58.525333,11.625286,26.105099,43.640156,0.0,0.0,0.0,0.0,43.124466,11.809298,34.372185,18.555656
C30x20_C30x21,0.0,0.0,14.35223,0.0,79.3386,0.0,0.0,0.0,17.943417,37.111256,35.158524,0.0,72.73049,0.0,29.365656,0.0,0.0,0.0,38.801056,0.0,0.0,53.85414,0.0,0.0,0.0,37.18819,0.0,0.0,64.411835,0.0,0.0,21.374628,0.0,0.0,0.0,41.881676,0.0,110.88694,35.088,0.0,60.774197,37.599545,0.0,0.0,35.36915,21.708109,0.0,51.25115,42.5351,41.038963,0.0,0.0,0.0,45.040787,0.0,0.0,0.0,37.625504,20.57344,0.0,0.0,0.0,24.963676,0.0,0.0,0.0,29.857613,0.0,0.0,45.438583,0.0,0.0,0.0,0.0,0.0,0.0,0.0,0.0,0.0,0.0,0.0,0.0,64.909836,0.0,0.0,0.0,0.0,34.689068,0.0,24.528875,0.0,63.45026,0.0,0.0,0.0,9.425943,0.0,18.469292,0.0,0.0,36.22656,68.98494,87.54129,0.0,9.604915,0.0,0.0,12.598396,0.0,0.0,0.0,0.0,43.54192,0.0,0.0,16.263302,0.0,61.57757,57.61395,0.0,0.0,0.0,34.474304,0.0,77.086876,0.0,0.0,50.446438,0.0,0.0,0.0,114.96767,0.0,46.007366,0.0,0.0,9.511007,0.0,140.31288,0.0,23.122824,0.0,0.0,0.0,0.0,0.0,0.0,0.0,48.24586,0.0,0.0,83.83892,16.23963,19.05605,0.0,0.0,0.0,58.5519,136.40175,24.695961,24.695961,0.0,0.0,87.93359,0.0,67.99651,0.0,51.806274,0.0,53.947216,35.279816,26.784107,0.0,17.84713,53.149277,0.0,0.0,0.0,0.0,0.0,57.179955,0.0,0.0,0.0,0.0,135.62326,0.0,104.83575,0.0,0.0,0.0,0.0,16.353106,144.88373,19.886702,50.89287,0.0,0.0,32.49132,0.0,0.0,0.0,0.0,0.0,0.0,0.0,0.0,0.0,0.0,20.230522,52.807888,0.0,0.0,29.836584,0.0,0.0,0.0,19.498064,0.0,0.0,0.0,0.0,0.0,43.716087,0.0,0.0,0.0,0.0,0.0,50.529655,22.101074,0.0,83.493126,0.0,0.0,0.0,25.983864,0.0,0.0,0.0,44.686016,0.0,12.875944,0.0,74.3188,0.0,36.404118,0.0,0.0,90.89679,0.0,0.0,24.000273,19.811218,0.0,0.0,0.0,0.0,25.166624,0.0,0.0,0.0,63.567028,46.450367,15.358318,23.184437,108.31212,7.008737,70.034836,50.446438,63.767567,34.08657,102.42,50.613377,50.145668,56.962254,54.129925,62.963776,29.836584,74.879105,61.767757,34.566376,0.0,0.0,0.0,94.65065,52.405987,179.76476,137.15546,73.31563,108.862564,107.85658,89.839005,135.4266,42.1416,23.385878,15.371502,0.0,0.0,0.0,0.0,0.0,0.0,0.0,0.0,0.0,0.0,0.0,0.0,0.0,0.0,0.0,0.0,0.0,0.0,0.0,0.0,0.0,0.0,0.0,32.949024,0.0,29.98153,47.026394,0.0,0.0,0.0,0.0,0.0,0.0,26.985853,0.0,79.43322,0.0,0.0,12.5298395,4.253452,19.08188,27.655102,14.249631,42.915325,52.599083,28.901459,41.029133,23.91155,40.443237,20.17415,43.749073,7.55939,0.0,0.0,0.0,23.82319,65.66847,40.814983,32.49132,51.15388,43.642555,40.03183,40.492085,30.547165,20.444904,83.71633,45.37228,72.90172,49.592472,80.55679,34.94265,0.0,0.0,0.0,0.0,0.0,0.0,57.03286,42.32348,62.04693,0.0,0.0,0.0,0.0,0.0,113.3296,0.0,0.0,0.0,0.0,0.0,0.0,0.0,0.0,0.0,0.0,0.0,0.0,0.0,0.0,0.0,0.0,0.0,0.0,0.0,0.0,0.0,0.0,21.702318,24.681084,74.33152,50.058792,71.06454,33.86052,75.77561,0.0,0.0,0.0,32.49132,0.0,0.0,21.702318,0.0,33.955257,70.04974,33.86052,0.0,43.183716,49.046318,83.80379,0.0,0.0,73.98919,25.229261,36.374767,14.81195,0.0,0.0,60.539192,59.26453,0.0,0.0,11.987373,25.404593,5.8864503,15.617543,0.0,0.0,24.01458,0.0,0.0,0.0,0.0,39.669525,45.03158,0.0,0.0,64.98841,0.0,0.0,0.0,37.89063,42.028515,0.0,22.101074,0.0,0.0,0.0,0.0,72.64277,0.0,52.103203,0.0,0.0,16.856703,0.0,24.000273,0.0,0.0,59.467346,138.15526,0.0,0.0,0.0,32.725216,110.058395,0.0,0.0,0.0,0.0,0.0,0.0,0.0,0.0,7.4186077,81.55256,0.0
C30x21_C30x22,27.60534,0.0,71.2225,0.0,41.790775,0.0,0.0,0.0,14.706749,47.784046,30.373323,0.0,80.5758,0.0,9.668475,0.0,0.0,65.519936,61.990234,0.0,0.0,40.50586,0.0,0.0,0.0,26.912455,0.0,0.0,46.61374,0.0,0.0,0.0,0.0,0.0,0.0,30.157423,22.299194,50.02644,0.0,0.0,0.0,64.247215,0.0,0.0,0.0,22.628338,0.0,40.889828,39.193428,37.940315,0.0,25.632475,0.0,0.0,0.0,51.28031,0.0,45.620342,11.267413,0.0,38.90758,25.850546,33.247753,0.0,0.0,0.0,38.261192,0.0,0.0,0.0,0.0,24.459286,0.0,0.0,0.0,31.25298,0.0,56.139355,0.0,53.584183,0.0,0.0,44.451363,0.0,17.758797,0.0,30.75914,29.471811,0.0,20.839718,0.0,52.417526,0.0,0.0,0.0,24.620598,0.0,42.644123,0.0,0.0,0.0,60.39819,82.87411,0.0,0.0,0.0,0.0,0.0,0.0,0.0,0.0,0.0,0.0,0.0,22.969673,20.419971,0.0,20.419971,59.402462,0.0,0.0,0.0,20.295473,0.0,55.69484,0.0,0.0,0.0,0.0,0.0,0.0,119.33247,0.0,60.18008,0.0,0.0,35.108616,0.0,142.57915,0.0,0.0,0.0,0.0,0.0,0.0,0.0,0.0,0.0,29.896236,0.0,0.0,35.873127,0.0,41.22246,65.57656,0.0,0.0,46.339603,83.736534,26.567284,17.651543,0.0,0.0,86.318184,0.0,38.42597,0.0,41.72478,0.0,20.04173,39.15696,0.0,0.0,26.707994,0.0,0.0,0.0,0.0,0.0,0.0,0.0,0.0,0.0,0.0,0.0,92.46348,0.0,124.92318,0.0,0.0,0.0,0.0,0.0,129.31718,0.0,0.0,0.0,0.0,0.0,0.0,0.0,0.0,23.521297,0.0,0.0,31.25647,0.0,0.0,0.0,10.202664,66.61775,0.0,0.0,0.0,0.0,0.0,0.0,0.0,0.0,0.0,0.0,0.0,0.0,52.801617,0.0,0.0,0.0,0.0,0.0,15.658893,19.56441,0.0,68.10092,0.0,0.0,0.0,0.0,0.0,0.0,0.0,15.294813,0.0,0.0,0.0,29.47097,0.0,29.994425,0.0,0.0,103.60712,0.0,0.0,10.808621,0.0,0.0,0.0,10.191433,0.0,22.739485,37.558548,0.0,0.0,90.80849,68.1133,17.933403,33.9969,124.590195,0.0,39.28397,67.77841,97.893875,47.190533,91.50058,65.42442,62.016705,76.090065,54.724983,92.32802,50.72656,37.85858,40.667503,29.367573,0.0,0.0,0.0,46.36963,25.916498,206.44643,162.21053,78.19489,110.258,102.76192,96.29228,152.98788,68.01108,0.0,20.077877,0.0,0.0,0.0,0.0,0.0,0.0,0.0,0.0,0.0,0.0,0.0,0.0,0.0,0.0,0.0,0.0,0.0,0.0,0.0,0.0,0.0,0.0,0.0,25.146387,0.0,28.61117,22.32266,0.0,0.0,0.0,0.0,0.0,0.0,40.02863,0.0,0.0,0.0,34.173157,12.069469,12.793752,22.15175,14.78339,18.795723,43.440094,46.1554,0.0,29.621334,28.117393,34.4336,11.775607,19.30192,14.780141,9.941891,0.0,0.0,0.0,36.058563,0.0,37.793495,12.828563,66.081726,55.505024,19.863329,25.952854,0.0,40.036785,18.177998,46.087788,24.32751,49.596066,20.39595,0.0,0.0,0.0,0.0,0.0,19.716288,39.730846,37.900574,88.7766,64.55287,13.845236,45.820465,22.067219,105.83698,96.50142,0.0,0.0,0.0,0.0,0.0,0.0,0.0,0.0,0.0,0.0,0.0,0.0,0.0,0.0,0.0,0.0,0.0,0.0,0.0,0.0,0.0,97.025696,34.26809,53.365513,123.33673,0.0,84.102,81.299576,54.80273,0.0,0.0,0.0,0.0,39.532925,59.189636,20.904934,33.97166,28.848366,59.64075,49.596066,35.407673,39.230686,33.669735,81.20881,43.373524,0.0,54.582752,5.3573513,40.422947,25.599957,17.21986,27.954002,36.282078,53.96782,37.082233,0.0,35.665413,21.583729,25.553787,0.0,0.0,45.228153,38.282513,0.0,0.0,0.0,43.524384,41.343464,15.658893,0.0,0.0,69.43079,72.73854,66.0677,0.0,20.33237,34.21461,0.0,19.56441,37.481113,0.0,0.0,0.0,29.231361,0.0,44.266853,8.340356,0.0,0.0,0.0,10.808621,0.0,0.0,139.00829,127.65836,40.048817,0.0,0.0,0.0,101.04639,0.0,0.0,0.0,0.0,0.0,0.0,0.0,0.0,0.0,54.62027,29.212513
C3x13_C3x14,0.0,0.0,0.0,0.0,296.42114,0.0,314.1902,0.0,0.0,0.0,0.0,0.0,110.736786,0.0,153.73976,0.0,95.767876,85.9304,0.0,0.0,0.0,0.0,0.0,0.0,0.0,0.0,0.0,0.0,0.0,0.0,196.69379,0.0,0.0,0.0,0.0,0.0,0.0,87.99683,0.0,0.0,0.0,55.930485,0.0,0.0,0.0,0.0,0.0,0.0,0.0,55.930485,0.0,0.0,0.0,0.0,0.0,0.0,0.0,0.0,0.0,0.0,0.0,0.0,0.0,0.0,0.0,0.0,0.0,0.0,0.0,0.0,0.0,0.0,0.0,0.0,0.0,344.0399,41.475075,122.974724,84.669365,0.0,0.0,0.0,0.0,0.0,0.0,0.0,0.0,0.0,26.242302,0.0,0.0,160.84406,0.0,0.0,79.663185,0.0,0.0,0.0,0.0,0.0,0.0,0.0,35.956882,0.0,0.0,0.0,102.81499,185.70493,0.0,0.0,0.0,0.0,0.0,0.0,46.72747,0.0,0.0,0.0,0.0,0.0,0.0,0.0,0.0,0.0,0.0,0.0,0.0,0.0,0.0,0.0,0.0,203.90129,0.0,0.0,0.0,0.0,0.0,0.0,150.61153,0.0,0.0,0.0,0.0,0.0,0.0,0.0,0.0,0.0,109.4158,0.0,0.0,0.0,0.0,0.0,27.059061,0.0,0.0,0.0,0.0,0.0,0.0,0.0,0.0,0.0,82.758446,0.0,0.0,0.0,0.0,0.0,0.0,0.0,0.0,0.0,0.0,0.0,0.0,0.0,0.0,0.0,97.472694,0.0,0.0,0.0,0.0,45.571465,0.0,153.46591,0.0,60.507904,0.0,0.0,0.0,144.90387,0.0,0.0,0.0,81.03459,0.0,0.0,102.09118,0.0,86.111916,0.0,0.0,0.0,0.0,0.0,0.0,0.0,0.0,0.0,0.0,0.0,0.0,0.0,0.0,0.0,0.0,0.0,0.0,0.0,0.0,169.09436,0.0,0.0,91.934395,0.0,0.0,87.48795,0.0,0.0,106.0665,0.0,0.0,0.0,0.0,0.0,0.0,0.0,0.0,0.0,0.0,0.0,84.24887,0.0,0.0,0.0,0.0,0.0,0.0,0.0,0.0,0.0,0.0,0.0,104.45374,0.0,239.13542,144.11186,170.6236,65.52126,0.0,135.69986,150.37364,165.18085,98.25904,155.24605,0.0,127.162926,0.0,0.0,0.0,0.0,0.0,27.693806,106.30496,196.82782,128.09523,192.35524,0.0,0.0,0.0,0.0,0.0,0.0,184.57635,0.0,0.0,0.0,0.0,0.0,0.0,0.0,0.0,116.91787,0.0,0.0,0.0,0.0,0.0,0.0,0.0,0.0,0.0,0.0,0.0,0.0,0.0,0.0,0.0,0.0,0.0,0.0,0.0,0.0,0.0,0.0,0.0,0.0,0.0,0.0,98.76088,0.0,0.0,0.0,0.0,0.0,0.0,0.0,0.0,0.0,0.0,116.94047,0.0,0.0,0.0,0.0,0.0,0.0,0.0,0.0,0.0,0.0,0.0,0.0,0.0,0.0,0.0,0.0,0.0,0.0,0.0,0.0,96.78233,71.57591,119.77758,162.61484,133.48734,0.0,0.0,119.92758,144.93427,0.0,0.0,0.0,0.0,0.0,0.0,0.0,0.0,0.0,0.0,0.0,0.0,0.0,0.0,0.0,0.0,0.0,0.0,0.0,117.13086,0.0,0.0,0.0,0.0,0.0,0.0,0.0,0.0,0.0,0.0,0.0,0.0,0.0,0.0,0.0,0.0,0.0,0.0,0.0,0.0,0.0,0.0,106.46137,122.78789,0.0,75.857864,144.21933,20.756357,57.786285,96.006676,80.56997,0.0,0.0,119.92587,0.0,0.0,0.0,0.0,0.0,0.0,0.0,0.0,50.175167,0.0,0.0,0.0,0.0,0.0,0.0,0.0,0.0,0.0,0.0,0.0,0.0,0.0,0.0,0.0,0.0,0.0,0.0,0.0,0.0,85.432465,0.0,0.0,0.0,0.0,0.0,0.0,0.0,147.90712,85.432465,42.810745,0.0,0.0,0.0,86.7683,26.892925,129.01366,87.48795,0.0,0.0,0.0,0.0,0.0,0.0,0.0,0.0,0.0,0.0,0.0,0.0,0.0,0.0,0.0,0.0,46.03405,0.0,0.0,0.0,0.0,0.0,0.0,0.0,0.0,0.0,0.0,0.0,129.01366,0.0
C3x13_C4x13,0.0,0.0,0.0,0.0,319.0826,0.0,260.0491,0.0,0.0,0.0,0.0,0.0,210.05434,0.0,136.3839,0.0,89.112,94.37634,0.0,0.0,0.0,0.0,0.0,81.49973,0.0,0.0,0.0,0.0,0.0,0.0,184.5282,0.0,0.0,0.0,0.0,0.0,0.0,154.63304,0.0,0.0,0.0,51.171684,0.0,0.0,0.0,0.0,0.0,0.0,0.0,51.171684,0.0,0.0,0.0,0.0,0.0,0.0,0.0,0.0,106.68182,0.0,0.0,0.0,0.0,0.0,82.523056,0.0,0.0,0.0,0.0,0.0,0.0,0.0,0.0,0.0,0.0,427.00632,0.0,163.99408,0.0,0.0,0.0,0.0,0.0,0.0,0.0,0.0,0.0,0.0,75.64274,0.0,0.0,174.42111,0.0,0.0,0.0,0.0,0.0,0.0,0.0,0.0,0.0,0.0,24.101633,0.0,0.0,0.0,0.0,0.0,0.0,0.0,0.0,0.0,0.0,0.0,64.48504,0.0,0.0,0.0,0.0,0.0,0.0,0.0,0.0,0.0,0.0,0.0,0.0,0.0,0.0,0.0,0.0,101.66512,0.0,0.0,0.0,0.0,0.0,0.0,158.70882,0.0,0.0,0.0,0.0,0.0,0.0,0.0,0.0,89.64804,77.85608,52.69117,0.0,0.0,0.0,0.0,63.49809,0.0,0.0,0.0,0.0,0.0,0.0,0.0,0.0,0.0,0.0,122.40586,0.0,0.0,0.0,0.0,0.0,0.0,0.0,0.0,0.0,0.0,0.0,0.0,0.0,0.0,42.76635,0.0,0.0,0.0,0.0,134.11888,0.0,110.33132,0.0,96.95383,0.0,0.0,0.0,151.02092,0.0,0.0,0.0,0.0,0.0,0.0,81.6432,0.0,132.506,0.0,0.0,0.0,0.0,0.0,0.0,0.0,0.0,0.0,0.0,0.0,0.0,0.0,0.0,0.0,0.0,0.0,0.0,0.0,0.0,0.0,0.0,0.0,38.834644,0.0,0.0,0.0,0.0,0.0,0.0,0.0,0.0,0.0,0.0,0.0,0.0,0.0,0.0,0.0,0.0,0.0,127.134995,0.0,64.11117,0.0,0.0,0.0,0.0,0.0,0.0,0.0,0.0,0.0,0.0,0.0,240.20364,97.206604,160.73322,90.94176,75.650635,131.9553,157.7461,126.80057,68.54327,136.42998,94.73639,87.02565,73.5153,86.32961,20.153643,84.98337,36.62438,80.364525,110.64824,156.14336,105.82008,155.71216,0.0,0.0,0.0,0.0,0.0,0.0,0.0,0.0,0.0,0.0,0.0,0.0,0.0,0.0,0.0,0.0,25.152874,0.0,0.0,0.0,0.0,0.0,0.0,0.0,0.0,0.0,0.0,0.0,0.0,0.0,0.0,0.0,0.0,0.0,0.0,0.0,0.0,0.0,0.0,0.0,0.0,0.0,101.31624,65.40579,0.0,0.0,0.0,0.0,0.0,0.0,0.0,0.0,94.73639,123.07282,0.0,0.0,0.0,0.0,0.0,0.0,0.0,0.0,0.0,0.0,0.0,0.0,0.0,0.0,0.0,0.0,0.0,0.0,0.0,0.0,0.0,128.58083,203.5666,229.7063,193.93579,52.69117,0.0,221.7452,275.9416,0.0,0.0,0.0,0.0,0.0,0.0,0.0,0.0,0.0,0.0,0.0,0.0,0.0,0.0,0.0,0.0,0.0,0.0,75.650635,7.143368,0.0,0.0,0.0,0.0,0.0,0.0,0.0,0.0,0.0,0.0,0.0,0.0,0.0,0.0,0.0,0.0,0.0,0.0,0.0,0.0,0.0,75.650635,27.787022,109.81781,118.45983,0.0,0.0,80.364525,108.50733,4.019891,0.0,0.0,0.0,149.65219,0.0,0.0,0.0,0.0,0.0,0.0,0.0,0.0,0.0,0.0,0.0,0.0,0.0,0.0,0.0,0.0,0.0,0.0,0.0,0.0,0.0,0.0,0.0,0.0,0.0,0.0,0.0,0.0,0.0,85.6508,0.0,0.0,0.0,0.0,0.0,0.0,0.0,156.3458,85.6508,95.53149,0.0,17.67744,0.0,38.80508,0.0,111.95315,0.0,0.0,0.0,0.0,0.0,0.0,0.0,0.0,0.0,0.0,0.0,0.0,0.0,0.0,0.0,0.0,0.0,48.448074,0.0,0.0,0.0,0.0,0.0,0.0,0.0,0.0,0.0,0.0,0.0,111.95315,0.0
C3x14_C3x15,0.0,0.0,19.678072,0.0,73.13852,0.0,109.68719,0.0,41.161655,38.571785,93.213196,0.0,55.49432,0.0,42.10429,0.0,76.88864,61.536892,0.0,77.64107,0.0,36.653282,0.0,0.0,0.0,0.0,0.0,0.0,0.0,0.0,0.0,0.0,0.0,0.0,0.0,0.0,0.0,16.2216,0.0,37.69404,0.0,94.15877,0.0,0.0,0.0,0.0,0.0,0.0,0.0,94.15877,0.0,0.0,0.0,0.0,0.0,131.20363,0.0,0.0,23.72347,0.0,0.0,0.0,69.00823,0.0,0.0,0.0,0.0,0.0,32.745403,41.45207,0.0,63.79443,64.607414,0.0,0.0,167.23718,82.63574,56.4076,67.05292,0.0,0.0,0.0,0.0,0.0,0.0,0.0,0.0,72.68949,62.85536,0.0,0.0,68.115906,0.0,0.0,0.0,0.0,0.0,0.0,0.0,0.0,0.0,0.0,70.11338,0.0,0.0,0.0,68.84145,118.349884,0.0,0.0,0.0,0.0,0.0,0.0,9.515685,0.0,0.0,0.0,0.0,0.0,97.23794,57.84165,0.0,0.0,81.80044,0.0,0.0,0.0,0.0,0.0,0.0,129.12706,0.0,0.0,0.0,0.0,61.888363,0.0,23.444561,0.0,0.0,0.0,0.0,0.0,0.0,0.0,0.0,0.0,22.767002,0.0,0.0,0.0,0.0,0.0,70.0501,0.0,0.0,0.0,0.0,0.0,0.0,0.0,0.0,52.731236,32.582123,56.178272,0.0,0.0,0.0,0.0,20.843756,0.0,0.0,0.0,0.0,0.0,0.0,0.0,0.0,0.0,160.03079,0.0,0.0,21.097025,0.0,31.014477,0.0,49.6771,0.0,53.84837,0.0,0.0,0.0,104.858574,0.0,0.0,0.0,0.0,0.0,0.0,75.216064,36.892735,44.91075,0.0,0.0,0.0,0.0,0.0,0.0,0.0,0.0,0.0,0.0,0.0,0.0,0.0,0.0,0.0,0.0,0.0,0.0,0.0,0.0,149.55719,0.0,0.0,53.24821,0.0,0.0,46.678932,0.0,0.0,124.97262,0.0,0.0,0.0,0.0,0.0,0.0,0.0,0.0,0.0,0.0,0.0,35.63429,0.0,7.007714,0.0,0.0,53.369534,0.0,0.0,38.953056,0.0,0.0,0.0,70.38425,0.0,81.61329,53.626366,59.383064,40.60798,76.42747,41.372265,126.58922,0.0,89.97526,98.938416,90.77189,128.79869,61.947014,70.29949,36.12377,61.065662,51.51811,47.601345,64.6076,124.64756,0.0,51.202396,57.18985,36.011925,113.78268,0.0,0.0,0.0,177.9085,26.188957,0.0,38.945053,25.676321,0.0,58.886383,52.356567,0.0,67.61115,0.0,57.330494,46.60768,44.584995,33.7172,21.184755,25.917326,39.886196,22.754658,27.701118,31.588034,54.9513,59.780518,40.950104,27.53436,46.896748,20.39126,35.87818,22.87731,43.968887,0.0,0.0,0.0,0.0,0.0,0.0,65.26937,39.449463,0.0,0.0,0.0,0.0,0.0,0.0,0.0,0.0,81.227554,3.746002,0.0,0.0,0.0,0.0,0.0,0.0,0.0,0.0,0.0,0.0,0.0,0.0,0.0,0.0,0.0,0.0,0.0,0.0,0.0,0.0,66.524155,28.700819,56.849453,84.3346,66.43655,0.0,0.0,205.42711,262.6923,0.0,0.0,0.0,0.0,0.0,0.0,0.0,46.60768,54.07774,29.78685,0.0,152.70866,0.0,54.98927,66.53998,0.0,0.0,0.0,57.281967,0.0,0.0,0.0,0.0,0.0,0.0,0.0,0.0,0.0,0.0,0.0,0.0,0.0,0.0,0.0,0.0,0.0,0.0,0.0,0.0,0.0,0.0,57.281967,22.010548,60.01674,37.509926,102.412346,70.4108,35.67695,77.571556,0.0,56.842377,0.0,0.0,0.0,0.0,0.0,0.0,0.0,0.0,0.0,0.0,0.0,103.77923,0.0,0.0,0.0,0.0,0.0,0.0,0.0,0.0,0.0,0.0,0.0,0.0,0.0,0.0,0.0,0.0,0.0,0.0,0.0,0.0,47.362667,33.70773,107.34768,0.0,49.172054,71.34621,0.0,0.0,116.15628,47.362667,0.0,0.0,51.201305,31.441238,0.0,88.694626,68.29339,51.0923,0.0,0.0,41.215885,31.097036,27.437527,0.0,0.0,0.0,0.0,0.0,0.0,29.376587,0.0,67.85361,17.709993,0.0,15.506915,0.0,0.0,0.0,0.0,0.0,0.0,0.0,0.0,0.0,0.0,0.0,42.091187,0.0
C3x14_C4x14,0.0,0.0,0.0,0.0,172.88005,0.0,111.61966,0.0,0.0,0.0,118.12306,0.0,98.174965,0.0,100.33581,0.0,90.270256,72.70375,0.0,87.74983,0.0,0.0,0.0,0.0,0.0,0.0,0.0,0.0,0.0,0.0,104.109726,0.0,0.0,0.0,0.0,0.0,98.504234,69.85591,0.0,38.20561,0.0,0.0,0.0,0.0,0.0,0.0,0.0,0.0,0.0,0.0,0.0,0.0,0.0,0.0,0.0,107.32515,0.0,0.0,0.0,0.0,0.0,0.0,0.0,0.0,0.0,0.0,0.0,0.0,57.499733,0.0,0.0,0.0,61.062775,0.0,0.0,335.7183,35.691063,68.72323,65.705475,0.0,0.0,0.0,0.0,0.0,0.0,0.0,0.0,0.0,90.96914,0.0,0.0,144.51576,0.0,0.0,0.0,0.0,0.0,0.0,0.0,0.0,0.0,0.0,62.80086,0.0,0.0,0.0,71.786095,129.66039,0.0,0.0,0.0,0.0,0.0,0.0,0.0,0.0,0.0,0.0,0.0,0.0,119.69907,0.0,29.278288,0.0,0.0,0.0,0.0,0.0,0.0,0.0,0.0,138.43918,0.0,0.0,0.0,0.0,0.0,0.0,84.360374,0.0,0.0,0.0,0.0,0.0,0.0,0.0,0.0,67.0409,61.727486,0.0,0.0,0.0,0.0,0.0,53.546738,24.538416,0.0,0.0,0.0,0.0,0.0,0.0,0.0,72.24502,24.060287,49.5357,0.0,0.0,0.0,0.0,0.0,0.0,0.0,0.0,0.0,0.0,0.0,0.0,0.0,0.0,52.8825,0.0,0.0,0.0,0.0,33.457123,0.0,45.945694,0.0,83.889305,0.0,0.0,0.0,94.85094,0.0,0.0,0.0,0.0,0.0,0.0,92.83837,0.0,86.62593,0.0,0.0,0.0,0.0,0.0,0.0,0.0,0.0,0.0,0.0,0.0,0.0,0.0,0.0,0.0,0.0,0.0,0.0,0.0,0.0,42.64325,0.0,0.0,34.8743,0.0,0.0,37.63983,0.0,0.0,186.57579,0.0,0.0,0.0,0.0,0.0,0.0,0.0,0.0,0.0,0.0,0.0,46.23959,0.0,0.0,0.0,0.0,41.4832,0.0,0.0,0.0,0.0,0.0,0.0,0.0,0.0,127.231445,65.34262,76.11298,58.448208,70.05776,114.33719,111.77859,80.123924,69.48659,81.240555,93.14202,99.32289,49.3571,92.22842,17.437943,69.51326,30.012848,34.334312,106.02713,110.38963,70.691086,103.89371,62.310772,35.98599,48.816708,0.0,0.0,0.0,110.763145,44.68889,0.0,0.0,0.0,0.0,68.18919,70.99485,0.0,44.66875,0.0,68.05118,57.13651,48.596897,36.355007,17.6086,18.967058,40.878357,24.886602,31.717653,38.187077,75.68056,60.31998,50.9839,24.930912,41.687626,0.0,37.22459,23.43061,45.563877,0.0,0.0,0.0,0.0,0.0,0.0,67.24945,41.114494,0.0,0.0,0.0,0.0,0.0,0.0,0.0,0.0,93.14202,65.6926,0.0,0.0,0.0,0.0,0.0,0.0,0.0,0.0,0.0,0.0,0.0,0.0,0.0,0.0,0.0,0.0,0.0,0.0,68.726395,0.0,0.0,63.97323,127.37909,154.64484,129.18138,0.0,0.0,222.90558,369.1128,0.0,0.0,0.0,0.0,0.0,0.0,0.0,0.0,0.0,0.0,0.0,166.38258,42.267002,56.333405,56.433704,0.0,0.0,0.0,70.05776,33.25581,0.0,0.0,0.0,0.0,0.0,0.0,0.0,0.0,0.0,0.0,0.0,0.0,0.0,0.0,0.0,0.0,0.0,0.0,0.0,0.0,0.0,70.05776,0.0,63.14845,40.464146,40.07143,9.550682,18.712955,84.209526,2.0479152,49.406433,8.613376,0.0,99.97229,0.0,0.0,0.0,0.0,0.0,0.0,0.0,0.0,84.371124,0.0,0.0,0.0,0.0,0.0,0.0,0.0,0.0,0.0,0.0,0.0,0.0,0.0,0.0,0.0,0.0,0.0,0.0,0.0,0.0,57.926125,0.0,75.90492,0.0,0.0,0.0,0.0,0.0,130.65552,57.926125,1.6932855,0.0,15.295406,34.966595,41.73424,21.091717,74.40855,55.667233,0.0,0.0,0.0,0.0,0.0,0.0,0.0,0.0,0.0,0.0,0.0,0.0,0.0,24.411554,0.0,0.0,28.363758,0.0,0.0,0.0,0.0,0.0,0.0,0.0,0.0,0.0,0.0,0.0,23.933273,0.0
C3x15_C3x16,57.374672,0.0,57.15573,0.0,39.583614,0.0,60.39907,0.0,41.297024,51.60611,93.51975,0.0,30.444887,0.0,0.0,0.0,48.934372,48.224445,30.221617,61.645092,0.0,32.285107,0.0,11.260872,0.0,0.0,0.0,0.0,0.0,0.0,32.196987,0.0,0.0,42.10945,78.86619,0.0,41.10978,0.0,0.0,30.220304,0.0,47.287384,0.0,105.46581,0.0,0.0,0.0,0.0,0.0,87.55878,33.765793,0.0,0.0,0.0,0.0,52.948616,0.0,0.0,28.484896,0.0,26.10436,34.141094,36.243053,0.0,30.434742,0.0,0.0,0.0,47.20881,39.660923,0.0,25.55971,25.885435,0.0,0.0,109.41995,0.0,6.845244,49.979145,0.0,0.0,0.0,30.321417,30.321417,0.0,0.0,0.0,37.354702,35.518,0.0,0.0,48.930576,26.713114,50.030605,20.42491,0.0,0.0,0.0,0.0,0.0,0.0,30.094305,70.36004,27.51485,38.911877,0.0,43.710014,127.20799,0.0,38.911877,0.0,0.0,0.0,0.0,0.0,0.0,0.0,0.0,17.409363,0.0,50.534187,39.393394,45.793365,0.0,55.71067,0.0,70.26543,0.0,0.0,0.0,56.05816,131.06316,0.0,0.0,113.40272,0.0,0.0,17.812918,42.792866,0.0,0.0,0.0,0.0,0.0,0.0,0.0,0.0,18.130358,17.707188,0.0,0.0,0.0,0.0,33.514496,56.557743,19.43717,0.0,0.0,27.341738,0.0,0.0,0.0,0.0,108.575294,69.62881,69.16302,0.0,0.0,0.0,0.0,34.4152,0.0,0.0,0.0,0.0,0.0,0.0,0.0,0.0,0.0,141.72823,0.0,0.0,10.16378,0.0,0.0,0.0,27.656649,0.0,56.229275,0.0,0.0,0.0,106.43495,0.0,0.0,0.0,0.0,0.0,0.0,22.05752,24.198599,0.0,0.0,0.0,29.136782,0.0,0.0,0.0,79.43984,58.408714,0.0,11.039088,0.0,0.0,0.0,0.0,0.0,40.007374,0.0,0.0,9.935689,0.0,163.07149,72.552315,0.0,38.13273,32.503376,0.0,17.249018,52.637524,0.0,146.94139,0.0,0.0,0.0,0.0,0.0,0.0,0.0,11.654304,0.0,8.910909,0.0,72.20695,0.0,0.0,0.0,0.0,53.557293,0.0,22.907454,0.0,0.0,0.0,0.0,57.726517,0.0,119.90553,73.5556,42.211563,24.467321,40.869118,41.354485,71.1122,15.518531,48.99883,47.657124,48.38828,71.30588,33.373474,37.136,20.21315,32.716747,28.055788,25.922794,51.573338,68.656944,13.520068,39.51619,31.02701,21.853848,54.554462,0.0,0.0,0.0,66.464584,73.03064,49.741722,55.34961,48.7629,41.81594,76.867836,102.330215,53.28617,69.42793,0.0,52.19291,58.4636,0.0,49.74618,0.0,16.434526,4.8403187,40.516476,0.0,47.05659,84.78601,50.875137,54.87228,41.087757,55.71413,43.559288,61.137463,0.0,41.80642,0.0,0.0,0.0,0.0,0.0,0.0,27.019928,52.39207,0.0,0.0,0.0,0.0,0.0,0.0,0.0,0.0,95.7717,5.387151,0.0,0.0,0.0,0.0,0.0,0.0,0.0,0.0,0.0,0.0,0.0,0.0,0.0,0.0,0.0,0.0,0.0,0.0,0.0,0.0,31.362995,0.0,39.656433,70.83821,58.73714,0.0,0.0,125.74087,135.4961,0.0,0.0,0.0,14.966532,15.9010935,0.0,0.0,50.58245,45.601486,30.625732,0.0,79.97482,35.434143,35.5389,46.0069,0.0,0.0,0.0,39.313503,22.295837,0.0,0.0,0.0,0.0,0.0,0.0,0.0,0.0,0.0,18.60841,34.934887,94.306564,0.0,39.59386,41.945515,87.4702,0.0,0.0,0.0,0.0,0.0,28.021696,10.965392,37.614834,18.686996,51.078476,49.140965,17.77383,40.340366,9.269964,42.1524,26.509478,0.0,0.0,0.0,0.0,0.0,0.0,0.0,0.0,0.0,0.0,55.46084,0.0,0.0,0.0,0.0,0.0,0.0,0.0,0.0,0.0,0.0,0.0,62.334057,0.0,42.754536,0.0,39.568684,50.736538,0.0,0.0,0.0,0.0,0.0,85.62097,0.0,0.0,79.23419,0.0,0.0,82.59183,0.0,0.0,46.34058,24.95123,37.33934,0.0,0.0,35.765823,56.741028,35.544434,0.0,43.66312,27.4364,39.37179,0.0,22.983358,33.02432,0.0,0.0,0.0,49.677937,0.0,0.0,38.745792,0.0,22.405397,0.0,0.0,0.0,0.0,0.0,0.0,0.0,0.0,0.0,16.50397,0.0,27.545828,0.0
C3x15_C4x15,0.0,0.0,49.95162,0.0,54.847706,0.0,92.59156,0.0,48.84038,45.767372,195.9972,0.0,0.0,0.0,34.844566,0.0,39.093643,51.20509,0.0,42.341953,0.0,39.66629,0.0,18.124737,0.0,0.0,0.0,0.0,0.0,0.0,0.0,0.0,0.0,0.0,0.0,0.0,0.0,27.644318,0.0,20.329615,0.0,62.14863,0.0,0.0,0.0,0.0,0.0,0.0,0.0,0.0,0.0,0.0,0.0,0.0,0.0,130.46852,0.0,0.0,38.497784,0.0,0.0,0.0,61.68695,0.0,38.193756,0.0,0.0,0.0,96.90617,37.18317,0.0,51.180504,61.05181,0.0,0.0,167.65903,81.393425,39.328182,46.75025,0.0,0.0,0.0,0.0,0.0,0.0,0.0,0.0,69.43673,66.02258,0.0,0.0,65.0678,0.0,0.0,0.0,0.0,0.0,0.0,0.0,0.0,0.0,0.0,87.442154,0.0,0.0,0.0,42.00277,61.200996,0.0,0.0,0.0,0.0,0.0,0.0,0.0,0.0,0.0,0.0,13.844362,0.0,126.61575,75.31694,0.0,0.0,106.51424,0.0,0.0,0.0,0.0,0.0,0.0,164.20918,0.0,0.0,0.0,0.0,60.535004,12.75221,37.287724,0.0,0.0,0.0,0.0,0.0,0.0,0.0,0.0,32.450882,17.535475,0.0,0.0,0.0,0.0,28.655823,54.763744,40.761475,0.0,0.0,43.907734,0.0,0.0,0.0,0.0,92.21223,63.506767,50.802864,0.0,0.0,0.0,0.0,32.700695,0.0,0.0,0.0,0.0,0.0,0.0,0.0,0.0,0.0,167.79317,0.0,0.0,38.564594,0.0,29.22281,0.0,0.0,0.0,46.80901,0.0,0.0,0.0,123.08657,0.0,0.0,0.0,0.0,0.0,0.0,79.84695,39.73068,27.676886,0.0,0.0,0.0,0.0,0.0,0.0,0.0,0.0,0.0,0.0,0.0,0.0,0.0,0.0,0.0,0.0,0.0,0.0,0.0,0.0,71.657845,106.98438,0.0,34.890835,0.0,0.0,0.0,37.24379,0.0,178.09521,0.0,0.0,0.0,0.0,0.0,0.0,0.0,0.0,0.0,0.0,0.0,15.054813,0.0,8.609345,0.0,0.0,58.68378,0.0,0.0,54.85576,0.0,0.0,0.0,0.0,0.0,63.416664,32.826633,55.477604,22.974348,47.309402,50.307697,81.764854,43.43281,57.46308,63.223156,56.684677,83.6708,60.61653,59.51989,23.15513,49.72404,40.94011,30.417984,60.516506,81.21854,15.86454,43.605434,46.283043,0.0,82.7187,0.0,62.681145,34.096447,112.91926,112.20981,56.58498,38.02802,20.646954,56.67842,118.17232,158.59778,0.0,92.73428,0.0,5.7159,34.2063,22.718178,37.995487,22.359068,43.95427,27.809223,33.25042,7.12255,34.134842,44.842354,47.960255,24.985203,49.506855,55.864937,56.35031,62.312298,17.281887,23.571234,0.0,0.0,0.0,0.0,0.0,0.0,54.247368,73.17795,0.0,0.0,0.0,0.0,0.0,0.0,0.0,0.0,103.77103,39.516712,0.0,0.0,0.0,0.0,0.0,0.0,0.0,0.0,0.0,0.0,0.0,0.0,0.0,0.0,0.0,0.0,0.0,0.0,0.0,0.0,0.0,0.0,51.074245,83.91122,78.69224,0.0,0.0,119.57808,209.55664,0.0,0.0,0.0,0.0,0.0,0.0,0.0,34.2063,48.368835,55.62177,0.0,155.56032,73.00303,97.29833,83.87398,0.0,0.0,0.0,34.635723,21.762625,0.0,0.0,0.0,0.0,0.0,0.0,0.0,0.0,0.0,0.0,0.0,0.0,0.0,0.0,0.0,0.0,0.0,0.0,0.0,0.0,0.0,36.331585,14.411541,49.436237,24.559853,64.18566,49.371674,23.359701,52.890137,12.183282,87.93549,25.478785,0.0,22.435848,0.0,0.0,0.0,0.0,0.0,0.0,0.0,0.0,98.064804,0.0,0.0,0.0,0.0,0.0,0.0,0.0,0.0,0.0,0.0,0.0,53.152836,0.0,49.830193,32.099323,33.81414,52.679386,0.0,0.0,0.0,0.0,0.0,68.5968,0.0,29.510767,67.9534,0.0,0.0,90.995766,43.229534,14.496413,0.0,14.005954,58.077934,0.0,54.65932,66.90795,63.54216,0.0,22.702156,50.446552,38.5069,26.438148,0.0,0.0,0.0,0.0,0.0,0.0,30.499065,0.0,17.446613,18.1456,0.0,17.29215,0.0,0.0,0.0,0.0,0.0,0.0,0.0,0.0,0.0,0.0,0.0,0.0,0.0
C3x16_C3x17,43.79923,0.0,13.525042,14.438103,34.654842,11.996078,47.014706,0.0,0.0,29.049833,32.89993,18.198694,21.702005,23.840185,0.0,15.384995,58.98644,8.744435,5.480021,32.602158,0.0,34.712116,22.83347,8.866076,29.603127,13.828537,28.053003,12.5997925,32.367493,35.375275,13.670216,12.0016,24.346823,29.326223,33.485054,20.712936,29.482582,32.44397,10.547676,22.924805,24.68821,18.195988,13.409766,40.582806,15.073293,14.717499,29.856379,0.0,25.400164,40.876408,25.019882,10.239253,20.77167,11.380403,0.0,18.303133,13.055547,0.0,16.869411,31.473524,4.726415,64.536804,33.5575,27.119886,14.062475,28.618448,31.290865,0.0,35.241768,42.653866,28.057514,0.0,0.0,16.610456,0.0,53.785873,13.133523,52.55621,34.88808,11.72526,0.0,0.0,32.199535,18.14239,7.6041656,15.061929,12.81386,0.0,0.0,0.0,11.068124,17.696281,14.595263,47.844666,19.532503,5.9730334,12.117083,10.308547,0.0,12.128438,9.169721,38.828815,28.906248,34.849136,71.2051,33.307503,44.512375,62.862534,0.0,40.119537,0.0,0.0,7.8032947,0.0,0.0,0.0,5.3875203,0.0,26.092163,13.371691,31.841047,35.513508,31.474514,0.0,50.223682,15.047744,30.094347,15.445846,30.594313,11.903664,44.808315,59.204044,37.200157,31.647844,12.194505,7.3274016,38.761105,0.0,46.303406,0.0,9.492385,18.802013,8.278238,5.715429,29.827248,12.504812,22.801794,50.85521,19.552895,0.0,0.0,18.741398,0.0,38.440384,37.010357,27.13809,0.0,14.409467,35.60253,0.0,0.0,21.875845,0.0,46.13404,17.863531,88.19516,20.887712,17.770117,5.9176784,6.494775,16.841036,8.401338,16.640924,0.0,13.243544,30.063913,4.797954,11.035722,0.0,41.17475,56.372402,35.470284,0.0,0.0,0.0,0.0,0.0,37.49357,15.465574,44.542614,0.0,14.987792,17.323849,72.5214,20.843296,22.114944,42.614708,0.0,0.0,11.193762,0.0,0.0,0.0,19.965998,19.429537,26.925587,23.046303,0.0,15.327203,42.34291,83.07266,17.453125,0.0,0.0,0.0,15.403172,27.607279,13.000499,29.47225,24.468056,41.246727,49.68249,44.72473,84.410706,40.17555,35.271645,0.0,42.485386,0.0,47.87644,0.0,24.32735,45.913944,0.0,12.844019,6.527001,6.2457595,23.40233,0.0,41.317238,31.521183,14.7446165,11.802097,20.474442,28.031584,38.411602,23.453125,18.60253,0.0,34.458294,21.651459,26.079607,0.0,3.9787912,7.8809786,15.761566,54.92054,0.0,68.4696,58.46334,23.268158,15.210473,38.58067,34.243805,50.83751,12.0798235,40.337597,54.910152,48.962467,50.437237,31.714825,24.830828,16.61243,19.976006,35.69421,25.393393,40.137733,61.327515,0.0,58.275715,4.303063,6.949366,67.33682,0.0,22.517525,17.831648,94.684975,42.250137,26.900352,21.061382,46.63235,30.275648,34.044624,52.017685,37.197456,53.136795,0.0,19.930481,23.747452,33.754406,27.204454,15.590109,18.832535,27.969463,18.364489,19.291952,25.072918,36.43828,23.484411,35.685173,20.908438,31.819876,25.351595,28.019547,15.984776,19.295895,10.546105,7.4741454,17.25228,5.2429156,13.631926,0.0,26.046091,9.412945,27.615376,14.623725,0.0,5.3875203,5.200471,7.1968083,20.01169,0.0,11.055352,19.49239,11.53602,3.8848748,3.611993,15.530362,14.640288,11.360518,0.0,0.0,17.484837,21.006632,13.439476,4.967289,5.287492,13.60882,8.203031,18.93474,0.0,0.0,32.561127,0.0,33.070415,18.979893,9.876551,34.96252,11.352612,8.722239,9.005082,47.462254,79.1599,0.0,38.91204,18.422922,19.019884,13.244957,17.472084,12.129076,11.58743,34.70881,28.509909,1.4175625,24.923058,12.507178,13.917843,15.8458185,0.0,0.0,0.0,43.18548,30.244564,19.427553,26.79124,22.71588,27.689034,11.3059845,15.289553,11.581499,11.266268,22.444109,31.684093,33.971943,29.583462,43.690224,20.941467,10.570038,24.398409,44.969467,0.0,0.0,0.0,0.0,7.4523973,12.1435585,14.669624,12.968361,20.945189,19.472713,11.076743,13.292306,7.506173,29.864857,19.546171,0.0,0.0,27.00156,9.093057,17.655796,27.091793,11.626588,17.772144,0.0,41.55986,26.882261,20.816072,35.090446,25.576721,37.266125,12.543908,18.419868,14.157183,32.678474,0.0,16.52958,35.02921,16.386135,0.0,49.79123,44.788822,32.88616,48.541916,0.0,27.23484,14.082881,14.86477,19.830217,46.7361,0.0,0.0,0.0,10.69903,7.0027256,49.47655,35.484055,0.0,12.182081,0.0,10.010777,19.980974,0.0,22.825386,34.951725,23.408936,0.0,20.467796,4.8176684,13.992011,32.664677,36.90419,40.18948,0.0,0.0,11.418303,4.9845796,0.0,48.7775,38.993126,0.0,0.0,0.0,0.0,19.237637,0.0,10.076798,10.726371,0.0,0.0,6.4758286,12.1377,10.279303,31.26593,14.584515
C3x16_C4x16,44.528183,0.0,44.358257,0.0,44.53076,8.628158,72.01829,14.106538,0.0,35.558266,97.81578,0.0,27.222229,14.666844,0.0,0.0,51.619244,35.78644,22.426886,53.91539,24.04038,29.254276,0.0,36.112827,33.478935,0.0,17.484566,0.0,17.484566,24.098068,19.498817,0.0,15.265951,25.501905,47.762154,15.265951,5.913374,42.672703,0.0,16.975315,16.975315,37.899532,0.0,0.0,0.0,0.0,22.884062,0.0,22.884062,32.042416,26.259525,0.0,17.26386,0.0,0.0,39.005222,20.266752,0.0,35.757153,0.0,57.94968,10.03393,31.786316,17.712065,36.582703,33.91454,17.712065,0.0,30.815367,36.037617,0.0,0.0,17.150738,0.0,15.260948,88.97518,0.0,47.896313,25.702972,0.0,0.0,0.0,29.602718,29.265408,0.0,10.691469,10.691469,0.0,0.0,0.0,0.0,36.593258,22.570333,42.271652,17.257332,0.0,16.45375,16.45375,5.2410636,0.0,0.0,35.697365,39.38693,23.445463,64.91619,23.445463,24.554165,62.793507,0.0,19.208017,0.0,0.0,0.0,0.0,0.0,0.0,0.0,0.0,33.313496,35.936333,37.22665,35.530106,41.302433,0.0,50.247158,10.681399,68.347626,0.0,21.716883,10.580793,27.729725,75.5013,24.714066,24.714066,56.09578,10.069268,41.603577,15.050418,57.27534,13.392056,0.0,8.272009,0.0,0.0,21.172394,10.741166,25.422218,49.075092,10.950605,0.0,0.0,24.843004,0.0,31.10646,58.113,22.66405,0.0,16.99347,32.87631,0.0,0.0,9.151809,11.294529,95.04423,61.27061,73.3001,14.8666315,14.8666315,13.617411,0.0,19.099775,0.0,9.731763,0.0,0.0,21.5594,0.0,7.83353,9.6676,27.717958,38.810867,25.3513,31.286816,8.58754,6.191648,15.564622,7.6413035,38.85219,0.0,36.075924,0.0,15.168833,0.0,82.23463,0.0,0.0,31.885336,0.0,0.0,22.750628,0.0,0.0,0.0,9.683731,0.0,31.133556,17.559923,21.671242,0.0,46.833755,69.01642,0.0,13.050886,0.0,0.0,10.614834,20.097458,0.0,19.00181,18.708868,27.87718,32.99698,32.18539,65.939674,92.32517,22.660599,0.0,26.44127,0.0,51.04896,0.0,17.205606,114.29985,20.678083,10.95091,0.0,0.0,16.61177,20.501097,29.593105,28.96577,5.8146186,22.147297,14.533454,20.349838,27.265862,41.40556,13.204707,0.0,73.34649,3.7074094,33.30782,0.0,0.0,5.5941863,0.0,55.37702,8.803368,62.331436,54.861973,37.677643,14.769659,20.606012,32.161217,24.495968,29.530863,23.272371,23.524921,26.134226,21.716883,44.741898,35.84266,34.70171,27.6429,40.79358,18.814096,31.23333,33.96184,15.984007,77.200226,25.620924,16.143038,44.628876,0.0,0.0,0.0,62.401333,69.533035,39.502026,39.735718,61.15171,36.01611,56.737152,91.851845,53.36598,82.19317,0.0,18.3667,35.104115,22.363588,41.2976,10.4784355,40.8466,28.353823,41.850075,12.414227,23.725708,44.07498,40.240032,27.08653,43.903545,30.090876,40.22433,47.379276,29.736017,31.951008,0.0,0.0,0.0,0.0,0.0,0.0,23.460716,35.263023,23.568766,12.78427,0.0,0.0,0.0,0.0,0.0,0.0,49.377064,0.0,0.0,0.0,0.0,0.0,0.0,0.0,0.0,0.0,0.0,0.0,0.0,0.0,0.0,0.0,0.0,0.0,0.0,0.0,4.7822523,9.36284,12.215872,22.080229,32.260235,30.349955,52.053722,10.950605,7.762173,77.6191,83.08147,0.0,33.563477,15.486496,15.0116415,18.008606,0.0,0.0,30.37193,28.709753,53.66192,11.149155,75.16934,27.769243,43.52819,31.90439,0.0,0.0,0.0,40.69036,34.14868,0.0,0.0,0.0,0.0,0.0,0.0,0.0,0.0,0.0,61.79957,39.556313,19.729107,49.999214,0.0,32.959347,31.855118,61.053104,0.0,0.0,0.0,0.0,27.51165,9.264834,29.08194,10.254323,41.985657,52.807026,17.5798,33.28449,0.0,48.16155,25.213434,0.0,0.0,16.61177,5.5941863,14.9694805,13.904771,6.8295903,10.614834,0.0,25.184315,36.76923,18.708868,27.87718,21.5594,30.458715,5.8146186,3.7074094,9.731763,27.265862,0.0,0.0,27.717958,42.889397,0.0,46.904064,40.855133,31.79466,43.846573,0.0,32.116295,16.755182,0.0,0.0,33.349335,0.0,0.0,0.0,0.0,0.0,58.38497,41.75882,0.0,67.37997,0.0,0.0,0.0,0.0,36.55961,54.39639,13.727728,0.0,29.167654,31.072792,14.997436,22.607574,22.660599,27.265862,0.0,13.658436,11.067252,20.011614,12.4498415,28.779356,18.044931,0.0,0.0,0.0,23.130373,6.436066,8.353884,6.8295903,5.273568,8.571311,20.565502,11.272658,28.333824,0.0,34.30981,0.0
C3x17_C3x18,5.5307612,0.0,3.1604676,10.115654,31.146,29.993803,17.881535,0.0,0.0,29.382095,17.785484,5.34253,24.86391,23.36669,0.0,0.0,39.167557,6.5492363,9.048377,32.66522,0.0,11.860978,19.22461,0.0,0.0,10.698197,26.114086,0.0,22.694304,40.545616,11.182583,11.928721,29.117773,28.706558,15.814561,16.86976,31.920465,44.220192,16.713663,11.818345,35.455032,52.831654,16.182837,22.885988,16.182837,19.453989,47.486805,0.0,27.512096,38.907978,21.95784,21.654625,52.858513,9.981489,0.0,16.525967,25.283846,12.210698,18.95023,38.29906,36.34929,32.785816,31.536188,44.210896,0.0,26.894636,38.42123,0.0,16.978497,35.08678,29.447422,0.0,0.0,21.339342,0.0,46.453075,13.638666,65.61654,39.743294,13.560326,39.040676,0.0,61.41142,34.340866,13.377417,17.514673,19.531513,0.0,0.0,0.0,12.688473,19.894556,24.060806,13.255198,9.37284,22.900568,55.89983,32.386295,10.705501,6.804868,6.570458,30.16286,22.580427,0.0,48.388023,36.66949,10.622473,47.307034,28.847698,10.622473,0.0,0.0,14.889365,0.0,0.0,0.0,11.621897,25.770153,31.561861,22.993813,36.838585,20.995783,49.272823,0.0,37.510185,35.21404,7.855598,3.2309854,4.2055044,37.66402,24.122055,32.293255,18.695045,13.719521,0.0,48.710213,28.220892,0.0,90.93122,0.0,10.276439,29.530136,5.982867,5.982867,34.396523,4.4844313,40.273476,42.224323,30.721195,0.0,0.0,38.106953,0.0,25.541489,26.778717,36.396065,0.0,11.915162,43.85973,0.0,0.0,22.041061,0.0,35.82312,12.957713,71.22372,51.81491,30.01964,9.111498,12.092572,0.0,3.614459,12.443142,0.0,0.0,34.61624,13.1026325,11.357998,0.0,55.31748,45.323986,54.342613,0.0,0.0,22.04016,24.957056,0.0,27.157665,14.729412,40.20558,0.0,7.2061043,14.680802,59.48079,14.919429,13.1268015,71.626595,0.0,9.875782,13.930402,0.0,0.0,0.0,33.12379,4.8235683,36.50174,38.283913,0.0,7.9488173,11.522225,43.353626,9.443839,25.906788,10.091938,13.135835,23.869226,33.036003,9.994487,14.693523,50.723038,53.439777,15.480514,55.72032,71.88437,0.0,42.32087,0.0,12.259573,0.0,47.70777,0.0,28.42058,36.665176,0.0,38.981506,0.0,4.854447,24.27067,0.0,48.406086,44.637386,33.827175,21.728333,22.781492,18.665855,37.52318,36.77102,26.31253,2.51041,14.494591,13.197114,3.82296,0.0,9.180451,31.691538,13.253993,63.33348,17.263111,50.616978,92.62581,39.333725,17.550648,14.061526,30.624264,29.044643,28.220892,29.387047,21.244946,17.775358,11.2001705,13.051822,46.372646,31.194868,32.490833,7.64592,41.187744,38.764286,32.57354,34.983578,118.68441,19.446604,13.1026325,42.855152,40.273476,23.350306,25.541489,35.708977,46.465004,20.636744,34.059727,51.207226,12.08926,28.471546,23.924574,31.38195,18.388641,0.0,23.666445,14.242565,11.85788,0.0,33.050415,9.799107,36.547344,29.281017,18.124489,7.030763,11.089569,23.390957,10.622473,35.709324,10.59821,13.19116,26.210476,38.025852,25.985859,6.799581,3.614459,3.7682943,7.415319,27.002316,0.0,31.841732,0.0,29.165293,20.270437,9.875782,11.621897,7.726108,5.9070888,4.4887195,0.0,11.3770685,21.932655,9.943001,12.98312,19.955183,16.769573,12.5690775,15.683827,9.029224,9.059368,22.262617,29.343372,17.751549,15.02736,0.0,13.533908,5.0976,15.372175,4.0195518,23.210575,32.20272,22.477169,19.84398,15.742163,19.222075,31.745682,17.729282,18.364384,8.56769,28.284903,58.756462,0.0,37.550274,38.78885,32.665703,0.0,7.213572,0.0,8.827249,23.820948,9.247841,1.9585391,21.949083,10.898135,17.987549,21.936506,0.0,0.0,0.0,25.2685,61.644047,29.361605,21.047163,17.093475,22.069843,15.452216,9.176306,21.66083,16.514938,8.870904,0.0,10.256339,11.322743,12.632451,10.278008,5.111617,5.329173,37.187496,23.710938,12.610373,0.0,0.0,27.002441,35.258564,42.592937,24.520876,60.459118,79.68849,26.555813,36.754353,10.915991,16.962599,27.104553,0.0,17.479752,21.092289,27.541355,45.194138,19.946451,31.877844,20.743418,30.39692,45.100525,16.533949,29.387047,30.961027,20.055368,26.253603,19.598213,7.64592,7.2090955,21.73954,14.734595,5.4106445,32.048897,32.096966,0.0,47.157593,35.559586,33.80313,28.063625,14.272155,5.6548605,13.268017,0.5904424,4.1048265,25.155645,0.0,0.0,0.0,12.4017515,0.0,51.48589,26.306707,26.27167,0.0,30.872974,35.560223,17.221783,0.0,21.949083,17.909515,15.168404,9.867128,13.075863,0.0,6.915992,6.761541,7.0473847,8.778306,0.0,0.0,0.0,0.0,26.20069,43.660976,26.552052,0.0,0.0,0.0,44.658653,22.527885,33.843292,36.681488,0.0,0.0,0.0,0.0,23.101088,9.486546,27.73116,11.8535
C3x17_C4x17,36.278942,0.0,20.126945,9.334932,60.330917,18.88416,39.68703,0.0,0.0,32.480045,27.285458,17.164429,28.599566,35.6207,0.0,16.912092,38.240936,16.891617,0.0,52.517418,0.0,31.816994,20.929073,11.927422,21.186068,12.675184,23.713097,11.548923,27.952175,18.991482,9.752436,10.703502,20.024418,26.154285,13.7920265,18.352566,33.75396,38.21913,12.637144,29.995056,27.868286,21.689255,0.0,0.0,0.0,0.0,22.24272,0.0,22.24272,22.24272,36.803722,15.061728,28.177914,17.829739,0.0,25.215061,24.552834,8.238965,28.406668,19.13664,0.0,39.23989,26.394844,20.76096,20.244368,35.959038,23.188656,0.0,25.441195,44.858116,29.50746,0.0,0.0,27.331608,0.0,89.454605,10.900994,60.97167,45.222225,15.19838,0.0,0.0,21.705307,15.162985,6.355385,11.609186,9.539344,0.0,0.0,0.0,8.973236,19.314087,13.656856,7.2017155,5.092382,5.588996,26.452206,26.452206,8.738619,0.0,0.0,0.0,0.0,22.098818,40.14102,21.894608,31.728163,59.38147,0.0,28.596975,0.0,0.0,13.79225,0.0,0.0,0.0,9.522391,0.0,14.375222,9.346065,10.704841,6.00964,43.11355,0.0,30.485886,32.65734,22.493084,0.0,4.054404,17.641748,29.819767,41.27099,22.830809,18.760223,0.0,30.033798,37.67629,0.0,67.70815,0.0,11.3147335,20.66828,7.638613,5.2738223,22.9572,16.81488,47.622807,45.85118,12.527237,0.0,0.0,11.088748,0.0,28.982443,27.90426,23.082983,0.0,18.47859,35.34273,0.0,22.40051,27.187366,0.0,65.52384,22.117865,62.93804,35.000534,28.760166,0.0,0.0,15.391003,7.5647516,13.818298,0.0,0.0,17.95104,12.566727,10.949914,0.0,25.910591,36.641518,32.421665,0.0,0.0,15.852486,31.704971,0.0,29.502762,13.11809,38.322746,0.0,19.795094,25.706385,69.1565,9.9208555,8.012715,33.95554,0.0,13.212644,11.5578785,0.0,0.0,0.0,22.125076,31.375624,36.853622,17.932104,0.0,13.88567,12.778053,63.36504,16.832613,15.121462,6.3379807,11.577395,26.774279,41.79294,3.9010234,33.039368,25.29582,41.358578,54.019245,32.60535,88.43061,39.921104,22.98557,0.0,30.021906,0.0,49.17202,0.0,23.761164,64.443855,0.0,18.619423,0.0,3.6594129,22.351847,0.0,28.165506,39.365707,21.471716,0.0,17.73941,25.26341,35.065266,39.544704,27.816074,13.692198,48.165615,26.644865,34.80138,0.0,0.0,14.844249,0.0,52.825478,15.334266,44.916397,73.574036,26.403585,20.818893,38.842327,48.96668,51.559704,52.19178,43.958275,38.047752,56.20721,4.054404,66.63712,20.174074,60.86999,26.452206,46.302605,46.527493,34.7978,39.674656,20.118828,39.419426,5.935106,18.201672,24.249805,22.09117,6.756771,13.444316,49.850983,42.232178,53.5126,19.763266,63.72409,37.183067,44.211838,31.860525,58.277466,35.102966,0.0,35.290886,18.971954,29.120739,29.174803,13.116594,27.241652,39.59231,32.213615,14.956312,28.358295,29.166725,42.200268,27.778185,31.252764,41.036175,40.11511,23.573984,12.527237,12.9377165,13.261462,6.729887,17.077736,19.286602,9.696507,0.0,17.82056,0.0,17.93118,12.9377165,9.122221,9.522391,3.0769694,10.854219,15.80898,0.0,46.287834,11.382857,11.947564,0.0,16.05374,12.268787,17.288853,0.0,0.0,15.45565,17.330109,0.0,10.31265,18.723083,9.378364,22.339266,7.386192,18.743174,6.188378,0.0,25.722876,32.404488,9.923347,19.634764,18.699558,33.180134,23.362734,12.527237,0.0,40.21607,63.180134,0.0,37.223927,17.716188,30.005554,19.66278,24.451492,0.0,12.165261,20.59749,28.541319,16.459354,26.949389,15.517268,19.657478,19.071144,0.0,0.0,0.0,33.42122,60.27861,28.828012,10.489214,0.0,30.073841,6.689427,0.0,0.0,16.063711,24.288525,28.48615,9.724539,12.363967,24.106981,12.218204,9.517497,24.151567,58.812717,14.994979,0.0,0.0,10.924356,11.085453,14.474882,17.4859,15.45803,19.55137,33.110626,11.060138,15.844166,8.441936,56.12107,31.688848,0.0,10.589275,26.347578,14.844249,44.910686,32.09708,41.289413,31.560589,31.711887,24.684774,23.067413,20.785742,33.98461,16.214174,21.225264,17.643448,21.89426,11.354587,28.813358,9.513221,25.781555,25.910591,18.678192,0.0,35.731083,39.487324,61.305614,16.72053,7.9740515,27.269627,17.14239,15.395066,0.0,14.023972,0.0,0.0,0.0,7.3794627,0.0,45.835693,31.610285,17.31471,0.0,9.922383,11.932647,20.693789,0.0,19.294638,34.769867,27.618753,8.254287,0.0,15.352015,13.457948,21.56591,23.199959,35.392323,1.4743038,0.0,0.0,5.3819566,22.469988,31.841522,33.863472,0.0,0.0,13.30625,39.570683,38.346382,14.956312,35.02768,17.545313,0.0,0.0,11.486103,45.750343,12.416279,27.286736,26.920904
C4x10_C4x11,0.0,0.0,20.280361,0.0,87.20692,24.622484,24.622484,0.0,47.272533,0.0,89.67709,26.897638,0.0,31.130714,54.20418,40.61564,60.00725,0.0,26.39253,175.11714,0.0,169.44499,0.0,61.781837,0.0,0.0,61.781837,61.781837,61.781837,0.0,0.0,0.0,0.0,0.0,0.0,0.0,0.0,0.0,0.0,0.0,0.0,8.561213,0.0,0.0,0.0,0.0,0.0,0.0,0.0,0.0,0.0,0.0,33.96401,0.0,18.659327,62.21046,0.0,0.0,25.258165,0.0,32.628483,0.0,120.91908,39.398422,39.398422,0.0,39.398422,0.0,0.0,153.86801,0.0,0.0,0.0,0.0,0.0,0.0,17.515865,42.270004,0.0,21.41988,39.03899,0.0,33.282177,0.0,33.282177,28.284458,0.0,13.020524,13.020524,0.0,0.0,43.934204,0.0,0.0,0.0,0.0,0.0,0.0,0.0,0.0,0.0,17.107903,0.0,0.0,0.0,0.0,0.0,0.0,0.0,0.0,18.901346,18.901346,0.0,0.0,26.730543,0.0,0.0,39.641693,39.641693,23.970257,74.38806,74.38806,74.38806,0.0,45.912907,4.1091323,4.1091323,0.0,0.0,43.61975,0.0,4.2674284,4.2674284,0.0,0.0,27.254057,43.092445,48.9024,78.85275,0.0,0.0,20.234665,0.0,0.0,30.641579,0.0,0.0,29.256365,30.812674,16.90627,16.90627,99.09729,57.213844,51.702465,63.250477,30.031252,0.0,53.51298,0.0,35.65408,35.65408,40.412567,0.0,63.897877,0.0,80.95705,7.347596,0.0,25.716597,0.0,0.0,0.0,19.435413,0.0,0.0,36.824177,0.0,14.072162,0.0,9.97164,0.0,0.0,0.0,0.0,0.0,0.0,0.0,78.59495,0.0,68.85341,78.32778,0.0,0.0,169.95271,0.0,0.0,30.710327,26.881811,0.0,0.0,0.0,37.21397,26.31425,38.697998,0.0,9.856567,27.855099,0.0,10.880062,0.0,35.91774,38.3968,0.0,0.0,20.611097,0.0,28.987621,33.45232,0.0,11.472773,31.25634,0.0,15.666562,38.28616,19.187542,0.0,0.0,0.0,0.0,0.0,5.719178,0.0,20.899143,0.0,0.0,0.0,24.154861,0.0,0.0,34.800114,36.185352,0.0,36.185352,30.652367,0.0,47.539173,57.608364,0.0,39.264534,0.0,0.0,0.0,50.726746,0.0,0.0,0.0,0.0,0.0,0.0,22.018951,126.44684,123.16563,0.0,24.016182,15.83372,19.271528,8.112475,0.0,4.106672,0.0,28.901222,20.000132,28.2055,0.0,0.0,0.0,0.0,3.0175276,14.574246,145.57814,31.866728,20.477123,33.45232,0.0,0.0,0.0,0.0,8.112475,28.901222,20.000132,0.0,0.0,0.0,3.0175276,32.687714,0.0,39.82295,0.0,76.3532,55.489216,71.92684,97.3911,65.888176,77.94426,0.0,33.952286,60.787678,0.0,0.0,0.0,112.13319,14.943665,0.0,87.22476,99.09729,0.0,31.380203,27.485825,67.23054,0.0,0.0,17.342741,47.125576,71.23993,0.0,0.0,0.0,0.0,0.0,0.0,42.37019,9.950521,4.106672,29.570576,0.0,0.0,0.0,0.0,0.0,0.0,0.0,0.0,0.0,0.0,0.0,0.0,0.0,0.0,0.0,0.0,0.0,63.614113,51.885254,0.0,0.0,90.705345,73.16742,126.56545,0.0,16.90627,35.444275,168.00134,52.7523,37.296795,0.0,0.0,0.0,0.0,39.49289,40.92794,41.932674,57.494648,39.16389,35.24885,48.527355,118.1717,0.0,32.861935,0.0,0.0,0.0,0.0,16.587837,0.0,0.0,0.0,0.0,0.0,0.0,0.0,0.0,0.0,31.25634,0.0,36.824177,7.347596,30.652367,19.435413,47.539173,0.0,0.0,18.729578,0.0,0.0,35.095783,71.27742,29.210173,0.0,0.0,32.2043,0.0,69.665565,21.61377,32.39395,35.047737,56.27152,18.78247,0.0,0.0,15.221306,22.189154,39.8886,0.0,19.180851,0.0,0.0,0.0,0.0,0.0,0.0,0.0,0.0,0.0,0.0,0.0,0.0,0.0,53.723614,0.0,108.60573,79.68954,89.466606,0.0,0.0,0.0,0.0,35.095783,120.33393,33.45232,0.0,45.13357,0.0,0.0,28.940426,100.31309,0.0,20.611097,0.0,0.0,0.0,0.0,4.04407,60.06161,39.51595,0.0,38.108894,22.482311,16.31095,0.0,0.0,0.0,0.0,0.0,0.0,0.0,57.09589,0.0,19.60236,104.26008,0.0,0.0,16.068995,18.646372,40.8725,0.0,39.8886,23.067165,0.0,0.0,16.31095,0.0,0.0,62.183525,0.0
C4x10_C4x9,0.0,6.2505236,11.4276085,0.0,17.134022,0.0,0.0,0.0,30.362022,0.0,38.17398,24.15347,0.0,30.885078,16.293833,42.774216,74.85404,27.861893,21.121777,101.66681,0.0,115.91168,0.0,65.580956,0.0,0.0,65.580956,89.90793,45.070145,0.0,0.0,0.0,0.0,0.0,0.0,0.0,0.0,0.0,0.0,63.897472,0.0,36.81554,0.0,0.0,0.0,0.0,0.0,0.0,0.0,0.0,0.0,0.0,64.72286,0.0,7.988259,7.988259,0.0,0.0,39.83637,11.966796,13.863438,11.446459,143.35706,81.1091,81.1091,0.0,55.74177,32.828655,46.426727,79.484764,0.0,0.0,0.0,0.0,0.0,0.0,13.578634,15.581216,0.0,0.0,22.035168,0.0,14.413517,0.0,0.0,25.368744,0.0,11.735496,11.735496,0.0,0.0,43.662678,0.0,26.041765,11.87262,0.0,24.431515,0.0,0.0,0.0,0.0,11.958058,0.0,0.0,10.391614,0.0,0.0,25.633074,14.695962,0.0,19.913128,15.075102,0.0,0.0,28.161415,0.0,0.0,21.319414,40.51025,10.89286,0.0,0.0,33.10133,0.0,79.33866,0.0,0.0,0.0,14.942265,43.379356,0.0,40.409454,31.38029,0.0,0.0,46.17633,53.78423,14.639001,23.43271,0.0,0.0,24.843052,0.0,0.0,14.342727,0.0,53.36927,28.463718,32.177433,21.43451,21.43451,69.28916,32.292614,40.60015,74.13905,16.808537,0.0,33.407948,0.0,43.369644,35.808495,40.405838,0.0,77.151924,21.554575,89.03568,37.813427,0.0,14.183735,0.0,18.680275,0.0,83.20707,0.0,0.0,35.565414,0.0,10.18593,0.0,0.0,0.0,0.0,0.0,0.0,0.0,0.0,0.0,43.7081,0.0,75.30313,18.001186,17.266903,0.0,44.67041,0.0,0.0,17.20464,24.501392,0.0,0.0,0.0,19.95027,14.106971,31.762892,26.084806,41.023964,0.0,0.0,122.48455,0.0,11.562758,66.6784,0.0,0.0,23.219427,0.0,68.90976,32.681168,0.0,53.870304,27.898394,0.0,33.34831,28.432125,28.069237,45.06452,24.039759,0.0,0.0,45.6146,18.376633,18.203735,12.936535,0.0,27.139206,0.0,13.494417,25.087248,0.0,67.08924,6.317891,33.13438,28.958912,21.430756,32.335365,48.596336,31.48405,0.0,72.79037,0.0,0.0,0.0,40.734055,0.0,60.66648,0.0,0.0,0.0,0.0,20.76097,62.477722,58.063847,21.598063,55.721077,14.873217,39.754032,46.377914,0.0,0.0,12.864065,34.502766,21.840406,38.49356,21.033531,0.0,0.0,0.0,27.015856,19.990023,178.34216,30.863787,26.735802,26.649225,0.0,0.0,0.0,34.188595,26.178553,19.475487,12.328072,11.87262,0.0,0.0,15.249413,11.681897,8.796577,36.70659,0.0,50.32299,37.501747,54.646637,54.853806,43.72207,49.893818,44.77815,22.530052,55.40605,0.0,0.0,33.275795,75.01634,0.0,0.0,34.69394,72.858765,0.0,56.566246,88.07806,51.44119,0.0,0.0,18.544495,85.922455,35.1509,0.0,0.0,0.0,0.0,0.0,0.0,19.531736,4.9499054,0.0,52.552437,0.0,0.0,0.0,0.0,0.0,0.0,0.0,0.0,0.0,0.0,0.0,0.0,0.0,0.0,0.0,0.0,0.0,37.54996,45.5626,0.0,0.0,62.538685,58.848526,43.060543,0.0,28.313448,50.35854,102.78574,54.791176,20.294382,24.463665,23.5295,0.0,18.944477,27.433138,38.0027,0.0,0.0,0.0,40.584785,49.781605,38.123604,35.288994,27.62678,0.0,0.0,0.0,37.683197,36.081367,0.0,0.0,0.0,0.0,0.0,0.0,0.0,0.0,0.0,29.73714,28.927917,37.90948,40.30566,22.84323,88.69115,51.79926,0.0,0.0,14.500721,0.0,37.43629,27.64526,43.77764,0.0,16.654232,0.0,12.415069,0.0,49.72609,16.75541,0.0,0.0,29.48294,9.738284,17.24107,41.6927,36.49355,36.724934,30.728224,0.0,8.915718,26.686123,0.0,0.0,0.0,0.0,0.0,0.0,0.0,0.0,0.0,0.0,0.0,0.0,54.988556,0.0,38.644505,26.534498,48.069942,49.757694,0.0,0.0,0.0,54.799793,188.99815,35.906002,0.0,21.354826,26.6406,0.0,22.495981,78.729866,17.24107,15.957419,0.0,24.536509,39.000443,29.759727,12.994241,39.868294,19.976757,25.655731,36.56102,72.06073,27.2306,0.0,36.28796,18.90017,20.38142,7.184251,0.0,0.0,22.516415,0.0,12.133829,81.05423,0.0,4.7154584,0.0,0.0,40.076717,17.0742,44.712227,35.512997,0.0,0.0,27.2306,0.0,0.0,72.32435,0.0
C4x10_C5x10,0.0,5.6489096,12.191785,0.0,48.635803,14.742725,14.742725,0.0,35.339996,0.0,39.25445,14.262094,18.699419,18.294252,18.749752,28.785772,63.35217,44.142235,18.289862,150.5951,0.0,79.13026,0.0,50.245598,0.0,0.0,46.78836,72.654106,27.69091,0.0,6.162616,0.0,8.715255,0.0,8.715255,0.0,0.0,10.14013,0.0,24.47536,10.14013,21.61374,21.934109,15.509757,0.0,0.0,15.509757,0.0,0.0,0.0,0.0,0.0,42.226536,0.0,10.525979,30.243587,0.0,0.0,45.267708,0.0,24.442966,4.483293,97.45305,57.622314,61.880077,0.0,34.102802,5.9795074,28.99829,97.15416,0.0,0.0,11.759497,0.0,0.0,32.775074,17.327572,23.557163,0.0,13.600735,0.0,0.0,33.832905,0.0,15.567361,23.604162,0.0,14.354718,14.354718,0.0,9.7003145,45.243576,0.0,16.438944,11.624088,0.0,16.438944,0.0,0.0,0.0,0.0,23.028992,13.277216,0.0,0.0,9.931201,0.0,12.844587,0.0,0.0,20.632973,0.0,0.0,0.0,16.628698,0.0,0.0,27.412424,42.042614,16.415443,40.24928,40.24928,40.24928,0.0,37.686466,11.930789,11.930789,0.0,15.315,28.66722,0.0,32.78983,27.601646,0.0,0.0,32.944237,29.210815,31.285795,53.82875,0.0,0.0,16.263218,0.0,0.0,18.618402,0.0,30.59274,20.747301,45.71546,24.83037,24.83037,80.746796,48.9354,99.72898,67.63393,22.87572,0.0,38.172684,11.958537,40.77077,15.262847,28.827316,0.0,48.844982,0.0,87.499626,27.777296,0.0,16.947847,0.0,21.880453,0.0,54.623837,0.0,0.0,23.912544,0.0,12.438929,0.0,13.392224,0.0,0.0,0.0,16.344906,10.337427,10.337427,0.0,45.72989,0.0,68.69586,59.60878,16.354618,0.0,101.680756,0.0,0.0,15.331255,30.62591,0.0,6.1835685,0.0,45.404884,32.106102,25.210163,19.907167,18.12537,15.713439,0.0,91.673706,0.0,71.49851,53.882454,0.0,0.0,16.565767,0.0,49.163277,8.453044,0.0,36.101536,27.508455,0.0,23.562172,58.592434,11.499882,29.559494,25.888401,0.0,0.0,53.70326,16.118565,12.98735,32.295856,0.0,18.74901,4.680613,12.368399,19.446268,0.0,47.09669,30.789543,20.960285,17.208282,22.691866,0.0,36.014256,37.78195,0.0,53.28098,14.324729,12.058194,0.0,42.00428,0.0,40.931263,0.0,32.30333,0.0,0.0,24.23847,80.73236,60.908333,16.137646,35.774303,14.700272,27.910347,30.585205,7.0224195,2.3166292,10.82934,21.95673,16.690664,27.512432,12.614033,10.215697,0.0,6.162616,23.384106,14.0345125,162.07004,18.627441,26.679098,22.939056,0.0,0.0,0.0,17.00768,12.394239,17.93507,16.690664,11.624088,0.0,6.162616,0.0,33.34698,9.644968,35.498184,0.0,62.238976,48.214977,63.670467,82.50115,50.592106,46.426174,0.0,46.513737,52.98701,0.0,17.951647,23.971066,94.28137,7.9078255,19.589231,56.0342,84.7586,0.0,32.88763,49.585052,32.692116,3.0756686,11.076613,13.140834,44.006096,45.739067,0.0,0.0,20.6957,13.09856,13.346639,0.0,32.046413,8.7956505,2.3166292,34.151962,0.0,0.0,0.0,0.0,0.0,0.0,0.0,0.0,0.0,0.0,0.0,0.0,0.0,0.0,0.0,0.0,0.0,58.706707,38.035835,0.0,0.0,65.07247,45.391808,92.66093,0.0,24.83037,38.018135,93.83317,66.700554,28.773932,19.511848,13.346639,0.0,14.50974,24.99439,33.6552,19.32003,37.74251,26.581633,23.911448,44.754723,68.412964,0.0,52.078407,0.0,0.0,0.0,28.62322,25.995703,0.0,0.0,0.0,0.0,0.0,0.0,0.0,0.0,0.0,27.508455,18.74901,23.912544,25.214977,22.691866,49.585052,32.692116,0.0,0.0,9.3757105,0.0,0.0,27.099495,35.847874,21.897581,14.4058,0.0,21.364988,0.0,43.057526,14.508411,20.374266,20.034262,27.17002,16.969122,19.446268,24.224483,21.699947,21.441906,19.219522,0.0,10.820177,17.367584,0.0,0.0,0.0,0.0,0.0,0.0,0.0,0.0,0.0,0.0,0.0,0.0,57.068584,0.0,96.60053,66.0597,60.9441,21.635246,0.0,0.0,0.0,62.714504,119.9422,16.220364,1.5378343,36.36105,28.336227,0.0,16.23847,111.72819,19.446268,9.804173,0.0,38.54124,37.49802,37.093185,11.397546,58.07758,39.469112,23.86717,39.809788,47.504066,18.420198,3.944268,28.99793,15.704209,19.133461,0.0,0.0,0.0,35.392914,0.0,24.92379,60.985474,0.0,0.0,9.064737,0.0,25.916832,19.27062,32.474556,24.5166,0.0,0.0,18.420198,0.0,0.0,79.02268,0.0
C4x11_C5x11,17.042763,0.0,0.0,0.0,91.17799,0.0,0.0,0.0,80.49332,0.0,67.57729,0.0,53.140965,0.0,38.012226,0.0,82.86814,50.770153,27.28518,185.32117,0.0,150.77695,0.0,0.0,0.0,71.50547,0.0,0.0,0.0,0.0,0.0,0.0,0.0,0.0,0.0,0.0,0.0,0.0,0.0,97.009605,0.0,0.0,0.0,0.0,0.0,0.0,0.0,0.0,0.0,0.0,0.0,52.7725,0.0,0.0,0.0,56.41018,0.0,0.0,128.79759,0.0,18.88962,14.208612,162.1314,0.0,0.0,0.0,0.0,0.0,0.0,152.02646,0.0,0.0,0.0,0.0,0.0,0.0,37.92851,0.0,0.0,0.0,0.0,0.0,0.0,0.0,0.0,0.0,0.0,9.728231,14.181193,0.0,0.0,106.67885,0.0,0.0,27.210367,19.240635,0.0,0.0,0.0,0.0,0.0,0.0,0.0,0.0,0.0,0.0,0.0,0.0,0.0,0.0,58.415337,0.0,0.0,0.0,0.0,0.0,0.0,39.425644,76.89609,0.0,80.07933,80.07933,80.07933,60.235004,0.0,0.0,0.0,0.0,0.0,0.0,0.0,29.113558,0.0,0.0,0.0,0.0,0.0,0.0,60.960846,0.0,0.0,0.0,0.0,0.0,0.0,0.0,21.112783,16.81107,0.0,0.0,0.0,123.96799,71.57295,118.227684,94.13887,38.103214,0.0,54.033894,0.0,70.56508,53.078457,0.0,0.0,109.16453,43.27237,131.13762,0.0,0.0,40.08441,0.0,37.364017,0.0,0.0,0.0,0.0,0.0,0.0,0.0,0.0,0.0,0.0,0.0,0.0,0.0,0.0,0.0,0.0,59.500267,0.0,92.617645,121.98914,0.0,0.0,77.58615,0.0,0.0,0.0,49.007328,0.0,0.0,0.0,95.766304,67.716995,0.0,0.0,44.30139,0.0,0.0,0.0,0.0,78.93104,0.0,0.0,0.0,0.0,0.0,0.0,16.818043,0.0,0.0,0.0,0.0,0.0,54.05389,0.0,0.0,44.208164,0.0,0.0,50.06308,31.117542,0.0,29.794231,0.0,0.0,0.0,0.0,0.0,0.0,0.0,29.900831,0.0,25.671658,0.0,0.0,0.0,32.09992,0.0,0.0,0.0,0.0,0.0,88.058586,0.0,0.0,0.0,0.0,0.0,0.0,0.0,158.39958,117.79285,0.0,0.0,0.0,0.0,0.0,0.0,0.0,0.0,0.0,0.0,0.0,0.0,0.0,0.0,0.0,0.0,0.0,101.21943,17.214659,19.328186,16.818043,0.0,0.0,0.0,33.9766,0.0,0.0,0.0,0.0,0.0,0.0,0.0,82.29286,0.0,51.24265,0.0,87.34692,65.089424,84.37093,105.711845,57.302067,115.414825,0.0,38.10639,80.0181,0.0,0.0,0.0,103.792595,61.713192,0.0,110.36752,123.96799,0.0,0.0,0.0,0.0,0.0,0.0,0.0,53.51985,52.055042,0.0,0.0,0.0,0.0,0.0,0.0,52.6988,0.0,0.0,0.0,13.60403,50.229256,42.572647,27.781868,0.0,0.0,0.0,0.0,0.0,19.67434,0.0,51.130596,35.739372,67.26365,70.5884,55.572266,26.55254,61.231335,68.75669,0.0,12.650391,117.01865,73.26569,176.20354,85.71095,0.0,0.0,159.47292,125.58315,30.053991,48.97282,0.0,0.0,35.739372,26.467556,37.8553,37.70894,79.551895,55.92645,21.594807,51.79574,87.96542,0.0,64.402374,0.0,0.0,0.0,0.0,0.0,0.0,0.0,0.0,0.0,0.0,0.0,0.0,0.0,0.0,0.0,0.0,0.0,0.0,0.0,0.0,0.0,0.0,0.0,28.649166,0.0,0.0,46.198475,39.877895,50.15281,0.0,0.0,47.97184,12.00139,53.4018,21.08053,48.65528,41.272305,53.304382,30.72985,0.0,0.0,0.0,0.0,0.0,0.0,0.0,0.0,0.0,0.0,0.0,0.0,0.0,0.0,0.0,0.0,0.0,0.0,0.0,0.0,104.32253,0.0,116.367065,90.272385,80.37742,24.60113,0.0,0.0,0.0,46.198475,141.06818,19.588665,0.0,47.59785,22.388891,0.0,0.0,158.33345,0.0,0.0,0.0,0.0,0.0,15.274183,22.003426,57.16473,38.778694,0.0,76.787796,0.0,0.0,0.0,0.0,0.0,0.0,0.0,0.0,0.0,67.81126,0.0,22.000736,103.26444,0.0,0.0,0.0,0.0,0.0,0.0,0.0,0.0,0.0,0.0,0.0,0.0,0.0,73.79935,0.0
C4x13_C4x14,0.0,0.0,0.0,0.0,236.56299,0.0,172.92708,0.0,0.0,0.0,55.28559,0.0,96.16804,0.0,104.85984,0.0,72.83343,51.564037,0.0,88.29421,0.0,0.0,0.0,41.604218,0.0,0.0,0.0,0.0,0.0,0.0,121.54581,0.0,0.0,0.0,0.0,0.0,81.32646,89.717606,0.0,76.06295,0.0,33.81852,0.0,0.0,0.0,0.0,0.0,0.0,0.0,33.81852,0.0,0.0,0.0,0.0,0.0,86.30659,41.51459,0.0,58.28735,0.0,0.0,0.0,0.0,0.0,105.32057,0.0,0.0,0.0,9.65021,0.0,0.0,0.0,77.0191,0.0,0.0,216.17508,0.0,148.71909,0.0,0.0,0.0,0.0,0.0,0.0,0.0,0.0,0.0,0.0,12.165773,0.0,0.0,121.51177,0.0,0.0,121.234375,0.0,0.0,0.0,0.0,0.0,0.0,0.0,52.532516,0.0,0.0,0.0,0.0,0.0,0.0,0.0,0.0,0.0,0.0,0.0,19.046886,0.0,0.0,0.0,0.0,0.0,0.0,0.0,42.87529,0.0,0.0,0.0,0.0,0.0,0.0,0.0,0.0,183.09001,0.0,0.0,0.0,0.0,0.0,50.982567,151.3564,0.0,0.0,0.0,0.0,0.0,0.0,0.0,0.0,64.95534,45.21124,32.08736,0.0,0.0,0.0,0.0,58.315292,0.0,0.0,0.0,0.0,0.0,0.0,0.0,0.0,44.774323,111.64689,51.15758,0.0,0.0,0.0,0.0,0.0,0.0,0.0,0.0,0.0,0.0,0.0,0.0,0.0,0.0,45.96119,0.0,0.0,65.98081,0.0,48.528183,0.0,65.783356,0.0,50.44992,0.0,0.0,0.0,123.6494,0.0,0.0,0.0,37.56715,0.0,0.0,52.25556,0.0,96.537575,0.0,0.0,0.0,0.0,0.0,0.0,0.0,0.0,0.0,0.0,0.0,0.0,0.0,0.0,0.0,0.0,0.0,0.0,0.0,0.0,0.0,0.0,0.0,43.984592,0.0,0.0,52.016453,0.0,0.0,0.0,0.0,0.0,0.0,0.0,0.0,0.0,0.0,0.0,0.0,0.0,0.0,69.31113,0.0,32.552143,0.0,0.0,41.560665,0.0,0.0,0.0,0.0,0.0,0.0,0.0,0.0,100.349754,86.743645,105.28463,82.050385,65.80863,139.4792,125.37765,111.15406,69.13486,129.44012,0.0,96.96489,77.70702,0.0,0.0,78.232346,38.712646,84.94679,112.240776,170.54343,86.14359,133.29362,33.81979,42.38163,0.0,0.0,0.0,0.0,47.227592,38.062263,42.781677,0.0,43.070892,21.313282,61.794262,93.892845,0.0,30.571026,66.42929,42.913315,37.867157,96.09662,0.0,56.873955,53.28252,46.738808,66.39199,0.0,35.79027,89.72087,76.08219,70.3965,37.911022,0.0,0.0,47.924736,47.569363,17.434027,0.0,0.0,0.0,0.0,0.0,0.0,56.291676,76.78935,0.0,0.0,0.0,0.0,0.0,0.0,0.0,0.0,0.0,67.24283,0.0,0.0,0.0,0.0,0.0,0.0,0.0,0.0,0.0,0.0,0.0,0.0,0.0,0.0,0.0,0.0,0.0,0.0,135.90114,0.0,0.0,62.216553,72.844765,131.9747,118.20279,32.08736,0.0,107.593315,109.85344,0.0,0.0,0.0,0.0,0.0,0.0,0.0,0.0,0.0,0.0,0.0,147.54034,78.86124,150.28516,85.81553,0.0,0.0,0.0,34.016068,54.376633,0.0,0.0,0.0,0.0,0.0,0.0,0.0,0.0,0.0,0.0,0.0,0.0,0.0,0.0,0.0,0.0,0.0,0.0,0.0,0.0,0.0,34.016068,50.596554,67.08459,61.94716,35.16725,66.859215,43.908463,50.450027,44.52708,0.0,0.0,0.0,104.28863,0.0,0.0,0.0,0.0,0.0,0.0,0.0,0.0,0.0,0.0,0.0,0.0,0.0,0.0,0.0,0.0,0.0,0.0,0.0,0.0,0.0,0.0,0.0,0.0,0.0,0.0,0.0,0.0,0.0,69.48082,0.0,0.0,0.0,0.0,0.0,0.0,0.0,120.27078,85.11908,24.313787,0.0,0.0,0.0,87.52787,0.0,65.98205,52.016453,0.0,0.0,0.0,0.0,0.0,0.0,0.0,0.0,0.0,0.0,0.0,0.0,0.0,0.0,0.0,0.0,26.470388,0.0,0.0,0.0,0.0,0.0,0.0,0.0,0.0,0.0,0.0,0.0,61.671112,0.0
C4x13_C5x13,0.0,0.0,0.0,0.0,256.12463,0.0,0.0,0.0,0.0,0.0,0.0,0.0,74.31502,0.0,135.66245,0.0,37.178696,0.0,105.86264,116.701805,0.0,0.0,0.0,113.83832,0.0,0.0,0.0,0.0,0.0,0.0,139.33102,0.0,0.0,0.0,0.0,0.0,101.892944,123.754196,0.0,96.14396,0.0,0.0,0.0,0.0,0.0,0.0,0.0,0.0,0.0,32.07307,0.0,0.0,0.0,0.0,0.0,0.0,50.045704,0.0,0.0,0.0,151.77534,0.0,0.0,0.0,103.821434,0.0,0.0,57.761063,0.0,0.0,0.0,0.0,0.0,0.0,0.0,210.11142,0.0,112.28179,0.0,0.0,0.0,0.0,0.0,0.0,0.0,0.0,0.0,0.0,0.0,0.0,52.300724,0.0,0.0,0.0,127.17451,0.0,0.0,0.0,0.0,0.0,0.0,0.0,35.004368,0.0,0.0,0.0,0.0,0.0,0.0,0.0,0.0,0.0,0.0,0.0,46.214504,0.0,0.0,0.0,0.0,0.0,0.0,0.0,90.157364,0.0,0.0,0.0,0.0,0.0,0.0,0.0,0.0,233.67271,0.0,0.0,0.0,0.0,0.0,0.0,172.36717,0.0,0.0,0.0,0.0,0.0,0.0,0.0,0.0,87.45629,59.21991,81.50539,0.0,0.0,0.0,0.0,55.33417,0.0,0.0,0.0,0.0,84.90533,0.0,0.0,0.0,74.604065,117.95939,86.578575,0.0,0.0,0.0,0.0,0.0,0.0,0.0,0.0,0.0,0.0,0.0,0.0,0.0,0.0,59.29598,0.0,0.0,0.0,0.0,133.7427,0.0,58.88339,0.0,58.03322,0.0,0.0,0.0,146.82143,0.0,0.0,0.0,0.0,0.0,0.0,0.0,0.0,104.303986,0.0,0.0,0.0,0.0,0.0,0.0,0.0,0.0,0.0,0.0,0.0,0.0,0.0,0.0,0.0,0.0,0.0,0.0,0.0,0.0,0.0,0.0,0.0,0.0,0.0,0.0,62.52558,0.0,0.0,0.0,0.0,0.0,0.0,0.0,0.0,0.0,0.0,0.0,0.0,88.85634,0.0,60.41902,0.0,158.74709,0.0,0.0,0.0,0.0,0.0,0.0,0.0,0.0,0.0,95.86576,0.0,112.783966,112.58478,181.41652,98.19577,87.28533,92.615486,34.063255,41.50687,66.611305,0.0,35.456192,0.0,92.20941,0.0,0.0,76.25737,62.694016,82.83213,83.54675,115.57578,0.0,117.97063,0.0,0.0,0.0,0.0,0.0,0.0,124.32729,0.0,0.0,0.0,0.0,0.0,0.0,0.0,0.0,73.49544,145.00891,50.523273,41.06016,120.19098,58.371418,46.496124,54.854015,69.134125,92.288124,12.774326,42.32133,112.783966,99.3685,98.58899,61.7171,68.45976,35.301476,52.578613,63.3211,45.230556,0.0,0.0,0.0,0.0,23.919014,0.0,0.0,111.515564,0.0,0.0,46.468895,33.57838,59.21991,68.28248,194.69368,157.5317,64.02576,83.17639,0.0,0.0,0.0,0.0,0.0,0.0,0.0,0.0,0.0,0.0,0.0,0.0,0.0,0.0,0.0,0.0,0.0,0.0,188.93205,0.0,0.0,0.0,15.590089,222.72827,87.32454,81.50539,0.0,86.82036,146.5119,0.0,0.0,0.0,0.0,0.0,0.0,0.0,0.0,0.0,0.0,0.0,0.0,0.0,0.0,0.0,0.0,0.0,0.0,39.58026,67.16813,0.0,0.0,0.0,0.0,0.0,0.0,0.0,0.0,0.0,0.0,0.0,0.0,0.0,0.0,0.0,0.0,0.0,0.0,0.0,0.0,0.0,0.0,0.0,0.0,0.0,0.0,0.0,0.0,0.0,0.0,0.0,0.0,0.0,0.0,0.0,0.0,0.0,0.0,0.0,0.0,0.0,0.0,0.0,0.0,0.0,0.0,0.0,0.0,0.0,0.0,0.0,0.0,0.0,0.0,0.0,0.0,0.0,0.0,0.0,0.0,0.0,0.0,0.0,81.70771,0.0,0.0,0.0,0.0,0.0,0.0,0.0,101.49474,81.70771,75.80483,0.0,0.0,0.0,102.9306,0.0,101.414925,62.52558,0.0,0.0,0.0,0.0,0.0,0.0,0.0,0.0,0.0,0.0,0.0,0.0,0.0,0.0,0.0,0.0,0.0,0.0,0.0,0.0,0.0,0.0,0.0,0.0,0.0,0.0,0.0,0.0,101.414925,0.0
C4x14_C4x15,0.0,0.0,0.0,0.0,128.87314,0.0,85.891,0.0,0.0,0.0,137.6413,0.0,0.0,0.0,34.81292,0.0,39.300426,47.499535,0.0,45.459705,0.0,0.0,0.0,38.174763,0.0,0.0,0.0,0.0,0.0,0.0,55.73096,0.0,0.0,0.0,0.0,0.0,76.56908,69.29994,0.0,11.499711,0.0,41.713093,0.0,0.0,0.0,0.0,0.0,0.0,0.0,41.713093,0.0,0.0,0.0,0.0,0.0,246.09819,0.0,0.0,41.08333,0.0,0.0,0.0,0.0,0.0,73.35547,0.0,0.0,0.0,61.91058,0.0,0.0,0.0,108.47012,0.0,0.0,145.40343,37.374107,8.768558,64.45815,0.0,0.0,0.0,0.0,0.0,0.0,0.0,0.0,0.0,67.80284,0.0,0.0,136.70404,0.0,0.0,80.22765,0.0,0.0,0.0,0.0,0.0,0.0,0.0,52.6983,0.0,0.0,0.0,70.42334,0.0,0.0,0.0,0.0,0.0,0.0,0.0,0.0,0.0,0.0,0.0,13.425031,0.0,114.01336,0.0,75.47241,0.0,0.0,0.0,0.0,0.0,0.0,0.0,0.0,151.6139,0.0,0.0,0.0,0.0,0.0,46.63499,122.264854,0.0,0.0,0.0,0.0,0.0,0.0,0.0,44.61177,22.819859,15.641121,0.0,0.0,0.0,0.0,20.856157,117.318405,27.97593,0.0,0.0,32.441505,0.0,0.0,0.0,0.0,151.04248,78.038086,71.394516,0.0,0.0,0.0,0.0,0.0,0.0,0.0,0.0,0.0,0.0,0.0,0.0,0.0,0.0,60.045734,0.0,0.0,42.280777,0.0,32.038795,0.0,0.0,0.0,0.0,0.0,0.0,0.0,157.22235,0.0,0.0,0.0,0.0,0.0,0.0,87.69802,0.0,63.161106,0.0,0.0,0.0,0.0,0.0,0.0,0.0,0.0,0.0,0.0,0.0,0.0,0.0,0.0,0.0,0.0,0.0,0.0,0.0,0.0,0.0,33.689827,0.0,39.1485,0.0,0.0,0.0,0.0,0.0,0.0,0.0,0.0,0.0,0.0,0.0,0.0,0.0,0.0,0.0,0.0,0.0,0.0,0.0,12.098925,0.0,0.0,82.61612,0.0,0.0,0.0,0.0,0.0,0.0,0.0,0.0,122.83797,57.69729,65.45033,43.54102,76.53468,102.322815,116.700516,93.044556,72.892815,73.534966,103.529976,94.41002,129.85661,102.671074,49.001965,95.44449,87.70452,40.9575,66.30149,124.13448,0.0,67.84692,51.250267,54.502125,54.5308,53.081802,0.0,24.815926,114.358345,70.627014,57.64513,126.39098,83.32909,0.0,126.5322,146.4329,0.0,43.82078,0.0,20.603151,44.141068,0.0,42.534866,22.363205,48.822292,5.215765,38.300686,0.0,41.623676,73.0672,51.174324,39.99227,57.053154,56.305164,64.81358,69.2201,12.405753,0.0,0.0,0.0,0.0,0.0,0.0,0.0,60.970924,121.13334,0.0,0.0,0.0,0.0,0.0,0.0,0.0,0.0,81.47748,61.821712,0.0,0.0,0.0,0.0,0.0,0.0,0.0,0.0,0.0,0.0,0.0,0.0,0.0,0.0,0.0,0.0,0.0,0.0,0.0,12.714222,0.0,0.0,78.931175,130.38785,176.81668,0.0,0.0,125.41959,175.08057,0.0,0.0,0.0,0.0,0.0,0.0,0.0,0.0,0.0,0.0,0.0,146.26404,0.0,183.19653,158.95807,0.0,0.0,0.0,39.560295,24.09825,0.0,0.0,0.0,0.0,0.0,0.0,0.0,0.0,0.0,0.0,0.0,0.0,0.0,0.0,0.0,0.0,0.0,0.0,0.0,0.0,0.0,45.739677,12.547294,47.418087,26.926502,67.739265,29.876348,21.170673,57.068993,13.520905,15.33533,8.449863,0.0,0.0,0.0,0.0,0.0,0.0,0.0,0.0,0.0,0.0,94.38238,0.0,0.0,0.0,0.0,0.0,0.0,0.0,0.0,0.0,0.0,0.0,26.849964,0.0,64.71292,55.957695,0.0,0.0,0.0,0.0,0.0,0.0,0.0,74.59773,0.0,0.0,0.0,0.0,0.0,161.8518,54.42385,16.087997,0.0,0.0,33.184444,45.490063,66.36894,62.90954,55.520283,0.0,0.0,0.0,0.0,0.0,0.0,0.0,0.0,0.0,0.0,0.0,0.0,0.0,0.0,0.0,0.0,19.147991,0.0,0.0,0.0,0.0,0.0,0.0,0.0,0.0,0.0,0.0,0.0,0.0,0.0
C4x14_C5x14,0.0,0.0,0.0,0.0,113.03927,0.0,75.33809,0.0,0.0,0.0,170.65303,0.0,0.0,0.0,84.66266,0.0,103.92465,67.329124,0.0,82.24152,0.0,0.0,0.0,37.569397,0.0,0.0,0.0,0.0,0.0,0.0,72.57089,0.0,0.0,0.0,0.0,0.0,109.47703,72.30492,0.0,78.90439,0.0,22.51679,0.0,0.0,0.0,0.0,0.0,0.0,0.0,22.51679,0.0,0.0,0.0,0.0,0.0,110.06049,35.396736,0.0,46.942616,0.0,0.0,0.0,0.0,0.0,73.90822,0.0,0.0,0.0,56.548244,0.0,0.0,0.0,70.02919,0.0,0.0,198.25386,24.388382,69.25184,0.0,0.0,0.0,0.0,65.729065,0.0,0.0,0.0,0.0,0.0,45.428852,0.0,70.221146,91.59362,0.0,0.0,54.160713,0.0,0.0,0.0,0.0,0.0,0.0,3.4269319,31.406157,0.0,57.89827,0.0,0.0,57.89827,0.0,0.0,0.0,0.0,0.0,0.0,15.339703,0.0,0.0,0.0,0.0,0.0,0.0,0.0,123.5669,0.0,0.0,0.0,0.0,0.0,0.0,0.0,0.0,160.12096,0.0,0.0,0.0,0.0,0.0,29.381357,114.93378,0.0,0.0,0.0,0.0,0.0,0.0,0.0,0.0,55.95393,43.831985,36.685204,0.0,0.0,0.0,0.0,79.706375,28.67807,0.0,0.0,25.912512,0.0,0.0,0.0,0.0,117.53187,58.20613,61.659973,0.0,0.0,0.0,0.0,0.0,0.0,0.0,0.0,0.0,0.0,0.0,0.0,0.0,0.0,50.650867,0.0,0.0,58.356434,0.0,37.20098,0.0,0.0,0.0,0.0,0.0,0.0,0.0,95.27712,0.0,0.0,0.0,0.0,0.0,0.0,60.54275,0.0,71.0822,0.0,0.0,0.0,0.0,0.0,0.0,0.0,12.2552805,0.0,0.0,0.0,0.0,0.0,0.0,0.0,0.0,0.0,0.0,0.0,0.0,17.454884,0.0,0.0,0.0,0.0,0.0,0.0,0.0,0.0,75.52697,0.0,0.0,0.0,0.0,0.0,0.0,0.0,40.271362,0.0,0.0,0.0,39.921722,0.0,50.83322,0.0,0.0,58.659428,0.0,0.0,0.0,0.0,0.0,0.0,0.0,0.0,71.131485,51.116062,74.78483,50.797054,99.95729,124.53611,93.38251,107.57118,119.959564,0.0,60.135822,28.89435,117.33126,0.0,45.938698,64.43341,72.519424,73.08779,86.33547,130.04243,0.0,92.3853,16.57384,40.237484,7.1534634,51.594776,0.0,41.410072,107.46445,66.04385,64.59684,65.729065,49.540497,39.925632,50.71015,71.594986,0.0,41.179123,58.562454,58.730515,67.358765,83.16854,70.1198,43.374138,56.691895,59.647873,77.99828,15.345405,58.603775,71.131485,99.12693,81.50612,67.0262,95.25911,70.9759,88.235855,48.405754,62.837437,0.0,0.0,0.0,0.0,0.0,0.0,25.537735,105.066,0.0,0.0,0.0,14.377996,34.38526,69.12085,0.0,0.0,31.083828,36.586536,0.0,0.0,0.0,0.0,0.0,0.0,0.0,0.0,0.0,0.0,0.0,0.0,0.0,0.0,0.0,0.0,0.0,0.0,131.62204,0.0,0.0,0.0,0.0,165.6775,122.06626,36.685204,0.0,143.41383,201.69713,0.0,0.0,0.0,0.0,0.0,0.0,0.0,0.0,0.0,0.0,60.327366,111.61917,132.48587,0.0,120.02012,0.0,0.0,0.0,51.66729,39.33397,0.0,0.0,0.0,0.0,0.0,0.0,0.0,0.0,0.0,0.0,0.0,0.0,0.0,0.0,0.0,0.0,0.0,0.0,0.0,0.0,0.0,51.66729,12.226968,54.667355,54.788883,28.962934,24.835003,37.778614,50.24713,0.0,0.0,0.0,0.0,0.0,0.0,0.0,0.0,0.0,0.0,0.0,0.0,0.0,0.0,0.0,0.0,0.0,0.0,0.0,0.0,0.0,0.0,0.0,0.0,0.0,0.0,0.0,0.0,0.0,0.0,0.0,0.0,0.0,0.0,0.0,0.0,8.759194,0.0,0.0,0.0,0.0,0.0,149.51863,53.702225,18.680141,0.0,0.0,44.48836,59.4118,47.380943,49.91761,70.90948,0.0,0.0,0.0,0.0,0.0,0.0,0.0,0.0,0.0,0.0,0.0,0.0,0.0,10.900682,0.0,0.0,20.147423,0.0,10.900682,0.0,0.0,0.0,0.0,0.0,0.0,0.0,0.0,0.0,0.0,0.0
C4x15_C4x16,33.938347,0.0,35.29143,0.0,44.644905,17.162931,44.05155,22.362217,0.0,36.88699,113.31035,0.0,54.00814,13.730832,17.87125,14.768337,40.225838,25.979588,35.33203,29.362104,25.098799,0.0,0.0,35.776783,33.1674,0.0,17.321867,0.0,17.321867,28.230757,0.0,0.0,14.3091,0.0,0.0,14.3091,0.0,27.427319,0.0,15.752391,10.910661,32.998516,0.0,0.0,0.0,0.0,19.924788,0.0,19.924788,27.898819,0.0,0.0,24.335907,0.0,0.0,120.28839,0.0,0.0,12.292662,0.0,47.477196,0.0,0.0,30.344421,62.673717,58.102604,30.344421,0.0,41.762848,0.0,0.0,0.0,39.029892,0.0,30.48591,79.02345,38.130943,40.630985,25.683668,0.0,0.0,0.0,87.16696,0.0,0.0,31.481665,31.481665,0.0,0.0,0.0,0.0,44.81546,0.0,0.0,0.0,0.0,26.300377,26.300377,0.0,0.0,0.0,38.30792,36.950428,19.823442,54.887478,19.823442,27.086208,66.38449,0.0,0.0,0.0,0.0,0.0,0.0,0.0,0.0,0.0,0.0,9.1216755,71.75243,24.230633,51.874554,57.164917,0.0,84.7675,36.319054,0.0,0.0,23.309912,0.0,0.0,81.1033,30.367805,30.367805,0.0,22.972776,48.175728,0.0,58.114582,14.418152,0.0,9.573673,0.0,0.0,14.862393,13.255021,28.426458,29.782143,8.493997,0.0,0.0,10.482702,0.0,46.709816,34.80716,15.2673235,0.0,0.0,9.707424,13.040536,0.0,33.182045,40.950977,142.10602,92.666374,0.0,3.6651795,3.6651795,7.7693152,0.0,10.118615,0.0,19.310308,0.0,0.0,24.669321,0.0,30.637102,37.81019,27.112545,37.963165,31.424925,38.782467,0.0,10.112691,25.421375,12.480382,21.463285,0.0,26.21925,0.0,27.512896,0.0,76.93995,0.0,0.0,11.3544855,0.0,0.0,34.11388,0.0,0.0,36.464558,22.34673,14.735792,0.0,16.34229,20.168524,0.0,0.0,70.091324,0.0,0.0,0.0,0.0,9.714675,24.826576,0.0,0.0,18.201992,15.8079605,0.0,24.8573,83.241806,71.30423,14.933893,0.0,0.0,0.0,33.545464,0.0,39.345642,131.76018,33.874657,14.474541,0.0,0.0,20.669888,25.509344,29.100937,62.003395,22.393463,39.08386,2.4700937,3.4586415,24.4291,8.912406,9.3534975,0.0,60.556,14.063871,0.0,0.0,0.0,5.993375,0.0,23.948961,0.0,87.78646,46.785244,36.281033,42.77235,20.669888,32.092297,32.262497,28.247042,22.220818,27.075548,31.226778,23.309912,40.029408,31.481665,33.003937,26.300377,35.509315,17.996176,29.875496,34.210766,15.289119,40.1855,16.85628,27.222574,31.461107,27.213787,23.840054,29.795563,45.668488,65.55594,110.791626,113.383766,94.72293,50.652164,51.535385,109.37211,0.0,52.216267,0.0,13.504219,31.158392,17.603168,29.580969,17.324913,32.330814,21.50477,27.853493,5.5189037,29.842384,46.46276,35.66428,28.62032,37.28703,45.084015,43.66301,48.462994,12.263304,18.264158,0.0,0.0,0.0,0.0,0.0,0.0,38.43314,82.273094,32.181744,12.6504,0.0,0.0,0.0,0.0,0.0,0.0,100.83172,36.866833,0.0,0.0,0.0,0.0,0.0,0.0,0.0,0.0,0.0,0.0,0.0,0.0,0.0,0.0,0.0,0.0,0.0,0.0,0.0,0.0,0.0,21.201221,37.71069,42.55067,53.51747,8.493997,24.752579,69.03949,106.329575,0.0,12.158458,12.012325,13.738626,27.368456,0.0,0.0,27.696152,35.481888,35.30824,46.061028,83.08924,100.37511,89.62708,86.60661,0.0,0.0,0.0,50.630676,24.099804,0.0,0.0,0.0,0.0,0.0,0.0,0.0,0.0,0.0,0.0,0.0,0.0,0.0,0.0,0.0,0.0,21.741236,0.0,0.0,0.0,0.0,34.232517,9.925952,27.06535,16.748175,52.044518,18.80478,16.088997,41.11663,0.0,38.39965,23.115477,0.0,21.62208,20.669888,5.993375,1.2618985,17.906609,11.882283,9.714675,11.015533,15.499767,52.486935,18.201992,15.8079605,24.669321,43.744568,22.393463,14.063871,19.310308,24.4291,0.0,14.735792,27.112545,28.146381,0.0,45.789684,33.15898,52.37811,30.503445,0.0,18.944271,27.448193,0.0,0.0,26.090004,0.0,0.0,0.0,0.0,0.0,98.90955,51.96015,13.970615,0.0,0.0,0.0,0.0,52.20509,37.158638,64.72913,0.0,11.417365,34.74507,24.835625,18.209278,0.0,14.933893,24.4291,14.113931,35.396282,28.681143,21.006237,0.0,12.801031,0.0,0.0,0.0,0.0,10.584044,30.76194,3.8225873,11.882283,19.35242,23.768454,10.98914,41.36729,0.0,0.0,31.102419,0.0
C4x15_C5x15,47.894886,0.0,0.0,0.0,56.478058,0.0,0.0,31.726988,0.0,0.0,225.47116,0.0,52.28952,0.0,44.42588,0.0,47.680195,0.0,53.21637,35.46042,31.941694,0.0,0.0,46.78229,28.075245,0.0,0.0,0.0,0.0,0.0,0.0,0.0,0.0,0.0,0.0,0.0,67.3991,44.318672,0.0,20.885359,0.0,0.0,36.323715,0.0,0.0,0.0,0.0,0.0,0.0,34.35569,0.0,0.0,0.0,0.0,0.0,133.50346,0.0,0.0,14.70244,0.0,42.505234,0.0,0.0,0.0,60.14502,51.43072,0.0,0.0,72.25838,0.0,0.0,0.0,80.29783,0.0,40.81105,116.85484,69.99068,28.638983,41.305775,0.0,0.0,0.0,54.28285,0.0,0.0,0.0,0.0,0.0,0.0,0.0,0.0,44.898647,0.0,0.0,0.0,0.0,0.0,0.0,0.0,0.0,0.0,23.85609,45.871807,0.0,34.641693,0.0,19.014399,102.17799,0.0,0.0,0.0,0.0,0.0,0.0,0.0,0.0,0.0,0.0,33.854794,102.12997,90.44593,0.0,72.27381,0.0,65.10211,0.0,0.0,0.0,0.0,0.0,0.0,163.29762,0.0,0.0,0.0,0.0,0.0,42.447876,109.234726,0.0,0.0,0.0,0.0,0.0,0.0,0.0,24.65096,32.099407,16.908676,0.0,0.0,15.99256,0.0,44.172882,57.520004,25.27967,0.0,0.0,10.664448,0.0,0.0,0.0,58.093166,184.96858,66.71825,36.905067,0.0,0.0,10.854918,0.0,0.0,0.0,0.0,0.0,0.0,0.0,0.0,0.0,46.570194,0.0,44.427464,0.0,55.79134,50.993725,0.0,41.07735,17.436996,30.010763,0.0,13.99469,0.0,0.0,0.0,149.80283,0.0,0.0,0.0,0.0,0.0,36.477367,0.0,0.0,43.84979,0.0,0.0,0.0,0.0,28.178501,0.0,0.0,46.652145,0.0,0.0,0.0,0.0,0.0,0.0,0.0,0.0,0.0,0.0,0.0,0.0,116.67183,65.67514,0.0,0.0,0.0,0.0,33.17279,0.0,0.0,188.86423,49.796486,0.0,0.0,0.0,0.0,34.871082,0.0,28.51967,0.0,40.332905,0.0,4.259105,0.0,0.0,0.0,0.0,71.79531,0.0,0.0,0.0,0.0,0.0,0.0,0.0,0.0,63.027035,30.654858,21.586296,44.13153,42.21928,87.01397,43.133266,78.96392,31.286053,19.006916,47.357292,25.68401,82.67282,39.4502,57.674835,29.762146,6.9198647,12.95517,26.18723,80.76768,30.191341,55.217396,27.784052,65.689186,36.93131,46.129307,50.70945,69.70427,50.117012,61.09317,161.43758,77.03553,58.117393,13.512618,51.136555,157.71736,0.0,28.016737,0.0,17.47825,41.311455,23.339218,44.090008,18.51322,31.661423,28.638983,36.929646,7.3172565,38.712513,63.027035,45.306835,38.457855,47.008835,58.231678,54.75605,65.46037,17.754314,24.215595,35.368156,35.860054,44.535263,16.183657,0.0,0.0,49.796486,109.08278,0.0,0.0,0.0,0.0,0.0,0.0,0.0,0.0,51.432625,46.768353,0.0,0.0,0.0,0.0,0.0,0.0,0.0,0.0,0.0,0.0,0.0,0.0,0.0,0.0,0.0,0.0,0.0,0.0,36.13297,0.0,0.0,0.0,29.660194,74.023705,58.857594,0.0,0.0,106.55001,161.33661,0.0,0.0,0.0,0.0,0.0,0.0,0.0,0.0,0.0,0.0,124.637985,114.058334,236.30182,130.20244,161.11392,0.0,0.0,0.0,36.868633,16.46785,0.0,0.0,0.0,0.0,0.0,0.0,0.0,0.0,0.0,0.0,0.0,0.0,0.0,0.0,0.0,0.0,0.0,0.0,0.0,0.0,0.0,32.42259,0.0,25.605453,32.475346,11.008696,26.847374,9.949013,20.694408,23.18565,40.05609,36.774544,0.0,42.697006,0.0,0.0,0.0,0.0,0.0,0.0,0.0,0.0,52.342495,0.0,0.0,0.0,0.0,0.0,0.0,0.0,0.0,0.0,0.0,0.0,43.81607,0.0,23.464071,56.313076,46.37378,23.5197,0.0,0.0,0.0,0.0,0.0,31.758,0.0,0.0,35.07306,0.0,0.0,151.00615,82.14784,0.0,0.0,0.0,0.0,0.0,53.476963,49.05756,85.32365,0.0,0.0,0.0,0.0,0.0,0.0,0.0,0.0,0.0,44.44281,0.0,0.0,0.0,19.44109,0.0,0.0,0.0,0.0,6.591168,0.0,0.0,0.0,0.0,33.725716,0.0,61.72002,0.0,0.0,25.496056,0.0
C4x16_C4x17,50.980984,0.0,0.0,0.0,70.1683,26.303707,42.842278,8.447484,0.0,34.507732,82.48403,0.0,30.875473,12.337567,0.0,21.235933,47.92438,9.875488,13.430586,47.466347,36.50751,35.053856,0.0,15.063635,52.285885,0.0,30.187271,0.0,30.187271,30.56216,0.0,0.0,25.143976,29.197517,0.0,25.143976,6.918209,42.65668,0.0,25.609734,5.0536923,24.749247,0.0,0.0,0.0,0.0,0.0,0.0,0.0,18.442612,30.88611,0.0,26.59814,0.0,0.0,62.814747,18.361357,12.110721,37.93331,0.0,33.843525,36.69224,37.88695,32.627045,24.172989,56.511692,32.627045,0.0,8.715343,42.43245,0.0,0.0,32.28292,0.0,28.725763,74.460915,0.0,44.27524,18.446835,0.0,0.0,0.0,85.3532,34.302814,0.0,29.540495,29.540495,0.0,0.0,0.0,0.0,23.847546,26.266413,0.0,0.0,0.0,22.6198,22.6198,0.0,0.0,0.0,0.0,0.0,26.416584,58.9894,20.416061,23.707397,51.24617,0.0,23.707397,0.0,0.0,0.0,0.0,0.0,0.0,0.0,0.0,30.847921,31.507668,33.927696,26.469883,58.599934,0.0,41.046207,33.65622,0.0,0.0,0.0,24.609364,33.434402,33.434402,28.79265,28.79265,0.0,20.839552,46.93484,17.23145,62.56835,15.3327675,0.0,25.95245,0.0,0.0,17.556204,17.693459,45.420353,33.84628,21.589397,0.0,0.0,17.72709,0.0,36.746693,25.983833,15.544948,0.0,8.440379,29.062714,19.319939,0.0,41.24097,14.39075,58.65249,32.56427,119.17633,22.629827,22.629827,10.354679,0.0,27.265966,0.0,18.340948,0.0,0.0,10.386219,0.0,0.0,9.470683,40.05484,51.827435,27.324461,30.24976,9.832003,0.0,15.153094,8.748643,52.113323,0.0,28.596077,0.0,41.573345,0.0,79.267334,0.0,0.0,29.076918,0.0,0.0,14.059482,0.0,0.0,0.0,30.450068,29.362623,35.64528,0.0,13.633753,0.0,0.0,122.042496,0.0,14.363866,0.0,12.369705,7.706151,4.204987,0.0,1.9662641,1.6932844,36.850777,42.791607,23.07499,83.80578,71.78732,32.86063,0.0,38.158195,0.0,63.210968,0.0,35.831856,58.49445,12.936693,20.824081,0.0,0.0,18.179163,20.394106,28.716278,80.0829,27.716457,21.568989,0.0,16.185661,24.237204,51.03529,4.579288,0.0,39.51974,32.84033,38.134624,0.0,0.0,0.0,0.0,49.352615,0.0,83.53712,54.93909,43.764847,24.608322,31.60574,46.242718,34.28486,36.23101,2.9438927,35.49474,40.653778,0.0,62.110725,51.358208,44.01784,39.326096,57.095196,13.39768,43.714554,50.05802,21.505592,82.893394,29.862272,34.880344,44.040043,0.0,0.0,0.0,65.19241,79.86662,95.09935,41.77657,64.12402,46.443237,35.558956,40.718956,58.806335,33.437805,0.0,26.391602,30.315788,29.490877,37.361134,8.752269,35.862656,31.307323,37.860943,16.575317,23.522236,39.87377,35.56512,26.416584,39.718678,30.688107,35.842648,42.863102,27.934778,30.92933,0.0,0.0,0.0,0.0,0.0,0.0,32.512848,0.0,30.816452,23.903738,0.0,0.0,0.0,0.0,0.0,0.0,77.21475,0.0,0.0,0.0,0.0,0.0,0.0,0.0,0.0,0.0,0.0,0.0,0.0,0.0,0.0,0.0,0.0,0.0,0.0,0.0,18.714575,7.0810127,18.02976,22.899158,17.821648,41.869453,24.75273,21.589397,30.642256,35.36661,55.81676,0.0,38.94347,35.305153,12.601874,41.063316,0.0,0.0,14.187807,29.931835,27.717875,55.260635,45.13366,34.70104,65.99802,52.24074,0.0,0.0,0.0,46.96494,64.356384,0.0,0.0,0.0,0.0,0.0,0.0,0.0,0.0,0.0,0.0,0.0,0.0,0.0,0.0,0.0,0.0,50.362698,21.42496,0.0,0.0,0.0,27.368076,0.0,18.295952,11.740329,40.593964,25.02519,32.31594,52.0247,14.175608,40.75225,18.861502,0.0,0.0,18.179163,0.0,12.2544985,29.669954,25.318426,7.706151,23.502708,30.045872,28.719687,1.6932844,36.850777,10.386219,40.022152,27.716457,32.84033,18.340948,24.237204,12.369705,29.362623,40.05484,14.8928995,0.0,38.627293,35.014355,54.588154,25.49793,0.0,38.855366,32.512848,0.0,0.0,18.02976,0.0,0.0,0.0,0.0,0.0,53.24789,36.358326,24.73941,0.0,0.0,0.0,0.0,0.0,25.97115,44.696903,13.903153,0.0,12.38147,14.962267,14.592998,26.069893,42.518757,31.360807,13.662477,0.0,17.353655,6.2767386,0.0,43.252342,27.65343,0.0,0.0,0.0,15.939815,35.72519,0.0,25.318426,25.110561,19.738207,9.077765,24.9218,29.40009,0.0,36.728752,41.38605
C4x16_C5x16,42.262177,0.0,27.05808,0.0,49.05332,9.875835,25.347996,35.054523,0.0,38.464996,95.31275,0.0,36.89364,20.642149,0.0,17.230652,34.737404,23.46524,50.29767,42.614445,44.609425,0.0,0.0,37.124622,37.124622,24.493689,24.493689,0.0,42.424313,24.79787,0.0,20.401604,20.401604,0.0,0.0,2.529821,0.0,34.888836,4.100522,25.185577,17.444418,26.862082,0.0,0.0,0.0,0.0,16.219555,0.0,16.219555,16.219555,0.0,18.212141,31.05559,0.0,0.0,90.140816,21.003468,14.547743,35.688793,0.0,53.7647,0.0,0.0,26.473299,40.12508,40.12508,45.853096,0.0,26.842123,0.0,0.0,0.0,29.52767,22.828592,34.60087,64.13116,34.81553,51.911552,0.0,0.0,0.0,0.0,63.8862,0.0,0.0,24.146713,24.146713,0.0,0.0,0.0,0.0,21.043247,0.0,0.0,0.0,18.35351,18.35351,7.721021,10.270384,0.0,0.0,31.681742,37.96813,11.439312,30.265574,17.685625,0.0,37.90909,0.0,0.0,0.0,0.0,0.0,0.0,21.594322,0.0,0.0,0.0,36.51378,70.56311,0.0,36.317833,64.820274,0.0,54.6658,26.84129,0.0,0.0,2.0725973,21.17126,0.0,71.53637,23.362104,22.561491,0.0,31.486948,60.822758,17.327755,63.66499,0.0,0.0,21.05759,0.0,0.0,15.665995,17.393543,32.383595,33.287834,18.951378,0.0,0.0,27.457249,0.0,27.82611,47.67399,7.991635,0.0,13.224824,25.585323,0.0,0.0,31.359472,47.530964,119.57728,75.58891,78.958595,21.407364,21.407364,9.279921,0.0,14.419458,0.0,14.881683,0.0,0.0,12.38553,0.0,22.591335,0.0,32.01698,66.370895,24.830137,37.63457,0.0,0.0,0.0,0.0,41.80587,0.0,32.51232,0.0,29.058414,0.0,89.17595,0.0,0.0,23.592756,0.0,0.0,47.221466,0.0,0.0,0.0,24.828756,22.819939,0.0,0.0,0.0,0.0,0.0,70.68245,0.0,0.0,0.0,14.912655,13.103226,27.890274,0.0,0.0,15.201507,31.430218,0.0,21.45284,51.294014,46.807198,26.662827,0.0,0.0,34.386314,55.559326,0.0,33.542572,105.44155,39.984642,17.704685,0.0,0.0,22.707287,17.496311,29.93716,68.268745,25.803164,40.829338,11.838292,11.838292,28.545216,58.347042,18.017134,0.0,38.02388,26.646357,0.0,0.0,0.0,0.0,0.0,0.0,0.0,54.27087,46.839664,39.573036,34.80779,22.707287,31.05559,26.356358,31.486948,15.201507,17.685625,24.120985,2.0725973,34.935165,24.146713,32.630085,18.35351,26.646357,13.103226,20.401604,23.362104,14.912655,74.84162,11.197305,32.447853,36.598606,23.661886,19.738823,33.887955,42.137596,0.0,129.83939,89.74323,28.695807,44.56983,9.402287,83.85162,0.0,40.139416,0.0,26.012442,36.398838,27.961359,0.0,14.139315,37.25361,27.47524,47.210705,0.0,32.7839,28.723957,30.737045,16.515636,30.343882,34.824947,38.32742,0.0,26.046848,31.992476,0.0,0.0,0.0,0.0,0.0,0.0,47.903126,61.55294,19.895226,22.159117,0.0,0.0,0.0,0.0,0.0,0.0,77.88701,47.28004,11.5435295,0.0,14.034368,18.14368,18.727936,0.0,0.0,9.528295,24.830137,23.592756,19.07216,15.5350485,18.576082,3.4118898,14.881683,18.121763,4.3489156,0.0,0.0,0.0,15.292513,0.0,16.086723,41.89867,24.80792,18.040966,34.69269,72.34639,68.231476,0.0,23.875666,25.513777,18.53076,27.914778,0.0,0.0,32.35429,12.553277,37.29166,77.52706,46.594826,124.11342,116.98382,75.18937,0.0,0.0,0.0,55.62126,51.343754,31.702013,20.35011,17.077555,36.314934,10.941584,15.175186,7.1108503,13.168585,36.000885,0.0,0.0,0.0,0.0,0.0,0.0,0.0,35.759098,25.829475,0.0,0.0,0.0,37.606766,0.0,0.0,0.0,15.949413,18.139559,21.70096,46.19059,24.697657,0.0,0.0,0.0,0.0,22.707287,0.0,24.819765,33.75535,32.630085,21.2858,28.352724,42.225594,31.044395,0.0,21.412216,12.38553,23.47628,25.803164,11.992157,8.87667,28.545216,14.912655,22.819939,22.943071,9.692127,0.0,23.551746,40.031025,47.59185,35.95706,0.0,20.240158,9.352965,0.0,0.0,27.76882,0.0,0.0,0.0,0.0,0.0,98.27973,45.414574,29.82531,0.0,0.0,0.0,0.0,0.0,63.861927,105.588646,0.0,14.642252,18.324753,25.331388,15.957071,0.0,12.5351,28.545216,0.0,21.251318,19.318308,0.0,0.0,15.096051,0.0,32.40849,0.0,0.0,10.67452,34.935165,7.0427213,32.630085,19.73873,24.549713,14.264257,48.76662,0.0,0.0,33.603287,39.72308
C4x17_C5x17,32.59269,0.0,0.0,0.0,64.49096,0.0,0.0,28.765053,0.0,37.4618,52.324005,0.0,60.935974,34.675327,0.0,0.0,0.0,0.0,39.812504,61.412163,51.070744,12.693804,0.0,32.102886,32.102886,0.0,10.931501,0.0,10.931501,0.0,0.0,0.0,0.0,0.0,0.0,0.0,32.03606,64.43243,0.0,41.684944,32.216213,0.0,0.0,0.0,0.0,0.0,0.0,0.0,0.0,27.405674,48.57393,0.0,41.83033,0.0,0.0,46.298424,31.668575,24.475063,44.671795,0.0,0.0,44.87616,0.0,0.0,30.975225,30.975225,0.0,0.0,0.0,27.264986,0.0,0.0,0.0,0.0,35.337746,61.20677,0.0,89.648895,38.40255,0.0,0.0,0.0,108.624794,43.65549,0.0,37.594723,37.594723,0.0,0.0,0.0,0.0,0.0,16.545172,0.0,0.0,0.0,14.2481785,14.2481785,0.0,0.0,0.0,0.0,0.0,19.320457,43.14344,14.931819,17.339024,41.981846,0.0,17.339024,0.0,0.0,0.0,0.0,0.0,0.0,0.0,0.0,31.191023,52.8903,32.749638,0.0,56.56519,0.0,37.826096,41.64463,0.0,0.0,0.0,27.224781,14.807085,20.67054,12.751392,12.751392,0.0,40.219196,40.219196,0.0,50.94759,22.784452,0.0,0.0,0.0,0.0,29.296846,34.280434,42.590717,48.237797,26.903008,0.0,0.0,22.090105,0.0,12.151094,27.073948,0.0,0.0,27.004215,41.077385,0.0,23.692068,36.679657,36.861797,88.665985,50.582127,37.95896,36.52652,36.52652,15.387029,0.0,0.0,0.0,0.0,0.0,0.0,24.906982,0.0,14.144303,0.0,26.289707,34.2604,19.664625,45.77497,0.0,0.0,22.517462,13.000463,51.412346,0.0,40.412445,0.0,36.398087,0.0,78.80072,0.0,0.0,0.0,0.0,0.0,44.204327,0.0,0.0,0.0,0.0,40.553078,37.66231,0.0,20.259724,0.0,0.0,100.800095,0.0,25.682728,0.0,22.117151,26.755922,56.950096,0.0,0.0,0.0,40.06213,46.52067,26.08513,55.911274,44.05654,25.595844,0.0,29.722233,0.0,46.86886,0.0,49.32971,70.15621,26.191303,16.233353,0.0,0.0,37.32619,0.0,46.8021,77.46289,26.809683,43.07633,24.173008,31.277744,52.254066,84.21361,30.886433,0.0,36.058514,22.244038,25.830069,0.0,0.0,0.0,0.0,0.0,0.0,87.6053,69.22495,41.675392,31.626549,64.89418,72.72494,78.92937,69.92387,0.0,25.960007,77.32291,0.0,97.45551,65.361046,86.59152,24.771448,38.672806,46.51703,0.0,22.169182,38.4522,106.82247,0.0,0.0,58.0766,0.0,0.0,0.0,55.83216,0.0,135.03802,90.56673,34.324253,53.586494,0.0,30.718454,47.142372,43.545376,0.0,39.964325,41.72507,42.452286,0.0,0.0,34.68937,42.791035,69.98198,0.0,48.296806,41.81559,47.64621,19.320457,41.966206,57.546753,60.742184,0.0,34.810123,42.75611,0.0,0.0,0.0,0.0,0.0,0.0,26.191303,6.053943,32.317184,33.044067,0.0,0.0,0.0,0.0,0.0,0.0,61.332108,0.0,0.0,0.0,0.0,0.0,0.0,0.0,0.0,0.0,0.0,0.0,0.0,0.0,0.0,0.0,0.0,0.0,0.0,0.0,26.939737,29.009651,23.776255,0.0,0.0,0.0,0.0,26.903008,35.98964,45.86168,51.085003,0.0,48.624058,43.994503,43.753975,51.682087,0.0,0.0,0.0,0.0,0.0,50.276268,0.0,50.26779,75.54293,45.300953,0.0,0.0,0.0,96.430305,72.00034,0.0,0.0,0.0,0.0,0.0,0.0,0.0,0.0,0.0,0.0,0.0,0.0,0.0,0.0,0.0,0.0,27.711237,38.308025,0.0,0.0,0.0,36.397408,0.0,0.0,0.0,19.175312,0.0,26.090157,55.533012,21.566813,55.576077,28.028145,0.0,0.0,37.32619,0.0,49.953472,44.45051,49.806187,26.755922,36.378605,20.138763,32.578083,0.0,40.06213,24.906982,15.559494,26.809683,22.244038,0.0,52.254066,22.117151,40.553078,26.289707,9.895041,0.0,0.0,42.97853,69.18869,39.495834,0.0,28.03895,0.0,0.0,0.0,23.776255,0.0,0.0,0.0,0.0,0.0,62.99213,74.65238,44.234303,0.0,0.0,0.0,0.0,0.0,26.47178,46.86886,35.09295,0.0,0.0,0.0,0.0,0.0,33.118767,67.61215,0.0,0.0,3.5844367,0.0,0.0,33.497803,34.52754,0.0,0.0,0.0,23.686523,56.054996,0.0,49.806187,31.604029,10.114117,13.027406,24.613293,57.8356,0.0,26.47178,66.38044
C4x8_C4x9,6.115498,10.592354,8.466012,0.0,19.317442,9.008613,9.008613,0.0,30.971678,10.441903,30.851877,20.883806,0.0,33.210854,0.0,8.5251875,56.77303,16.530283,13.069501,80.37494,36.255386,69.616646,0.0,12.119749,17.139914,20.992023,12.119749,12.119749,51.419746,3.5097444,16.239605,0.0,33.41791,0.0,26.905115,0.0,27.50204,31.668783,12.770749,58.06822,31.668783,25.41087,55.35168,42.09969,19.732431,15.284676,52.290565,8.824611,0.0,50.068203,19.44996,33.68832,19.44996,10.790111,0.0,6.824265,0.0,0.0,15.942025,33.194874,25.463575,34.631542,138.9553,53.923313,53.923313,34.211388,102.63417,2.3906662,3.3809125,84.41961,0.0,0.0,26.87841,0.0,0.0,57.896687,0.0,27.451805,0.0,12.955737,19.366785,0.0,0.0,10.393906,0.0,10.393906,0.0,9.3187685,19.544683,0.0,0.0,41.251152,11.089467,30.966667,0.0,19.207521,11.089467,0.0,0.0,0.0,15.819742,0.0,30.673761,5.1819906,0.0,12.355653,0.0,24.380615,10.212426,7.221276,19.69845,14.912582,4.8913717,2.1874878,27.857815,0.0,0.0,21.089577,24.706558,2.7888825,0.0,0.0,39.913414,0.0,45.711143,11.482424,9.244621,4.607281,2.0604386,37.4527,13.764933,59.679707,13.764933,0.0,13.764933,14.820738,0.0,8.857276,13.898506,11.36422,0.0,26.302574,2.6729662,0.0,6.4847317,0.0,28.130713,61.544884,54.417873,14.666297,14.666297,66.03237,23.20386,17.001797,81.88546,21.745153,0.0,11.109089,7.2310343,34.2996,25.92311,19.95593,22.779749,58.869816,21.36653,39.66801,35.348915,0.0,11.643455,0.0,18.951324,50.25648,43.87352,22.475382,49.14503,29.763624,31.925829,0.0,0.0,6.01488,34.126633,8.538345,0.0,4.6832447,7.5166545,10.630156,16.807753,35.865273,21.66337,89.139145,19.429329,0.0,19.429329,68.66808,0.0,25.841381,5.1564126,35.04287,37.360664,13.83657,0.0,7.2479486,0.0,8.543195,8.876013,38.162582,0.0,0.0,64.85503,0.0,0.0,44.120277,0.0,0.0,11.435603,0.0,19.523006,42.05328,15.975591,15.975591,11.533248,11.533248,28.725779,32.731876,24.178457,12.374327,25.508911,12.162473,34.43849,51.521084,19.582945,10.557062,18.041647,26.943787,11.347164,3.403415,38.22371,17.391077,28.79112,30.495565,0.0,6.9984674,13.996935,0.0,0.0,8.406458,40.243755,22.657328,45.484642,33.093784,15.011847,7.632975,43.407997,40.50197,33.329723,50.95902,0.0,0.0,0.0,16.709122,82.887375,61.470577,27.004967,40.793297,21.721388,31.084213,33.50634,15.145514,0.0,4.3214526,16.662212,21.799616,20.632553,23.25845,16.00899,0.0,25.624134,28.869825,8.768573,164.39363,0.0,40.377167,36.86314,12.7785015,10.025355,17.001797,29.11133,22.592896,11.235116,14.699202,15.682875,10.794656,16.239605,19.466555,13.125725,26.715414,33.38429,28.551374,39.134544,21.003082,30.661022,21.924597,23.628366,33.595745,43.915638,35.752804,43.471466,0.0,27.359827,24.380615,47.368107,0.0,27.360712,26.378359,55.395683,0.0,42.591805,50.25648,18.797413,0.0,7.412714,13.501591,75.43616,64.4574,0.0,0.0,0.0,0.0,0.0,0.0,11.4544935,0.0,0.0,23.539278,22.301508,31.37269,25.67027,0.0,0.0,0.0,13.019229,0.0,0.0,8.931169,25.193995,9.089417,12.93758,33.81484,38.928505,14.560413,0.0,19.184082,25.911667,0.0,0.0,73.96174,53.8393,39.1144,0.0,43.410446,55.934383,82.8134,57.5214,29.269457,32.449646,47.550533,0.0,21.647243,0.0,0.0,0.0,0.0,0.0,16.400934,25.844131,29.898184,34.146843,19.841309,0.0,0.0,0.0,61.20459,69.800316,0.0,0.0,0.0,0.0,0.0,0.0,0.0,0.0,0.0,32.205902,16.756266,31.037521,44.918907,0.0,62.761158,23.47453,7.2922683,0.0,28.401175,0.0,24.847708,27.004967,37.989292,0.0,15.765026,4.1492524,10.814781,0.0,40.9465,5.55719,0.0,0.0,26.165813,4.796119,54.62731,76.84708,66.09669,64.77428,22.264435,0.0,33.69256,58.623108,0.0,0.0,0.0,0.0,0.0,0.0,0.0,0.0,0.0,0.0,0.0,0.0,21.012186,0.0,16.881622,9.287574,28.310957,34.43154,0.0,0.0,0.0,41.520874,77.21042,48.28495,0.0,13.890572,55.926,0.0,29.269457,71.94503,18.209105,7.859053,7.632975,40.772205,16.306463,20.63015,0.0,31.65247,19.856684,18.918055,24.57141,13.9638815,24.7116,0.0,15.287409,5.189822,2.1594748,5.2671895,0.0,0.0,24.273388,0.0,16.828203,64.316025,7.9426885,7.13186,27.874456,0.0,10.0364685,28.372122,26.908102,32.22782,29.50932,34.07378,24.7116,5.2477775,18.750868,82.12698,0.0
C4x8_C5x8,0.0,0.0,12.427983,0.0,10.782114,9.661871,13.41208,0.0,28.35308,12.120131,17.140453,29.93671,0.0,8.13996,0.0,12.384787,26.53669,0.0,0.0,102.31894,53.18665,68.25694,0.0,24.70301,0.0,0.0,24.70301,24.70301,24.70301,3.6508348,9.903568,18.327724,28.594944,10.581516,23.660593,0.0,28.942614,25.084795,30.722473,76.30165,75.25438,24.820198,54.492615,36.010128,45.726303,35.41944,55.261467,20.449425,0.0,56.581413,7.293168,12.632137,26.04989,0.0,0.0,0.0,0.0,0.0,23.757774,20.886702,39.562943,24.651497,102.02808,58.38247,58.38247,30.553158,91.65948,2.5640252,3.6260788,91.54605,0.0,0.0,25.303438,0.0,0.0,38.96055,0.0,30.280552,0.0,17.482485,29.569952,0.0,0.0,11.147618,0.0,30.12475,0.0,9.076399,9.076399,0.0,0.0,25.833313,0.0,43.624706,18.259909,0.0,25.82341,0.0,0.0,0.0,22.426638,0.0,47.57882,5.260314,0.0,19.313745,0.0,18.594908,10.457281,3.6291878,24.563932,8.630466,22.237507,9.944916,20.385357,0.0,0.0,22.237507,59.753048,14.200137,0.0,0.0,30.212862,0.0,30.284,8.463462,14.297727,0.0,5.248625,31.326008,11.481389,54.46643,31.026712,0.0,11.481389,20.803152,32.892673,21.922174,37.78495,2.0825837,22.63907,27.359926,21.925772,0.0,14.674863,0.0,30.68105,76.548294,55.41634,21.440626,21.440626,58.10622,31.00464,16.173183,40.35161,46.007183,0.0,0.0,11.729329,48.488224,30.212805,26.779034,0.0,76.03398,25.782343,44.69792,49.841717,0.0,0.0,0.0,0.0,37.76268,45.63722,16.887985,45.817383,32.883217,22.8573,0.0,0.0,15.321906,41.723938,6.2934413,0.0,30.594078,19.349394,19.349394,0.0,46.71674,37.610306,49.37318,18.21514,18.668941,18.21514,80.33565,0.0,40.342636,11.425101,32.625523,25.046778,11.453472,0.0,13.994425,0.0,21.762365,13.041022,17.617292,0.0,0.0,77.36286,0.0,0.0,46.80738,0.0,0.0,8.428951,0.0,27.738354,63.481834,5.3704033,15.5600815,33.426914,12.369581,29.88054,38.62415,0.0,12.871769,4.763179,4.763179,28.68694,28.809217,22.224571,7.7813964,7.4917803,27.82496,19.740908,8.669633,35.26294,29.125,24.099586,39.5361,0.0,11.605578,8.206383,0.0,0.0,24.946249,40.794548,16.700258,51.254486,38.835743,22.122719,8.186479,22.49815,32.12445,38.823265,26.582966,0.0,0.0,0.0,14.649028,65.645935,24.59367,27.220753,31.117868,23.00997,24.850384,18.587276,23.071215,0.0,6.269739,20.024916,25.42486,23.691986,30.847328,18.671259,0.0,24.133726,26.186106,10.068794,173.30417,0.0,55.027607,45.76431,17.42315,17.096346,9.184424,24.04554,11.002639,11.8536415,15.765114,18.259909,11.57743,14.964523,16.237137,0.0,17.864824,20.276987,26.016768,52.96145,19.138565,43.88675,0.0,18.079939,44.144817,57.70516,32.578903,46.36209,0.0,24.931,30.088234,25.505867,0.0,24.931805,31.28511,65.86062,0.0,38.150013,45.002266,24.59917,0.0,13.352053,19.02359,58.109768,56.279797,0.0,0.0,0.0,0.0,0.0,0.0,12.285115,0.0,0.0,19.556963,18.66746,24.883493,0.0,0.0,0.0,0.0,0.0,0.0,0.0,7.322837,31.661785,9.748535,19.370642,0.0,29.250849,15.9891205,0.0,29.290995,27.268934,0.0,0.0,73.52558,13.556995,41.60109,0.0,46.188026,31.699127,124.17483,55.65471,34.75276,32.911625,34.235157,0.0,25.007391,29.572853,40.787277,0.0,0.0,0.0,14.402895,19.429605,14.860048,18.971043,10.428462,0.0,0.0,0.0,54.75134,61.50506,0.0,0.0,0.0,0.0,0.0,0.0,0.0,0.0,0.0,21.78204,12.863803,42.28537,37.919727,0.0,29.73866,16.255768,5.979071,0.0,35.889202,4.834186,18.297773,27.220753,16.959745,0.0,23.113798,7.517824,10.114802,0.0,33.134823,10.068794,0.0,0.0,23.961555,0.0,45.72575,60.951855,102.64414,60.73994,23.878937,0.0,60.138645,63.851875,0.0,0.0,0.0,0.0,0.0,0.0,0.0,0.0,0.0,0.0,0.0,0.0,0.0,0.0,13.389159,12.362944,29.894966,30.105572,0.0,0.0,0.0,73.582535,63.305916,75.11249,0.0,18.870317,35.200283,0.0,34.75276,26.019045,22.787474,8.428951,8.186479,41.82503,12.863803,44.18469,0.0,25.406883,17.265657,31.815226,15.622044,18.097385,22.924538,0.0,17.231403,6.903974,13.380309,7.0068946,0.0,0.0,22.668358,0.0,20.134172,69.5093,22.555172,8.339615,22.716183,0.0,16.76358,20.912516,19.833416,30.222105,35.826332,0.0,22.924538,5.6283193,41.383522,63.14378,0.0
C4x9_C5x9,0.0,0.0,9.865768,0.0,12.661164,5.9044843,7.4745164,0.0,25.820566,7.249593,33.535526,21.965715,25.33944,20.767729,0.0,16.858631,52.077133,28.381916,17.03423,92.63138,31.046406,54.05454,0.0,23.021088,9.093657,13.242529,23.021088,37.92616,27.28097,2.3830357,8.781476,10.736747,18.664984,5.2134514,12.709684,0.0,17.094923,18.392916,17.997839,58.30486,37.077393,27.7191,32.415985,28.933348,25.381197,20.922974,36.372932,10.159586,0.0,42.778,11.880672,24.467436,42.534695,7.901345,0.0,8.346857,7.5696583,4.0521994,13.018555,12.395099,32.194946,16.190054,93.02334,59.129765,59.129765,23.357096,70.07128,1.5669062,2.21594,69.77855,0.0,0.0,15.463232,0.0,0.0,23.148443,0.0,29.884865,0.0,17.254036,23.315844,0.0,11.887584,6.812442,0.0,24.389624,0.0,13.274698,11.397921,0.0,0.0,32.94159,4.015292,34.618183,16.48473,8.26922,23.31293,0.0,3.5198398,12.631799,14.119836,9.862439,36.61485,3.548867,3.1201656,19.680536,0.0,15.276402,8.2455435,1.7880797,15.1844,5.2741804,12.519933,5.011479,14.066427,0.0,0.0,16.438826,33.82973,17.293411,0.0,0.0,27.41108,0.0,32.836243,9.756103,14.487177,0.0,12.488967,23.877651,9.088243,58.87672,32.537354,0.0,9.088243,31.807587,33.891266,31.3271,52.80272,1.0260768,12.461982,17.858843,12.069336,0.0,12.279917,0.0,43.549286,48.967583,39.25616,22.39609,22.39609,57.59517,43.722622,55.333908,62.21842,25.368452,0.0,11.431471,6.4232564,33.966286,21.52991,21.571808,10.303142,53.344315,16.744442,52.22737,39.519505,0.0,8.278876,0.0,11.7567625,39.83754,57.08982,15.946171,39.68335,24.476706,13.968368,0.0,0.0,13.356816,29.324598,3.8459969,0.0,25.47675,16.112911,16.112911,0.0,38.540905,22.730968,68.453476,17.199507,17.241621,16.737429,66.923325,0.0,25.056955,9.250001,19.675919,26.340748,9.584259,0.0,15.78757,0.0,22.765701,20.82784,23.316313,0.0,0.0,103.336624,0.0,13.072842,44.187004,0.0,0.0,5.1510324,7.998244,41.79858,44.165962,10.0502405,35.981457,27.06313,7.5591974,26.876831,38.720627,3.2110972,29.197962,15.219251,8.155493,23.872705,41.972115,14.993791,12.539257,18.064922,20.323967,15.861553,7.254744,30.289434,25.67751,16.03746,43.026028,7.031871,19.230219,16.026901,12.147092,26.668674,20.033419,39.26909,10.205726,49.865364,32.41019,17.911013,5.0028543,20.843113,31.129782,44.61103,38.30894,0.0,0.0,0.0,17.534458,54.34668,37.77848,21.516836,35.400337,18.370743,26.472486,29.946276,20.664711,4.4965286,13.113509,20.68022,20.298744,16.493694,24.47875,14.906793,8.398215,15.5343,27.079851,5.4086223,161.89655,0.0,49.093388,36.014275,27.375887,25.855913,34.783916,20.761642,14.213186,13.926686,11.035043,16.48473,7.0751047,7.372933,12.852716,10.900418,18.11357,30.592392,14.798358,50.351204,18.01906,37.911118,28.395973,27.883923,35.381424,44.0946,21.026505,47.85005,0.0,14.180772,28.536884,61.34952,6.2094717,14.18123,35.46217,62.422318,0.0,35.39663,50.879124,17.85402,9.077245,15.717548,16.83186,64.73362,39.62485,0.0,0.0,0.0,0.0,0.0,0.0,12.426892,0.0,3.0280986,30.210892,14.770596,25.661816,18.29683,0.0,0.0,0.0,0.0,0.0,0.0,5.320922,20.147675,7.083483,13.3443985,24.043995,32.84005,11.523918,0.0,34.37416,26.66,0.0,0.0,56.86616,43.98576,40.419445,0.0,30.945711,45.844193,99.59696,44.605583,26.18091,20.864803,24.585064,6.208387,16.187794,29.203947,37.076458,0.0,0.0,0.0,24.301027,33.464344,36.580532,17.442617,31.659643,0.0,0.0,0.0,45.65098,46.605328,14.632463,18.243412,12.555727,8.126517,15.759787,9.936353,16.99159,11.492263,17.87177,27.355473,23.553371,36.346313,34.77632,18.037638,35.439194,16.156345,3.6538813,0.0,27.371607,2.3817751,22.508625,21.516836,33.997196,0.0,16.918676,4.0383253,7.439902,8.398215,31.85388,5.4086223,0.0,0.0,49.270855,0.0,30.42894,52.865963,58.35669,47.066822,15.708168,7.998244,32.707035,41.548397,0.0,0.0,0.0,0.0,0.0,0.0,0.0,0.0,0.0,0.0,0.0,0.0,13.475511,0.0,51.019062,20.237486,42.7354,41.131325,0.0,0.0,0.0,65.13296,102.24196,46.248787,4.5386224,24.080898,39.369095,0.0,26.052235,79.18647,20.492079,5.1510324,5.0028543,29.001968,31.723106,48.392986,0.0,41.9124,28.500244,29.399189,17.270887,47.858986,18.187351,0.0,30.434553,16.186504,11.1059475,4.7271967,0.0,0.0,19.765438,0.0,11.255936,47.039883,13.1288805,5.626315,19.073956,0.0,19.695309,14.500984,15.708168,23.19818,21.55113,22.33286,18.187351,3.4395328,23.305206,61.724106,0.0
C5x10_C5x11,14.712804,15.407952,21.790134,0.0,55.100765,0.0,14.339086,0.0,29.579971,0.0,58.025383,18.775972,57.62069,14.614513,27.356169,36.88473,51.62101,23.339931,16.66032,173.80762,0.0,95.70172,0.0,57.278744,0.0,19.582481,53.33758,82.823906,31.566957,7.072539,13.962288,9.8728285,8.721923,0.0,7.917369,0.0,0.0,18.11349,11.4869585,85.13688,18.11349,19.797428,0.0,0.0,0.0,17.569788,0.0,0.0,0.0,0.0,0.0,36.523724,35.85913,0.0,0.0,42.627007,0.0,0.0,12.5153265,0.0,11.668348,8.776834,87.85615,32.022114,34.388256,0.0,18.951752,0.0,0.0,96.422844,0.0,0.0,0.0,0.0,0.0,47.416557,14.005019,47.67862,20.102644,0.0,57.96413,0.0,55.093315,0.0,26.196829,27.828325,0.0,22.116108,22.116108,0.0,14.945137,52.286633,0.0,0.0,27.808147,19.66333,0.0,0.0,0.0,0.0,0.0,19.722677,14.835233,0.0,14.956667,0.0,14.956667,12.676681,0.0,0.0,11.26478,0.0,0.0,0.0,15.930804,0.0,0.0,26.261944,34.894485,25.05884,47.51704,47.51704,47.51704,35.74192,25.629604,4.0428658,3.6699307,0.0,14.936726,37.560486,0.0,14.181886,11.312174,0.0,0.0,37.717648,25.96093,27.743095,45.079056,0.0,0.0,16.050621,0.0,0.0,33.93208,0.0,21.36215,31.11554,48.617626,0.0,0.0,75.08874,43.352505,44.198685,35.214027,30.452707,0.0,36.70202,10.738731,45.151554,15.90209,38.994835,0.0,66.072815,17.0506,54.63391,8.243874,0.0,15.918609,0.0,16.014828,0.0,24.541388,0.0,0.0,35.095245,0.0,12.805949,0.0,27.188475,0.0,0.0,0.0,0.0,0.0,0.0,0.0,48.618965,0.0,39.338146,53.295593,24.701664,0.0,153.25446,0.0,0.0,28.877857,25.51055,0.0,8.317249,18.68534,37.159325,26.275612,35.55004,22.042332,34.196754,27.405888,0.0,13.401382,0.0,71.60214,56.16122,0.0,0.0,16.349216,6.558133,22.993677,34.98478,0.0,11.287754,39.99008,0.0,15.413911,38.330025,0.0,0.0,23.422258,0.0,0.0,0.0,15.90786,5.5186367,13.825432,0.0,0.0,0.0,13.195846,22.96564,0.0,27.604284,32.67121,0.0,32.67121,35.19296,0.0,39.46158,53.186146,0.0,60.0292,0.0,0.0,0.0,36.74659,0.0,0.0,0.0,22.78142,0.0,0.0,29.805239,68.8523,90.925644,19.45648,30.379843,18.83141,31.954374,9.562981,0.0,16.49498,12.654388,31.724026,23.576145,26.877659,0.0,0.0,5.556048,7.3892097,9.583669,13.85105,145.52667,18.939342,17.242584,34.98478,0.0,0.0,0.0,20.53277,0.0,0.0,0.0,0.0,0.0,0.0,0.0,19.50672,9.248254,29.730251,0.0,62.671516,47.5847,66.58118,101.48987,54.320652,101.28955,0.0,48.253464,63.88421,0.0,18.623081,24.86764,75.58858,54.160297,20.321915,92.77733,85.04391,0.0,29.798216,22.277565,35.821434,17.312572,0.0,0.0,30.752937,62.937298,0.0,0.0,17.238955,12.548823,14.193927,12.626768,31.627495,0.0,14.62851,26.692804,22.476805,33.418987,24.09639,15.610905,0.0,0.0,11.71046,0.0,0.0,5.1786556,26.775578,0.0,15.29073,30.471447,44.797245,13.760255,7.2634783,70.37602,36.244892,0.0,26.315256,60.31172,48.94813,87.96252,44.175655,16.507404,31.414328,133.85133,84.47125,39.593143,25.178797,38.474407,3.8813217,15.29073,45.221546,46.309807,31.618736,32.095375,24.942112,19.487953,33.25125,74.935356,0.0,40.90107,0.0,0.0,0.0,34.509815,34.68231,0.0,0.0,0.0,0.0,0.0,0.0,0.0,0.0,0.0,36.301193,0.0,31.857883,7.483416,31.94658,22.277565,35.821434,0.0,0.0,12.610861,0.0,0.0,25.326595,37.656116,24.00226,13.195208,0.0,25.291418,5.743657,34.33486,14.318754,34.3043,23.579819,26.9883,16.747297,13.59183,0.0,7.1457396,19.427687,18.776087,3.8813217,11.1687975,0.0,0.0,0.0,0.0,0.0,0.0,0.0,0.0,0.0,0.0,0.0,0.0,0.0,47.29006,0.0,106.3052,60.96093,81.006165,0.0,0.0,0.0,0.0,48.643764,105.50758,34.98478,0.0,41.376087,0.0,0.0,20.534838,88.93786,13.59183,9.676011,0.0,0.0,0.0,44.72169,11.248555,32.551144,15.7624035,16.991219,34.454678,23.503319,13.747515,0.0,20.450338,0.0,20.964935,13.064486,0.0,0.0,34.103004,0.0,24.59798,60.93185,0.0,14.32361,0.0,29.02209,37.445747,0.0,31.725298,18.29743,0.0,0.0,13.747515,0.0,0.0,47.712234,0.0
C5x10_C5x9,6.1646276,16.239061,19.21122,0.0,23.992266,11.868152,11.868152,0.0,17.924223,7.3485827,35.16095,23.217957,23.45034,26.151049,0.0,33.2207,46.36037,20.61933,17.035543,69.15601,28.184864,50.845448,0.0,34.86031,12.355226,17.992151,34.86031,53.040424,38.68211,0.0,6.2803164,6.779886,13.136225,3.2921147,9.336733,0.0,15.295814,9.910813,0.0,44.68565,9.910813,15.695821,19.726269,14.999962,12.852922,10.595299,20.528696,5.1447678,0.0,11.504051,12.662469,26.07749,50.52589,14.645823,7.9378304,9.813393,12.683062,4.1626916,0.0,0.0,15.156686,5.5738955,80.4037,55.125843,55.125843,19.537754,61.169384,14.23952,20.137722,77.71806,0.0,7.798263,11.598834,4.732122,6.2820106,37.21954,0.0,29.963932,19.183392,8.740125,30.496138,0.0,26.987864,8.916276,12.417788,35.577797,0.0,9.578535,8.469174,0.0,5.7231116,28.023073,4.577571,17.390574,8.732561,9.427196,18.265463,0.0,3.9692228,11.008449,12.358445,16.657469,32.654034,0.0,36.920563,10.604634,15.472364,43.658825,24.596657,0.0,5.863942,1.538695,2.838994,1.1363925,3.861241,0.0,0.0,8.411096,12.677507,26.016016,15.307239,15.307239,27.02761,0.0,44.650585,17.982897,12.781565,14.344027,22.910288,35.228035,4.7289786,31.215944,18.869612,0.0,4.7289786,33.726646,30.599371,30.004267,48.10976,16.250525,8.709272,13.910455,7.4105606,0.0,26.928392,0.0,47.473892,30.672953,50.13108,17.561754,17.561754,63.2751,61.712738,22.01024,46.821716,13.300718,0.0,10.856878,7.6769724,34.62772,18.613523,27.576668,15.453655,48.142,6.9110847,51.737747,34.6568,0.0,13.877655,0.0,0.0,37.940514,60.598614,15.186829,29.29511,34.069675,8.247607,18.748798,10.506617,18.424139,10.324681,2.072372,0.0,8.68226,8.68226,8.68226,0.0,35.66761,0.0,52.30528,33.23525,17.16793,16.665894,102.21235,11.357308,10.195661,22.654415,19.827171,21.318361,1.5941943,0.0,13.207814,0.0,36.14799,15.897061,24.988127,23.684364,13.272451,102.266174,0.0,24.444773,35.58153,2.4220216,6.050818,9.664371,4.309763,37.69448,20.374435,9.510951,37.950676,41.462616,10.39109,22.457771,22.427137,13.19945,31.164326,7.8101997,7.8101997,15.256962,23.606985,10.51906,16.325459,16.30319,14.783271,28.04816,3.9091363,16.0126,28.134626,15.766329,41.194687,29.057873,32.095882,32.791744,34.202724,19.166824,21.481451,44.64515,5.4992394,64.80768,0.0,6.5148025,0.0,17.39771,27.682623,44.214706,42.636127,15.28982,7.2793164,0.0,29.839561,36.65954,46.84717,22.462698,40.339893,13.4068985,26.92737,30.299837,10.604634,3.9426005,18.291584,30.708328,28.40533,8.783645,14.583154,6.5148025,4.309763,10.4879675,15.065506,7.7160387,207.0044,3.8187659,18.632929,34.00951,17.309034,22.12371,26.421934,21.862234,15.920819,16.135458,14.925366,7.6626077,0.0,5.5108237,7.9160557,20.20486,7.720361,26.312183,24.794846,45.08096,28.560148,48.83726,34.07002,44.131916,59.282043,0.0,39.9383,51.350525,0.0,23.760073,47.81393,62.56296,10.404052,23.76084,57.99131,71.16111,0.0,38.277134,58.22993,20.641783,4.89117,11.977289,9.291506,50.989258,36.39379,0.0,0.0,13.398368,4.019099,14.247437,0.0,13.377387,6.3621225,4.1999855,39.085243,14.520882,22.820152,17.407043,10.720347,2.5486712,12.224006,0.0,0.0,0.0,11.692428,15.664643,1.7466768,10.500477,19.454927,31.276237,11.087036,4.9879885,36.88628,31.156694,0.0,0.0,46.195152,41.348736,56.287098,0.0,44.44279,43.96909,108.85578,64.9866,23.621737,20.777224,32.402596,4.309763,12.737897,36.002575,38.10997,13.011932,11.875021,14.820756,29.95862,37.202145,24.306402,0.0,23.329044,0.0,0.0,0.0,45.32129,52.241287,14.569924,17.41432,14.497381,6.4411464,21.846704,14.30888,15.314116,5.4957275,18.781162,29.470062,19.935574,24.215439,24.632746,24.310007,43.07121,15.268205,8.0292,3.4252558,10.943199,4.95459,0.0,18.53992,29.136236,15.607324,12.848181,3.066737,14.9286175,6.3776727,24.839596,6.368547,11.932398,12.66367,40.60213,5.902571,31.219074,49.06204,38.612362,44.201267,8.783645,4.309763,19.00177,26.21902,0.0,0.0,0.0,0.0,0.0,0.0,0.0,0.0,0.0,0.0,0.0,0.0,29.8712,0.0,29.502441,10.508503,34.702274,50.61848,4.079625,0.0,0.0,44.110596,106.76749,39.20493,1.1123556,17.263147,23.83949,0.0,26.48771,58.254253,15.026436,5.1616483,0.0,35.66762,34.442318,46.16175,0.0,34.3718,12.35515,19.831213,9.824905,52.45376,15.889481,6.566356,33.872288,15.501189,10.684911,9.833555,0.0,0.0,22.42232,13.172674,29.00637,48.402504,23.786337,5.7797294,10.588246,24.409746,38.46231,29.045988,8.783645,20.344976,10.012632,17.701214,15.889481,0.8481353,16.279964,52.180195,0.0
C5x10_C6x10,13.29143,11.197615,15.835819,0.0,32.391975,0.0,12.062717,0.0,25.579004,0.0,33.003407,13.779317,52.186455,13.406819,0.0,27.413116,92.83726,31.926971,13.55792,79.0196,0.0,39.820408,0.0,41.517036,0.0,26.945692,29.356977,31.172333,20.802492,6.889288,0.0,0.0,14.024603,0.0,8.097107,0.0,0.0,12.427572,11.406812,70.939156,8.806236,18.961779,17.550486,16.849947,7.421799,12.618976,19.922808,0.0,0.0,0.0,0.0,38.970036,42.457344,10.2680645,0.0,0.0,12.869638,4.328555,30.26739,0.0,9.495528,6.688909,58.78982,43.34188,61.294678,0.0,30.712263,0.0,23.68517,59.361965,0.0,13.678628,11.734602,0.0,0.0,56.50091,0.0,34.38387,15.441711,0.0,27.59304,0.0,61.497383,0.0,20.499126,28.928862,0.0,14.602289,14.602289,0.0,12.169355,34.905888,0.0,26.072983,22.51306,19.526134,21.27347,0.0,12.279412,16.768837,0.0,23.634764,22.828867,6.0507994,25.87437,12.171512,9.834539,24.36882,17.573496,0.0,12.261065,0.0,1.9903953,0.0,9.881538,0.0,0.0,16.289726,23.338009,14.99138,25.436506,25.436506,27.81353,27.76708,39.41795,24.985865,14.425596,7.033069,24.437044,26.61769,0.0,21.511343,15.343175,0.0,0.0,27.572178,27.572178,17.18399,46.605247,0.0,6.1059985,11.310808,1.0876825,0.0,21.666037,0.0,31.528507,31.899794,83.264275,0.0,0.0,52.945187,62.37129,22.035275,36.10158,14.526308,0.0,20.388597,24.900425,27.352217,19.267649,23.218328,0.0,46.044823,16.355625,62.737217,27.87982,0.0,13.767977,0.0,14.650379,25.684254,47.577744,0.0,20.480152,28.324411,0.0,16.005156,0.0,29.32316,0.0,0.0,0.0,8.977579,12.669375,12.669375,0.0,35.849274,0.0,39.29958,49.278885,13.520446,15.326143,101.77984,7.9625154,3.9172425,18.789726,19.740711,15.128285,8.079678,14.240278,28.568249,0.0,30.89715,16.157469,25.382423,19.258123,0.0,57.61288,0.0,40.42281,26.056055,0.0,0.0,8.657853,7.755636,32.385273,20.088657,0.0,31.600784,31.884403,0.0,18.260761,36.56023,0.0,25.340199,17.850327,0.0,10.147441,23.425545,10.823176,13.756141,31.356531,0.0,22.97847,6.091208,15.756701,29.712313,0.0,33.200912,52.015945,24.468716,24.468716,27.810766,0.0,18.943687,53.36663,6.7508683,37.826717,9.973239,7.7252374,0.0,24.827692,19.042688,35.27485,29.269114,38.41939,0.0,0.0,30.858673,29.530128,47.88287,26.516655,51.962646,15.487527,33.745007,38.67553,14.896456,10.846385,19.952763,38.108162,35.405422,20.605923,26.036148,6.3076296,6.33245,11.451039,18.778187,7.069108,189.90135,1.2543027,23.673515,45.110523,23.676132,26.62028,26.794714,18.821365,0.0,0.0,0.0,0.0,0.0,0.0,0.0,0.0,7.8724923,41.974453,19.10344,53.95477,32.578495,61.733337,55.103943,50.234413,46.565765,0.0,79.17826,84.07916,0.0,40.66923,29.656874,69.50541,37.59089,31.912613,53.445114,80.19563,9.791024,39.60833,60.7361,17.632648,8.189241,8.853436,0.0,31.690868,52.97254,0.0,0.0,19.857777,2.612644,29.460018,0.0,26.327396,0.0,10.846385,19.913403,19.886497,32.377487,25.307491,15.501985,3.6854649,17.676325,11.628754,0.0,0.0,17.246399,27.009855,2.5257535,15.184044,29.725248,43.669865,12.678051,0.0,36.92736,33.526897,0.0,20.05511,56.958916,51.504498,70.5284,32.441013,29.460018,29.991692,125.589165,83.28971,35.770885,20.811766,44.11301,0.0,17.55283,32.78599,37.10488,8.800356,18.60634,21.975174,15.235159,36.978962,6.715235,0.0,43.74707,0.0,0.0,0.0,48.519997,31.97516,22.451273,25.076134,23.223202,9.811604,32.877605,22.624067,23.701681,0.0,28.608774,39.077854,28.162647,34.71469,34.169792,34.085163,58.31178,16.92883,0.0,0.0,8.079678,15.874165,0.0,28.27906,31.564022,17.232218,11.336588,0.0,16.813095,7.3815227,28.97842,8.240219,22.9905,11.641079,42.041897,9.637809,15.352685,24.995924,21.116436,21.986067,1.9499209,0.0,9.86669,14.57869,0.0,0.0,0.0,0.0,0.0,0.0,0.0,0.0,0.0,0.0,0.0,0.0,30.00942,0.0,47.62222,0.0,25.544392,26.6797,0.0,0.0,0.0,41.215305,103.13941,35.866558,0.0,29.457775,11.968304,0.0,18.55244,83.90673,21.666079,0.0,0.0,40.979946,31.553722,62.877663,0.0,36.200367,16.442232,8.730087,31.190887,17.06212,7.4518,6.1498265,17.83751,0.0,10.937143,11.442909,0.0,0.0,18.783546,12.781614,63.780136,59.40443,14.4947405,10.916161,9.654451,37.39774,31.137205,27.980408,25.237,16.542818,0.0,0.0,7.4518,0.0,10.426707,51.57531,0.0
C5x11_C6x11,29.075747,0.0,0.0,0.0,60.018444,0.0,23.959238,0.0,31.70494,30.839668,0.0,0.0,49.271915,25.79784,21.36232,49.739616,79.938644,51.74292,30.633879,139.15395,0.0,87.58808,0.0,47.84945,0.0,57.12656,70.34934,33.83467,52.75156,0.0,0.0,0.0,0.0,0.0,0.0,0.0,4.4675922,0.0,0.0,94.284454,0.0,20.977125,0.0,0.0,0.0,0.0,0.0,0.0,0.0,0.0,0.0,42.426315,52.246517,22.655651,0.0,23.190376,0.0,0.0,50.45511,0.0,1.6774806,2.832263,59.567585,47.84373,32.541824,0.0,35.87569,0.0,0.0,90.45092,0.0,7.1694355,0.0,0.0,0.0,43.525146,16.981321,35.774025,30.714144,0.0,25.939245,0.0,62.929874,0.0,32.704605,43.61478,0.0,23.756775,23.756775,0.0,11.398734,53.67986,0.0,8.024195,13.548076,9.579935,11.797354,0.0,0.0,0.0,0.0,30.34456,0.0,0.0,0.0,0.0,0.0,0.0,0.0,0.0,33.701126,0.0,18.502481,0.0,0.0,0.0,0.0,28.461864,59.360046,0.0,42.959217,42.959217,42.959217,33.874283,20.062914,5.332318,3.6268775,9.1809635,13.876778,51.814125,0.0,4.6764746,4.4646645,0.0,0.0,35.36691,17.00979,20.012697,73.61906,0.0,15.264297,23.071571,0.0,0.0,38.54278,0.0,20.132223,16.030296,77.568405,0.0,0.0,41.689102,24.714464,26.647942,21.218441,35.862362,0.0,45.49826,13.980429,28.641867,48.359013,47.52205,0.0,87.3021,38.589855,38.46537,27.283585,0.0,41.934418,0.0,12.442919,26.060488,39.38972,36.855095,30.113003,46.040825,0.0,16.890345,0.0,12.939947,0.0,0.0,0.0,0.0,0.0,0.0,0.0,25.13971,0.0,57.1647,92.2428,0.0,0.0,114.216576,10.784488,0.0,38.088306,31.084997,25.326342,0.0,21.315496,40.75976,28.821505,49.6824,0.9779769,27.216019,36.146866,0.0,19.18459,0.0,62.668278,20.889423,0.0,14.266693,21.56372,0.0,30.327398,8.687389,0.0,24.943638,48.12939,0.0,20.779007,35.603962,0.0,16.46153,13.367437,0.0,0.0,0.0,20.521112,0.0,25.762293,0.0,25.20399,0.0,11.043941,18.842237,0.0,40.000706,34.403942,23.844326,17.100887,44.478172,0.0,52.047653,42.84947,0.0,24.58618,0.0,0.0,0.0,51.20793,16.397738,24.784737,41.7148,30.324415,0.0,24.968914,32.61563,72.43368,81.62299,9.062215,25.128075,12.844685,17.00979,11.996696,0.0,3.624706,6.6740656,24.92796,20.976624,20.124926,5.6739626,0.0,0.0,0.0,2.14729,10.371118,169.86018,32.620857,19.16911,27.352667,0.0,0.0,0.0,24.772219,0.0,0.0,0.0,0.0,0.0,0.0,0.0,40.310688,7.677011,35.71564,26.479704,62.39315,45.308167,66.02196,74.93282,40.931686,67.47961,0.0,47.24912,82.68652,40.99393,22.957804,0.0,78.04262,60.75931,25.052057,78.837105,88.21124,0.0,27.758156,32.916397,43.494118,0.0,0.0,19.05043,22.4906,59.058846,0.0,0.0,18.410889,13.450307,24.714464,0.0,32.861458,0.0,0.0,0.0,15.30067,20.126225,28.719381,21.432848,6.1199646,29.352737,0.0,0.0,0.0,30.92927,24.960445,33.978985,21.295275,24.627092,31.98607,42.26483,17.510626,28.001871,43.145397,0.0,20.65336,59.805958,25.718273,88.27166,48.16364,24.714464,29.707293,142.73262,106.281334,25.51264,47.073723,56.797527,0.0,28.985807,52.619236,52.1737,18.553345,38.262497,44.193413,8.620772,20.650934,12.431378,0.0,34.46684,0.0,0.0,0.0,0.0,0.0,0.0,0.0,0.0,0.0,0.0,0.0,0.0,0.0,0.0,32.736122,17.142977,31.315544,18.55745,30.252678,26.79167,35.401203,0.0,0.0,33.716873,13.471372,0.0,41.257053,15.06918,0.0,0.0,0.0,0.0,8.909827,28.533268,14.898702,34.718906,25.187883,22.967428,17.510626,14.128878,18.58487,15.278128,24.90786,31.376728,0.0,18.664183,0.0,0.0,0.0,0.0,0.0,0.0,0.0,0.0,0.0,0.0,0.0,0.0,0.0,32.76793,0.0,55.969685,25.618263,31.588205,16.82722,0.0,0.0,0.0,36.648495,119.085655,17.299343,0.0,28.84909,0.0,0.0,0.0,111.01275,9.062215,10.371118,0.0,20.867159,12.121914,36.517776,14.510618,29.512224,0.0,0.0,40.84029,0.0,0.0,0.0,0.0,0.0,0.0,0.0,0.0,0.0,28.296295,7.62631,36.397038,64.50833,0.0,13.906711,0.0,28.778875,51.830437,15.856691,41.84393,26.22438,0.0,0.0,0.0,0.0,21.566525,32.651993,0.0
C5x13_C5x14,0.0,0.0,0.0,0.0,168.38673,0.0,0.0,0.0,0.0,0.0,0.0,0.0,0.0,0.0,95.01735,0.0,49.155575,0.0,158.61769,55.053856,0.0,0.0,0.0,129.59804,0.0,0.0,0.0,0.0,0.0,0.0,84.442406,0.0,0.0,0.0,0.0,0.0,137.58588,112.43718,0.0,102.659,0.0,0.0,0.0,0.0,0.0,0.0,0.0,0.0,0.0,0.0,0.0,0.0,0.0,0.0,0.0,0.0,54.11782,0.0,24.370533,0.0,121.3973,0.0,0.0,0.0,149.6995,0.0,0.0,129.95792,0.0,0.0,0.0,0.0,0.0,0.0,0.0,226.75742,29.847382,118.20357,0.0,0.0,0.0,0.0,0.0,0.0,0.0,0.0,0.0,0.0,0.0,0.0,69.13577,80.79037,0.0,0.0,58.838486,0.0,0.0,0.0,0.0,0.0,0.0,33.71305,88.84688,0.0,61.87842,0.0,0.0,61.87842,0.0,0.0,0.0,0.0,0.0,0.0,22.763456,0.0,0.0,0.0,0.0,0.0,0.0,0.0,81.62187,0.0,0.0,0.0,0.0,0.0,0.0,0.0,0.0,253.17395,0.0,0.0,0.0,0.0,0.0,0.0,184.90138,0.0,0.0,0.0,0.0,0.0,0.0,0.0,0.0,77.981705,66.072235,65.90231,0.0,0.0,0.0,0.0,73.82863,0.0,0.0,0.0,27.308083,36.064632,0.0,0.0,0.0,132.58394,167.09972,85.81552,0.0,0.0,0.0,0.0,0.0,0.0,0.0,0.0,0.0,0.0,0.0,0.0,0.0,0.0,70.67593,0.0,0.0,0.0,0.0,116.40806,0.0,0.0,0.0,39.01041,0.0,0.0,0.0,125.254906,0.0,0.0,0.0,0.0,0.0,0.0,0.0,0.0,85.58556,0.0,0.0,0.0,0.0,0.0,0.0,0.0,42.09767,0.0,0.0,0.0,0.0,0.0,0.0,0.0,0.0,0.0,0.0,0.0,0.0,1.0830425,0.0,0.0,0.0,0.0,0.0,0.0,0.0,0.0,38.10082,0.0,0.0,0.0,0.0,0.0,0.0,0.0,65.52312,0.0,129.58852,0.0,6.8835897,0.0,88.16561,0.0,0.0,124.66131,0.0,0.0,0.0,0.0,0.0,0.0,44.33651,0.0,83.460365,72.82354,94.761734,124.383064,57.1979,95.45549,70.832184,4.886036,52.284435,73.12727,31.615044,43.712147,75.385216,0.0,0.0,67.99602,55.902046,72.23955,78.71848,113.53116,2.4005313,92.036514,0.0,0.0,0.0,71.256714,0.0,45.084587,114.709885,44.24175,63.789032,0.0,57.536484,47.302876,66.60956,96.06715,0.0,57.311222,117.537224,70.92181,71.326256,114.842926,0.0,99.42058,92.239975,0.0,82.15397,36.246754,68.134094,83.460365,113.37871,87.10917,37.539696,37.65982,0.0,97.794014,47.816864,0.0,0.0,0.0,0.0,0.0,10.131442,0.0,0.0,105.099846,0.0,0.0,0.0,56.044254,47.88308,84.779655,58.851513,156.51694,65.33853,50.10535,0.0,0.0,0.0,0.0,0.0,0.0,0.0,0.0,0.0,0.0,0.0,0.0,0.0,0.0,0.0,0.0,0.0,0.0,181.74974,11.374093,0.0,0.0,21.13815,130.56363,99.071434,65.90231,99.439705,142.65251,101.699,0.0,0.0,0.0,0.0,0.0,0.0,0.0,0.0,0.0,0.0,0.0,0.0,0.0,0.0,0.0,0.0,0.0,0.0,69.60395,53.792664,0.0,0.0,0.0,0.0,0.0,0.0,0.0,0.0,0.0,0.0,0.0,0.0,0.0,0.0,0.0,0.0,0.0,0.0,0.0,0.0,0.0,0.0,0.0,0.0,0.0,0.0,0.0,0.0,0.0,0.0,0.0,0.0,0.0,3.394864,0.0,0.0,0.0,0.0,0.0,0.0,0.0,0.0,0.0,0.0,0.0,0.0,0.0,0.0,0.0,0.0,0.0,0.0,0.0,0.0,0.0,0.0,0.0,0.0,0.0,0.0,0.0,0.0,0.0,0.0,0.0,8.768861,73.08462,0.0,0.0,0.0,0.0,133.0708,95.79711,2.193514,0.0,0.0,0.0,81.33746,0.0,0.0,0.0,0.0,0.0,0.0,0.0,0.0,0.0,0.0,0.0,0.0,0.0,0.0,0.0,0.0,25.74806,0.0,0.0,0.0,0.0,25.74806,0.0,0.0,0.0,0.0,0.0,0.0,0.0,0.0,0.0,0.0,0.0
C5x13_C6x13,0.0,0.0,0.0,0.0,236.36923,0.0,0.0,0.0,0.0,0.0,58.982635,0.0,154.2705,0.0,89.885956,0.0,52.42031,0.0,159.84619,73.02299,0.0,55.739864,0.0,121.934326,0.0,0.0,0.0,0.0,0.0,0.0,0.0,0.0,0.0,0.0,0.0,0.0,103.96369,61.759445,0.0,47.98058,0.0,0.0,0.0,0.0,0.0,0.0,0.0,0.0,0.0,50.811317,0.0,0.0,0.0,0.0,0.0,59.732105,31.7869,0.0,26.918812,0.0,174.9993,0.0,91.079735,0.0,61.174183,0.0,0.0,95.67062,0.0,88.14499,0.0,84.913574,0.0,0.0,0.0,265.8414,0.0,0.0,0.0,0.0,42.1557,0.0,0.0,0.0,0.0,0.0,0.0,0.0,0.0,0.0,0.0,71.73365,0.0,0.0,0.0,0.0,0.0,0.0,0.0,0.0,0.0,43.104923,42.9864,0.0,79.116684,0.0,0.0,66.274086,58.886726,0.0,0.0,0.0,0.0,0.0,99.94462,0.0,0.0,0.0,0.0,0.0,0.0,0.0,77.64772,0.0,0.0,0.0,0.0,0.0,0.0,0.0,0.0,136.65335,0.0,0.0,0.0,0.0,0.0,0.0,142.46686,0.0,0.0,0.0,0.0,0.0,0.0,0.0,0.0,86.29348,64.399124,75.84758,0.0,0.0,0.0,0.0,75.415565,43.77297,0.0,0.0,27.245417,190.99136,0.0,0.0,0.0,137.35902,192.14893,106.69109,0.0,0.0,0.0,0.0,0.0,0.0,0.0,0.0,0.0,0.0,0.0,0.0,0.0,0.0,44.531322,0.0,0.0,0.0,0.0,146.09573,0.0,95.63656,0.0,43.564922,0.0,0.0,0.0,125.49112,0.0,0.0,0.0,0.0,0.0,0.0,0.0,0.0,97.46609,0.0,0.0,0.0,0.0,0.0,0.0,0.0,36.709576,0.0,0.0,0.0,0.0,0.0,0.0,0.0,0.0,0.0,0.0,0.0,0.0,25.99201,0.0,0.0,0.0,0.0,0.0,74.4258,0.0,0.0,79.21058,0.0,0.0,0.0,0.0,0.0,0.0,0.0,83.776726,0.0,144.95938,0.0,106.727234,0.0,130.24467,0.0,0.0,164.88916,0.0,0.0,0.0,0.0,0.0,0.0,0.0,0.0,73.95438,0.0,107.03254,70.42052,0.0,0.0,0.0,0.0,0.0,0.0,0.0,0.0,0.0,0.0,0.0,0.0,0.0,0.0,0.0,0.0,0.0,112.471344,0.0,0.0,0.0,0.0,0.0,0.0,103.32465,49.100857,84.888466,0.0,73.565155,36.403122,91.10748,126.30549,0.0,73.06156,104.75116,69.36017,52.420773,0.0,0.0,75.32192,72.61248,0.0,14.169237,35.165462,34.0662,43.224716,18.177378,0.0,54.709328,79.29494,0.0,38.266106,58.925575,33.01791,0.0,0.0,0.0,0.0,69.5597,57.455673,51.450764,66.97039,0.0,0.0,0.0,0.0,56.619972,66.229034,180.48097,0.0,0.0,84.07768,0.0,0.0,0.0,0.0,0.0,0.0,0.0,0.0,0.0,0.0,0.0,0.0,0.0,0.0,0.0,0.0,0.0,46.98149,135.98558,0.0,0.0,0.0,52.090992,131.38048,106.36483,75.84758,96.72601,191.89134,184.6241,0.0,0.0,0.0,0.0,0.0,0.0,0.0,0.0,0.0,0.0,0.0,72.85159,44.834904,55.53696,37.863102,0.0,0.0,0.0,84.11896,42.725075,0.0,0.0,0.0,0.0,0.0,0.0,0.0,0.0,0.0,0.0,0.0,0.0,0.0,0.0,0.0,0.0,0.0,0.0,0.0,0.0,0.0,0.0,0.0,0.0,0.0,0.0,0.0,0.0,0.0,0.0,0.0,0.0,0.0,0.0,0.0,0.0,0.0,0.0,0.0,0.0,0.0,0.0,0.0,0.0,0.0,0.0,0.0,0.0,0.0,0.0,0.0,0.0,0.0,0.0,0.0,0.0,0.0,0.0,0.0,0.0,0.0,0.0,0.0,0.0,0.0,0.0,85.965454,83.01722,42.969753,0.0,0.0,115.89032,43.849194,63.183083,0.0,0.0,0.0,37.230583,0.0,72.85159,42.969753,0.0,0.0,0.0,0.0,0.0,0.0,0.0,0.0,0.0,0.0,0.0,0.0,0.0,0.0,0.0,0.0,0.0,0.0,0.0,0.0,0.0,0.0,0.0,0.0,0.0,0.0,0.0,0.0,126.182655,0.0
C5x14_C5x15,28.025047,0.0,0.0,0.0,54.14819,0.0,0.0,29.308857,0.0,0.0,126.720924,0.0,50.067947,0.0,32.141716,0.0,62.758537,0.0,84.19864,87.85854,59.94333,0.0,0.0,58.38978,58.38978,0.0,0.0,0.0,0.0,0.0,0.0,0.0,0.0,0.0,0.0,0.0,109.67037,129.14537,0.0,10.617336,0.0,0.0,21.431948,0.0,0.0,0.0,0.0,0.0,0.0,20.270761,0.0,0.0,0.0,0.0,0.0,139.47766,25.443493,0.0,18.362354,0.0,46.3542,0.0,0.0,0.0,71.96594,71.96594,0.0,0.0,46.490562,0.0,0.0,0.0,67.16805,0.0,59.767002,143.73805,55.856453,41.36941,0.0,0.0,0.0,0.0,44.03451,0.0,0.0,0.0,0.0,0.0,0.0,0.0,57.134056,67.52043,0.0,0.0,0.0,0.0,0.0,0.0,0.0,0.0,0.0,18.826517,29.9217,0.0,23.824772,0.0,0.0,70.27275,0.0,0.0,0.0,0.0,0.0,0.0,42.282345,0.0,0.0,0.0,11.197224,66.046776,0.0,0.0,105.62993,0.0,83.66667,0.0,0.0,0.0,0.0,0.0,0.0,192.28009,0.0,0.0,0.0,0.0,27.103546,21.402132,109.12231,19.043892,0.0,0.0,0.0,0.0,0.0,0.0,0.0,35.21454,33.279316,30.220547,0.0,31.476238,0.0,0.0,68.38422,32.0842,0.0,0.0,30.316517,56.327526,0.0,0.0,47.74826,156.11864,47.74826,19.797308,0.0,0.0,35.7176,0.0,0.0,0.0,0.0,0.0,0.0,0.0,0.0,0.0,53.1665,0.0,35.432972,0.0,26.073906,57.116505,0.0,119.726715,50.823006,32.943253,0.0,14.868276,0.0,0.0,0.0,105.844925,0.0,0.0,0.0,0.0,0.0,101.40827,0.0,0.0,46.587013,0.0,0.0,0.0,0.0,49.21433,0.0,0.0,50.41266,0.0,0.0,0.0,0.0,0.0,0.0,0.0,0.0,0.0,0.0,0.0,0.0,62.59012,0.0,0.0,0.0,0.0,0.0,54.519943,0.0,0.0,215.55482,20.49637,0.0,0.0,0.0,0.0,48.350258,0.0,58.98528,0.0,67.726974,0.0,36.063972,0.0,45.34607,0.0,0.0,56.850594,0.0,0.0,0.0,0.0,0.0,0.0,0.0,0.0,55.846252,35.39761,26.959824,55.971714,35.823982,90.446785,46.924088,82.21252,23.542017,20.193378,55.490738,27.287275,89.048805,52.039528,61.49977,46.179447,24.498373,0.0,0.0,82.858406,32.075966,77.367676,0.0,30.47036,5.3951435,56.228664,6.508257,48.976776,51.47773,62.983517,75.350815,44.03451,39.07586,37.92454,46.577366,70.112656,0.0,0.0,58.73365,15.422224,49.22332,60.04428,0.0,54.332935,83.036354,41.36941,61.474285,0.0,42.673508,55.846252,70.685974,24.05434,73.8541,66.10053,75.50395,58.52557,39.875706,46.717777,42.21858,52.499435,31.276745,54.369507,0.0,0.0,20.49637,103.3899,0.0,0.0,0.0,39.631496,28.325901,72.83342,0.0,0.0,0.0,0.0,0.0,0.0,0.0,0.0,0.0,0.0,0.0,0.0,0.0,0.0,0.0,0.0,0.0,0.0,0.0,0.0,0.0,0.0,95.02573,37.799618,0.0,0.0,34.9072,74.166756,86.073784,30.220547,80.83918,122.5515,158.05151,0.0,0.0,0.0,0.0,0.0,0.0,0.0,0.0,0.0,0.0,0.0,97.729195,77.06547,54.265907,110.31061,0.0,0.0,0.0,51.119946,34.604668,0.0,0.0,0.0,0.0,0.0,0.0,0.0,0.0,0.0,0.0,0.0,0.0,0.0,0.0,0.0,0.0,8.1985,0.0,0.0,0.0,0.0,0.0,0.0,0.0,0.0,0.0,0.0,0.0,0.0,0.0,0.0,0.0,0.0,45.362267,0.0,0.0,0.0,0.0,0.0,0.0,0.0,0.0,0.0,0.0,0.0,0.0,0.0,0.0,0.0,0.0,0.0,0.0,0.0,0.0,37.251545,0.0,0.0,0.0,0.0,0.0,0.0,0.0,0.0,0.0,0.0,32.5381,56.67331,0.0,57.64306,0.0,0.0,153.25298,113.90152,28.957306,0.0,0.0,0.0,0.0,56.81514,57.54613,80.67398,0.0,0.0,0.0,0.0,0.0,0.0,0.0,0.0,0.0,44.594864,0.0,0.0,0.0,20.654655,0.0,0.0,0.0,0.0,7.0026064,0.0,0.0,0.0,0.0,11.226786,45.219337,104.67898,0.0,0.0,38.890007,0.0
C5x14_C6x14,0.0,0.0,0.0,0.0,101.48506,0.0,0.0,0.0,0.0,0.0,0.0,0.0,52.218414,0.0,57.301445,0.0,112.35209,0.0,105.09785,87.62021,0.0,69.384735,0.0,78.82558,0.0,0.0,0.0,0.0,0.0,0.0,0.0,0.0,0.0,0.0,0.0,0.0,82.9883,19.17076,0.0,77.71311,0.0,0.0,22.555586,0.0,0.0,0.0,0.0,0.0,0.0,22.149693,0.0,0.0,0.0,0.0,0.0,0.0,39.97085,0.0,39.563156,0.0,94.76598,0.0,105.658356,0.0,52.949238,0.0,0.0,93.347176,0.0,75.687,0.0,0.0,0.0,0.0,0.0,148.61017,28.614267,39.498955,0.0,0.0,81.6303,0.0,71.987816,0.0,0.0,0.0,0.0,0.0,0.0,0.0,64.51035,75.36446,0.0,0.0,0.0,0.0,0.0,0.0,0.0,0.0,0.0,36.292107,85.72985,0.0,50.151924,0.0,0.0,82.42047,41.36381,0.0,0.0,0.0,0.0,0.0,49.19424,0.0,0.0,0.0,25.810543,0.0,0.0,0.0,70.830734,0.0,122.2277,0.0,0.0,0.0,0.0,0.0,0.0,113.52099,0.0,0.0,0.0,0.0,70.9589,0.0,140.38779,0.0,0.0,0.0,0.0,0.0,0.0,0.0,0.0,54.58904,31.820997,51.453262,0.0,31.194323,0.0,0.0,61.35766,25.57384,0.0,0.0,20.504864,77.30419,0.0,0.0,0.0,94.26167,117.26186,77.987465,0.0,0.0,0.0,0.0,0.0,0.0,0.0,0.0,0.0,0.0,0.0,0.0,0.0,0.0,49.01008,0.0,0.0,0.0,0.0,95.90553,0.0,27.71001,0.0,23.653313,0.0,0.0,31.287119,58.43533,0.0,0.0,0.0,0.0,0.0,0.0,0.0,0.0,64.48471,0.0,0.0,0.0,0.0,0.0,0.0,0.0,57.39033,0.0,0.0,0.0,0.0,0.0,0.0,0.0,0.0,0.0,0.0,0.0,0.0,117.208466,33.96126,0.0,0.0,0.0,0.0,54.381805,0.0,0.0,256.4833,0.0,0.0,0.0,0.0,0.0,0.0,0.0,90.84864,0.0,81.680405,0.0,39.406807,0.0,77.226654,0.0,0.0,152.65117,0.0,0.0,0.0,0.0,0.0,0.0,0.0,0.0,36.87845,0.0,56.190884,51.69172,14.029741,46.855293,64.12562,0.0,93.517944,47.159637,65.66013,40.550087,40.539536,19.387554,46.523216,29.33984,67.78229,0.0,0.0,50.407166,33.652214,130.67667,0.0,0.0,0.0,38.68821,35.64614,56.06629,111.50171,60.028267,101.064285,63.302273,61.986446,26.855286,76.717224,116.15166,0.0,0.0,56.014126,55.09117,82.0315,65.44837,57.979137,80.173355,98.247154,66.650856,36.755745,26.035599,69.43198,36.87845,90.033966,56.176537,68.2067,78.21431,63.100803,54.05516,67.89206,32.851315,44.432022,52.093384,12.887503,57.95238,35.911926,0.0,0.0,78.11586,0.0,0.0,0.0,18.403255,29.58732,78.055176,53.49253,104.46235,43.366726,35.990055,0.0,0.0,0.0,0.0,0.0,0.0,0.0,0.0,0.0,0.0,0.0,0.0,0.0,0.0,0.0,0.0,0.0,0.0,92.557976,15.290332,0.0,0.0,33.43772,104.07942,89.83223,51.453262,54.849426,164.063,156.42484,0.0,0.0,0.0,0.0,0.0,0.0,0.0,0.0,0.0,0.0,0.0,0.0,0.0,0.0,0.0,0.0,0.0,0.0,72.64952,50.1535,0.0,0.0,0.0,0.0,0.0,0.0,0.0,0.0,0.0,0.0,0.0,0.0,0.0,0.0,0.0,0.0,0.0,0.0,0.0,0.0,0.0,0.0,0.0,0.0,0.0,0.0,0.0,0.0,0.0,0.0,0.0,0.0,0.0,47.59142,0.0,0.0,0.0,0.0,0.0,0.0,0.0,0.0,0.0,0.0,0.0,0.0,0.0,0.0,0.0,0.0,0.0,0.0,0.0,0.0,66.44027,0.0,0.0,0.0,0.0,0.0,0.0,0.0,0.0,0.0,0.0,39.010315,81.04799,0.0,60.367958,0.0,0.0,165.27812,15.314429,36.73371,0.0,0.0,0.0,0.0,31.857664,67.38972,86.65529,0.0,0.0,0.0,0.0,0.0,0.0,0.0,0.0,0.0,0.0,0.0,0.0,0.0,24.225124,22.326054,0.0,0.0,0.0,14.740715,0.0,0.0,0.0,0.0,0.0,0.0,0.0,0.0,0.0,42.291416,0.0
C5x15_C5x16,57.25552,0.0,0.0,0.0,31.810326,0.0,0.0,37.910236,0.0,0.0,77.20566,0.0,54.484287,26.998314,0.0,17.54549,35.651237,31.816113,68.19775,43.930264,59.95773,0.0,0.0,61.304344,49.851746,32.890656,32.890656,0.0,56.96828,20.070322,0.0,14.138959,14.138959,0.0,0.0,0.0,46.79816,72.23382,24.2239,26.401344,41.957024,0.0,23.378366,0.0,0.0,0.0,0.0,0.0,0.0,0.0,0.0,45.83757,45.83757,0.0,0.0,94.76155,22.017357,0.0,19.379076,0.0,83.56259,0.0,0.0,43.80432,81.64615,66.39339,75.87131,0.0,28.492918,0.0,0.0,0.0,30.898106,36.418556,55.198925,102.30872,46.768303,47.003063,0.0,0.0,0.0,0.0,34.37215,0.0,0.0,22.67769,0.0,0.0,0.0,0.0,0.0,0.0,0.0,0.0,0.0,23.46817,23.46817,0.0,0.0,8.202486,0.0,9.751709,35.77479,0.0,11.272302,7.437119,0.0,45.24788,0.0,0.0,0.0,0.0,0.0,0.0,26.424547,0.0,0.0,0.0,43.72422,65.54812,0.0,0.0,149.57945,0.0,75.571594,29.095034,0.0,0.0,13.867261,0.0,0.0,66.90008,43.60793,0.0,0.0,39.515415,59.892776,12.491206,80.50781,28.80659,0.0,15.574502,0.0,0.0,9.119579,0.0,11.645533,16.643688,27.157154,0.0,0.0,19.38043,0.0,44.15448,63.105167,9.888845,0.0,0.0,34.52673,26.0542,0.0,33.789417,51.213985,123.538795,72.86955,33.206722,0.0,0.0,0.0,0.0,0.0,0.0,19.780674,0.0,0.0,16.793211,0.0,38.822773,58.84295,40.18686,83.30698,16.372892,24.816088,0.0,22.832045,68.08341,34.6061,5.8378963,0.0,0.0,0.0,0.0,0.0,125.98551,0.0,0.0,18.875256,0.0,0.0,94.28238,0.0,0.0,0.0,30.511198,22.020306,0.0,18.002113,27.285465,0.0,0.0,34.89146,0.0,0.0,0.0,14.558161,6.9947305,14.76139,0.0,0.0,16.921707,23.882837,0.0,26.879028,57.615116,50.503372,17.739668,0.0,0.0,33.85452,57.903564,0.0,47.819305,114.55875,38.35663,30.878778,0.0,0.0,22.29829,33.7971,31.559822,48.47586,31.982887,68.55522,0.0,0.0,16.682884,32.217964,5.331241,0.0,54.21701,12.449955,0.0,0.0,0.0,0.0,0.0,0.0,0.0,50.421326,33.76797,0.0,34.864136,22.29829,45.83757,23.23662,39.515415,16.921707,7.437119,27.81168,13.867261,43.94705,22.67769,26.975746,23.46817,12.449955,6.9947305,14.138959,43.60793,14.558161,55.91594,10.818418,33.643723,39.177902,41.83861,47.261,25.622332,30.459948,36.71304,95.34675,49.201122,50.91613,27.803753,30.675638,94.611,0.0,14.831775,0.0,27.10674,38.155895,29.31112,23.225262,0.0,31.80227,28.874628,49.489677,0.0,33.795914,31.778786,30.522243,17.957403,29.852182,35.02528,38.28638,14.419047,28.515339,33.53683,38.333977,15.024406,41.1442,42.85561,0.0,0.0,45.952705,64.63416,0.0,0.0,0.0,0.0,0.0,0.0,0.0,0.0,42.666634,35.66886,22.29829,0.0,39.515415,25.309502,27.81168,18.002113,22.832045,6.639735,16.372892,18.875256,17.614948,26.975746,28.252316,14.76139,19.780674,16.682884,14.558161,0.0,45.378464,45.566746,9.603379,0.0,0.0,0.0,0.0,7.7230096,40.920376,90.190605,94.06813,0.0,0.0,0.0,0.0,0.0,0.0,0.0,0.0,0.0,0.0,69.07508,26.974985,97.31782,112.025024,67.5735,0.0,0.0,0.0,32.18621,29.722214,33.564938,16.855911,18.864626,26.184978,7.7230096,25.140747,12.737627,24.746788,40.486958,0.0,0.0,0.0,0.0,0.0,0.0,0.0,28.608871,22.065529,0.0,0.0,0.0,24.18899,0.0,19.528536,24.768,17.761171,20.475712,7.5878224,16.013027,15.792564,0.0,0.0,0.0,0.0,38.621773,0.0,17.71025,18.678692,46.72336,12.115229,32.81326,0.0,31.317446,0.0,0.0,0.0,0.0,0.0,0.0,0.0,0.0,0.0,0.0,0.0,21.38845,0.0,20.959587,49.149014,48.86709,12.201477,0.0,0.0,0.0,0.0,0.0,17.438238,0.0,0.0,28.95191,0.0,0.0,94.99625,66.491806,43.411324,0.0,0.0,0.0,0.0,0.0,71.62806,110.043785,0.0,0.0,0.0,0.0,0.0,0.0,0.0,0.0,0.0,52.13906,0.0,0.0,0.0,0.0,0.0,35.49343,0.0,0.0,0.0,43.94705,0.0,26.975746,28.252316,23.947893,32.015804,74.169014,0.0,0.0,37.68972,48.374943
C5x15_C6x15,44.414925,0.0,0.0,0.0,27.019964,0.0,0.0,22.98191,0.0,0.0,60.447895,0.0,31.102188,33.933456,0.0,22.052458,46.244415,38.804474,45.118633,48.639164,43.812717,0.0,0.0,40.131493,40.131493,41.33938,41.33938,0.0,71.601906,25.10328,0.0,17.770878,17.770878,0.0,0.0,0.0,70.285416,45.416176,30.446371,21.402561,52.734657,0.0,0.0,0.0,0.0,0.0,0.0,0.0,0.0,27.791632,0.0,54.84669,54.84669,0.0,0.0,55.807762,18.275991,0.0,22.502592,0.0,24.45127,0.0,0.0,50.13614,47.222786,47.222786,86.83833,0.0,23.685488,0.0,0.0,0.0,0.0,45.773506,0.0,140.55064,0.0,55.131557,0.0,0.0,0.0,0.0,38.85343,0.0,0.0,32.505753,0.0,0.0,0.0,0.0,50.34294,0.0,0.0,0.0,0.0,27.215202,27.215202,0.0,0.0,0.9985379,0.0,24.52671,53.74929,0.0,15.953793,11.319803,0.0,45.530895,0.0,0.0,0.0,0.0,0.0,0.0,37.54262,0.0,0.0,0.0,54.496265,0.0,0.0,0.0,188.30779,0.0,36.051155,38.14836,0.0,0.0,4.3932242,20.639091,0.0,78.540375,51.223946,0.0,0.0,53.585587,0.0,22.485762,103.436134,20.008121,0.0,19.575172,0.0,0.0,11.462154,0.0,21.782932,21.782932,49.440445,0.0,0.0,40.79031,0.0,41.304504,41.304504,19.859917,0.0,0.0,13.679273,0.0,0.0,44.080322,37.717823,120.469055,37.717823,33.177315,14.741726,0.0,14.226852,0.0,0.0,0.0,24.8618,0.0,0.0,19.558062,0.0,44.707626,42.170387,43.641678,61.71865,20.476616,19.071455,54.19635,0.0,113.60554,48.224617,23.944923,0.0,4.8401227,0.0,0.0,0.0,116.88733,0.0,0.0,23.723803,0.0,0.0,0.0,0.0,0.0,0.0,35.06305,29.849771,0.0,22.626373,28.206713,0.0,0.0,44.876247,0.0,0.0,0.0,13.934894,8.79149,18.553196,0.0,0.0,18.818005,30.0177,0.0,32.411438,130.36638,0.0,14.502159,0.0,0.0,46.794243,34.632,0.0,61.31413,246.61975,14.7717495,35.516815,0.0,0.0,30.041935,21.171572,39.05388,53.220013,44.52519,52.105038,0.0,0.0,18.89181,49.22924,8.121292,0.0,68.76058,15.336653,0.0,0.0,0.0,0.0,0.0,0.0,0.0,60.921,42.442055,0.0,0.0,30.041935,54.84669,31.225502,53.585587,18.818005,11.319803,31.938848,4.3932242,56.06897,32.505753,35.549355,27.215202,15.336653,8.79149,17.770878,51.223946,13.934894,80.238495,0.0,34.11879,30.962133,16.828156,43.991158,64.06846,40.882687,52.110207,67.01805,38.85343,32.52975,35.262035,21.241152,61.226887,0.0,0.0,0.0,26.33147,35.151985,56.10121,0.0,39.424725,40.902576,34.140995,6.447682,0.0,23.503849,35.381596,0.0,17.711277,36.57448,44.488464,0.0,0.0,33.26628,0.0,34.88758,36.08899,27.423048,64.23103,0.0,0.0,31.807095,51.723858,0.0,0.0,0.0,31.730637,24.377895,65.46046,0.0,0.0,0.0,0.0,30.041935,0.0,53.585587,7.511957,31.938848,22.626373,0.0,12.807236,20.476616,23.723803,24.629353,35.549355,33.977684,18.553196,24.8618,18.89181,13.934894,0.0,79.339096,27.090694,19.18868,0.0,0.0,0.0,0.0,20.395155,56.386276,91.10087,132.13036,0.0,0.0,0.0,0.0,0.0,0.0,0.0,0.0,0.0,0.0,0.0,0.0,88.58418,14.594996,82.79012,0.0,0.0,0.0,43.60839,45.38237,46.05711,22.162752,24.100998,32.911198,20.395155,31.197504,0.0,28.57109,51.308304,0.0,0.0,0.0,0.0,0.0,0.0,0.0,0.0,28.1304,0.0,0.0,0.0,0.0,0.0,0.0,0.0,0.0,0.0,0.0,0.0,0.0,0.0,0.0,0.0,0.0,52.034157,0.0,23.58419,41.628365,61.573284,15.227305,60.2074,0.0,0.0,0.0,0.0,0.0,0.0,0.0,0.0,0.0,0.0,0.0,0.0,0.0,29.46672,0.0,20.73413,49.7613,47.724144,19.18868,0.0,0.0,0.0,0.0,0.0,27.550507,52.889797,0.0,69.699715,0.0,0.0,123.784355,49.875107,66.268425,0.0,0.0,0.0,0.0,0.0,88.98958,136.71669,0.0,0.0,0.0,0.0,0.0,0.0,0.0,0.0,0.0,21.891958,0.0,0.0,0.0,0.0,0.0,44.61074,0.0,0.0,0.0,56.06897,0.0,35.549355,33.977684,11.313637,36.321804,65.34192,0.0,0.0,0.0,0.0
C5x16_C5x17,0.0,0.0,0.0,0.0,52.335957,19.800713,0.0,16.33759,0.0,39.819992,39.819992,0.0,55.798058,57.751427,0.0,17.659866,45.714237,9.769882,20.941713,44.996777,60.552544,0.0,0.0,17.408087,52.153057,9.339686,30.110582,0.0,30.110582,21.481632,0.0,0.0,21.073097,0.0,0.0,21.073097,0.0,85.37519,27.524979,17.60536,47.674656,0.0,0.0,0.0,0.0,0.0,25.379272,0.0,25.379272,25.379272,0.0,29.530977,46.774597,0.0,0.0,43.910725,18.883707,18.883707,59.09943,0.0,65.45401,0.0,0.0,27.72236,0.0,48.016533,27.72236,0.0,0.0,0.0,0.0,0.0,0.0,33.50719,50.786217,94.12998,19.511827,72.26602,0.0,0.0,0.0,0.0,94.67992,0.0,0.0,35.78565,35.78565,0.0,0.0,0.0,0.0,0.0,0.0,0.0,0.0,12.173398,12.173398,7.819077,16.07041,0.0,0.0,49.57347,0.0,18.565825,49.120552,19.428732,0.0,41.645424,0.0,0.0,0.0,0.0,0.0,0.0,33.443424,0.0,0.0,0.0,25.653221,0.0,0.0,0.0,62.623215,0.0,44.281303,35.549713,0.0,0.0,3.243061,34.338074,0.0,16.713648,37.824238,37.824238,0.0,47.52057,47.52057,0.0,58.646397,0.0,0.0,23.60389,0.0,0.0,26.146341,15.463484,42.14743,60.236717,29.481478,0.0,0.0,0.0,0.0,19.095554,27.29119,12.126713,0.0,0.0,35.08333,37.365116,0.0,47.906563,22.438856,56.208485,31.92701,84.095406,35.193607,28.837654,0.0,0.0,27.144976,0.0,18.031425,0.0,0.0,20.899391,0.0,34.61479,18.316475,37.76071,37.76071,29.318886,44.438087,0.0,0.0,0.0,0.0,56.16786,0.0,50.829117,0.0,48.713806,0.0,84.173065,0.0,0.0,17.13824,0.0,0.0,0.0,0.0,0.0,0.0,28.412838,31.645191,0.0,0.0,0.0,0.0,0.0,129.28117,0.0,0.0,0.0,22.486046,28.224525,48.65718,0.0,0.0,23.74376,41.1905,0.0,33.324127,71.43017,62.61315,21.868649,0.0,0.0,24.111795,51.881264,0.0,49.9406,58.960876,0.0,29.369328,0.0,0.0,30.462101,39.442577,44.60901,110.85246,41.898293,28.334679,20.653002,42.81348,40.824524,80.085464,30.225798,0.0,29.155954,26.061888,0.0,0.0,0.0,0.0,0.0,0.0,0.0,73.93119,84.141464,37.023735,25.382906,30.462101,46.774597,34.005035,47.52057,23.74376,19.428732,37.311745,3.243061,51.158115,35.78565,48.1439,12.173398,26.061888,28.224525,21.073097,37.824238,22.486046,83.38621,0.0,0.0,46.974316,42.81788,15.5100765,19.399311,50.42724,51.51404,87.980064,50.608547,26.41119,41.232746,29.80186,53.49155,0.0,31.592682,0.0,22.820515,39.448666,25.437283,24.012165,15.324037,41.898293,23.191547,43.941746,0.0,30.462101,30.182281,30.266996,18.565825,32.68874,22.109684,30.773874,14.907583,29.481478,34.673103,0.0,0.0,0.0,0.0,0.0,0.0,20.016998,0.0,30.182281,34.673103,0.0,0.0,0.0,0.0,0.0,0.0,57.240932,0.0,26.023005,0.0,31.032219,26.72266,37.311745,0.0,0.0,31.836624,29.318886,0.0,14.320427,36.992184,18.359951,48.65718,0.0,40.824524,12.5198555,0.0,0.0,0.0,12.016323,0.0,0.0,0.0,0.0,29.481478,55.258076,39.43084,73.2077,0.0,29.382591,41.693104,9.062928,41.29874,0.0,0.0,0.0,0.0,0.0,29.249758,21.292019,55.258076,43.941746,32.68874,0.0,0.0,0.0,74.6166,83.32097,23.680882,0.0,0.0,29.527714,0.0,0.0,0.0,18.349737,6.0733986,0.0,0.0,0.0,0.0,0.0,0.0,0.0,29.684303,38.94697,0.0,0.0,0.0,28.229525,0.0,0.0,0.0,31.804873,0.0,30.617718,52.782883,13.5814295,0.0,0.0,0.0,0.0,45.073162,0.0,75.35548,49.316753,64.072334,48.88631,44.636665,29.802032,26.34177,0.0,26.206717,4.9214344,38.099762,41.898293,26.061888,18.031425,29.365547,22.486046,31.093708,37.76071,13.577434,0.0,25.539513,36.590103,61.033848,15.267219,0.0,34.78531,20.016998,0.0,0.0,21.819769,0.0,0.0,0.0,0.0,0.0,75.86082,80.71646,44.97209,0.0,0.0,0.0,0.0,0.0,46.94736,66.06748,0.0,22.911215,0.0,0.0,0.0,0.0,18.852503,29.365547,0.0,0.0,30.227993,0.0,0.0,23.621288,0.0,10.009559,0.0,0.0,16.702774,51.158115,11.019978,48.1439,29.20262,38.174057,6.368625,48.199223,0.0,0.0,30.111462,70.495834
C5x16_C6x16,59.084682,0.0,0.0,0.0,42.024998,0.0,0.0,0.0,0.0,0.0,28.269775,0.0,36.36588,58.03086,0.0,20.950941,32.36396,24.876509,37.541073,0.0,46.701042,0.0,0.0,0.0,0.0,36.321716,36.321716,0.0,62.911053,25.484928,0.0,24.806538,24.806538,0.0,0.0,0.0,48.27714,61.100513,29.287968,0.0,50.72824,32.661907,0.0,0.0,0.0,0.0,0.0,0.0,0.0,45.63554,0.0,58.915306,58.915306,0.0,0.0,24.713238,0.0,0.0,52.02081,0.0,40.150463,0.0,0.0,32.888676,76.87911,62.516907,56.96485,0.0,0.0,0.0,0.0,0.0,0.0,42.927273,0.0,109.26193,0.0,76.18012,0.0,0.0,0.0,0.0,19.086819,0.0,0.0,44.824394,0.0,0.0,0.0,0.0,0.0,0.0,0.0,0.0,0.0,14.332804,14.332804,0.0,0.0,1.6396596,0.0,36.758286,37.20562,0.0,23.04031,20.583399,0.0,63.73308,0.0,0.0,0.0,0.0,0.0,0.0,57.87986,0.0,0.0,0.0,67.73705,0.0,0.0,0.0,157.60057,0.0,37.600327,46.52384,0.0,0.0,3.847435,37.56786,0.0,48.77955,45.094864,0.0,0.0,58.450333,0.0,0.0,77.11337,22.939487,0.0,28.002687,0.0,0.0,26.63395,0.0,35.783188,35.783188,73.111694,0.0,0.0,69.95123,0.0,33.595654,46.940186,9.028381,0.0,0.0,28.730629,0.0,0.0,55.294502,49.071636,128.13075,69.82132,86.47832,38.683464,0.0,0.0,0.0,0.0,0.0,19.39652,0.0,0.0,22.991697,0.0,40.06654,45.476784,43.968826,65.09938,23.985605,5.624208,0.0,0.0,100.67197,52.15941,8.799062,0.0,16.355951,0.0,0.0,0.0,167.67194,0.0,0.0,20.332108,0.0,0.0,0.0,0.0,0.0,0.0,32.18352,45.834164,0.0,0.0,0.0,0.0,0.0,25.287687,0.0,0.0,0.0,25.468094,24.838362,51.773697,0.0,0.0,0.0,43.496384,0.0,30.290586,93.78978,30.124737,27.573782,0.0,0.0,66.80713,10.6741085,0.0,61.681847,190.98761,24.256107,34.84257,0.0,0.0,39.327473,34.765003,51.97897,4.906007,49.660286,6.9381413,21.975838,31.07853,50.79533,82.65442,28.898462,0.0,23.25278,32.3766,0.0,0.0,0.0,0.0,0.0,0.0,0.0,83.41167,57.439175,0.0,20.176184,39.327473,58.915306,47.455856,58.450333,0.0,20.583399,43.50855,3.847435,65.97984,44.824394,56.40605,14.332804,32.3766,24.838362,24.806538,45.094864,25.468094,64.203,0.0,0.0,39.795452,11.885526,35.8058,39.974155,20.185642,38.98487,68.52165,27.32133,44.74087,32.8844,10.188785,68.984695,0.0,16.545197,0.0,0.0,0.0,0.0,0.0,0.0,0.0,0.0,0.0,0.0,0.0,0.0,0.0,0.0,0.0,0.0,0.0,0.0,0.0,0.0,57.778183,22.699833,59.446,69.48339,0.0,0.0,24.256107,44.562824,0.0,0.0,0.0,0.0,0.0,0.0,0.0,0.0,48.72515,43.86276,39.327473,0.0,58.450333,30.994537,43.50855,0.0,0.0,34.260048,23.985605,20.332108,34.68105,56.40605,35.883305,51.773697,19.39652,50.79533,25.468094,0.0,36.27305,40.09468,34.00436,0.0,0.0,0.0,0.0,34.975616,63.441322,102.17467,100.91179,0.0,0.0,0.0,0.0,0.0,0.0,0.0,0.0,0.0,0.0,0.0,0.0,33.00667,6.825668,20.176184,0.0,0.0,0.0,46.02512,47.22736,57.79207,22.607336,10.72771,37.49472,34.975616,20.925802,0.0,19.767197,51.80659,0.0,0.0,0.0,0.0,0.0,0.0,0.0,0.0,39.218613,0.0,0.0,0.0,24.88173,0.0,0.0,37.331116,4.0253134,0.0,0.0,0.0,28.069231,0.0,0.0,0.0,0.0,68.11719,0.0,79.88404,85.51172,97.69815,43.021305,83.367935,43.789047,49.507328,0.0,0.0,0.0,0.0,0.0,0.0,0.0,0.0,0.0,0.0,0.0,31.228727,0.0,21.264917,44.308083,51.6353,34.00436,0.0,0.0,0.0,0.0,0.0,42.04544,0.0,0.0,53.043354,0.0,0.0,91.804924,67.09933,75.69517,0.0,0.0,0.0,0.0,0.0,68.57334,123.042305,0.0,0.0,0.0,0.0,0.0,0.0,0.0,0.0,0.0,35.94792,0.0,0.0,0.0,0.0,0.0,0.0,0.0,0.0,0.0,65.97984,0.0,56.40605,35.883305,16.520239,34.745365,86.594444,0.0,0.0,0.0,55.46215
C5x8_C5x9,7.3742175,12.772519,8.767369,0.0,13.71074,6.395847,6.395847,14.232637,39.4665,13.305879,21.062853,26.611757,28.433697,29.373373,0.0,8.547938,22.661942,7.6303887,6.0328894,107.08876,34.10035,67.1688,0.0,11.693598,16.537245,20.253906,11.693598,11.693598,49.611732,3.5191107,16.244186,14.342791,33.50709,0.0,23.483719,0.0,27.336405,22.483894,19.777645,77.36807,44.143192,37.232475,47.13371,36.74607,24.898796,22.442835,52.430107,11.13508,0.0,63.17711,15.437095,26.737833,15.437095,0.0,0.0,0.0,9.970439,5.4444027,14.496924,25.145237,19.28875,26.233515,91.67724,54.06721,54.06721,22.571325,67.713974,1.6973019,2.4003475,84.942505,0.0,11.453661,22.840618,9.318574,0.0,69.52318,0.0,27.132135,0.0,9.198188,30.675135,0.0,4.0177093,9.971944,0.0,9.971944,0.0,6.8894277,14.4495125,0.0,0.0,30.497246,13.187844,36.82626,0.0,22.842016,13.187844,0.0,3.982262,16.310646,11.231546,7.5760126,26.876955,6.2485714,5.4937468,12.388625,0.0,37.311928,15.629027,11.051392,21.52577,10.58749,13.170767,0.0,26.56852,0.0,0.0,24.944271,34.579037,2.8881557,0.0,0.0,23.495808,0.0,36.202084,11.513066,14.432676,15.797504,7.0648584,37.55265,8.595546,37.26714,8.595546,0.0,8.595546,12.125363,0.0,7.5266976,30.32997,24.933002,11.288927,26.372766,14.425763,0.0,7.26108,0.0,53.565548,70.55726,61.16302,10.412634,10.412634,74.21715,35.87636,29.823967,27.54322,20.288437,0.0,7.887122,9.755296,36.94694,31.55071,20.009186,26.1725,67.637726,24.548801,36.235054,35.44325,0.0,11.64674,0.0,0.0,23.35845,43.990604,10.446216,20.644075,29.843054,34.973526,0.0,0.0,7.55579,42.86929,8.5611315,0.0,3.9797072,9.0637665,12.818101,20.267199,43.24722,15.380347,32.956142,16.223387,0.0,16.223387,64.49691,12.584166,17.026058,4.8886127,24.076702,25.669176,14.329097,0.0,23.484955,0.0,12.8782835,5.081858,33.663303,0.0,0.0,72.74682,0.0,14.309383,49.48899,0.0,4.9081006,11.46612,4.5245104,13.130431,64.07161,10.369468,10.369468,11.744479,11.744479,28.802437,35.181927,17.165985,12.407349,11.920097,5.6834197,27.246284,22.742365,23.16142,10.585234,12.929771,0.0,11.377446,4.1039214,49.62279,17.437487,27.647943,30.576944,0.0,10.878304,21.756607,6.871464,38.986626,7.3120136,39.775124,22.717793,51.019375,27.549658,15.051908,6.35424,39.556225,23.673393,33.41867,40.02951,0.0,5.6465836,0.0,16.51455,43.091232,54.223343,25.93271,32.376926,17.84238,25.43108,21.74836,23.17859,5.0807986,14.817452,23.096481,20.914616,21.36699,27.659472,13.32704,9.489463,26.53625,18.027832,9.0807,184.77039,0.0,44.23165,28.159967,32.577698,39.874584,18.138453,20.662046,14.664641,15.573661,14.102459,18.650429,8.986252,11.529636,12.155938,0.0,21.417522,34.904495,38.040855,52.141506,27.983774,50.291824,26.783205,36.727543,46.60294,58.51166,47.63579,41.74539,0.0,36.45328,37.311928,41.78352,8.178858,36.45446,46.66342,62.262035,0.0,36.268272,39.54675,16.350159,8.11897,12.574096,13.734381,74.946655,58.737827,0.0,0.0,0.0,0.0,0.0,0.0,15.767577,0.0,0.0,26.54708,21.416006,18.337332,21.001745,11.1614895,4.195875,0.0,15.698905,0.0,3.6646128,8.467326,29.510723,13.906739,13.832011,22.742575,18.830284,12.664779,4.9081006,30.38575,25.75561,0.0,0.0,55.02698,25.158646,41.941635,0.0,48.791214,28.7525,99.44353,72.80359,26.672258,28.442612,53.44447,13.112386,15.164536,0.0,0.0,0.0,0.0,0.0,16.033184,20.235146,16.998396,23.312353,17.502066,0.0,0.0,0.0,58.774406,71.38907,0.0,7.4747524,11.334538,5.254554,12.953248,3.2437103,0.0,9.373908,5.9875116,32.79575,26.058474,38.988285,40.486305,19.188148,30.831175,20.418358,6.9135423,0.0,24.443895,6.5406833,30.241854,25.93271,23.731777,0.0,19.009853,6.079562,10.253112,9.489463,27.539059,8.142497,0.0,0.0,48.45549,7.700654,52.458286,44.917107,67.23519,50.797554,34.064415,19.19587,20.990799,53.841537,0.0,0.0,0.0,0.0,0.0,0.0,0.0,0.0,0.0,0.0,0.0,0.0,0.0,0.0,8.544599,17.685083,53.908764,65.563385,4.9081006,0.0,0.0,39.87225,57.72822,73.56606,0.0,26.82927,24.686777,0.0,26.672258,26.639544,17.486095,5.579694,6.35424,37.029537,14.809617,29.899946,0.0,24.78289,8.765109,21.229572,22.511759,14.460939,25.591232,0.0,18.433931,6.258015,2.6039476,6.351306,0.0,0.0,21.308672,12.177165,34.748783,56.373985,14.068094,8.599771,30.92958,12.615217,11.012241,28.447836,26.97991,32.313824,19.245003,0.0,25.591232,8.02906,22.951025,64.30286,0.0
C5x9_C6x9,7.2976685,19.223753,22.742188,0.0,16.532219,9.900343,9.900343,13.8214035,21.8585,8.67937,24.188852,25.66112,43.398975,22.404598,0.0,12.7479515,38.07709,10.761202,4.7298203,90.441414,29.52485,34.860825,0.0,25.93059,8.298497,19.12745,23.414236,35.02008,25.981182,0.0,7.9197826,9.386487,21.624098,5.4192905,15.369594,0.0,19.165726,13.940844,14.542824,35.95035,23.23876,23.414843,35.771343,27.652258,21.801968,16.88773,38.90507,9.750135,0.0,21.801968,0.0,25.469625,24.415344,0.0,0.0,0.0,19.643324,5.004274,0.0,0.0,15.624824,0.0,82.20513,55.212994,55.212994,19.568644,61.26609,7.1197863,10.068898,43.067066,0.0,9.049325,19.093334,9.049325,10.341085,59.59187,0.0,32.2493,0.0,9.622878,32.70672,0.0,45.194805,4.51369,15.064936,18.010563,0.0,11.269174,0.0,0.0,10.802701,33.50159,4.031657,28.571844,21.075745,21.075745,20.203344,0.0,5.942198,11.531003,18.208752,23.6279,46.991344,13.116326,42.064297,26.36968,0.0,34.345356,28.640823,6.6085973,6.901696,0.0,6.901696,0.0,0.0,0.0,0.0,9.760472,17.940134,33.0544,0.0,0.0,22.583565,0.0,37.30886,35.537716,25.258867,20.06515,35.805767,50.82797,6.5898714,38.027664,26.294962,0.0,6.5898714,38.09928,34.566555,35.968872,56.016197,19.480995,7.059189,6.766984,17.483416,0.0,31.82595,0.0,0.0,47.709057,79.362076,11.44223,11.44223,51.716976,82.30819,0.0,4.1659627,14.090863,0.0,18.789,13.28583,43.859264,23.575779,30.508265,17.096489,53.259842,7.6457825,46.06799,33.51777,0.0,6.9695783,0.0,0.0,21.982271,39.22682,9.8307705,9.504735,32.83819,21.645815,29.20411,16.365656,30.032654,16.829964,3.4114194,0.0,14.292237,14.292237,14.292237,0.0,34.622192,11.3469305,31.145744,8.691666,8.712948,18.352411,103.49616,10.517479,14.000528,7.6654015,11.814074,23.008009,16.44049,0.0,18.040863,0.0,20.193296,17.887976,21.6773,0.0,0.0,100.27231,0.0,17.174759,40.36216,3.9869933,8.915188,15.908934,17.532097,20.588669,14.0093355,0.0,16.259445,45.88284,11.4988575,2.325595,5.696521,0.0,8.911669,0.0,0.0,19.931099,18.20673,17.315874,25.03019,32.354534,0.0,14.695711,9.299018,20.684519,31.508862,17.657213,23.088007,46.556305,37.28981,38.098278,10.774534,0.0,38.433346,54.49269,9.052533,30.333696,28.110619,19.43763,4.8713317,27.960041,17.27108,28.877214,38.04607,23.207539,9.732148,0.0,42.49765,12.76995,40.640102,25.15669,24.415344,17.215517,30.418482,16.259445,21.053566,7.494541,28.587341,25.627817,15.064936,23.640814,20.203344,15.519012,13.997635,17.26469,20.99391,12.7017,214.83093,0.0,43.696804,53.89015,42.181046,43.545643,3.6832554,17.988438,0.0,13.465942,7.555674,6.748778,8.154347,9.071601,11.031091,0.0,12.779566,33.3859,20.242079,41.149025,24.647547,52.227707,52.7671,64.01169,48.679432,0.0,66.66124,54.08811,0.0,31.677128,45.266197,67.757034,16.11363,34.566772,72.65171,67.07319,0.0,46.93031,36.06718,35.337612,13.855037,18.521,9.11011,22.012526,55.53083,0.0,0.0,22.055624,6.61601,29.996044,0.0,11.022718,9.909975,7.331229,21.63968,20.530941,17.27108,16.537954,11.498692,4.0746403,0.0,14.909392,0.0,3.5587282,7.996402,27.102436,12.8530655,9.789235,21.477709,17.087084,16.682964,6.9056745,48.127384,29.889473,0.0,0.0,68.39942,27.637074,48.01083,0.0,29.996044,17.017956,104.338455,94.774994,36.380753,22.238087,43.346375,9.824791,13.560569,21.818417,52.657875,0.0,0.0,0.0,10.958584,22.095417,6.6140776,0.0,27.568733,0.0,0.0,0.0,50.756752,24.576769,18.352411,15.386714,21.991817,5.10273,31.291307,19.360937,12.840294,9.60624,11.733252,32.611794,20.782875,30.305042,31.880327,15.237492,27.880945,27.31697,0.0,5.6384597,27.635517,5.5079155,0.0,29.035135,24.424997,0.0,21.085064,5.0328016,11.3086195,9.094759,30.374067,8.252745,0.0,0.0,60.519924,11.177199,34.963238,32.043076,49.690754,56.637398,32.85644,19.454172,7.7578607,40.660366,0.0,0.0,0.0,0.0,0.0,0.0,0.0,0.0,0.0,0.0,0.0,0.0,46.55809,0.0,17.011366,0.0,0.0,33.91918,4.766287,0.0,0.0,48.611168,104.742676,49.25249,5.1133704,22.830368,8.277623,0.0,35.325443,0.0,19.681091,8.496809,4.8713317,45.34379,34.000515,48.42286,0.0,30.071396,0.0,6.9079866,12.116956,29.989,3.4814978,10.809158,33.769737,0.0,19.116812,10.931762,0.0,0.0,20.123554,18.321064,50.196716,58.389187,24.78092,0.0,12.975163,38.034977,32.098953,38.8333,29.610222,9.384023,0.0,0.0,3.4814978,7.42072,16.789047,52.451954,0.0
C6x10_C6x11,22.989618,0.0,0.0,0.0,33.703915,0.0,13.864079,0.0,25.043016,18.71222,19.764883,13.490583,51.93218,14.945063,0.0,25.158716,122.63474,56.29762,26.594177,114.38994,0.0,34.701782,0.0,40.436035,0.0,22.611261,28.592598,30.360683,20.260847,21.218687,23.579712,16.673374,19.21145,0.0,13.213732,0.0,4.791266,42.80311,33.849052,94.920715,30.330482,0.0,20.1545,0.0,20.1545,24.73719,28.502766,28.502766,0.0,0.0,0.0,24.796814,31.356289,15.293479,0.0,22.406284,10.301039,5.646954,48.460342,0.0,1.9898059,2.3026388,60.402493,41.99356,13.409343,0.0,29.693932,0.0,0.0,52.493134,0.0,0.0,0.0,0.0,0.0,81.39697,13.990323,53.517326,12.092878,0.0,41.8197,0.0,49.149387,0.0,18.912079,22.359455,0.0,23.56602,19.86277,0.0,25.167046,68.80946,0.0,0.0,13.383694,9.4637,10.904296,0.0,0.0,0.0,17.88881,39.59834,28.321194,0.0,11.244966,14.993736,11.244966,23.70718,0.0,0.0,23.136633,0.0,15.793998,0.0,0.0,0.0,0.0,27.45377,52.03753,0.0,26.4024,26.4024,40.183254,30.553328,39.56895,35.74628,9.553788,24.215418,34.24577,37.44188,0.0,26.910297,20.35072,0.0,0.0,39.233677,39.233677,20.30936,51.742836,0.0,6.723543,9.508525,20.029915,0.0,33.674305,0.0,16.367561,15.687586,40.214165,0.0,0.0,27.978193,29.64931,21.66486,20.764814,14.847559,0.0,26.962925,32.9296,32.273205,23.750647,36.480873,0.0,63.231377,24.008894,31.410942,32.900932,0.0,21.703836,0.0,14.410946,30.708208,43.427967,43.427967,17.397976,30.677229,0.0,22.897938,0.0,38.428738,0.0,0.0,0.0,0.0,0.0,0.0,0.0,22.824648,11.765846,54.646206,33.5305,0.0,24.340092,129.65451,8.767822,13.754526,21.062464,17.069515,15.145061,0.0,17.329567,33.264843,0.0,24.353666,30.045282,30.754803,22.020037,0.0,0.0,0.0,66.97509,32.35298,0.0,8.75854,12.386445,10.206516,28.462893,16.513386,0.0,15.223933,40.113274,0.0,13.424396,30.054493,0.0,12.522098,10.867769,0.0,9.769654,0.0,14.894254,19.123526,30.23695,0.0,19.172388,0.0,18.147663,40.798927,0.0,24.861494,21.82395,29.09947,21.82395,33.01399,0.0,27.10198,58.061226,12.021216,41.002876,12.37267,11.052189,0.0,37.084846,19.329834,27.336514,33.96752,21.978863,0.0,28.004326,28.792667,23.783173,53.153004,43.473217,38.3763,35.388462,48.01727,11.099927,0.0,34.00963,28.227789,31.143614,27.365265,3.85084,0.0,0.0,9.921548,13.195064,24.906815,14.49576,117.625824,19.736038,8.662805,16.513386,11.17173,7.0517607,14.787418,16.676657,0.0,0.0,0.0,0.0,0.0,0.0,0.0,0.0,11.815342,41.60298,26.658401,47.942387,22.478067,45.713654,80.290115,46.06968,78.86963,0.0,64.62184,78.771484,41.270576,32.552223,23.737776,74.93919,61.623898,25.543303,59.427395,65.760124,7.8368726,44.697052,41.42931,20.161444,30.095173,19.852083,23.62949,15.775903,55.210987,0.0,0.0,19.879795,20.73161,14.004347,21.957357,17.42638,0.0,15.001219,13.608645,35.408875,23.725016,31.026314,12.322313,21.975292,17.413626,0.0,0.0,0.0,16.65637,21.852451,31.335566,12.87264,24.702585,37.690582,23.521467,10.75004,32.90571,23.851683,0.0,19.109585,54.353542,18.823528,82.23231,60.03383,14.004347,22.565733,83.82908,80.472084,20.696127,46.32602,46.49943,11.42596,16.604256,33.036297,42.12345,13.670164,8.185229,14.511216,0.5066218,15.742169,25.186747,0.0,26.726982,0.0,0.0,0.0,0.0,0.0,35.65581,17.636925,22.130215,0.0,15.628959,33.20812,17.17373,25.411997,27.987522,49.16324,0.0,37.598328,23.943867,40.462288,39.77563,19.356686,0.0,0.0,29.922882,34.59967,0.0,34.393055,0.0,21.320896,0.0,0.0,20.393726,7.849255,23.969736,11.4680605,26.610031,5.6578574,42.08852,10.75004,28.8492,19.329834,21.214804,27.924093,25.530493,7.2170973,26.608486,18.54033,0.0,0.0,0.0,0.0,0.0,0.0,0.0,0.0,0.0,0.0,0.0,0.0,23.613684,0.0,59.812183,20.827728,39.51773,15.569436,6.393897,0.0,0.0,76.46849,90.03526,16.513386,16.634735,28.521002,0.0,0.0,19.977472,97.37348,35.520847,11.844112,0.0,0.0,0.0,42.615707,0.0,19.28014,0.0,0.0,26.403784,0.0,0.0,0.0,0.0,0.0,0.0,0.0,0.0,0.0,17.710724,0.0,64.53855,59.522617,14.8733425,11.306201,11.03905,30.612406,26.794468,40.817764,36.105568,14.832154,0.0,0.0,0.0,0.0,18.280306,34.189407,0.0
C6x10_C6x9,11.084205,17.093517,24.173885,0.0,23.111044,0.0,0.0,0.0,33.602306,0.0,26.520193,21.756361,43.265743,9.573109,0.0,15.764494,114.84356,25.836164,17.287086,92.78113,0.0,35.163795,0.0,35.287067,0.0,21.098225,24.951725,34.34083,17.680908,10.516719,14.364014,14.364014,21.409004,0.0,12.360494,0.0,0.0,24.6835,25.04871,57.103756,17.490845,26.637794,31.28914,31.28914,18.835766,21.586716,28.073977,0.0,0.0,0.0,0.0,20.907297,24.725924,0.0,0.0,0.0,19.961563,7.9635777,12.943424,0.0,10.839636,7.6357355,50.953373,42.312263,45.550022,0.0,22.823257,0.0,0.0,46.89283,0.0,14.719712,17.913246,14.719712,0.0,84.54968,0.0,48.058846,0.0,0.0,34.912136,0.0,29.852102,0.0,9.623256,20.913507,0.0,16.588966,0.0,0.0,0.0,46.15339,0.0,35.256,28.657072,24.323496,28.766077,0.0,4.601289,22.115883,18.111116,0.0,56.413895,0.0,59.819626,27.213646,0.0,60.92583,28.89851,0.0,16.352774,0.0,12.395256,0.0,15.084487,0.0,0.0,17.52954,26.987783,16.02475,0.0,0.0,18.777128,18.74577,26.61136,37.285374,21.526722,24.793747,36.954117,36.248585,0.0,26.118435,19.827288,0.0,0.0,36.6769,29.47561,20.75743,54.318752,0.0,6.8070974,10.145715,20.090118,0.0,33.073902,0.0,36.690727,31.243269,43.444103,0.0,0.0,59.353073,77.41652,8.086013,19.306631,14.978338,0.0,21.401459,26.137424,31.422201,22.134657,32.328903,0.0,53.30656,18.935074,50.11602,34.28372,0.0,15.670804,0.0,0.0,31.93722,47.60118,0.0,10.725869,30.18633,0.0,24.432383,0.0,44.641434,0.0,0.0,0.0,13.704561,19.340208,19.340208,0.0,32.906094,12.664314,47.499058,13.129792,21.17508,24.60736,124.76469,8.876781,13.925457,8.552718,17.119232,14.191342,9.94097,0.0,6.300653,0.0,21.981474,23.603046,15.919911,0.0,0.0,96.38005,0.0,44.728565,38.517887,0.0,8.867384,13.216491,13.219792,30.370258,22.882944,0.0,16.244125,41.453213,0.0,9.521446,7.7742286,0.0,13.361232,0.0,0.0,20.925707,20.4089,16.521925,20.807507,16.989258,0.0,20.457174,8.756921,22.018372,46.236874,0.0,26.527521,50.85231,29.178894,29.178894,22.164478,0.0,25.037907,61.903145,10.305416,50.91995,10.324529,14.656627,0.0,25.485767,19.111692,28.485233,30.087578,31.270134,0.0,0.0,34.933113,18.912289,32.28176,37.752243,30.261538,18.254536,36.074574,19.23539,33.306206,16.269176,30.172907,28.446754,17.075808,29.922012,35.206192,17.937935,16.179422,17.48038,24.266197,10.79122,208.63513,0.0,27.27773,51.385292,26.338133,23.989935,16.275526,23.852673,0.0,0.0,0.0,0.0,0.0,0.0,0.0,0.0,14.045438,45.175644,13.304236,45.204033,19.557922,48.69948,53.621975,53.51946,76.05813,0.0,56.069866,59.691544,0.0,28.323332,62.957092,52.28323,25.72383,22.224947,80.12969,57.376347,6.818777,39.162388,42.134033,22.162222,18.502703,22.75791,0.0,0.0,32.614674,0.0,0.0,15.246421,0.0,14.747463,0.0,0.0,0.0,21.05729,35.43403,31.021858,19.111692,24.923449,10.164305,13.368742,0.0,16.353338,0.0,0.0,7.231852,30.935526,24.58758,10.550203,23.690638,31.93722,16.798763,8.867384,41.8908,25.352705,0.0,22.84473,39.48278,24.940786,61.406036,42.63433,25.659481,13.453069,85.58905,93.18527,28.065517,31.3034,29.818644,13.208804,10.550203,18.245615,64.918495,0.0,0.0,0.0,16.272045,19.658445,15.015644,0.0,17.874384,0.0,0.0,0.0,75.504486,52.5834,24.60736,27.234093,27.835052,18.04128,29.818644,24.652142,15.438079,11.945393,12.520519,28.944534,11.810955,34.63687,29.58527,12.796667,27.482553,22.04033,0.0,0.0,19.2315,15.655555,0.0,43.871532,27.028015,0.0,15.408158,0.0,6.8138695,10.532082,28.81661,12.540375,0.0,0.0,36.84421,7.6305447,14.843832,10.446902,28.398073,22.642313,15.82109,9.367606,0.0,22.981682,0.0,0.0,0.0,0.0,0.0,0.0,0.0,0.0,0.0,0.0,0.0,0.0,34.70252,0.0,20.329344,0.0,29.378613,44.425983,8.867384,0.0,0.0,39.140953,82.45465,37.217255,7.485677,31.27269,15.18605,0.0,43.027786,94.606834,20.947971,0.0,0.0,63.444817,29.88386,97.7259,0.0,24.076578,8.296462,13.373008,14.512648,32.387646,12.839137,9.387907,25.890905,7.714111,14.455642,17.498724,0.0,0.0,22.396679,29.13966,35.461693,56.1848,26.929482,6.9612885,13.773086,13.429011,27.01417,43.43153,36.64683,15.724668,0.0,0.0,12.839137,0.0,18.507479,46.67948,0.0
C6x10_C7x10,20.829983,0.0,0.0,0.0,24.261635,0.0,9.460431,0.0,37.080536,12.903691,29.265343,19.975151,28.504066,13.956666,0.0,19.0578,163.49716,69.13649,22.603144,85.650055,0.0,28.568811,0.0,20.769695,0.0,14.686392,22.38501,14.686392,15.065184,18.693851,24.304037,18.137426,23.299292,0.0,23.014486,0.0,4.6447563,26.829517,29.902142,85.79147,26.829517,22.962358,29.599129,22.962358,23.554604,22.962358,34.99924,29.921284,0.0,19.156805,0.0,18.547007,28.269361,11.925503,0.0,17.471903,7.9895535,5.241799,34.324265,0.0,15.63522,15.543046,65.80959,51.564915,47.843967,0.0,34.703354,0.0,8.058203,57.964546,0.0,13.921579,14.867383,11.574755,0.0,92.22027,14.069619,31.14162,0.0,0.0,15.822947,15.822947,62.543713,0.0,20.16187,23.525812,0.0,16.63235,19.944174,0.0,17.762318,49.939655,0.0,8.784702,0.0,8.784702,13.389649,0.0,11.49098,20.548435,20.906685,36.695866,23.40521,0.0,0.0,18.411175,0.0,28.795082,10.077341,0.0,29.473341,0.0,20.146473,0.0,0.0,0.0,0.0,35.019417,64.05199,0.0,0.0,0.0,46.064644,20.598078,46.742004,31.356888,31.017357,23.597378,35.0628,44.877655,0.0,22.82629,20.443314,0.0,0.0,43.220905,43.85645,0.0,38.63182,0.0,7.8578176,11.67575,18.315453,0.0,38.061646,0.0,27.611288,26.464203,30.267128,0.0,0.0,20.52648,21.75251,31.95798,30.630316,9.453519,0.0,37.195713,26.653318,22.68984,22.556078,34.882614,0.0,65.51769,24.679626,38.359833,36.400166,0.0,14.343915,0.0,13.337164,32.710243,48.603397,41.551647,12.381476,35.78011,0.0,27.920372,0.0,41.8699,22.917456,0.0,0.0,0.0,0.0,0.0,0.0,52.159283,14.619134,39.936024,12.376724,0.0,8.3974695,86.39668,10.246971,16.074942,3.9776723,16.872202,16.381868,0.0,12.601839,25.094671,0.0,20.908628,28.390936,24.59548,0.0,0.0,40.72459,0.0,28.084446,18.390362,0.0,10.236122,15.209619,13.356536,28.909683,17.738518,0.0,18.69384,49.84915,0.0,8.972555,27.088318,0.0,19.95517,22.406385,0.0,8.216368,36.19613,24.662432,24.165995,71.3819,0.0,23.542242,0.0,19.930195,41.820637,0.0,30.528032,0.0,35.73195,23.443073,25.507017,13.961246,33.27918,50.052467,17.654276,29.468159,32.27263,16.311205,0.0,41.49725,22.590815,33.56717,39.42833,12.114125,0.0,20.727884,42.46329,0.0,0.0,38.802837,26.22943,23.872145,40.102062,17.344883,17.082615,21.652676,32.53265,28.76141,21.828178,27.786789,12.423445,16.311205,12.392721,21.618004,18.968113,14.112084,87.13544,19.274757,16.391129,11.073962,18.846172,6.534882,21.81302,31.873678,0.0,0.0,0.0,0.0,0.0,0.0,0.0,0.0,17.163769,33.462517,56.45224,50.928753,17.434137,50.01316,78.58699,35.73195,28.908321,21.688078,88.73935,97.73976,39.07782,47.54073,18.411175,79.11419,31.948614,19.25161,33.268845,50.17693,12.806055,39.946644,45.163494,28.144459,21.073307,22.89049,24.5557,40.3451,51.851692,0.0,0.0,15.026416,26.44478,10.274428,11.223221,21.989971,0.0,7.6116676,7.8816204,34.06665,22.022802,28.356441,11.438216,15.310754,0.0,0.0,3.3902967,0.0,4.4332113,21.242006,30.969044,18.540522,32.22054,31.887794,21.833857,9.97875,25.864166,16.17608,8.641674,4.923231,42.247528,56.104965,82.97166,31.554655,27.464302,9.934282,98.79241,49.569477,23.15858,40.677956,26.776737,7.1276674,24.909565,0.0,52.83501,0.0,0.0,0.0,0.0,28.140842,9.365949,7.570288,27.615044,0.0,0.0,0.0,22.890491,13.921879,27.05766,25.777487,23.213573,15.532775,32.92016,26.013151,21.66217,16.075737,14.089742,32.70511,15.445631,23.47467,30.954138,16.734684,39.76125,21.833857,0.0,0.0,39.146183,34.04376,0.0,36.593784,22.022802,0.0,0.0,0.0,4.7620764,8.762978,34.610725,9.97875,0.0,0.0,31.81318,9.001039,30.566097,22.590815,28.118912,31.789022,27.786789,8.988992,28.744274,18.046669,0.0,0.0,0.0,0.0,0.0,0.0,0.0,0.0,0.0,0.0,0.0,0.0,17.93618,0.0,18.5884,23.837387,36.530712,14.42823,6.1071033,0.0,0.0,82.05672,32.521175,9.176423,16.348211,21.484587,13.981908,0.0,22.354418,72.68343,30.566097,9.97875,0.0,54.569336,15.445631,51.751427,0.0,34.465347,20.411772,0.0,25.822392,0.0,0.0,0.0,0.0,0.0,0.0,0.0,0.0,0.0,12.732197,34.88725,83.78202,60.643955,5.393152,0.0,11.85804,86.08705,30.998262,39.39206,27.786789,16.635372,0.0,0.0,0.0,0.0,21.35225,61.11729,0.0
C6x11_C7x11,34.192406,0.0,0.0,0.0,24.570236,0.0,21.098082,0.0,28.564047,25.189714,0.0,0.0,37.60253,17.627739,0.0,41.193787,139.71202,59.04576,32.690502,90.6362,0.0,26.182928,0.0,34.39654,0.0,30.7683,49.439003,24.322027,30.435617,15.052251,13.522463,16.600677,26.674236,0.0,13.122666,0.0,6.501308,38.551434,38.551434,73.3543,38.134598,15.374146,27.356583,15.374146,19.238596,19.448883,31.250782,31.483854,0.0,0.0,0.0,31.891226,51.24334,21.027128,0.0,0.0,0.0,0.0,71.29418,0.0,27.980028,28.926548,19.569414,39.77844,27.675331,0.0,24.488386,0.0,0.0,62.17487,0.0,0.0,8.631129,18.366264,0.0,71.87326,43.803654,40.148148,8.352291,0.0,5.724593,29.25393,23.961409,0.0,22.538076,36.610397,0.0,0.0,29.723656,0.0,17.604597,57.186806,0.0,0.0,0.0,0.0,0.0,0.0,0.0,0.0,18.49845,42.046566,28.395138,0.0,10.60449,3.3291788,4.857336,8.15479,3.3291788,0.0,52.93913,0.0,0.0,0.0,0.0,0.0,0.0,0.0,57.492504,0.0,34.039104,34.039104,69.82674,39.39066,32.09915,27.427437,23.244164,24.452204,39.71966,41.883095,0.0,21.10768,22.336718,0.0,0.0,66.70141,32.81445,12.989039,73.08769,0.0,0.0,0.0,19.149164,0.0,56.383877,0.0,12.043489,18.54528,47.09366,0.0,0.0,0.0,15.00475,15.157363,36.516354,0.0,0.0,29.997734,21.211601,32.391994,33.487762,57.3347,0.0,76.70019,33.137444,28.157278,27.001469,0.0,45.410694,0.0,22.378805,31.547302,51.2448,51.626987,32.691845,50.717976,0.0,28.88374,0.0,58.6286,0.0,0.0,0.0,0.0,0.0,0.0,0.0,20.2054,21.969275,40.17853,26.9534,37.599953,0.0,95.728905,0.0,14.223272,34.486755,25.788605,25.949017,0.0,20.12706,18.045116,0.0,39.87563,44.61301,32.688503,36.054646,0.0,21.514315,0.0,6.781556,24.48295,0.0,9.057026,14.712048,14.796829,23.10258,8.062927,0.0,14.849947,69.50932,0.0,20.278238,31.277088,0.0,0.0,0.0,0.0,0.0,11.176288,21.161228,24.8594,38.34306,0.0,0.0,0.0,18.915585,53.798306,0.0,21.351015,0.0,24.307842,11.958493,54.055664,0.0,33.71766,41.046597,10.4743595,27.974077,12.875596,7.6259027,0.0,35.99274,13.820286,22.44939,35.224648,15.583568,0.0,24.415825,25.524477,70.395355,56.49499,37.42947,35.651886,25.06541,46.40664,13.839753,3.3291788,26.726141,27.634438,30.80072,25.471207,20.154192,0.0,7.6259027,14.796829,18.558252,15.540481,10.235716,95.02193,0.0,0.0,13.700506,0.0,0.0,0.0,68.69548,0.0,0.0,0.0,0.0,0.0,0.0,0.0,0.0,35.64305,31.672668,34.264782,46.41113,33.14629,66.60239,74.537575,28.784935,68.33438,26.955984,51.465935,80.69899,44.6101,28.235022,10.890746,63.334366,63.95173,22.051632,54.340363,49.085052,9.502362,53.388103,44.859116,29.516062,34.07195,24.58194,42.934494,9.902903,68.61619,0.0,0.0,15.273963,23.72392,15.00475,11.920768,26.229952,0.0,0.0,0.0,41.650837,13.971349,41.511536,17.107656,33.00714,22.43856,0.0,0.0,0.0,21.462788,34.00046,34.0284,21.891857,39.006462,46.275875,20.984142,14.653337,12.857227,36.10673,0.0,9.330563,49.615967,0.0,89.41199,38.723442,15.00475,9.363599,118.14119,74.256744,0.0,44.681522,29.44414,29.03613,25.443485,0.0,56.053444,20.69963,0.0,11.664803,0.0,0.0,0.0,0.0,0.0,0.0,0.0,0.0,0.0,0.0,79.82437,47.563057,52.833256,0.0,42.745808,63.147846,0.0,21.329964,52.839703,34.19583,0.0,28.170004,25.366407,26.593245,38.76087,16.587753,0.0,0.0,25.609251,44.36471,0.0,26.466633,11.04421,17.737455,0.0,0.0,16.966116,6.530017,8.582887,7.2377443,27.89655,0.0,15.273963,14.653337,33.119293,13.820286,17.80428,37.545338,20.154192,14.796829,29.608015,13.089531,12.008304,0.0,0.0,0.0,0.0,0.0,0.0,0.0,0.0,0.0,0.0,0.0,25.330421,0.0,44.398563,0.0,29.077723,0.0,0.0,0.0,0.0,93.62059,59.14127,9.894423,19.148119,0.0,0.0,0.0,0.0,81.14064,33.481304,9.156024,0.0,17.278349,0.0,0.0,0.0,0.0,0.0,0.0,25.05803,0.0,0.0,0.0,0.0,0.0,0.0,24.209545,0.0,0.0,25.883636,17.804754,54.171173,65.869514,0.0,12.268916,0.0,50.113186,44.270638,35.12143,20.154192,12.966014,0.0,0.0,0.0,0.0,16.652313,25.677395,0.0
C6x13_C6x14,0.0,0.0,0.0,0.0,140.16785,0.0,0.0,0.0,0.0,0.0,44.479385,0.0,111.33238,0.0,56.557526,0.0,97.04276,0.0,172.11105,72.479866,0.0,83.776566,0.0,100.592926,0.0,0.0,0.0,0.0,0.0,0.0,0.0,0.0,0.0,0.0,0.0,0.0,78.4108,55.733116,0.0,60.333687,0.0,0.0,55.506207,0.0,0.0,0.0,0.0,0.0,0.0,4.8155417,0.0,0.0,0.0,0.0,0.0,33.10217,16.236185,0.0,49.064487,0.0,111.51609,0.0,66.10297,0.0,79.06825,0.0,0.0,78.76146,0.0,92.04384,0.0,41.425518,0.0,0.0,0.0,129.69208,0.0,0.0,0.0,0.0,40.58943,0.0,18.07727,0.0,0.0,0.0,0.0,70.27105,0.0,0.0,94.31688,0.0,0.0,0.0,0.0,0.0,0.0,0.0,0.0,0.0,0.0,44.84706,54.386944,0.0,43.972416,0.0,0.0,0.0,43.972416,0.0,0.0,0.0,0.0,0.0,41.44199,0.0,0.0,0.0,145.30766,0.0,0.0,0.0,66.87858,0.0,81.1437,0.0,0.0,0.0,0.0,0.0,0.0,153.2076,0.0,0.0,0.0,0.0,0.0,0.0,121.13927,0.0,0.0,0.0,0.0,0.0,0.0,0.0,0.0,30.634007,88.94816,63.810078,0.0,54.54862,0.0,0.0,108.594185,44.22899,0.0,0.0,14.477754,0.0,0.0,0.0,0.0,116.473045,162.93193,37.752758,0.0,0.0,0.0,0.0,0.0,0.0,0.0,0.0,0.0,0.0,0.0,0.0,0.0,0.0,85.614365,0.0,0.0,0.0,0.0,88.16772,0.0,76.8126,0.0,0.0,0.0,0.0,18.019773,114.384476,0.0,0.0,0.0,0.0,0.0,0.0,0.0,0.0,85.03184,0.0,0.0,0.0,0.0,0.0,0.0,0.0,77.464645,0.0,0.0,0.0,0.0,0.0,0.0,0.0,0.0,0.0,0.0,0.0,0.0,3.642634,1.0554566,0.0,0.0,0.0,0.0,128.7693,0.0,0.0,65.23951,0.0,0.0,0.0,0.0,0.0,0.0,0.0,83.36295,0.0,178.78001,0.0,14.894939,0.0,62.429867,0.0,0.0,104.399765,0.0,0.0,0.0,0.0,0.0,0.0,74.98052,0.0,35.95029,32.79472,87.359314,111.42088,0.0,0.0,0.0,0.0,0.0,0.0,0.0,0.0,0.0,0.0,0.0,0.0,0.0,0.0,0.0,0.0,0.0,103.61434,0.0,0.0,36.37385,0.0,0.0,0.0,189.02806,85.446556,88.899635,18.07727,67.3038,75.70058,61.718056,111.091286,0.0,0.0,129.94089,81.158134,51.69527,48.246216,0.0,93.965645,63.938606,0.0,16.284983,40.416355,57.131317,49.679012,62.1747,0.0,39.530872,83.517715,0.0,78.26517,43.931046,37.94813,55.49311,61.762093,49.93632,51.391006,42.62701,51.36274,18.744795,56.914772,0.0,0.0,0.0,84.791016,71.327545,109.27566,119.096176,163.13855,79.99317,36.468513,0.0,0.0,0.0,0.0,0.0,0.0,0.0,0.0,0.0,0.0,0.0,0.0,0.0,0.0,0.0,0.0,0.0,70.739334,71.30223,0.0,0.0,0.0,0.0,0.0,0.0,63.810078,61.171135,211.32613,165.96283,0.0,0.0,0.0,0.0,0.0,0.0,0.0,0.0,0.0,0.0,0.0,27.916203,50.945007,28.770712,57.296017,0.0,0.0,0.0,48.846245,88.58928,0.0,0.0,0.0,0.0,0.0,0.0,0.0,0.0,0.0,0.0,0.0,0.0,0.0,0.0,0.0,0.0,0.0,0.0,0.0,0.0,0.0,0.0,0.0,0.0,0.0,0.0,0.0,0.0,0.0,0.0,0.0,0.0,0.0,0.0,0.0,0.0,0.0,0.0,0.0,0.0,0.0,0.0,0.0,0.0,0.0,0.0,0.0,0.0,0.0,0.0,0.0,0.0,0.0,0.0,73.86658,0.0,0.0,0.0,0.0,0.0,0.0,0.0,0.0,0.0,0.0,69.04262,71.87173,65.83502,74.34499,0.0,0.0,154.43883,43.698162,37.67631,0.0,0.0,0.0,0.0,42.00865,95.65105,103.55495,0.0,0.0,0.0,0.0,0.0,0.0,0.0,0.0,0.0,0.0,0.0,0.0,0.0,86.599335,51.735268,0.0,0.0,0.0,52.694717,0.0,0.0,0.0,0.0,0.0,0.0,0.0,0.0,0.0,60.02723,0.0
C6x13_C7x13,0.0,0.0,0.0,0.0,120.56493,68.88491,0.0,0.0,0.0,0.0,51.506237,41.12169,97.6865,0.0,120.92679,0.0,109.941605,0.0,134.7666,51.240746,0.0,108.88457,0.0,30.841507,0.0,0.0,57.559193,0.0,0.0,41.516777,0.0,0.0,29.404898,0.0,0.0,0.0,29.362772,36.61274,0.0,36.050896,0.0,0.0,0.0,0.0,43.181534,0.0,43.181534,0.0,0.0,31.983278,0.0,0.0,33.432808,34.623,0.0,43.36642,29.756166,0.0,47.564613,0.0,110.400925,32.421516,65.85392,34.81208,50.222282,0.0,0.0,12.809604,0.0,108.71364,0.0,41.22497,0.0,0.0,0.0,121.15805,0.0,0.0,0.0,0.0,0.0,0.0,23.35768,0.0,0.0,0.0,0.0,51.61242,0.0,0.0,39.119884,0.0,0.0,0.0,0.0,0.0,32.066166,0.0,0.0,0.0,20.91013,49.707092,49.286854,0.0,42.616135,0.0,0.0,42.616135,0.0,0.0,0.0,0.0,48.74612,0.0,48.74612,0.0,0.0,0.0,119.69178,0.0,0.0,0.0,0.0,0.0,66.53568,0.0,0.0,14.427224,14.427224,44.933193,0.0,72.633995,47.46815,0.0,0.0,0.0,0.0,0.0,155.97658,0.0,0.0,0.0,27.568258,0.0,42.75588,0.0,0.0,0.0,52.64694,36.089676,0.0,65.22449,0.0,0.0,0.0,18.272507,0.0,0.0,0.0,19.21789,53.137794,49.79682,0.0,97.71986,154.50867,37.682583,20.3533,0.0,0.0,0.0,0.0,41.409466,41.409466,0.0,31.262743,45.970543,0.0,45.79727,0.0,48.16615,54.038155,35.014767,0.0,0.0,76.52708,76.373535,0.0,81.19546,39.484478,0.0,0.0,0.0,15.892546,83.04264,0.0,54.215492,20.900267,0.0,0.0,0.0,0.0,0.0,83.61486,15.405206,24.525972,30.473019,34.19197,0.0,0.0,0.0,79.9083,0.0,0.0,0.0,0.0,33.50732,44.41722,0.0,0.0,62.197838,48.36079,0.0,0.92861533,21.216816,0.93086034,6.5229754,0.0,0.0,0.0,117.39339,0.0,37.734814,66.2953,0.0,0.0,0.0,0.0,26.97389,0.0,42.291805,121.112816,50.948162,75.809296,42.86187,13.136597,47.319225,49.480194,34.586784,0.0,69.8091,49.362488,0.0,0.0,12.038858,12.038858,22.53981,77.44659,0.0,0.0,24.754389,65.480896,48.706936,0.0,0.0,0.0,0.0,0.0,0.0,0.0,0.0,0.0,0.0,0.0,0.0,0.0,0.0,0.0,0.0,0.0,73.81151,0.0,0.0,5.583683,0.0,0.0,0.0,115.18978,99.782036,64.265656,23.35768,51.44274,79.19069,47.17335,76.151665,0.0,0.0,103.516396,49.031345,55.130936,37.359806,0.0,60.317303,72.22577,0.0,0.0,31.296698,38.239063,0.0,46.658974,0.0,43.199543,50.38744,0.0,59.550125,46.120678,0.0,0.0,0.0,0.0,0.0,66.2715,48.554466,0.0,32.30792,0.0,0.0,0.0,29.754383,52.64694,75.68174,47.628662,81.34119,77.52416,64.38307,0.0,0.0,0.0,0.0,0.0,0.0,0.0,0.0,0.0,0.0,0.0,0.0,0.0,0.0,0.0,0.0,0.0,52.51058,35.886395,0.0,0.0,0.0,0.0,0.0,0.0,86.0758,125.289894,143.15697,61.45865,0.0,0.0,0.0,0.0,0.0,0.0,0.0,0.0,0.0,0.0,0.0,61.859844,59.313816,0.0,38.16843,0.0,0.0,0.0,39.146683,65.66989,0.0,0.0,0.0,0.0,0.0,0.0,0.0,0.0,0.0,0.0,0.0,0.0,0.0,0.0,0.0,0.0,0.0,0.0,0.0,32.78026,0.0,0.0,0.0,0.0,0.0,0.0,0.0,0.0,0.0,0.0,0.0,0.0,0.0,0.0,0.0,0.0,0.0,0.0,0.0,0.0,0.0,0.0,0.0,0.0,0.0,0.0,0.0,0.0,0.0,0.0,0.0,0.0,0.0,0.0,59.979828,0.0,0.0,0.0,0.0,0.0,0.0,0.0,0.0,0.0,0.0,64.4948,29.148287,59.32271,61.52662,0.0,25.794085,121.61927,35.020866,53.6165,0.0,0.0,0.0,0.0,0.0,93.42682,92.92356,0.0,0.0,0.0,0.0,0.0,0.0,0.0,0.0,0.0,0.0,0.0,48.73509,39.10558,38.786034,60.88619,0.0,0.0,0.0,52.48032,40.05917,22.076736,12.34756,46.87949,0.0,0.0,0.0,0.0,20.889763,118.029175,0.0
C6x14_C6x15,0.0,0.0,0.0,0.0,47.6124,0.0,0.0,0.0,0.0,0.0,0.0,0.0,34.660393,36.070206,0.0,21.820593,106.494446,46.715206,45.105377,69.63809,0.0,37.350452,0.0,0.0,0.0,55.297302,55.297302,0.0,95.77774,23.364252,0.0,17.584032,17.584032,0.0,0.0,0.0,70.32932,52.25083,30.698114,29.26482,53.170692,0.0,32.057255,0.0,0.0,22.084326,22.084326,0.0,0.0,31.23195,0.0,21.119915,21.119915,0.0,0.0,0.0,0.0,0.0,45.58398,0.0,74.00683,0.0,72.14585,35.944443,0.0,0.0,62.2576,55.75062,0.0,4.8430767,0.0,0.0,0.0,26.6807,0.0,81.92488,31.066236,50.49412,0.0,0.0,50.19948,0.0,28.534065,0.0,0.0,7.9412303,0.0,0.0,0.0,0.0,53.13196,0.0,0.0,0.0,0.0,6.914679,6.914679,0.0,0.0,30.147614,0.0,46.17166,55.993313,0.0,31.574749,27.652401,0.0,106.19988,26.041914,0.0,0.0,0.0,0.0,0.0,42.062874,0.0,0.0,0.0,69.09594,0.0,0.0,0.0,141.12573,0.0,61.18981,6.304316,0.0,0.0,21.116924,26.714968,0.0,123.80682,27.319513,0.0,0.0,15.964641,50.606976,0.0,122.218925,0.0,0.0,0.0,0.0,0.0,19.221703,0.0,25.426386,25.426386,74.24211,0.0,0.0,65.70423,0.0,30.10054,59.893345,23.207474,0.0,0.0,18.112629,21.974974,0.0,33.966476,0.0,103.35555,87.96106,89.972244,0.0,0.0,0.0,0.0,0.0,0.0,45.113922,0.0,0.0,34.87022,0.0,44.71676,0.0,38.458767,54.79666,35.510117,0.0,0.0,49.307293,83.925255,0.0,6.263814,0.0,14.204668,0.0,0.0,32.56579,38.17696,0.0,0.0,12.830187,0.0,0.0,0.0,0.0,0.0,0.0,9.159143,14.889465,0.0,43.93361,0.0,0.0,0.0,53.700962,0.0,0.0,0.0,13.574261,8.699054,24.646046,0.0,0.0,56.646942,34.718273,0.0,16.019415,61.52304,28.414597,3.8782256,0.0,0.0,69.072235,32.31476,0.0,50.820957,195.17943,0.0,20.139883,0.0,0.0,23.439455,0.0,38.97663,62.795303,49.53072,56.45815,11.206675,15.848632,38.72324,84.00925,27.731003,0.0,34.80463,40.58952,0.0,0.0,0.0,0.0,0.0,0.0,0.0,35.937756,17.8708,0.0,34.391594,23.439455,21.119915,40.677433,15.964641,56.646942,27.652401,36.210373,21.116924,19.698088,7.9412303,12.46845,6.914679,40.58952,8.699054,17.584032,27.319513,13.574261,66.578,0.0,0.0,32.014675,32.819126,28.467503,38.852295,56.819504,35.80291,87.25231,25.091349,43.707726,25.23694,7.5439916,89.77269,0.0,0.0,38.348553,36.444656,33.70988,76.71006,0.0,49.63697,48.163414,46.682735,8.816247,0.0,34.26692,49.661694,44.4956,24.217537,50.816357,57.091694,31.650852,0.0,20.229942,0.0,33.781693,65.48664,56.21003,58.75011,27.657743,0.0,12.072854,61.42324,0.0,0.0,0.0,53.510246,23.825224,64.08756,89.92113,83.222206,38.63863,32.620594,23.439455,0.0,15.964641,14.961665,36.210373,43.93361,49.307293,0.0,35.510117,12.830187,14.600586,12.46845,35.55027,24.646046,45.113922,38.72324,13.574261,28.481953,113.17596,40.203274,22.054996,0.0,0.0,0.0,0.0,32.852116,35.23101,133.4921,103.21184,0.0,0.0,0.0,0.0,0.0,0.0,0.0,0.0,0.0,0.0,0.0,0.0,0.0,0.0,0.0,0.0,0.0,0.0,34.024334,57.155914,9.426103,38.704365,14.582843,29.304138,32.852116,46.14614,37.242767,25.873283,2.863757,0.0,0.0,0.0,0.0,0.0,0.0,0.0,0.0,0.0,0.0,0.0,0.0,0.0,0.0,0.0,0.0,0.0,0.0,0.0,0.0,0.0,0.0,0.0,0.0,0.0,40.598328,0.0,47.07494,40.308796,21.595987,15.067203,36.407417,34.442844,0.0,0.0,0.0,0.0,0.0,0.0,0.0,0.0,0.0,0.0,0.0,0.0,74.86567,0.0,25.096762,35.655743,16.99359,22.054996,0.0,0.0,0.0,0.0,0.0,39.835106,44.672173,0.0,71.09147,0.0,0.0,139.26906,39.89597,23.10456,0.0,0.0,0.0,0.0,0.0,58.400875,139.44662,0.0,0.0,0.0,0.0,0.0,0.0,0.0,0.0,0.0,0.0,0.0,0.0,0.0,50.409615,0.0,8.022353,0.0,0.0,0.0,19.698088,13.125692,12.46845,35.55027,0.0,0.0,0.0,0.0,0.0,21.03199,0.0
C6x14_C7x14,0.0,0.0,48.593952,0.0,59.233047,0.0,0.0,0.0,0.0,0.0,37.884487,0.0,86.8183,0.0,57.452625,0.0,148.906,0.0,109.26141,95.33555,0.0,143.06221,0.0,0.0,0.0,0.0,0.0,0.0,0.0,0.0,0.0,0.0,0.0,0.0,0.0,23.683224,0.0,0.0,0.0,62.51291,0.0,0.0,12.3003435,0.0,0.0,0.0,0.0,0.0,29.673166,12.078997,0.0,0.0,0.0,0.0,0.0,24.073887,41.03515,0.0,0.0,0.0,88.580605,0.0,107.21708,0.0,0.0,0.0,0.0,0.0,0.0,58.95869,0.0,31.202814,62.24152,35.93516,0.0,88.25488,0.0,0.0,0.0,0.0,72.01193,0.0,55.01746,0.0,0.0,0.0,13.994876,51.29775,0.0,0.0,41.670925,0.0,0.0,0.0,0.0,0.0,0.0,22.917734,0.0,13.739435,0.0,60.199787,98.75508,0.0,61.81583,0.0,0.0,132.27655,25.478157,0.0,0.0,0.0,0.0,0.0,0.0,0.0,0.0,0.0,115.42333,0.0,0.0,0.0,52.285656,0.0,97.210724,0.0,0.0,0.0,0.0,0.0,0.0,105.03839,0.0,40.711807,0.0,0.0,32.510014,64.324425,73.747406,0.0,0.0,0.0,0.0,0.0,0.0,0.0,0.0,48.43084,54.661976,0.0,0.0,108.817696,0.0,0.0,70.18515,33.314465,0.0,0.0,17.297382,0.0,0.0,0.0,0.0,69.58902,99.3383,44.194927,0.0,0.0,0.0,0.0,0.0,0.0,0.0,0.0,0.0,0.0,0.0,0.0,0.0,0.0,41.939396,0.0,0.0,116.928986,0.0,0.0,0.0,76.39325,0.0,54.434807,0.0,0.0,24.092014,91.34152,0.0,0.0,0.0,0.0,0.0,0.0,0.0,0.0,57.24495,0.0,0.0,0.0,0.0,0.0,0.0,0.0,56.14385,0.0,0.0,0.0,0.0,0.0,0.0,0.0,0.0,0.0,0.0,0.0,0.0,65.855034,22.405066,0.0,0.0,0.0,0.0,130.98732,0.0,0.0,125.9002,0.0,0.0,0.0,0.0,0.0,0.0,0.0,105.71872,0.0,61.08133,0.0,11.219269,0.0,41.179417,0.0,0.0,0.0,0.0,0.0,0.0,0.0,0.0,0.0,43.132328,0.0,54.039413,0.0,43.71426,43.156902,30.6644,38.69771,54.786797,21.50213,77.43039,12.457421,49.40703,29.837515,36.203243,13.994876,37.629738,22.917734,54.824883,11.716406,23.683224,40.711807,24.3854,95.95289,0.0,0.0,49.708256,0.0,0.0,0.0,129.76048,106.64464,49.86262,55.01746,41.508762,75.51015,32.618835,64.03001,0.0,0.0,67.447556,50.258198,79.26784,64.09773,43.741913,78.38439,91.675964,53.235367,48.157833,26.728848,46.36285,54.039413,54.33194,46.41123,75.14701,74.700645,56.060635,33.629303,69.699814,20.68453,33.796165,65.0654,49.07019,27.96296,20.012552,30.383091,14.119083,50.851067,0.0,0.0,0.0,6.9924507,38.970837,37.70097,43.40608,63.937267,50.322952,39.919987,0.0,0.0,0.0,0.0,0.0,0.0,0.0,0.0,0.0,0.0,0.0,0.0,0.0,0.0,0.0,0.0,0.0,40.17024,57.17975,0.0,0.0,0.0,0.0,0.0,0.0,0.0,0.0,128.75987,106.35283,0.0,0.0,0.0,0.0,0.0,0.0,0.0,0.0,0.0,0.0,0.0,17.452042,42.167328,0.0,43.156902,0.0,0.0,0.0,32.783485,69.82804,22.534735,49.768845,19.641043,38.511032,46.099472,56.106873,51.543644,39.94216,18.983335,0.0,0.0,0.0,0.0,0.0,0.0,0.0,0.0,0.0,0.0,47.548634,0.0,0.0,0.0,0.0,0.0,0.0,0.0,0.0,0.0,0.0,0.0,0.0,0.0,24.3854,0.0,0.0,0.0,0.0,0.0,0.0,0.0,0.0,0.0,77.43039,44.784904,48.24344,58.62055,60.634502,54.824883,51.83609,53.14777,24.3854,19.63975,55.86541,92.39999,0.0,0.0,0.0,0.0,0.0,0.0,0.0,0.0,0.0,0.0,69.033066,39.106964,49.588707,78.21446,0.0,0.0,149.76048,0.0,0.0,0.0,0.0,0.0,0.0,31.642048,37.592262,115.00847,0.0,0.0,50.532276,52.167953,39.068798,0.0,0.0,0.0,0.0,0.0,0.0,24.043005,21.708698,32.046207,49.52277,0.0,0.0,0.0,30.823126,0.0,0.0,0.0,0.0,0.0,0.0,0.0,0.0,0.0,39.912006,0.0
C6x15_C6x16,68.6,0.0,0.0,0.0,32.516644,0.0,0.0,39.618454,0.0,0.0,0.0,0.0,52.206696,33.776318,0.0,0.0,86.75731,41.70839,65.28985,0.0,67.71214,0.0,0.0,61.46081,61.46081,55.525314,55.525314,0.0,96.17267,29.093447,0.0,0.0,0.0,0.0,0.0,0.0,34.885155,30.64078,0.0,0.0,0.0,0.0,49.674534,0.0,0.0,0.0,0.0,0.0,0.0,0.0,0.0,66.60747,66.60747,0.0,0.0,0.0,0.0,0.0,22.398386,0.0,76.346115,0.0,0.0,66.653915,73.77902,73.77902,115.44797,0.0,0.0,0.0,0.0,0.0,0.0,36.093468,39.95176,78.04593,28.590252,76.07532,0.0,0.0,0.0,0.0,42.120148,0.0,0.0,17.752735,0.0,0.0,0.0,0.0,15.243058,0.0,0.0,0.0,0.0,30.92427,30.92427,0.0,0.0,17.428705,0.0,30.198261,30.198261,0.0,23.122656,15.802448,0.0,77.810074,0.0,0.0,0.0,0.0,0.0,0.0,52.83226,0.0,0.0,0.0,67.848625,0.0,0.0,0.0,179.9591,0.0,66.39874,29.826683,0.0,0.0,32.21972,0.0,0.0,12.8007555,63.028324,0.0,0.0,46.75464,51.752575,0.0,90.36364,31.43256,0.0,19.484524,0.0,0.0,0.0,0.0,13.797207,20.581535,63.908195,0.0,0.0,84.34284,0.0,53.522453,79.84038,14.519426,0.0,0.0,0.0,23.804153,0.0,47.56821,52.65312,120.81242,52.65312,64.92629,0.0,0.0,19.390709,0.0,0.0,0.0,33.91836,0.0,0.0,34.11394,0.0,61.684704,68.27862,64.49402,115.82416,23.483421,25.993732,0.0,59.38084,141.46686,65.72848,32.636105,0.0,0.0,0.0,0.0,0.0,130.9412,0.0,0.0,23.10887,0.0,0.0,62.27137,0.0,0.0,0.0,45.56719,26.515438,0.0,34.73202,38.44477,0.0,0.0,45.08895,0.0,0.0,0.0,30.933289,0.0,2.5259335,0.0,0.0,57.095135,36.4588,0.0,37.125366,58.115643,0.0,34.02683,0.0,0.0,81.4762,57.78479,0.0,59.959667,167.23872,12.80686,47.64611,0.0,0.0,13.143526,14.548531,48.347256,59.28735,53.561752,83.84498,0.0,0.0,44.485676,83.84717,7.406702,0.0,19.11721,36.809517,0.0,0.0,0.0,0.0,0.0,0.0,0.0,76.24518,42.245514,0.0,0.0,13.143526,66.60747,42.07851,46.75464,57.095135,15.802448,50.102295,32.21972,60.244736,17.752735,49.03722,30.92427,36.809517,0.0,0.0,63.028324,30.933289,105.18097,0.0,0.0,54.457138,35.21759,48.423378,25.22606,31.199251,0.0,45.683933,42.120148,0.0,19.11721,6.379868,12.8007555,0.0,0.0,0.0,0.0,0.0,0.0,0.0,0.0,0.0,0.0,0.0,0.0,0.0,0.0,0.0,0.0,0.0,0.0,0.0,0.0,0.0,0.0,44.11844,22.501568,49.22473,39.740944,0.0,0.0,17.259254,32.523132,0.0,0.0,0.0,39.505093,33.226227,0.0,0.0,0.0,0.0,0.0,13.143526,0.0,46.75464,53.777824,50.102295,34.73202,59.38084,8.30666,23.483421,23.10887,19.077662,49.03722,44.15049,2.5259335,33.91836,44.485676,30.933289,0.0,61.92973,47.075474,20.901754,0.0,0.0,0.0,0.0,36.89741,58.913185,125.13737,112.85364,0.0,0.0,0.0,0.0,0.0,0.0,0.0,0.0,0.0,0.0,0.0,0.0,0.0,0.0,0.0,0.0,0.0,0.0,49.792465,41.801117,42.54915,23.073425,0.0,30.734318,36.89741,40.15329,43.165264,37.435047,47.70878,0.0,0.0,0.0,0.0,0.0,0.0,0.0,25.579142,34.239967,0.0,0.0,0.0,0.0,0.0,0.0,0.0,0.0,0.0,0.0,0.0,0.0,0.0,0.0,0.0,0.0,22.765255,0.0,38.94337,0.0,84.93495,0.0,49.002415,0.0,0.0,0.0,0.0,0.0,0.0,0.0,0.0,0.0,0.0,0.0,0.0,0.0,20.237446,0.0,22.679655,37.244366,44.23482,20.901754,0.0,0.0,0.0,0.0,0.0,31.179512,32.72391,0.0,11.618825,0.0,0.0,141.65887,44.27554,73.6944,0.0,0.0,0.0,0.0,0.0,73.86441,140.32397,0.0,0.0,0.0,0.0,0.0,0.0,0.0,0.0,0.0,40.179817,0.0,0.0,0.0,0.0,0.0,0.0,0.0,0.0,0.0,60.244736,0.0,49.03722,44.15049,9.612192,49.928246,84.64542,0.0,0.0,30.41704,0.0
C6x31_C6x32,14.045737,0.0,14.045737,0.0,0.0,0.0,0.0,0.0,0.0,0.0,45.56934,0.0,61.065346,15.666109,0.0,27.537888,0.0,1.3670276,0.0,0.0,0.0,8.645912,10.362921,25.38387,10.362921,10.362921,17.949104,5.128745,23.172195,25.124058,16.84448,17.552816,16.237171,0.0,0.0,23.821692,49.896374,41.584785,29.40488,41.584785,41.36697,0.0,41.598637,0.0,40.733368,30.014046,27.764387,0.0,40.733368,28.802843,0.0,24.762087,22.906082,0.0,0.0,0.0,26.204151,30.890831,44.64085,0.0,0.0,44.96555,0.0,0.0,0.0,0.0,0.0,0.0,12.879149,29.892187,0.0,0.0,26.440552,0.0,0.0,90.81992,37.12429,37.01533,15.509352,24.705328,21.933535,24.705328,98.33631,33.490356,20.967216,41.017143,52.952904,0.0,19.351904,0.0,22.643742,22.191557,27.689669,0.0,5.363666,19.579552,33.912777,43.781208,0.0,0.0,32.633392,55.513115,62.895977,19.140625,46.486767,18.626606,8.559947,41.38164,12.105594,12.105594,0.0,0.0,23.446245,16.578999,0.0,0.0,16.578999,23.446245,45.449528,39.155106,8.874465,15.371023,19.843904,0.0,26.247627,35.42793,0.0,32.219864,22.782885,18.779604,17.853601,73.08636,25.847198,37.920647,0.0,25.108742,42.875797,10.55597,73.60716,0.0,40.458527,27.577051,27.801565,11.349942,24.614227,0.0,16.172272,0.0,56.501656,18.423513,13.9116535,36.806774,27.823307,15.871831,23.2857,0.0,0.0,24.911196,54.10244,0.0,0.0,29.951805,0.0,56.691887,37.679554,29.9873,20.733122,30.41774,12.538151,12.538151,18.525595,17.11994,12.105625,0.0,3.6968796,23.726578,0.0,34.23434,0.0,3.4481685,3.4481685,28.745085,0.0,0.0,18.57657,28.39991,0.0,46.861233,55.014782,0.0,10.909848,0.0,12.080478,26.464216,0.0,26.565977,28.647264,28.10551,47.543022,24.265945,38.43509,0.0,0.0,26.64416,28.78026,40.178215,25.480019,0.0,0.0,0.0,0.0,0.0,27.30216,47.288727,33.43818,23.65033,16.557888,11.595086,16.433304,20.126606,0.0,0.0,7.3597813,16.350796,0.0,15.59822,0.0,12.735893,0.0,27.918613,0.0,24.423903,44.591743,0.0,18.212753,0.0,30.566034,20.061695,0.0,9.559551,34.958405,14.58153,0.0,6.8169136,6.8169136,19.934092,36.492184,8.613505,4.1950107,31.792011,15.2723875,12.469852,0.0,49.147453,33.499535,31.468784,45.448936,23.532179,25.792555,45.959473,13.930204,22.289448,30.0579,34.31957,27.648615,35.50912,28.463318,27.907745,29.121704,32.219864,17.089125,58.007004,39.89946,47.959908,21.59842,33.446617,24.327719,38.726162,47.288727,101.990295,0.0,0.0,45.3057,16.172272,18.495974,15.6118145,49.993874,16.433304,11.832487,33.490356,27.689669,12.469852,16.84448,26.813946,0.0,21.712942,24.59947,7.0328984,21.145296,21.60808,31.304865,30.63563,11.905769,37.76957,26.202166,23.532179,30.670372,16.312643,29.416039,28.476406,18.199259,29.715103,23.336378,55.373676,27.150425,28.769384,43.546474,11.36829,28.626293,40.420418,1.3376331,0.0,16.978586,68.15172,11.534781,20.343027,32.88637,24.432194,27.150425,44.973053,15.27922,0.0,33.665604,30.62165,21.687227,36.213894,14.496539,15.27922,21.011751,27.544582,20.081768,8.167419,18.577436,16.539507,0.0,16.288887,23.070436,17.89952,8.202393,20.654305,19.305542,16.745422,29.064548,0.0,35.806496,46.53285,21.59051,13.129593,44.074963,39.3481,32.094044,65.28461,46.315147,0.0,33.96008,24.09569,23.65033,39.959167,0.0,0.0,21.239819,19.623405,20.924,15.585784,22.335434,21.918428,25.144787,18.199259,37.574722,33.402805,10.547372,83.47129,61.723446,0.0,0.0,0.0,0.0,0.0,0.0,0.0,0.0,0.0,0.0,0.0,0.0,0.0,0.0,0.0,0.0,26.193087,19.305542,0.0,0.0,0.0,0.0,0.0,0.0,0.0,0.0,0.0,0.0,0.0,0.0,20.539427,16.737686,38.818718,19.305542,24.034126,33.962543,32.029213,50.60626,36.423058,30.532446,0.0,19.196054,46.193745,25.983335,0.0,34.809467,24.251307,18.824673,19.71657,15.628296,28.030857,43.168507,42.223763,4.4515667,85.296776,0.0,11.329578,3.7024345,16.950096,18.495974,0.0,16.213732,13.862957,28.906973,30.906706,16.397928,63.64664,0.0,5.396001,15.793535,0.0,23.59513,30.670372,33.43818,0.0,0.0,0.0,10.748388,0.0,73.22391,25.017595,0.0,15.004199,3.9628332,13.809999,11.703639,23.892492,20.137217,25.734802,0.0,0.0,0.0,54.543068,33.27953,52.619553,38.58004,0.0,16.861376,15.071614,69.096535,11.40588,28.820915,28.21318,39.959167,0.0,0.0,44.66223,23.035965,54.39016,56.94441,16.58549
C6x31_C7x31,13.870451,0.0,13.870451,0.0,0.0,0.0,0.0,0.0,13.729883,0.0,58.285988,0.0,48.296436,27.618784,0.0,32.84006,0.0,4.166594,0.0,0.0,0.0,31.72108,15.650217,38.335045,41.884003,15.650217,27.10697,10.268878,34.99495,27.609613,8.950358,15.385871,10.816543,8.83167,0.0,18.847116,51.627148,34.146263,19.714354,27.880308,44.082634,0.0,24.138802,0.0,53.54769,16.842365,29.171831,0.0,50.830006,37.863934,22.602463,15.982355,27.68225,22.57502,0.0,17.548838,29.444103,26.52462,8.239022,0.0,0.0,43.860615,0.0,0.0,0.0,0.0,0.0,0.0,18.746878,21.094006,10.407141,0.0,7.4966683,0.0,0.0,83.55218,50.736,50.295887,18.936996,18.936996,26.780958,0.0,73.452095,29.785875,0.0,36.4801,63.564186,0.0,0.0,0.0,0.0,18.921469,18.162718,0.0,18.406805,13.390829,22.244694,38.759926,0.0,0.0,44.86912,49.217407,58.37307,26.425833,41.214725,20.46936,11.817991,47.511192,16.713163,16.713163,0.0,15.529887,49.374866,22.257732,0.0,0.0,27.14008,41.40465,22.257732,9.171466,10.922212,18.917826,36.491226,15.653924,29.008945,0.0,0.0,0.0,0.0,27.612896,25.81372,75.49848,31.615223,55.08746,0.0,21.975952,33.69833,17.407,70.71076,0.0,65.25328,35.548836,34.212006,18.80545,23.460983,0.0,13.741922,27.8532,38.96842,0.0,0.0,21.257637,0.0,8.600542,17.432251,0.0,0.0,29.560486,29.560486,0.0,0.0,25.079035,0.0,48.258377,25.304226,30.598001,22.784277,39.70011,28.006115,28.006115,24.909924,44.79827,24.405304,0.0,4.2060323,27.63691,0.0,29.811102,0.0,26.424017,34.297375,32.015553,0.0,0.0,28.963625,28.963625,0.0,44.689114,73.66151,25.20203,15.176514,0.0,10.589108,12.5114765,0.0,35.154816,19.513716,22.24358,51.631786,20.709562,1.8566499,9.930779,0.0,23.65336,31.627527,15.775766,28.00079,0.0,9.439857,0.0,0.0,0.0,24.86597,55.902092,30.45447,21.373278,18.195982,28.540022,23.50546,28.788193,12.941803,10.566938,8.0878935,18.772717,6.6037383,19.578024,9.725056,15.985389,0.0,21.124153,0.0,10.503556,24.379683,0.0,15.461514,0.0,34.45348,32.36457,0.0,10.505291,62.429966,31.005943,0.0,1.3297812,1.7260056,26.860365,46.10172,29.908056,11.021745,32.479126,0.0,0.0,15.513661,81.50784,44.40403,43.26785,27.583874,0.0,38.65812,18.138481,0.0,14.820482,53.02958,45.357567,54.011654,36.007755,47.169662,33.539196,49.091686,13.4002,37.88851,59.7729,23.54734,36.448093,14.525107,35.02027,17.722982,51.801765,49.899868,74.35677,0.0,0.0,56.513294,13.741922,19.913227,8.600542,49.78324,33.465855,26.88108,42.407585,25.859135,0.0,12.574073,36.752235,0.0,19.032417,24.352549,24.419827,16.46297,14.957821,20.561478,31.90894,25.316246,26.780958,12.941764,24.703987,26.42556,20.584219,22.5155,16.713163,7.861338,24.463242,20.455437,33.373405,30.062841,30.586512,33.310627,20.194645,22.226131,20.614552,1.1724985,0.0,11.148148,24.842916,14.555241,16.759407,31.45717,0.0,30.062841,2.6256995,10.552582,0.0,38.67978,18.647476,18.685692,25.636677,12.687821,10.576776,17.298122,16.166264,16.722157,7.1591287,18.48419,19.455343,0.0,23.54734,21.969309,10.505455,14.09041,15.507838,17.582897,6.3332973,26.255878,17.771881,0.0,36.41579,22.759169,13.594306,37.580193,21.257637,45.533993,61.09201,29.027239,0.0,21.89793,21.257637,21.373278,27.493841,0.0,0.0,20.16294,0.0,18.340874,23.875187,34.212643,32.34098,22.61707,13.738501,28.832846,26.963774,2.4066496,119.37183,74.356255,0.0,0.0,0.0,0.0,0.0,0.0,0.0,0.0,0.0,0.0,0.0,0.0,0.0,0.0,0.0,0.0,30.151377,47.05635,0.0,0.0,0.0,0.0,0.0,0.0,0.0,0.0,0.0,0.0,0.0,0.0,18.06194,27.685257,32.47951,47.05635,41.78248,57.325356,29.464066,51.970295,15.362179,27.592783,39.399124,16.826248,50.859478,50.16154,22.550245,48.155502,33.370617,54.025826,16.627573,42.524647,46.802425,53.06492,55.108902,46.042114,33.54909,0.0,0.0,13.584073,0.0,19.913227,0.0,28.079767,0.0,26.780693,19.504745,40.361683,38.493652,0.0,0.0,24.191992,0.0,11.501078,32.36457,30.45447,0.0,0.0,0.0,18.685692,0.0,68.19758,17.509678,0.0,14.258902,19.438963,22.750317,0.0,30.430748,25.275118,34.67658,0.0,0.0,0.0,37.322193,0.0,23.752518,25.625364,0.0,12.228629,0.0,39.218906,23.1238,0.0,11.899491,27.493841,0.0,0.0,35.966774,9.715895,61.736736,63.7625,0.0
C6x32_C6x33,16.134138,0.0,16.134138,0.0,34.99041,8.484441,0.0,12.469635,0.0,0.0,0.0,17.54518,68.900925,36.431446,0.0,25.055468,0.0,0.0,0.0,0.0,0.0,33.624756,0.0,0.0,0.0,19.413263,16.919397,0.0,43.409374,4.4507976,15.170892,17.750803,15.470501,12.06897,0.0,28.713446,55.20842,0.0,34.65653,0.0,77.494354,0.0,28.957968,0.0,39.589508,22.473166,19.535702,0.0,37.94884,27.994009,0.0,0.0,0.0,0.0,0.0,0.0,25.939556,20.680714,60.953156,0.0,0.0,22.865736,0.0,0.0,0.0,0.0,0.0,0.0,22.866049,29.70961,9.513759,0.0,0.0,0.0,23.35651,80.35525,0.0,33.601894,10.621637,43.40808,15.021264,22.773804,93.30796,18.08694,39.31401,39.31401,43.030884,0.0,29.996641,0.0,42.421658,44.842213,27.72716,0.0,34.853497,39.064857,33.9587,65.96606,17.728737,0.0,22.881844,25.649115,35.98929,13.926342,27.642536,11.646797,6.2280498,28.762735,8.807793,8.807793,0.0,9.665161,33.92507,17.181658,0.0,0.0,19.713566,29.507029,47.10165,13.1670265,0.0,0.0,20.490845,0.0,0.0,36.260017,0.0,37.61315,18.560455,17.702251,15.76306,61.534615,19.305727,37.502106,0.0,21.124378,29.82634,0.0,49.856262,15.493054,23.51793,20.496769,30.185698,17.540646,22.40324,0.0,25.596165,12.9602995,36.367306,18.951025,9.291304,33.127403,18.582607,26.675402,0.0,0.0,0.0,21.375622,59.891617,0.0,0.0,30.629107,28.005072,89.95275,36.06864,17.073565,16.533545,32.117035,25.060724,5.462587,31.689964,14.438794,12.583959,0.0,5.864879,17.413635,4.023227,24.224096,26.494844,9.471428,13.57224,25.285707,29.012743,0.0,0.0,0.0,0.0,87.889534,42.814312,22.635914,28.069223,0.0,31.460836,60.119854,0.0,28.184006,33.985264,32.87954,37.72588,26.253798,9.284577,0.0,0.0,26.370937,0.0,47.172863,20.273193,0.0,8.413683,0.0,13.3725605,6.2960277,0.0,36.664608,31.9546,23.052967,26.543076,34.649227,24.47756,29.978765,0.0,0.0,0.0,0.0,0.0,14.703378,14.703378,0.0,0.0,92.09842,0.0,21.052809,56.1342,15.952984,15.059021,0.0,14.908111,17.548744,20.135376,8.762003,46.037754,20.266638,0.0,6.4258394,0.0,20.7228,36.606823,8.206802,0.0,38.79791,16.906925,0.0,0.0,38.713078,26.139114,43.785965,45.29371,15.724113,37.89543,45.759514,7.4753294,47.583523,32.091717,0.0,41.16339,34.27777,57.425674,20.663555,41.90118,35.553387,0.0,63.79343,55.022034,65.049416,27.434265,37.407227,28.314451,36.980988,51.851585,97.360115,23.045517,4.023227,30.19812,5.155183,0.0,0.0,38.956093,39.31747,0.0,45.108772,44.537193,19.398954,19.385975,25.319664,0.0,0.0,28.007133,13.351319,16.647215,13.970681,41.38292,41.9681,32.97098,29.929695,25.306292,31.330116,27.25529,33.754013,29.336166,17.549427,43.91886,35.586403,29.007757,20.02873,26.181076,0.0,38.392143,0.0,30.717613,0.0,0.0,0.0,19.662706,52.34626,11.978835,0.0,0.0,25.320322,24.340906,13.130376,9.184423,0.0,28.23958,32.62518,20.135376,29.991938,24.238045,19.279142,25.163385,23.321548,0.0,15.3003435,29.012743,39.09542,0.0,33.043003,43.399956,30.534193,14.438794,23.838758,36.664608,20.290174,16.802507,13.334832,69.629555,37.72588,16.87061,9.580053,13.879586,37.359955,23.380322,79.03379,117.68397,0.0,40.129658,20.873268,0.0,15.441554,0.0,0.0,10.232726,29.303589,27.348598,18.566582,32.929092,16.77227,25.905308,44.958447,0.0,0.0,0.0,74.45362,37.363247,0.0,0.0,0.0,0.0,0.0,0.0,0.0,0.0,0.0,0.0,0.0,0.0,0.0,0.0,0.0,0.0,63.521667,0.0,22.61133,33.968063,0.0,0.0,0.0,0.0,0.0,0.0,0.0,0.0,0.0,0.0,0.0,2.1646595,0.0,0.0,45.024067,67.06401,41.6594,92.4618,70.76664,59.146015,19.558908,35.96072,31.626451,58.23489,0.0,33.826645,27.016006,39.36871,0.0,0.0,40.254826,0.0,0.0,18.398607,30.70186,18.832676,16.918434,3.5276167,14.955258,30.19812,0.0,24.386522,6.541936,17.548744,22.175793,0.0,0.0,0.0,13.420647,23.284386,23.956123,59.263557,28.164305,0.0,0.0,0.0,0.0,9.672527,0.0,62.31942,73.26358,0.0,7.771964,0.0,12.218928,0.0,27.893833,0.0,26.75302,0.0,0.0,0.0,51.10103,35.718945,51.34868,55.78231,0.0,23.590115,15.882548,49.772545,0.0,20.970968,28.723959,37.82471,36.04193,0.51179415,12.732754,23.453014,38.905487,78.34069,25.655256
C6x32_C7x32,14.010557,0.0,14.010557,9.155389,24.994137,5.392285,0.0,7.925075,0.0,0.0,32.476383,10.552446,38.99304,23.154001,0.0,25.338202,0.0,2.8426623,0.0,7.497846,0.0,23.920727,5.8600545,14.354145,18.971144,15.244326,12.542634,12.048565,20.883194,23.92222,17.605312,18.41467,21.197023,14.005634,0.0,33.32099,48.166824,32.514458,29.089376,32.514458,39.849525,0.0,18.954014,0.0,34.05432,23.981377,20.765747,0.0,32.64304,24.08004,11.44724,8.09442,17.324984,13.47869,0.0,11.076614,38.89898,34.114475,31.839075,0.0,0.0,37.66953,0.0,0.0,0.0,0.0,0.0,0.0,34.291485,21.606737,8.594453,0.0,10.304035,0.0,10.46514,106.9939,23.638268,41.02053,14.3599,26.768316,20.307964,24.607082,86.00756,26.219528,31.7701,39.682312,62.37923,0.0,18.606485,0.0,0.0,24.665396,23.801142,0.0,29.918425,30.137953,36.02217,56.62561,13.5776,0.0,27.589682,36.46378,34.549564,15.262423,31.663958,14.609171,6.8255634,31.324568,9.652804,9.652804,0.0,9.900598,34.751465,17.60019,0.0,0.0,20.193773,30.225798,17.60019,14.594718,5.5807867,9.666206,23.707298,9.920907,15.942092,10.400795,0.0,16.013252,8.308296,16.52343,14.978595,49.66312,22.669561,35.635773,0.0,23.509838,31.377071,10.770065,43.274734,10.938457,44.460457,27.111233,30.867643,17.936918,18.734556,0.0,24.231825,32.6804,26.579844,8.722622,4.2765245,39.82147,8.553049,8.929364,12.042643,0.0,0.0,29.680593,64.46068,0.0,0.0,31.06467,17.960135,80.34445,29.603003,30.449726,22.27518,35.01582,15.970203,15.970203,20.375883,20.341484,12.403892,0.0,23.758392,18.593248,3.5012639,17.53175,23.93182,16.195843,18.780764,22.556004,17.054897,0.0,14.050363,11.370017,0.0,58.546593,54.330788,33.072437,25.20563,0.0,14.178869,31.085396,27.058516,30.10947,34.367626,24.7613,43.741177,16.491215,17.813309,0.0,0.0,16.696741,21.76791,25.857578,21.708933,11.606367,11.075867,0.0,10.020695,0.0,21.356321,53.005775,32.322025,24.233042,22.826689,33.358845,17.458012,26.42207,6.7982974,4.4918795,5.5665607,11.935659,3.6780264,9.03462,11.410493,5.9694986,0.0,39.895668,0.0,4.8718266,27.977194,11.670968,10.641517,0.0,21.913033,26.39454,0.0,9.975803,47.315666,21.830582,0.0,18.907732,21.925478,19.869663,34.53625,0.0,12.677513,43.96069,0.0,0.0,0.0,61.502857,37.503403,40.31115,28.872501,0.0,37.46076,60.65554,13.039222,28.208443,37.323215,24.498402,33.685368,33.2441,37.362144,20.658106,31.623362,32.2511,12.198762,56.112797,42.405067,50.93717,24.830927,34.266747,29.973661,32.05591,45.704975,60.778282,0.0,3.5012639,61.50126,12.999195,18.76528,4.7901692,52.678185,28.04221,9.155798,42.115536,38.23096,14.545825,22.496773,24.059607,0.0,20.203259,21.542744,10.802486,18.715338,17.509995,14.35114,47.74159,14.424251,26.177107,22.212502,36.988743,17.439821,18.545635,19.247934,18.594114,26.062243,14.776481,21.535069,21.574945,34.8268,34.09055,33.585518,10.302126,17.67768,15.504611,5.0221353,0.0,18.674362,42.133793,13.113745,12.344429,39.44953,0.0,39.234398,13.332681,12.381436,0.0,35.435146,28.069426,12.331817,17.521997,20.186853,15.665488,10.44855,18.944912,6.564482,6.77219,27.838474,27.26231,0.0,34.367588,32.353806,11.152683,8.605136,22.366505,15.101201,11.765515,27.66267,23.863642,64.312256,43.824635,20.195251,13.902274,23.613934,24.626265,40.015446,74.91661,70.459785,0.0,44.924957,35.48686,19.610176,36.84864,0.0,0.0,16.506266,14.340465,24.558521,28.879696,36.246986,28.945402,14.701938,24.643759,18.897846,17.573242,6.3868675,93.43148,85.135735,0.0,0.0,0.0,0.0,0.0,0.0,0.0,0.0,0.0,0.0,0.0,0.0,0.0,0.0,0.0,0.0,51.98216,48.888115,14.370627,23.717474,0.0,0.0,0.0,0.0,0.0,0.0,0.0,0.0,0.0,0.0,16.34085,18.319168,24.923481,48.888115,27.57478,39.180374,32.813618,44.55751,47.080143,25.31663,14.345391,19.015257,33.318455,41.534588,10.68669,29.22795,28.861675,34.316925,0.0,19.498491,31.234428,50.809113,34.218407,25.45931,30.230085,22.471672,15.433778,0.0,0.0,34.980396,0.0,22.19746,0.0,30.448837,28.356798,47.176533,28.235584,0.0,15.853962,25.630491,21.091217,63.278847,21.359333,26.156048,0.0,0.0,0.0,12.331817,0.0,68.59864,43.01058,0.0,14.335603,0.0,29.412271,0.0,25.680204,9.438605,20.75814,0.0,0.0,0.0,33.10101,0.0,33.092342,61.89531,0.0,19.155054,10.0941515,39.43384,8.6268215,0.0,21.059282,35.412754,19.949446,5.847757,32.167774,13.914624,52.282425,63.630592,24.839235
C6x33_C7x33,25.579693,17.850164,25.579693,0.0,42.078087,0.0,0.0,12.866968,0.0,0.0,24.44602,16.005404,50.76939,30.283077,0.0,28.436121,104.70475,0.0,0.0,0.0,0.0,28.677605,0.0,12.536661,16.527382,19.041338,11.408789,11.517658,33.905468,26.555147,27.919561,0.0,33.38141,0.0,0.0,39.484222,82.72156,31.081749,36.33488,31.081749,64.69876,23.46679,28.301422,0.0,28.382885,35.642593,0.0,0.0,0.0,23.46679,0.0,0.0,0.0,0.0,0.0,0.0,39.242794,27.748844,34.281864,0.0,0.0,18.563608,0.0,0.0,0.0,0.0,0.0,0.0,53.607143,24.680021,0.0,0.0,0.0,0.0,20.121475,102.35849,0.0,20.302946,22.09921,37.800243,0.0,22.198633,96.7249,0.0,42.8364,42.8364,50.667778,0.0,35.5142,0.0,0.0,29.703384,0.0,0.0,35.732853,42.990658,42.7232,50.533886,16.098864,0.0,26.751202,51.068104,43.044323,0.0,43.55251,19.288029,14.763112,33.952396,0.0,0.0,0.0,0.0,33.127728,23.424843,0.0,0.0,23.424843,33.127728,23.424843,17.013523,11.763072,11.763072,48.369167,19.982733,19.982733,19.755793,0.0,29.803701,25.197144,22.644264,0.0,73.59733,17.506405,20.706936,0.0,21.13784,18.02168,0.0,24.535385,13.073615,20.735048,17.53017,21.641016,12.987319,12.95837,0.0,26.411762,31.24038,35.359283,25.002789,0.0,22.970516,0.0,16.783365,19.851711,0.0,0.0,29.062977,75.32923,0.0,21.21208,36.845947,33.54969,106.78376,30.817232,17.965944,34.378117,40.663147,0.0,0.0,19.47929,13.927423,11.774753,0.0,6.852345,16.53569,22.385656,30.401731,43.511898,12.453186,10.415602,23.475605,29.994297,0.0,0.0,0.0,0.0,76.228355,43.420074,37.48695,33.595287,0.0,0.0,44.50747,0.0,20.205944,50.34126,21.990763,27.767008,11.357138,9.804132,0.0,0.0,28.561394,0.0,21.390442,25.76523,23.372892,10.587821,0.0,16.831442,0.0,0.0,36.292034,30.682615,23.003916,37.237988,29.824474,0.0,50.046883,13.368933,0.0,0.0,0.0,0.0,22.487158,22.487158,0.0,0.0,45.47989,0.0,15.991439,41.086094,20.161371,0.0,0.0,11.213349,36.05341,0.0,23.067247,80.07694,35.463543,0.0,21.50076,17.982817,26.239908,24.330776,0.0,11.653808,44.723274,0.0,0.0,0.0,44.330627,37.47874,32.816376,32.816376,0.0,27.33106,34.32706,0.0,39.612915,30.154367,0.0,41.84407,45.500187,41.858242,34.243496,22.902088,55.22006,9.089649,50.560196,63.418816,65.65362,32.68756,19.240028,27.919561,53.791176,25.662342,67.54673,10.157128,22.385656,46.487225,0.0,0.0,0.0,32.73342,41.858242,9.089649,35.827534,35.732853,17.044535,27.919561,28.04876,0.0,0.0,37.18061,12.808432,17.89067,16.738438,11.293316,50.146137,0.0,28.712704,24.277292,38.85951,0.0,0.0,21.614952,19.181177,30.90182,5.138801,0.0,18.328926,32.485218,29.130907,34.909607,9.848174,22.183311,0.0,0.0,0.0,15.3143835,69.74597,0.0,0.0,29.827961,0.0,32.485218,13.865137,11.835863,0.0,47.427666,28.39347,0.0,11.942256,29.793983,19.567406,6.007311,29.351158,0.0,0.0,37.666172,29.935516,0.0,41.527287,39.802223,15.8649235,0.0,27.93749,15.545668,0.0,42.987293,24.22103,71.317955,34.86919,18.807821,0.0,16.208487,22.970516,26.856117,78.37263,123.70088,0.0,34.43644,22.970516,0.0,24.07543,0.0,0.0,13.769852,22.459135,0.0,27.588188,32.63722,20.508844,0.0,30.25065,0.0,0.0,0.0,116.78736,82.933266,0.0,0.0,0.0,0.0,0.0,0.0,0.0,0.0,0.0,0.0,0.0,0.0,0.0,0.0,0.0,0.0,72.92705,44.448483,16.107649,42.615402,0.0,0.0,7.8626823,19.32456,0.0,24.799097,19.709297,0.0,10.445335,10.235139,15.39176,14.825532,0.0,44.448483,0.0,21.26467,66.08003,75.49957,73.94449,0.0,0.0,0.0,44.475994,59.19649,15.813049,19.558758,17.754416,41.947014,0.0,13.927423,31.037104,36.292034,0.0,14.729886,25.738863,32.67778,28.57113,0.0,0.0,35.658978,0.0,0.0,0.0,47.001427,36.16899,42.17818,0.0,0.0,10.696737,23.077997,39.85445,15.594165,0.0,13.298146,0.0,0.0,0.0,0.0,0.0,51.603973,50.84806,0.0,4.754333,13.436116,26.3949,0.0,0.0,0.0,0.0,0.0,0.0,0.0,48.999645,29.908869,45.427162,85.742645,0.0,30.696926,14.209626,72.80669,10.867839,0.0,41.746323,31.55848,28.953535,11.76983,31.60431,0.0,39.098125,57.848186,26.198025
C7x10_C7x11,26.59755,0.0,0.0,0.0,29.399075,0.0,14.862683,0.0,24.123426,39.020508,0.0,0.0,24.46872,25.195282,0.0,9.460119,139.40132,44.037956,35.74183,77.96425,0.0,29.577682,0.0,24.381746,0.0,19.620234,27.46261,17.240498,19.418999,34.109856,32.961403,26.020376,36.420944,0.0,10.975495,0.0,5.223338,44.809574,38.571373,74.90171,37.25731,0.0,24.162092,0.0,18.651932,18.845219,26.377815,30.523783,0.0,0.0,0.0,24.670235,28.660187,26.632124,0.0,0.0,0.0,0.0,46.143612,0.0,32.634632,18.563402,34.85028,43.683216,0.0,0.0,30.888697,0.0,0.0,55.166508,0.0,0.0,0.0,38.462795,0.0,88.24892,18.078972,38.54953,0.0,0.0,20.67555,18.343107,10.501456,0.0,30.004932,42.43338,0.0,0.0,12.977536,0.0,20.148582,55.984425,0.0,0.0,0.0,0.0,0.0,0.0,0.0,0.0,18.056643,38.392788,29.463406,0.0,9.682976,6.3415484,0.0,11.544214,5.1331077,0.0,35.151134,0.0,31.396486,0.0,0.0,0.0,0.0,0.0,50.314762,0.0,0.0,0.0,51.49981,25.106306,63.180847,50.503914,11.623677,35.64877,50.414974,35.819687,0.0,16.555584,24.443146,0.0,0.0,44.12448,41.132057,13.574347,46.75646,0.0,0.0,0.0,28.696712,0.0,31.523302,0.0,21.255207,7.8024936,36.42231,0.0,0.0,0.0,13.766338,24.34922,28.553614,0.0,0.0,27.031574,54.90044,37.136967,25.093685,50.299736,0.0,80.026375,28.375427,0.0,43.828876,0.0,0.0,0.0,21.73268,40.99146,57.970673,67.08229,12.657147,40.137775,0.0,33.17892,0.0,71.49167,30.533073,0.0,0.0,0.0,0.0,0.0,0.0,37.21308,14.2000675,35.01391,13.882795,14.329683,0.0,75.275276,13.267431,22.561224,8.371551,13.338216,20.987867,0.0,5.5663652,15.091957,0.0,11.007293,37.30656,28.903992,0.0,0.0,7.8329725,0.0,35.44366,23.212666,0.0,11.871881,16.531742,28.568785,56.466797,9.061169,0.0,26.3625,28.669125,0.0,17.298075,27.350658,0.0,41.998356,23.692398,0.0,0.0,25.878597,21.693674,51.62836,81.63161,0.0,0.0,0.0,21.95601,61.56686,0.0,18.447237,0.0,20.517492,0.0,20.342876,14.608757,35.2789,59.087883,35.098846,44.853443,39.879078,34.32914,0.0,28.873968,13.398849,18.948832,26.202385,14.690819,0.0,39.20288,40.30647,28.724064,42.19223,52.40714,37.815693,64.14381,39.250633,34.784008,8.367359,53.128235,36.44961,14.956001,9.074633,0.0,0.0,19.166487,37.6951,12.906117,32.25152,21.812815,85.03403,0.0,0.0,11.980287,0.0,0.0,0.0,43.61373,0.0,0.0,0.0,0.0,0.0,0.0,0.0,0.0,35.208176,35.939774,49.89512,38.12081,27.541214,54.860474,67.99569,29.16685,36.448734,22.397696,88.600266,87.52099,37.06648,46.950443,9.0491085,72.836044,57.456978,24.171453,21.968515,48.075203,11.981914,47.451977,54.97646,32.31549,25.55973,23.832335,39.70691,36.857456,81.4172,0.0,0.0,14.875092,20.784391,13.766338,16.789083,32.74321,0.0,0.0,0.0,43.985485,13.537698,31.524048,16.613722,34.65984,0.0,0.0,4.573909,0.0,5.9809237,31.646528,41.780884,25.013342,40.34182,42.174454,25.20446,14.230263,13.055375,29.009192,6.2555065,0.0,41.331615,41.036438,66.70221,46.649796,21.8933,14.437303,77.20436,66.90613,0.0,51.03907,30.591164,14.540657,31.670105,5.498406,33.868446,0.0,0.0,0.0,0.0,0.0,0.0,0.0,0.0,0.0,0.0,0.0,28.523203,0.0,29.600151,56.594574,44.903618,11.518574,39.38422,60.332413,64.80133,38.60806,32.652153,32.168884,0.0,45.037563,28.786625,22.826218,54.97646,15.362662,0.0,0.0,48.483128,45.53803,0.0,34.189415,13.093713,0.0,0.0,0.0,0.0,24.59156,29.743097,14.230263,0.0,0.0,14.875092,11.871881,43.534348,13.398849,40.464302,36.630558,41.352356,23.124739,42.804905,26.85709,6.3108573,0.0,0.0,0.0,0.0,0.0,0.0,0.0,0.0,0.0,0.0,0.0,24.53162,18.653992,15.228121,14.675198,28.121393,0.0,0.0,0.0,0.0,81.977745,49.34064,7.576998,19.607807,0.0,0.0,0.0,0.0,75.74406,39.718918,16.531742,0.0,0.0,0.0,0.0,0.0,0.0,0.0,0.0,26.61184,0.0,0.0,0.0,0.0,0.0,0.0,21.54429,0.0,0.0,17.159859,36.291603,98.54619,68.89325,0.0,0.0,0.0,0.0,39.135983,62.326077,58.48106,35.01139,0.0,0.0,0.0,0.0,15.89986,44.29258,0.0
C7x10_C8x10,0.0,0.0,0.0,0.0,22.635872,0.0,13.409602,0.0,34.793747,33.844177,0.0,0.0,21.768364,38.12404,0.0,0.0,134.35878,38.772827,29.044666,59.676716,0.0,33.130604,0.0,46.85375,0.0,28.518301,45.194485,33.130604,26.290264,39.078682,12.401498,24.38557,38.645123,0.0,31.78778,0.0,43.845005,29.470274,27.54426,47.19035,34.30762,14.4122925,20.662836,18.787127,17.646059,14.4122925,22.839935,22.629557,0.0,17.646059,0.0,20.904669,33.128754,22.039585,0.0,0.0,0.0,0.0,34.103806,0.0,45.852547,0.0,48.441963,66.081184,68.50728,0.0,38.44035,0.0,13.429411,71.13742,0.0,0.0,17.758652,31.034866,0.0,113.81978,14.467103,18.928982,0.0,0.0,6.8124685,7.712314,77.999214,0.0,40.53613,69.68395,0.0,0.0,21.997086,0.0,17.052431,47.38153,0.0,0.0,0.0,0.0,0.0,0.0,0.0,0.0,20.910578,19.439398,27.697884,0.0,8.931448,7.9792933,0.0,12.775021,2.9771492,0.0,26.622688,0.0,33.476185,0.0,0.0,0.0,0.0,0.0,38.107285,0.0,0.0,0.0,50.088226,0.0,44.06666,3.6680586,3.017184,32.476223,40.038475,30.988804,0.0,20.442965,18.692575,0.0,0.0,67.854225,49.741722,13.021479,47.93482,0.0,0.0,0.0,28.138624,0.0,18.677475,0.0,17.951708,26.434143,34.09751,0.0,0.0,0.0,12.887647,32.151176,33.053246,6.4172254,0.0,28.47973,52.206154,52.33287,0.0,66.88941,0.0,85.579056,0.0,61.40252,51.78259,0.0,19.018614,0.0,16.489552,40.55386,59.955925,52.006847,22.250896,43.62974,0.0,52.716015,0.0,78.85925,40.722218,0.0,0.0,0.0,0.0,0.0,0.0,29.102964,11.179501,41.40705,0.0,13.217509,0.0,84.00443,12.237701,21.904148,10.638246,20.04878,21.566078,0.0,13.982767,10.205366,0.0,13.987645,40.667557,0.0,9.690748,0.0,40.149574,0.0,40.256886,26.364931,0.0,12.532861,7.077083,38.57108,52.84744,0.0,0.0,33.170776,27.794233,0.0,11.500252,18.412151,0.0,70.88478,0.0,0.0,0.0,23.210289,32.595936,77.34808,123.83594,0.0,0.0,0.0,34.851315,48.981236,0.0,6.8218756,12.759979,0.0,0.0,24.8612,0.0,42.724407,55.968285,39.403404,42.578403,24.276169,47.298374,0.0,0.23515218,12.676267,19.13981,26.451166,19.228573,0.0,32.61341,43.645695,28.896105,31.68183,47.376907,32.043655,53.87459,65.63174,32.08431,7.717941,37.228065,38.72706,49.187527,67.40153,0.0,0.0,45.749172,37.307728,37.379345,18.08032,6.8452816,77.16797,0.0,0.0,7.916976,0.0,0.0,0.0,18.979212,0.0,17.925537,12.70502,0.0,0.0,14.359868,14.347626,0.0,45.22062,27.22514,46.253723,25.212954,28.507208,59.260292,96.16823,15.58435,21.432917,31.478098,56.198742,57.496666,19.53621,55.87104,9.366501,66.71285,45.180016,14.933312,11.738155,40.54622,6.4021425,50.364822,54.24094,38.651928,38.761566,23.559008,26.277737,0.0,35.411766,0.0,0.0,8.430524,15.741636,12.887647,8.126282,28.046438,0.0,0.0,0.0,34.618286,12.077466,42.816887,15.324275,24.286877,6.114987,0.0,5.133664,0.0,6.7128696,21.99511,31.409763,28.089508,33.347416,37.832962,26.959652,10.062148,25.794308,26.757692,8.9638815,0.0,23.424877,73.487236,61.68638,22.579514,22.430729,11.814489,63.779385,33.629887,0.0,36.647655,20.852598,22.437336,25.894974,22.89223,0.23515218,0.0,0.0,0.0,0.0,0.0,0.0,0.0,0.0,0.0,0.0,0.0,43.11864,29.976826,26.435019,52.20208,41.4185,10.624579,36.017525,58.672047,49.783962,49.494255,38.033752,22.862314,0.0,35.88791,42.594086,20.449732,49.31711,35.143223,0.0,0.0,40.300804,8.865265,0.0,30.907787,12.077466,6.114987,0.0,0.0,6.7128696,24.338846,33.347416,4.4657307,0.0,0.0,8.430524,12.532861,43.11864,12.676267,37.378876,33.83429,39.12228,22.437336,40.470367,25.408726,15.211975,0.0,0.0,0.0,0.0,0.0,0.0,0.0,0.0,0.0,0.0,0.0,27.509197,22.065468,13.033518,20.448349,31.823215,0.0,0.0,0.0,0.0,36.637165,38.548103,9.167177,27.036125,0.0,27.67478,0.0,0.0,27.930996,35.906548,10.062148,0.0,35.095993,0.0,0.0,0.0,0.0,0.0,0.0,18.684565,0.0,0.0,0.0,0.0,0.0,0.0,24.399815,0.0,0.0,19.682081,29.234947,76.64976,78.84232,0.0,0.0,27.727224,53.58844,50.85316,47.875534,0.0,44.514957,0.0,0.0,0.0,0.0,17.538187,41.123566,0.0
C7x11_C8x11,36.63258,0.0,0.0,0.0,23.447418,0.0,13.143721,0.0,0.0,43.60571,0.0,0.0,40.004375,34.9203,0.0,27.955698,122.845825,47.522057,23.476088,64.44698,0.0,30.737907,0.0,27.319685,0.0,23.94695,39.26726,19.317936,24.173697,37.720253,25.994276,22.823286,37.42472,0.0,18.411478,0.0,10.964649,41.71061,41.71061,58.987713,33.769096,0.0,0.0,0.0,0.0,0.0,0.0,0.0,0.0,0.0,0.0,32.3654,53.071495,32.3697,0.0,0.0,12.154415,6.3310776,26.747879,0.0,38.683727,38.619118,35.36213,45.17465,31.429672,0.0,27.8104,0.0,0.0,51.61999,39.000496,0.0,0.0,29.742535,0.0,57.62978,32.582443,29.178873,0.0,0.0,17.37032,27.605412,18.064993,0.0,27.85593,45.248608,0.0,0.0,16.98013,0.0,24.297674,34.300404,0.0,0.0,0.0,0.0,0.0,0.0,0.0,0.0,17.362383,33.870052,33.90068,0.0,0.0,10.6692,0.0,16.456139,0.0,0.0,22.362177,0.0,31.204544,0.0,0.0,0.0,0.0,0.0,27.223215,0.0,0.0,0.0,66.51888,32.67,42.822327,0.0,18.860443,24.490746,39.78227,31.270044,0.0,33.568497,36.768887,0.0,0.0,41.223953,33.21484,0.0,57.08754,0.0,0.0,0.0,21.259832,0.0,29.785818,0.0,0.32761866,18.123634,23.152225,12.070386,0.0,8.535051,0.0,50.321312,13.965925,6.028206,0.0,0.0,58.928696,30.858313,30.806776,51.131695,0.0,69.97719,25.112755,31.610922,28.199087,0.0,36.48045,0.0,21.533733,43.435806,70.556244,61.42751,22.562311,63.397797,0.0,31.23557,0.0,69.19958,39.268604,22.066912,0.0,0.0,0.0,0.0,0.0,31.79885,13.654089,41.814354,0.0,37.755753,0.0,75.5717,12.757312,25.075794,9.245934,9.645024,20.180904,0.0,5.3523445,0.0,0.0,12.156971,53.6018,28.6127,0.0,0.0,19.842426,0.0,31.26834,10.228426,0.0,11.415419,6.1508493,55.546528,53.709484,17.517132,0.0,50.05848,19.205103,0.0,9.995124,15.416445,0.0,47.539307,23.348394,0.0,0.0,21.955126,0.0,71.112946,109.68437,0.0,0.0,0.0,27.174818,30.749,0.0,5.9290433,0.0,0.0,0.0,42.460686,16.678925,41.05189,45.413532,38.01603,32.615578,36.814503,46.74675,0.0,0.0,26.540022,43.111073,32.94845,0.0,0.0,30.130394,31.498526,45.99927,46.623547,21.393217,36.9238,46.21586,28.68103,34.827534,7.4229574,35.805187,27.677996,25.895418,31.48113,0.0,0.0,32.52344,38.645775,26.037762,25.581474,4.279373,98.44067,24.956173,7.1355047,12.697121,0.0,0.0,0.0,60.114647,0.0,15.83642,13.993082,0.0,0.0,13.136124,25.978554,0.0,69.657486,37.15866,44.508488,32.596817,38.017647,70.111275,85.48601,0.0,30.342402,36.008316,47.10963,60.778675,31.331863,27.757322,12.491308,68.20728,60.252754,17.485668,28.670464,55.190536,11.663413,53.648624,55.601383,32.350674,20.361843,23.556616,40.50206,31.241718,60.967472,0.0,0.0,17.60606,27.223215,8.535051,19.871449,32.24141,0.0,0.0,0.0,42.977016,26.29108,26.428139,19.802898,31.38488,0.0,0.0,4.312108,13.4574,5.6385884,32.320908,32.743412,29.30793,37.533493,43.028385,25.0353,14.099996,14.9882765,32.215996,7.0150766,17.487877,19.48326,47.1645,50.324215,10.811906,9.783283,12.31613,68.88399,49.659847,0.0,28.178667,37.124115,43.744602,37.84714,0.0,0.2926641,0.0,0.0,0.0,0.0,0.0,0.0,0.0,0.0,0.0,0.0,0.0,58.44802,32.89373,65.41129,50.08358,39.26726,11.075696,25.630882,89.56215,68.25825,81.14016,68.623,17.27067,0.0,31.189201,20.876888,20.888973,34.710873,20.195904,0.0,0.0,49.95935,18.348763,0.0,30.355028,21.208939,0.0,0.0,10.856045,4.5486326,27.326689,26.510223,9.958946,0.0,0.0,0.0,11.415419,34.79438,26.540022,37.841156,41.910313,26.509214,34.195534,37.973816,17.216923,23.415174,0.0,0.0,0.0,0.0,0.0,0.0,0.0,0.0,0.0,0.0,0.0,16.47944,28.50562,13.586918,20.81857,31.457989,21.920244,0.0,0.0,0.0,35.645725,62.043877,8.968084,12.711506,0.0,21.873058,0.0,0.0,50.22843,42.977016,14.099996,0.0,19.795374,0.0,0.0,0.0,0.0,0.0,0.0,23.64233,0.0,0.0,0.0,0.0,0.0,0.0,43.085648,0.0,0.0,28.730024,25.559828,62.06256,64.599464,0.0,11.437444,18.787935,40.36801,37.220127,40.237743,0.0,48.05798,0.0,0.0,0.0,0.0,12.850231,41.65711,0.0
C7x13_C7x14,0.0,0.0,50.144215,0.0,59.366066,16.180748,0.0,0.0,0.0,0.0,33.213806,26.51733,98.56833,0.0,59.54658,17.394245,95.69147,0.0,106.304756,73.30567,0.0,62.98882,0.0,0.0,0.0,0.0,41.138668,0.0,0.0,34.734657,0.0,0.0,0.0,0.0,0.0,0.0,15.914869,0.0,0.0,49.558113,0.0,0.0,0.0,0.0,6.2084346,0.0,6.2084346,0.0,35.137146,6.7841787,0.0,0.0,31.420147,44.313026,0.0,55.503487,23.823952,0.0,0.0,0.0,87.49267,46.227016,65.81278,23.16502,0.0,0.0,0.0,0.0,0.0,45.747925,0.0,0.0,31.541878,18.210712,0.0,0.0,0.0,0.0,0.0,0.0,0.0,0.0,74.638664,0.0,49.38284,34.91894,18.612633,51.289085,0.0,0.0,44.745693,0.0,0.0,0.0,0.0,0.0,26.345125,19.182358,0.0,35.609764,38.984383,83.32848,55.13224,0.0,83.86158,39.233788,0.0,55.484955,49.141575,0.0,0.0,0.0,7.405336,0.0,7.405336,0.0,0.0,0.0,104.461464,0.0,0.0,0.0,0.0,0.0,81.99238,24.807251,0.0,36.545296,36.545296,0.0,0.0,43.060726,30.44853,43.3739,0.0,17.992165,25.444763,41.085316,77.8562,0.0,0.0,0.0,29.694319,0.0,11.031506,0.0,0.0,43.656105,45.617344,0.0,0.0,68.92585,0.0,0.0,38.85866,15.413912,0.0,0.0,0.0,0.0,0.0,36.789055,0.0,78.00183,89.89154,42.759403,0.0,0.0,0.0,0.0,0.0,55.31911,55.31911,0.0,4.813362,24.777382,0.0,44.888405,0.0,38.73941,42.331944,39.441982,0.0,116.072716,49.5139,0.0,0.0,51.031597,12.472592,53.766247,0.0,0.0,13.406277,61.16905,18.312147,41.65175,22.666613,0.0,0.0,0.0,0.0,0.0,82.59946,0.0,19.652163,40.27023,45.061653,0.0,0.0,0.0,44.393196,0.0,0.0,23.22451,23.22451,28.336634,26.883394,0.0,0.0,44.84193,33.676506,0.0,19.532883,27.623669,0.7852343,25.039436,0.0,0.0,0.0,98.02417,0.0,37.211212,65.78414,0.0,20.689125,0.0,0.0,11.95408,0.0,21.25912,102.75317,48.07202,90.98466,10.141038,11.081475,46.420593,38.392788,34.86592,0.0,42.212532,29.848768,0.0,0.0,0.0,0.0,24.934057,42.655495,0.0,42.481968,0.0,48.330597,66.93717,26.023855,0.0,0.0,15.416487,28.857714,0.0,51.29994,11.890874,29.826328,18.612633,19.901134,19.182358,25.617432,34.181564,0.0,43.3739,41.03709,57.11868,0.0,0.0,55.37281,0.0,0.0,0.0,135.13887,56.165955,43.201683,43.73709,32.998116,37.38654,0.0,62.82455,0.0,0.0,69.373566,65.80747,22.040792,0.0,21.671549,93.03265,23.844995,0.0,16.365528,46.699062,39.346603,49.92473,27.533573,0.0,39.726395,77.562614,0.0,32.470222,44.14833,38.135826,0.0,0.0,0.0,0.0,52.168167,54.3514,0.0,33.14239,60.078575,0.0,0.0,38.981663,29.988995,45.036724,42.87297,84.959114,50.75794,44.065628,0.0,0.0,0.0,0.0,0.0,0.0,0.0,0.0,0.0,0.0,0.0,0.0,0.0,0.0,0.0,0.0,0.0,73.90344,29.815943,0.0,0.0,0.0,0.0,0.0,0.0,72.60989,78.94996,168.61316,93.12547,0.0,0.0,0.0,0.0,0.0,0.0,0.0,0.0,0.0,0.0,0.0,31.952276,37.375904,50.522366,50.439754,0.0,0.0,0.0,27.822252,58.004295,12.539711,52.863712,39.910152,33.87953,29.199718,45.366783,45.915386,0.0,19.515602,0.0,0.0,0.0,0.0,0.0,0.0,0.0,0.0,0.0,0.0,29.430428,0.0,0.0,0.0,0.0,0.0,0.0,0.0,0.0,0.0,0.0,0.0,0.0,0.0,41.03709,0.0,0.0,0.0,0.0,0.0,0.0,0.0,0.0,0.0,28.857714,26.458843,46.108906,50.384,15.771086,25.617432,58.088444,34.435463,41.03709,43.821743,40.76592,72.27064,0.0,0.0,0.0,0.0,0.0,0.0,0.0,0.0,0.0,0.0,68.318436,12.736562,39.74336,66.96123,0.0,25.809767,112.96498,0.0,0.0,0.0,0.0,0.0,0.0,0.0,58.907722,101.241615,0.0,0.0,38.88349,25.498528,41.561676,0.0,0.0,0.0,0.0,0.0,0.0,0.0,0.0,60.211002,49.839806,0.0,0.0,0.0,55.604504,15.00136,0.0,10.936226,16.013128,0.0,0.0,0.0,0.0,30.074007,57.035645,0.0
C7x13_C8x13,0.0,0.0,39.290253,0.0,32.078342,34.411663,0.0,0.0,0.0,0.0,28.648523,27.979765,42.991467,22.082285,51.642265,0.0,94.271164,0.0,72.12028,43.154106,0.0,33.240906,19.449316,0.0,19.449316,19.449316,32.018402,0.0,27.505487,14.3744,0.0,0.0,0.0,0.0,0.0,0.0,16.370926,0.0,18.316368,18.316368,25.903254,0.0,18.18155,0.0,29.931341,18.18155,29.931341,0.0,28.064299,25.712593,11.908771,11.908771,19.604794,20.229858,12.288462,47.2217,20.549316,0.0,0.0,22.96724,55.742947,44.23882,38.80796,37.38072,0.0,22.70661,32.111996,9.320388,0.0,39.273754,16.673033,13.5753355,20.74547,11.977404,0.0,40.181892,25.73088,0.0,0.0,0.0,0.0,0.0,66.28277,5.903416,13.744018,9.718489,9.112273,12.04971,0.0,0.0,10.512426,0.0,5.1402903,0.0,0.0,5.1402903,8.4621935,7.9343433,0.0,46.261395,22.403519,66.2773,34.482395,0.0,65.42772,33.841045,0.0,70.323524,34.42518,20.556465,0.0,0.0,34.96389,0.0,34.96389,0.0,0.0,0.0,44.780426,0.0,0.0,0.0,32.659492,0.0,115.099884,0.0,0.0,18.707916,18.707916,39.851162,28.006634,70.9639,46.105873,43.2299,0.0,0.0,39.011997,35.43808,99.64758,0.0,0.0,0.0,13.959813,0.0,50.47872,0.0,0.0,37.65551,28.16791,0.0,0.0,33.974266,16.316946,0.0,0.0,0.0,0.0,0.0,22.57782,13.983117,25.905748,46.352932,0.0,100.382256,79.511536,66.15381,0.0,0.0,0.0,0.0,0.0,58.5925,58.5925,0.0,22.747065,35.799755,0.0,32.975536,0.0,43.51154,37.378693,36.258102,0.0,103.31535,63.617443,0.0,0.0,22.320847,20.78604,46.376,0.0,0.0,9.062051,67.8254,2.3690715,50.57767,15.207231,0.0,0.0,0.0,0.0,0.0,34.12188,34.374844,25.12865,28.281244,27.874016,0.0,0.0,0.0,43.85837,0.0,23.257376,38.287415,38.287415,13.627077,29.525679,0.0,16.125834,26.547125,28.048853,17.038046,16.855354,35.026337,0.0,33.03296,0.0,20.065601,0.0,67.80445,0.0,22.397154,50.710537,0.0,18.134552,0.0,0.0,26.066221,0.0,0.0,56.345978,29.143719,13.687694,13.993535,19.62882,34.140858,70.46905,47.399586,0.0,36.27207,23.566286,14.315147,0.0,0.0,0.0,32.76736,38.339012,9.7574835,54.45687,0.0,59.200993,51.604465,42.73027,32.138073,0.0,0.0,43.518616,55.47552,86.96981,30.66783,44.97933,15.931486,0.0,13.872046,38.632137,22.338823,0.0,75.58121,62.76444,46.960285,0.0,0.0,44.51707,0.0,0.0,0.0,61.673336,31.363441,20.758276,56.211613,51.402706,0.0,40.94402,9.447379,0.0,33.196426,66.23866,28.792492,19.011253,15.486217,47.815002,46.79772,17.703112,0.0,40.034492,36.650707,15.833713,51.94597,15.364746,22.795435,44.01166,32.226685,27.393694,17.364534,24.023434,14.094762,23.340115,35.591534,20.738585,13.004776,48.77428,37.429527,0.0,40.41281,42.95865,32.81467,0.0,19.928705,18.517681,32.96061,20.675568,27.368807,62.07409,50.898403,15.833713,0.0,0.0,11.122324,32.226685,16.93184,38.643894,0.0,22.024685,9.237508,12.737915,0.0,14.248702,17.935131,35.591534,20.738585,23.257376,79.18125,18.310106,0.0,22.69852,0.0,0.0,0.0,0.0,81.537285,115.061646,49.71824,99.27174,0.0,0.0,0.0,0.0,0.0,0.0,0.0,0.0,0.0,0.0,0.0,21.691671,18.674128,35.37199,38.88597,0.0,0.0,0.0,22.392248,40.182114,10.81611,45.761623,32.243763,27.982069,25.186174,45.413128,28.114199,0.0,3.3002274,0.0,0.0,0.0,0.0,0.0,0.0,0.0,9.237508,23.257376,17.514977,25.385174,13.449352,0.0,0.0,0.0,0.0,0.0,0.0,0.0,0.0,0.0,0.0,0.0,0.0,52.484993,22.392248,0.0,28.810375,33.007904,0.0,11.706373,15.847713,34.53401,0.0,24.89118,26.299232,33.566654,47.422764,27.325806,22.09628,54.93764,32.01124,35.899143,23.561188,40.797398,54.23132,0.0,0.0,0.0,0.0,0.0,0.0,20.785957,0.0,0.0,0.0,54.924725,0.0,43.875267,62.304607,0.0,18.76802,54.472973,0.0,0.0,0.0,9.7574835,11.015685,0.0,43.331463,32.7609,35.808685,0.0,0.0,28.213274,21.99372,34.189587,0.0,0.0,0.0,0.0,0.0,0.0,18.789099,45.79547,36.650707,37.661083,0.0,0.0,0.0,48.90692,27.438183,16.063238,0.0,23.456902,0.0,0.0,0.0,0.0,22.805477,43.442493,0.0
C7x14_C8x14,0.0,0.0,39.742687,0.0,15.285028,21.616295,0.0,0.0,0.0,0.0,35.773216,0.0,70.58979,0.0,40.510826,0.0,102.771164,0.0,0.0,75.179474,0.0,66.85433,0.0,0.0,0.0,0.0,57.48549,0.0,0.0,28.153984,0.0,0.0,0.0,0.0,0.0,0.0,21.2611,0.0,0.0,0.0,0.0,0.0,0.0,0.0,13.6394825,0.0,13.6394825,0.0,15.8624115,0.0,0.0,0.0,30.364166,26.956165,0.0,57.02151,31.827057,0.0,0.0,0.0,0.0,58.560287,49.431347,42.504128,0.0,0.0,0.0,0.0,0.0,65.20085,0.0,13.66668,25.90473,14.956102,0.0,38.65521,0.0,0.0,0.0,0.0,0.0,0.0,108.955086,0.0,21.286919,15.052125,17.505281,12.13079,0.0,0.0,13.652601,0.0,0.0,0.0,0.0,0.0,13.106359,15.2424,0.0,76.7295,37.451607,108.904526,55.72906,0.0,90.78279,52.413467,0.0,95.96842,0.0,0.0,0.0,0.0,9.230052,0.0,9.230052,0.0,0.0,0.0,59.59572,0.0,0.0,0.0,0.0,0.0,89.24154,0.0,0.0,33.22489,33.22489,22.939936,0.0,76.77887,54.29086,63.139053,0.0,0.0,52.49666,47.281147,88.924225,0.0,0.0,0.0,32.73441,0.0,48.114708,0.0,0.0,19.079084,48.483177,0.0,0.0,48.483177,0.0,0.0,55.249283,0.0,0.0,0.0,0.0,0.0,0.0,50.828182,0.0,50.828182,0.0,58.361973,0.0,0.0,0.0,0.0,0.0,74.27262,74.27262,0.0,0.0,35.74054,0.0,60.25796,0.0,53.7726,0.0,53.82616,0.0,143.60786,71.2929,0.0,0.0,38.98887,16.66247,0.0,0.0,0.0,0.0,51.092854,3.6692495,60.89711,0.0,0.0,0.0,0.0,0.0,0.0,54.247753,32.714638,19.3578,38.70591,57.866276,0.0,0.0,0.0,30.854074,0.0,0.0,43.2206,43.2206,13.718769,37.93844,0.0,0.0,56.766308,44.95497,0.0,26.094501,47.778717,0.0,32.91018,0.0,0.0,0.0,77.715355,0.0,49.711456,91.02107,0.0,27.829264,0.0,0.0,28.912006,0.0,21.847435,111.86976,64.588036,0.0,13.547685,0.0,46.585335,53.23147,56.757954,0.0,56.392853,39.87577,0.0,0.0,0.0,0.0,41.27689,41.27689,0.0,30.580744,0.0,37.128384,47.99822,33.624012,35.312843,49.981358,0.0,66.017944,60.95568,75.340256,38.6398,24.569038,17.505281,16.182657,15.2424,46.374622,15.95462,0.0,63.139053,50.264584,48.483177,0.0,0.0,49.96526,0.0,0.0,0.0,92.75831,47.995663,36.88064,90.28103,72.50967,0.0,0.0,13.53241,0.0,0.0,69.43286,0.0,29.444883,18.569529,83.32376,75.92138,19.695206,0.0,71.85865,56.765102,0.0,99.791664,23.797125,0.0,83.576965,0.0,33.935146,0.0,0.0,0.0,0.0,0.0,0.0,0.0,57.487232,39.561157,0.0,47.76591,43.247704,33.03547,0.0,22.239208,0.0,40.5339,0.0,0.0,64.78221,25.126825,0.0,0.0,0.0,0.0,0.0,0.0,0.0,0.0,0.0,0.0,0.0,0.0,0.0,0.0,0.0,0.0,0.0,128.71738,28.358936,0.0,0.0,0.0,0.0,0.0,0.0,110.298294,110.7441,59.60202,75.684975,0.0,0.0,0.0,0.0,0.0,0.0,0.0,0.0,0.0,0.0,0.0,20.071426,23.318258,41.2684,47.99822,0.0,0.0,0.0,0.0,52.425575,0.0,59.59582,34.41634,46.78796,48.483177,78.0218,52.79504,0.0,6.193387,0.0,0.0,0.0,0.0,0.0,0.0,0.0,0.0,0.0,0.0,39.316895,0.0,0.0,0.0,0.0,0.0,0.0,0.0,0.0,0.0,0.0,0.0,0.0,0.0,66.29139,0.0,0.0,0.0,0.0,0.0,0.0,0.0,0.0,0.0,66.017944,52.281624,41.565445,70.82197,75.11443,46.374622,86.37739,54.1777,50.264584,22.512686,62.536324,83.994194,0.0,0.0,0.0,0.0,0.0,0.0,0.0,0.0,0.0,0.0,67.81273,17.015114,45.775684,77.715355,0.0,0.0,117.91733,0.0,0.0,0.0,0.0,0.0,0.0,41.954388,40.302887,47.92873,0.0,0.0,40.10946,28.286598,24.844532,0.0,0.0,0.0,0.0,0.0,0.0,0.0,46.103615,67.59012,57.653545,0.0,0.0,0.0,71.69858,21.125978,0.0,13.914849,24.322567,0.0,0.0,0.0,0.0,35.321426,51.842255,0.0
C7x31_C7x32,10.793009,0.0,10.793009,4.4763117,26.085386,5.377401,0.0,20.35711,10.844222,0.0,32.88446,31.899612,56.5931,39.22884,0.0,19.354294,0.0,2.2246659,0.0,7.4771504,0.0,53.967644,6.7779202,16.602446,25.707125,33.23525,11.739701,26.267939,45.52895,16.425812,13.648728,20.973473,17.105982,13.966975,0.0,26.904808,44.903473,42.650253,38.157467,42.650253,52.271893,0.0,34.821674,0.0,28.783052,38.35824,6.4675083,0.0,24.225212,17.129812,0.0,35.33681,0.0,11.780272,0.0,9.914848,38.00634,33.33163,28.65725,0.0,0.0,42.574306,0.0,0.0,0.0,0.0,0.0,0.0,18.292791,37.363934,7.6706805,0.0,30.949335,0.0,16.536093,66.62398,29.152216,55.484753,13.239124,31.074877,18.72295,0.0,89.3758,26.18681,0.0,32.07216,50.44407,0.0,16.421787,24.643631,26.163076,28.600163,24.12814,0.0,3.8053057,17.06117,29.550814,46.47842,19.443367,0.0,23.413952,31.395878,69.39623,8.74846,26.290955,6.7765284,3.9124305,30.774748,5.533012,5.533012,0.0,9.143593,25.765175,26.810562,19.38972,21.955574,15.333767,25.370932,70.12988,40.15832,6.049053,10.477267,17.864891,10.3143,20.967024,8.393435,0.0,12.764058,9.025552,14.535037,7.5624747,87.39389,9.262102,24.81708,0.0,17.969664,34.040936,0.0,43.295227,13.489575,32.619053,15.742004,21.481619,8.866905,16.321657,0.0,12.963315,0.0,25.346064,8.969585,5.593713,25.6699,11.187426,7.600695,13.379136,0.0,0.0,17.060991,54.70567,0.0,0.0,25.613869,16.849184,52.83695,38.465607,23.769392,16.039742,25.227795,36.74807,12.196639,31.170298,22.653538,10.009932,0.0,16.5341,6.088334,0.0,15.958435,23.714354,13.070034,15.0100975,17.895409,23.461,0.0,0.0,41.325775,22.650751,52.36609,37.5849,0.0,5.3115177,0.0,14.139732,16.886782,18.830746,18.046036,28.34229,23.047798,31.502945,32.529,32.61554,13.675317,0.0,4.5249662,0.0,29.224377,10.690308,21.897774,11.50146,0.0,10.39736,0.0,21.749031,37.670425,26.637014,19.556047,17.298714,21.539646,17.964056,22.001385,5.4862213,4.4794807,0.0,12.159779,0.0,9.612475,18.905558,7.8485537,0.0,30.854742,13.6670475,5.066301,17.121729,0.0,0.0,14.721873,35.32016,19.16201,23.51432,7.6729875,49.0942,17.617264,0.0,15.407884,15.407884,15.453866,54.656498,0.0,15.648601,23.403946,7.435444,6.0710144,26.633894,40.349884,25.297142,26.609423,38.629604,8.167029,42.83072,15.083729,6.821324,14.756932,48.696587,44.832935,55.478252,25.412943,46.442707,33.15126,48.52386,12.764058,37.45027,45.356884,26.667429,41.79116,13.351175,27.656427,26.609709,49.85532,37.670425,51.69985,0.0,0.0,45.3921,12.963315,18.531248,7.600695,52.19034,28.582403,23.048157,26.18681,24.12814,8.216763,16.37651,30.682642,0.0,22.814974,24.291622,42.673306,21.687073,22.161715,35.930893,30.296654,42.167267,40.089703,25.46434,10.673739,42.901337,30.946714,30.169724,29.206018,12.048985,42.74917,21.475626,56.792446,22.450214,35.945793,37.55069,27.406199,31.126396,32.540825,5.008273,0.0,7.1810203,52.588352,13.077547,14.014999,36.719593,43.23649,25.291462,51.962856,15.670699,0.0,38.15114,33.652798,38.3821,53.772976,16.287237,19.827194,38.24596,35.74343,36.972507,6.753497,38.295067,18.225054,0.0,19.755707,17.082512,23.227446,30.18963,34.28766,23.063383,12.325146,19.1641,0.0,44.49719,40.035095,32.839832,13.606674,56.654705,20.320261,24.17961,47.659416,46.20172,0.0,33.87789,22.875706,19.556047,29.587776,0.0,0.0,15.9699,14.300881,24.490734,14.120048,17.413078,13.235875,14.387962,12.048985,30.88186,38.153664,1.6579857,74.62641,46.122513,0.0,0.0,0.0,0.0,0.0,0.0,0.0,0.0,0.0,0.0,0.0,0.0,0.0,0.0,0.0,0.0,16.36343,17.83929,35.658436,5.8112617,0.0,0.0,0.0,0.0,0.0,0.0,0.0,0.0,0.0,0.0,16.287058,14.953804,25.722046,17.83929,52.57962,73.663574,30.44475,56.665092,27.063334,25.24675,53.3675,18.96277,34.595108,34.604446,10.433493,22.252445,20.07006,27.708967,11.694692,19.066315,24.306309,41.895504,25.497652,21.227484,85.93283,0.0,8.256618,0.0,3.1146932,18.531248,0.0,20.315212,5.8632784,17.140469,13.437183,20.001219,60.5789,0.0,11.079771,12.312905,0.0,76.17251,42.901337,26.637014,0.0,0.0,0.0,24.825275,0.0,67.85994,43.30252,0.0,14.335924,13.466491,7.387334,5.6979795,24.290968,12.409653,19.950853,0.0,0.0,0.0,42.39096,11.549925,20.35327,48.300858,0.0,17.592915,11.175239,27.87414,0.0,10.002527,18.85672,29.587776,36.04369,18.249382,41.01849,15.396448,35.203873,48.352867,0.0
C7x31_C8x31,0.0,0.0,0.0,10.049208,35.107937,6.9689264,0.0,0.0,46.35802,0.0,20.701809,0.0,24.57343,20.578909,0.0,31.186462,42.791027,9.23655,0.0,19.268738,0.0,30.15109,16.276382,39.86883,16.276382,32.430504,28.191519,30.15109,36.395096,21.107075,13.772407,27.912905,24.264414,19.811811,0.0,31.325224,35.411327,23.413689,16.021626,43.59474,17.980251,0.0,8.946286,0.0,11.829688,9.622624,8.364853,0.0,40.659245,8.364853,10.39365,14.643635,12.729569,31.206474,0.0,18.017067,52.311623,41.706253,9.794563,0.0,0.0,55.65036,14.306144,13.376364,18.917036,7.722848,17.268812,0.0,22.385618,34.513924,8.474519,0.0,40.616817,0.0,0.0,99.77503,26.133728,69.2886,12.346777,12.346777,17.46098,0.0,67.6072,19.808683,0.0,24.260582,49.037376,0.0,0.0,0.0,15.582588,26.989832,15.971241,0.0,21.537798,22.501915,19.560696,30.440775,34.222416,0.0,0.0,0.0,35.62016,6.2356997,13.460233,4.830152,2.7886899,38.07978,3.9438028,3.9438028,0.0,17.011034,41.66835,16.813335,23.76338,40.846855,17.011034,29.463974,77.18829,37.610405,12.529134,21.701096,28.015993,0.0,44.497845,0.0,0.0,6.6851597,4.727122,32.957188,21.806688,75.78842,26.707628,40.66491,0.0,0.0,28.71719,35.69516,160.87726,0.0,41.87428,29.609587,39.699383,16.207205,29.371147,0.0,10.041666,0.0,24.993223,20.088308,5.515843,26.090677,11.031686,7.903238,0.0,0.0,0.0,0.0,52.49883,0.0,12.226093,32.66247,0.0,76.510315,49.050835,42.496315,18.51969,30.829172,21.449722,21.449722,41.13414,36.15101,25.562624,0.0,21.823557,27.910639,0.0,37.687134,0.0,33.05461,33.05461,32.624172,0.0,33.579685,24.221962,40.72,0.0,102.16111,62.367523,0.0,0.0,0.0,0.0,51.424305,24.35504,0.0,27.567993,8.747417,11.566724,47.087597,17.41027,0.0,0.0,0.0,0.0,0.0,38.88493,0.0,23.41866,0.0,0.0,0.0,15.696483,27.187103,19.224186,7.8343496,10.976918,0.0,26.562859,32.532722,23.212608,18.953016,0.0,15.046158,0.0,28.046862,29.996376,22.900167,0.0,9.057775,0.0,24.411562,48.51243,0.0,0.0,31.406942,0.0,24.02861,0.0,9.137691,118.29383,42.449284,0.0,19.724735,19.724735,21.85382,63.400513,34.26647,22.839334,25.71246,9.060999,7.398275,15.423015,42.41884,29.99465,28.126993,40.806522,0.0,43.56953,0.0,12.838706,0.0,38.8634,24.0987,66.66204,21.533928,52.61779,19.59641,67.2576,7.6455545,37.1518,39.23859,24.155994,31.637083,14.655081,20.522598,39.244785,43.196396,31.09282,54.281998,0.0,0.0,47.266365,10.041666,19.296413,7.903238,66.654045,26.562859,18.755217,34.695477,21.537798,7.8921614,19.811811,28.771694,0.0,31.12208,29.770107,55.74676,25.742147,38.457344,28.72909,27.109253,69.059044,41.32334,30.93772,9.550794,39.091187,46.915848,47.663815,26.133356,12.292296,67.65181,32.311817,52.18396,20.088308,43.532356,26.139315,27.339458,23.372862,20.246521,12.250976,0.0,0.0,14.552363,16.649788,15.449034,27.550299,44.564686,15.063458,30.948795,25.282125,0.0,97.61684,40.21608,27.641644,34.504757,0.0,27.193447,47.83705,44.731815,27.864067,0.0,37.52967,31.713224,0.0,17.180983,21.497536,12.627449,29.406319,25.139845,22.114807,25.788303,24.802826,16.78835,46.334503,47.718517,51.903683,12.874204,53.604885,17.309341,0.0,47.27319,20.382755,0.0,29.593792,21.302948,29.023335,38.3417,0.0,0.0,9.794877,0.0,0.0,6.5320663,11.567194,0.0,15.527176,0.0,11.338685,40.575188,22.567753,47.7514,28.548998,0.0,0.0,0.0,0.0,0.0,0.0,0.0,0.0,0.0,0.0,0.0,0.0,0.0,0.0,0.0,0.0,15.9163885,11.099089,0.0,0.0,0.0,0.0,0.0,0.0,0.0,0.0,0.0,0.0,0.0,0.0,10.688607,19.28778,9.444191,11.099089,31.020803,38.722923,6.709718,31.55252,19.281338,10.114101,37.87592,20.38853,0.0,41.99957,29.967348,36.032482,25.913996,54.80179,11.697699,33.001205,28.410004,37.992928,42.794884,42.67332,51.848213,0.0,0.0,15.012831,0.0,19.296413,0.0,5.581395,0.0,0.0,0.0,0.0,53.766758,0.0,14.330195,8.179241,0.0,88.42579,40.394955,32.318142,0.0,0.0,0.0,37.113583,0.0,55.155178,15.3989725,0.0,22.220682,0.0,0.0,0.0,25.676313,36.208344,28.213161,0.0,0.0,0.0,19.002815,0.0,13.916778,41.85194,0.0,27.898508,0.0,0.0,22.970354,0.0,14.93526,18.687597,0.0,0.0,32.720734,12.194589,35.875748,48.009007,0.0
C7x32_C7x33,15.711012,20.907774,15.711012,0.0,31.882944,0.0,0.0,21.016706,0.0,0.0,14.640006,28.142138,62.14834,44.705513,0.0,19.320093,68.61389,0.97820854,0.0,0.0,12.893441,29.00745,0.0,13.846694,0.0,16.74746,11.767711,0.0,37.44846,19.009329,24.988794,30.34943,15.773647,0.0,0.0,24.251154,52.249493,35.72565,35.54171,35.72565,79.47368,19.50765,20.826166,0.0,23.594337,23.594337,16.578714,0.0,14.488629,19.50765,0.0,19.684893,13.831717,9.338633,0.0,0.0,27.638111,24.238674,19.327883,0.0,0.0,10.32104,0.0,0.0,0.0,0.0,0.0,0.0,23.437868,35.145653,0.0,0.0,14.440502,0.0,32.38969,105.19317,0.0,33.421375,28.873262,55.14715,0.0,24.538147,96.08801,0.0,30.663137,30.663137,20.175089,0.0,32.2885,24.642612,51.44182,56.011932,0.0,0.0,30.198856,37.17805,26.123398,29.30742,16.29297,0.0,19.11535,42.089905,53.20652,0.0,37.342216,11.916465,14.021729,25.639902,0.0,0.0,0.0,0.0,21.956488,21.956488,0.0,19.433788,14.387506,23.805267,65.8021,30.621597,12.196417,12.196417,20.546564,11.862564,27.551613,0.0,0.0,20.205969,7.936049,11.542271,0.0,51.51496,18.09866,16.551123,0.0,18.769508,19.89024,6.374167,26.771593,5.048527,31.164125,21.897673,21.386469,7.811481,16.135887,0.0,22.212978,6.622211,17.95072,11.278336,0.0,24.153072,0.0,14.104514,12.192893,0.0,0.0,14.357797,56.51643,0.0,19.594692,23.354813,33.237885,96.65358,28.588451,16.98184,16.533447,24.975246,38.43449,0.0,45.603542,14.093479,9.902874,0.0,16.371994,15.043043,3.4914553,15.787757,22.46867,12.319141,14.495544,18.959232,26.982222,0.0,11.217363,0.0,15.964223,74.57626,39.656456,15.758575,17.789415,0.0,37.479256,41.971775,18.747337,20.861172,20.114609,23.117056,32.899513,38.14511,17.780636,0.0,0.0,12.997133,17.378809,23.794605,16.559286,23.566689,25.821964,0.0,9.975064,6.777068,0.0,37.50357,26.352125,19.346891,11.632178,45.635452,0.0,12.757431,5.427545,0.0,4.444165,7.7300563,0.0,9.509668,19.627708,0.0,0.0,79.386696,0.0,5.633821,31.150183,10.110514,8.495849,0.0,29.977392,19.894125,28.312735,8.497077,45.36756,11.928259,0.0,15.250754,17.945082,14.071776,45.161247,0.0,0.0,20.93746,7.35592,0.0,0.0,41.27427,29.00163,26.226334,42.905903,0.0,46.750984,52.03217,6.7483687,22.374184,51.953487,36.121513,37.87609,49.01655,58.346306,31.119837,39.684353,32.75561,17.986387,80.076744,50.24687,68.22123,19.209978,50.524387,41.192863,47.26463,68.81855,48.62649,11.775366,3.4914553,32.066044,0.0,0.0,0.0,55.496758,37.086876,9.801918,43.638874,37.17805,10.46873,24.988794,25.75748,7.7211223,0.0,27.545288,10.772224,16.659657,29.706694,40.823177,34.995697,43.58997,24.14813,20.417835,25.278028,43.092976,33.779243,26.758295,25.915049,39.598644,35.471516,29.037384,18.657572,21.123636,0.0,37.57546,11.652399,27.401356,17.536762,19.027914,0.0,10.046881,44.001484,0.0,0.0,0.0,40.56832,23.796993,12.836969,21.005806,0.0,36.505035,33.721413,30.471336,41.27427,26.712214,21.005806,25.08215,25.860783,15.964223,16.469349,26.982222,44.060528,13.185512,38.790123,41.658096,34.19294,14.093479,23.856579,37.50357,0.0,25.68854,16.047606,83.439156,32.899513,34.04884,0.0,25.304878,19.11954,17.172043,75.91786,94.60631,0.0,44.589397,21.523985,0.0,21.38583,0.0,0.0,19.326817,0.0,20.140621,10.255648,15.886321,7.469296,11.536566,22.374184,0.0,21.43183,6.1494026,73.31369,41.142727,0.0,0.0,0.0,0.0,0.0,0.0,0.0,0.0,0.0,0.0,0.0,0.0,0.0,0.0,0.0,0.0,43.119843,0.0,26.728989,28.28127,0.0,23.40879,34.125305,19.484789,13.199118,22.308731,23.668228,22.76488,13.687218,31.007715,33.44605,37.27841,0.0,0.0,63.309204,92.29207,53.57256,101.62303,40.501984,61.567738,26.326029,46.243374,20.963905,35.992115,9.712353,15.599729,10.314541,24.62938,0.0,0.0,19.062946,0.0,0.0,8.712787,67.69095,20.43301,0.0,0.0,5.3371086,32.066044,0.0,0.0,0.0,19.894125,18.428102,17.164906,0.0,0.0,42.75891,11.233325,19.500023,47.396877,43.092976,0.0,0.0,0.0,0.0,0.0,0.0,38.382473,37.82382,0.0,11.796398,8.252443,8.385404,0.0,0.0,0.0,0.0,0.0,0.0,0.0,40.103592,14.282692,25.009644,57.32734,0.0,24.682281,8.727532,31.00934,6.887381,9.895549,12.727242,29.27133,41.37597,14.153346,34.44265,0.0,38.153088,60.554363,24.89731
C7x32_C8x32,18.629503,17.502432,18.629503,8.573252,27.57621,0.0,0.0,8.670522,23.83906,0.0,20.5032,19.889158,75.79737,40.386223,0.0,0.0,68.52622,10.266458,0.0,25.345127,13.891723,44.091633,0.0,13.513755,24.579807,31.777805,0.0,25.11603,43.5324,0.0,22.77531,51.00002,0.0,0.0,0.0,32.209152,50.604156,45.62226,40.816402,45.62226,55.914364,18.407827,18.407827,0.0,12.016718,16.01429,0.0,0.0,19.359512,18.407827,0.0,49.189846,0.0,26.84439,0.0,22.593542,51.30504,36.27814,0.0,0.0,0.0,25.385353,0.0,0.0,0.0,0.0,0.0,0.0,0.0,38.990364,0.0,0.0,34.461422,0.0,35.000233,137.48825,29.298271,74.67362,26.424133,31.609709,0.0,0.0,64.622894,0.0,0.0,0.0,39.23897,0.0,34.1965,26.098797,48.36115,48.304752,0.0,0.0,39.92419,37.448433,0.0,33.223587,35.03572,0.0,19.052471,32.926968,55.62326,0.0,24.500475,0.0,14.136284,22.251543,0.0,0.0,0.0,0.0,34.09707,30.90508,20.887764,27.40973,20.29237,28.697746,90.281494,41.637035,10.714804,10.714804,28.333218,16.35819,37.993008,0.0,0.0,19.64427,0.0,0.0,0.0,43.88617,0.0,21.8586,0.0,0.0,10.073822,9.825546,41.37723,9.97917,24.230598,0.0,20.15869,11.9971485,0.0,0.0,0.0,0.0,17.373095,9.50506,0.0,20.806402,0.0,0.0,13.868771,0.0,0.0,19.91067,40.24961,0.0,21.750973,0.0,30.299677,91.99224,33.218086,58.628136,0.0,40.419018,30.640911,0.0,32.449867,25.880768,0.0,0.0,31.714088,0.0,0.0,0.0,34.198845,0.0,20.12197,0.0,21.361769,15.439555,0.0,28.60954,15.680955,62.08887,42.072723,21.731956,0.0,0.0,39.348755,24.046967,24.740095,20.40069,0.0,7.2866497,6.917975,51.419495,0.0,13.345947,0.0,0.0,0.0,0.0,0.0,32.986652,34.158,0.0,7.3418617,0.0,0.0,16.260412,0.0,0.0,0.0,37.518417,0.0,0.0,0.0,0.0,0.0,5.367427,0.0,0.0,26.76267,0.0,0.0,19.208727,0.0,0.0,22.445808,26.004734,0.0,33.91332,20.868933,0.0,22.735125,0.0,57.20535,0.0,0.0,0.0,20.014568,0.0,67.04496,0.0,31.554106,45.96048,0.0,0.0,25.99242,32.777607,0.0,32.19532,57.682114,0.0,67.79045,37.511547,25.97164,0.0,45.004936,59.488705,51.995262,40.880863,58.79585,26.811329,53.581852,31.660427,45.217083,70.76342,42.443863,59.915302,25.37233,42.13843,61.677876,39.419724,57.396156,47.122505,0.0,0.0,24.634706,0.0,0.0,0.0,55.56206,33.065773,25.42931,47.152767,39.92419,14.268961,34.686577,26.267088,0.0,19.592552,27.576166,44.230392,20.959959,31.678661,21.400908,33.08429,49.30604,40.77969,42.586197,0.0,41.479713,54.348377,63.85712,21.117281,0.0,49.522293,37.445522,46.808666,20.44391,36.940075,43.611626,31.310493,25.474329,20.243494,2.7506614,0.0,33.548714,24.714668,0.0,0.0,33.550426,50.790314,20.44391,25.805532,22.400196,0.0,41.8429,21.77906,37.110233,43.68165,9.712519,28.341623,44.305603,53.843655,25.595806,32.823586,34.86852,34.446793,16.281704,35.095856,37.249393,42.37999,34.490456,28.061556,21.669722,0.0,32.20379,27.216974,50.08349,58.111046,37.803993,0.0,44.69649,18.504305,0.0,58.5429,55.26435,0.0,25.35803,16.988356,39.709255,56.75587,0.0,0.0,18.631805,16.247143,27.82377,0.0,0.0,0.0,24.062223,0.0,5.5611777,35.53749,0.0,72.15351,31.993834,0.0,0.0,0.0,0.0,0.0,0.0,0.0,0.0,0.0,0.0,0.0,0.0,0.0,0.0,0.0,0.0,26.644245,16.761309,44.807518,15.808535,0.0,23.72887,33.34079,18.620234,12.88175,21.772324,31.60057,22.217505,20.08088,30.262146,31.562954,34.487103,0.0,16.761309,50.837284,59.839462,8.025536,65.811226,48.077793,12.09754,51.838974,33.27153,29.715593,30.704115,14.717016,29.297623,17.70344,27.859098,13.249827,21.782509,19.7494,31.8267,20.989202,28.456762,78.623764,0.0,0.0,0.0,0.0,0.0,0.0,0.0,0.0,16.572485,19.160574,34.838737,39.734905,0.0,46.34681,0.0,10.6772995,43.954025,41.479713,24.221188,0.0,0.0,0.0,24.955654,0.0,40.13924,25.166855,0.0,18.226494,14.113347,16.634632,18.758263,0.0,0.0,0.0,0.0,0.0,0.0,20.262344,11.36381,11.951319,35.86167,0.0,30.57508,13.407707,19.682695,0.0,0.0,0.0,0.0,30.003672,25.44805,37.03521,0.0,19.21871,30.636477,0.0
C7x33_C8x33,0.0,29.196388,0.0,0.0,36.9278,0.0,0.0,11.592379,0.0,0.0,0.0,34.042637,48.81049,41.07585,0.0,22.08087,84.22334,0.9181322,0.0,27.578205,25.672699,17.609898,0.0,11.8328495,0.0,0.0,0.0,0.0,0.0,31.815605,14.444982,54.40424,30.44129,0.0,0.0,0.0,59.20886,51.377384,60.06068,51.377384,106.945496,20.684706,20.684706,0.0,10.535804,13.230627,7.4030504,0.0,0.0,20.684706,0.0,0.0,0.0,10.805053,0.0,0.0,47.888035,33.861954,38.37098,0.0,0.0,0.0,0.0,0.0,0.0,0.0,0.0,0.0,34.02614,34.96577,0.0,0.0,0.0,0.0,31.944403,104.425735,0.0,45.091133,27.099958,33.510788,0.0,14.91088,77.27815,0.0,24.45694,24.45694,0.0,0.0,10.553802,0.0,27.408756,47.47336,0.0,0.0,34.916225,37.90516,21.20941,0.0,21.05699,0.0,28.371159,52.93467,74.44328,0.0,39.387913,14.833474,12.802356,28.657778,0.0,0.0,0.0,0.0,35.122437,35.122437,0.0,0.0,0.0,16.359533,65.34911,24.485897,8.6637945,8.6637945,31.517612,0.0,24.092106,17.582174,0.0,32.66109,22.949526,10.374551,0.0,51.263508,13.727862,0.0,0.0,30.057964,32.493465,0.0,13.831273,0.0,0.0,0.0,12.241978,0.0,13.754896,0.0,0.0,0.0,24.097534,17.039532,0.0,32.565086,0.0,14.793629,0.0,5.7187033,0.0,0.0,45.9388,0.0,0.0,23.17459,32.981396,99.36897,0.0,38.989697,39.843826,0.0,28.602781,0.0,30.17996,15.305974,10.754842,0.0,19.303764,29.247862,33.915157,31.3109,44.560753,24.712519,12.916065,17.039211,24.249704,0.0,0.0,0.0,0.0,56.492336,27.838472,0.0,0.0,0.0,58.916817,44.10564,21.69118,0.0,29.669716,0.0,0.0,32.23824,0.0,0.0,0.0,23.880962,0.0,0.0,29.55453,42.06114,30.704708,0.0,18.561295,7.556568,0.0,0.0,0.0,12.929066,18.86052,48.65775,0.0,33.934544,13.352848,0.0,0.0,0.0,0.0,19.029154,24.862595,0.0,0.0,84.42828,0.0,21.305674,41.16185,0.0,0.0,23.071745,26.232283,29.741053,42.32659,25.05273,58.86054,22.166859,0.0,25.766403,0.0,13.820844,50.20239,14.723768,12.4731045,52.08198,13.947042,0.0,0.0,40.667824,28.575508,37.331387,40.102238,0.0,56.392956,44.138,15.631181,0.0,67.94674,0.0,45.099056,68.67076,77.52724,33.88872,45.724995,52.43074,61.31885,71.29861,58.488464,74.98506,31.863567,38.127346,69.54651,35.25095,50.854244,80.76321,8.95296,33.915157,34.18968,0.0,0.0,0.0,72.929016,71.64546,38.19783,78.68481,82.75316,19.84902,43.323147,38.902782,0.0,0.0,38.38217,22.509737,13.252653,44.070763,11.745754,33.529274,33.888756,22.795794,32.70759,0.0,45.4682,25.77504,34.31541,22.677454,0.0,23.107347,28.85296,34.628292,30.703453,5.3820047,42.30023,12.212417,27.215235,11.143816,1.7391999,0.0,6.312621,45.99958,0.0,0.0,16.971788,37.72933,30.703453,6.839676,31.162737,0.0,33.883213,50.442657,53.152786,51.069748,53.71917,51.519173,27.012722,52.819443,0.0,24.447506,30.452238,53.025303,36.966793,42.222973,48.131836,33.707256,19.220901,24.700417,0.0,0.0,28.826979,20.717314,83.924446,29.395998,34.008636,0.0,11.846665,26.239933,24.546638,46.412678,82.617645,0.0,35.614216,21.710619,25.107536,34.07738,0.0,0.0,20.324396,35.637386,41.660477,0.0,0.0,0.0,0.0,0.0,0.0,0.0,0.0,53.152786,24.55485,0.0,0.0,0.0,0.0,0.0,0.0,0.0,0.0,0.0,0.0,0.0,0.0,0.0,0.0,0.0,0.0,0.0,0.0,27.275415,22.043076,0.0,28.927809,35.494526,23.508465,0.0,22.09779,48.610435,23.858965,34.427994,31.82308,31.699482,24.836786,0.0,0.0,94.645134,90.93602,48.77023,81.46103,75.18324,41.14425,69.47853,69.70913,24.061327,0.0,0.0,0.0,0.0,0.0,0.0,0.0,0.0,0.0,0.0,0.0,65.55727,16.859625,0.0,0.0,0.0,34.18968,0.0,0.0,0.0,29.741053,26.231138,0.0,15.759735,0.0,57.72077,0.0,19.474293,59.11786,45.4682,0.0,0.0,0.0,0.0,0.0,0.0,31.288012,35.62717,0.0,24.324755,0.0,0.0,0.0,0.0,0.0,0.0,0.0,0.0,0.0,0.0,20.3907,0.0,50.366108,0.0,3.245437,21.562996,35.31773,26.83995,0.0,23.625395,26.931633,30.715542,18.849716,32.382748,0.0,16.850239,31.288012,30.225302
C8x10_C8x11,0.0,0.0,0.0,0.0,28.17201,0.0,15.364693,0.0,0.0,33.5197,0.0,0.0,46.03211,36.649788,0.0,14.321333,148.71758,29.267101,25.178658,61.363125,0.0,40.935814,36.525204,21.014277,0.0,29.856411,33.328407,14.859338,23.566744,32.254738,28.78303,28.78303,32.130203,0.0,20.329697,0.0,8.257806,36.977444,36.977444,66.622055,29.187635,11.386848,20.53881,11.386848,12.72539,16.121635,17.99642,24.161505,0.0,11.386848,0.0,27.22999,27.22999,38.774696,0.0,0.0,5.3182793,5.3182793,25.438538,0.0,37.894455,25.594614,38.11803,52.06778,19.567776,0.0,36.81748,0.0,17.94442,70.109245,54.861134,0.0,0.0,74.79543,0.0,89.90991,0.0,19.24909,0.0,0.0,9.341088,12.272135,78.58176,0.0,46.98352,55.541718,0.0,0.0,25.641352,0.0,23.295269,30.391064,0.0,0.0,0.0,0.0,0.0,0.0,0.0,0.0,18.079748,16.807732,16.807732,0.0,6.521612,5.465689,0.0,10.438397,7.01517,0.0,22.877474,0.0,29.363058,0.0,0.0,0.0,0.0,0.0,24.286312,0.0,0.0,0.0,46.232212,0.0,72.43488,29.368046,18.582,27.10853,38.33725,25.476238,0.0,24.205523,20.286375,0.0,0.0,54.15175,34.26336,0.0,62.691788,0.0,0.0,0.0,24.869257,0.0,18.42746,0.0,21.971941,27.804546,0.0,13.240819,0.0,9.362673,0.0,23.444822,67.15121,24.252962,0.0,0.0,63.756573,27.824036,34.223404,53.1431,0.0,108.221634,0.0,32.761738,44.354424,0.0,21.12817,0.0,18.445263,47.7879,44.847145,60.210556,24.097805,32.97627,0.0,41.594982,0.0,64.50376,40.81337,11.304585,0.0,0.0,0.0,0.0,0.0,58.34348,12.135696,44.32598,0.0,16.55923,0.0,53.813942,13.284407,28.862762,8.382262,19.448359,20.920216,0.0,15.17873,0.0,0.0,11.021377,28.404362,27.276417,7.635695,0.0,6.7511263,0.0,40.093727,2.2719457,0.0,11.887071,9.261506,28.45575,47.82842,18.747179,0.0,25.644295,21.900091,0.0,13.197131,22.594248,0.0,55.85271,8.673672,0.0,0.0,51.335083,0.0,58.57618,100.285805,0.0,0.0,0.0,21.284657,47.83309,0.0,5.375205,0.0,0.0,0.0,21.752045,27.918583,30.8062,69.11046,32.840496,32.18657,52.361973,34.373062,0.0,0.0,28.34622,22.08523,31.848799,0.0,0.0,38.48929,46.292034,38.20042,54.61449,27.16779,38.50902,50.040894,0.0,36.266506,7.7296524,40.905243,26.354954,13.81615,17.053724,0.0,0.0,21.451302,40.242508,16.298016,28.689268,13.097748,75.35849,12.0327835,23.340195,0.0,0.0,0.0,0.0,62.909294,30.598543,44.64369,60.869167,0.0,37.67006,35.21207,24.205523,0.0,38.90229,22.460798,53.004635,34.86188,16.63498,50.75011,100.2369,0.0,22.11064,23.068861,76.782524,77.20273,14.552375,63.533737,5.465689,69.57834,28.924374,11.6773615,12.545032,24.01999,8.853884,47.96625,51.182793,35.158253,37.49476,28.89215,31.976612,44.723053,55.018044,0.0,0.0,11.264893,24.286312,9.362673,10.858363,35.86122,0.0,0.0,0.0,42.850063,22.08523,48.51047,16.63498,28.924374,6.8402433,0.0,5.7425327,11.304585,7.5090375,25.321756,34.096275,27.574385,42.845875,40.17518,27.596952,9.261506,20.684137,23.525412,0.0,0.0,23.050901,10.280352,44.458508,17.990383,30.82947,12.824997,54.217655,40.964935,0.0,40.143906,28.66044,33.953148,26.03809,0.0,0.0,0.0,0.0,0.0,0.0,0.0,0.0,0.0,0.0,0.0,0.0,0.0,52.421146,34.812637,28.688627,49.754574,41.950962,11.533312,28.116241,84.420334,117.80228,27.047792,21.564026,13.8568125,0.0,32.97627,28.06431,21.752045,37.23271,19.49196,0.0,0.0,40.50239,24.000364,0.0,30.265362,22.08523,4.831322,0.0,11.304585,5.3036966,28.45575,30.262403,9.261506,0.0,0.0,0.0,11.887071,33.823105,28.34622,36.773018,44.01635,26.913425,36.52273,43.733578,19.94991,0.0,0.0,0.0,0.0,0.0,0.0,0.0,0.0,0.0,0.0,0.0,0.0,17.160324,18.67786,14.14829,20.854822,34.545094,0.0,0.0,0.0,0.0,33.823105,24.8545,31.634499,12.010005,0.0,34.09826,0.0,0.0,40.36686,42.850063,9.261506,0.0,30.100632,0.0,0.0,0.0,0.0,0.0,0.0,19.718092,0.0,0.0,0.0,0.0,0.0,0.0,26.85329,0.0,0.0,18.749058,42.616837,81.44728,49.837833,0.0,14.234687,0.0,67.30707,40.73634,47.572742,38.06133,30.781008,0.0,0.0,0.0,0.0,13.33976,65.10805,0.0
C8x10_C9x10,0.0,0.0,0.0,0.0,23.709307,0.0,12.671005,0.0,0.0,0.0,53.189075,0.0,35.548824,51.316067,14.37938,14.333862,109.1054,32.206627,20.55515,43.86341,0.0,55.44222,33.445385,28.461096,0.0,25.458939,20.125034,20.125034,25.830326,18.18891,15.990885,19.631,18.118683,0.0,20.34748,0.0,40.973763,8.857664,8.857664,47.20629,16.689945,15.65868,19.808832,15.65868,20.097795,19.808832,15.65868,25.773697,0.0,20.097795,0.0,18.959246,14.987092,29.470463,0.0,15.8603,8.685,6.7337127,19.044216,0.0,33.06615,32.214542,102.68728,37.27457,52.714207,0.0,47.84162,16.586096,12.846162,51.399414,59.740574,0.0,28.04731,70.99452,0.0,146.02287,0.0,22.764338,0.0,0.0,15.298872,19.61949,69.984184,0.0,25.240892,37.014095,0.0,0.0,21.725891,0.0,16.261824,45.665054,0.0,4.244914,4.37424,5.369979,4.244914,0.0,0.0,0.0,16.953577,0.0,19.249384,0.0,11.039468,5.793331,0.0,11.064129,7.4356956,0.0,21.644985,0.0,21.644985,15.305316,26.509584,0.0,0.0,0.0,46.820675,0.0,0.0,0.0,37.39167,15.897506,61.254475,16.517822,18.549698,26.371729,21.282679,25.220108,0.0,29.8828,20.505604,0.0,0.0,33.266182,68.939735,27.665512,64.29449,0.0,0.0,0.0,37.981216,0.0,8.323087,0.0,11.034139,35.546665,28.293852,27.293125,0.0,29.1261,11.550916,28.03412,90.3124,29.550447,0.0,0.0,31.408228,35.661312,32.811222,31.618961,0.0,72.23099,0.0,60.678497,33.511154,0.0,20.245176,0.0,27.093493,41.55639,32.37759,53.2925,41.55646,19.739697,14.70907,26.440334,0.0,37.071754,47.581303,13.570804,0.0,0.0,0.0,0.0,0.0,40.844658,20.232693,35.21827,12.041014,10.53291,0.0,82.6552,10.594253,27.076807,4.726878,19.800129,10.039747,0.0,10.987749,0.0,16.982145,6.215112,24.567038,32.90273,10.447298,0.0,21.93512,0.0,33.096466,20.215622,0.0,17.67117,13.768038,21.768248,28.54444,18.256847,0.0,14.7387295,21.85504,0.0,7.4420514,15.536191,5.262325,32.800194,46.7677,0.0,10.750554,61.680218,0.0,31.193329,64.57136,0.0,0.0,0.0,23.171576,28.893188,0.0,3.0311553,0.0,5.917355,5.917355,28.618557,36.731697,18.98368,65.29689,18.519226,18.835358,49.593163,21.016027,0.0,0.0,24.352877,18.973917,33.10285,14.33297,0.0,0.0,36.22048,41.947624,46.067245,41.343403,25.495888,42.86591,47.045486,25.528229,8.193008,29.620916,36.862682,32.893158,52.345837,37.17558,6.0032153,36.400826,30.784952,31.38248,28.999304,19.470945,106.92276,12.04331,23.360613,26.605688,0.0,0.0,0.0,58.330902,42.33341,54.546654,64.55707,0.0,60.36341,52.041496,19.682182,12.949882,14.793499,19.753534,37.038452,23.079603,21.581226,42.262215,75.00559,9.654872,19.448454,23.830324,53.061558,47.739246,0.0,52.949493,9.452513,53.19387,34.203285,10.522705,20.486626,32.670925,8.33415,44.704655,49.6509,35.515217,34.422142,29.498272,0.0,56.647655,32.830364,0.0,0.0,14.820391,31.951717,24.113947,8.224327,0.0,27.813114,12.092687,7.210966,36.550995,24.002733,42.082996,0.0,0.0,13.216233,0.0,0.0,17.167587,0.0,29.526064,15.477929,5.468535,36.10981,40.958897,18.01732,17.417095,17.681036,15.260231,5.1122093,0.0,17.389353,46.38648,54.247196,21.907684,20.35445,9.800534,53.997654,33.218327,0.0,45.25055,35.227924,33.982548,44.53534,0.0,0.0,0.0,0.0,0.0,0.0,48.716434,0.0,20.637667,46.067245,0.0,0.0,0.0,48.052654,31.917183,9.561634,20.07986,30.136751,8.401599,34.6935,52.84365,90.03078,31.301147,27.66828,21.85504,0.0,22.167898,33.511154,28.618557,32.37759,21.318886,0.0,0.0,17.144253,13.757044,0.0,35.235664,18.973917,10.447298,0.0,13.570804,6.9776835,23.261475,37.98161,13.768038,0.0,0.0,7.099173,17.67117,37.084183,24.352877,26.248556,43.639732,15.703715,27.939377,22.049967,20.696419,0.0,0.0,0.0,0.0,0.0,0.0,0.0,0.0,0.0,0.0,0.0,0.0,24.078516,0.0,11.283195,14.338313,22.455374,0.0,3.1445515,49.19842,39.829056,16.878372,14.33297,0.0,27.210358,0.0,51.679615,0.0,0.0,42.325993,36.550995,17.417095,0.0,32.82089,0.0,0.0,31.954157,0.0,0.0,0.0,22.132393,0.0,0.0,0.0,0.0,0.0,0.0,17.080702,13.26922,0.0,8.99737,10.238914,55.386242,84.676506,0.10498407,15.261844,19.524172,82.609375,22.984848,26.530779,21.46333,20.651382,0.0,0.0,0.0,0.0,0.8178386,46.037094,0.0
C8x11_C9x11,0.0,0.0,0.0,0.0,21.91138,0.0,14.497527,0.0,0.0,13.745444,0.0,0.0,47.544342,64.44951,0.0,31.6315,173.61984,32.962917,0.0,65.596565,0.0,51.936867,48.69206,0.0,0.0,32.07546,35.805508,0.0,31.929964,25.301926,22.802322,22.802322,25.454002,0.0,24.045975,0.0,0.0,13.84188,13.84188,24.93884,13.779094,0.0,31.794907,0.0,24.84374,24.956945,27.859186,40.234455,0.0,20.205254,0.0,29.627634,33.07303,45.185482,0.0,0.0,18.958834,10.52278,24.857058,0.0,0.0,47.139385,93.83649,64.6913,0.0,0.0,57.689186,0.0,13.40994,43.637596,76.24455,0.0,0.0,95.4993,0.0,139.98616,0.0,29.197315,0.0,0.0,15.3806715,24.443405,79.35893,0.0,46.79329,66.175705,0.0,0.0,35.28995,0.0,26.700075,0.0,0.0,0.0,0.0,0.0,0.0,0.0,0.0,0.0,15.17873,51.13358,32.627003,0.0,19.840473,0.0,0.0,10.802238,0.0,0.0,0.0,0.0,0.0,0.0,0.0,0.0,0.0,0.0,37.326393,0.0,0.0,0.0,74.78506,0.0,57.13311,4.4741426,8.110334,32.514183,36.46064,47.376553,0.0,63.332275,43.65145,0.0,0.0,59.18562,60.705368,0.0,108.4416,0.0,0.0,0.0,41.736774,0.0,18.367119,0.0,30.162254,0.8930224,0.0,46.097042,0.0,32.59553,0.0,35.474804,122.466896,25.805304,0.0,0.0,39.917175,0.0,45.600815,56.057125,0.0,103.47826,0.0,21.848196,61.10245,0.0,42.66575,0.0,28.554012,55.84338,62.621452,90.43839,54.329372,31.379505,0.0,47.041393,0.0,68.49101,49.674038,24.968416,0.0,0.0,0.0,0.0,0.0,39.552517,25.692202,80.223366,0.0,0.0,0.0,80.43999,0.0,33.470795,0.0,33.050846,0.0,0.0,24.68566,0.0,0.0,0.0,47.392998,43.72648,11.820365,0.0,0.0,0.0,39.13406,0.0,0.0,0.0,0.0,42.020535,58.947968,0.0,0.0,26.260778,40.268696,0.0,0.0,13.19692,0.0,59.12455,43.891716,0.0,0.0,91.105415,0.0,59.28279,98.90165,0.0,0.0,0.0,0.0,53.050373,0.0,0.0,0.0,0.0,0.0,56.813564,41.20481,0.0,95.05483,25.449507,0.0,53.52439,18.91406,0.0,0.0,35.005898,39.254787,38.01207,0.0,0.0,58.38114,60.024612,0.0,11.184877,0.0,0.0,0.0,0.0,0.0,0.0,0.0,0.0,0.0,0.0,0.0,0.0,0.0,0.0,0.0,0.0,0.0,120.80011,34.25497,29.130201,51.04114,0.0,0.0,0.0,61.62275,69.18256,58.05658,66.5655,0.0,70.36134,52.39008,38.24709,0.0,39.188293,34.797276,41.07556,23.535912,0.0,73.62319,139.06512,0.0,34.22816,0.0,24.003088,85.62342,0.0,86.03027,0.0,14.249427,0.0,16.336836,44.721077,23.780792,18.192953,74.28376,71.46811,0.0,56.435772,49.128304,48.82354,53.371197,38.735863,0.0,0.0,25.005987,37.326393,32.59553,18.67696,0.0,0.0,0.0,0.0,47.52383,35.165405,53.019936,0.0,0.0,10.588974,0.0,0.0,22.367323,0.0,37.19959,0.0,0.0,52.80704,56.09784,0.0,0.0,16.086685,0.0,0.0,8.241508,0.0,0.0,0.0,0.0,10.68607,0.0,43.36932,29.736929,0.0,47.67299,54.023453,56.005215,57.023872,0.0,0.0,0.0,0.0,0.0,0.0,0.0,0.0,0.0,0.0,0.0,0.0,0.0,48.40078,22.621893,0.0,29.60312,39.739613,16.117876,32.59553,75.877144,139.78226,53.981457,43.035095,0.0,0.0,42.74478,22.301888,0.0,50.357117,29.390032,0.0,0.0,0.0,15.179298,0.0,27.944202,18.32196,0.0,0.0,0.0,6.6193852,33.791245,35.17257,13.340277,0.0,0.0,0.0,0.0,47.30826,35.005898,27.811182,58.04346,0.0,37.472282,33.80803,25.583727,0.0,0.0,0.0,0.0,0.0,0.0,0.0,0.0,0.0,0.0,0.0,0.0,23.98166,0.0,0.0,22.909468,42.077255,28.488356,0.0,0.0,0.0,37.512276,30.14102,19.31728,0.0,0.0,45.26341,0.0,0.0,19.350372,47.52383,0.0,0.0,28.807161,0.0,0.0,0.0,0.0,0.0,0.0,26.429316,0.0,0.0,0.0,0.0,0.0,0.0,21.87712,0.0,0.0,0.0,13.322507,40.73948,79.32281,0.0,22.03587,0.0,74.82622,40.89356,14.87178,0.0,0.0,0.0,0.0,0.0,0.0,0.0,45.235107,0.0
C8x13_C8x14,0.0,0.0,49.81144,0.0,18.123816,17.708628,0.0,0.0,0.0,0.0,29.306343,35.99643,61.626823,26.717508,50.9026,23.612131,94.85173,0.0,0.0,58.069427,0.0,34.508682,1.9250927,0.0,1.9250927,1.9250927,3.1691804,0.0,2.7224922,42.95627,0.0,0.0,0.0,0.0,0.0,37.66062,0.0,0.0,0.0,32.664696,0.0,0.0,4.8631115,0.0,8.005889,4.8631115,8.005889,0.0,27.769762,6.877478,23.416039,23.416039,38.54861,57.929752,35.188953,47.163265,26.073547,0.0,0.0,31.554825,0.0,60.77998,50.50816,27.28606,0.0,16.574694,23.440157,0.0,0.0,38.366016,25.108412,0.0,34.895767,20.147081,0.0,0.0,37.33708,0.0,0.0,0.0,0.0,0.0,94.1566,28.264076,65.80291,46.529682,33.630196,19.286167,0.0,0.0,0.0,0.0,21.189987,0.0,0.0,21.189987,34.88398,41.40018,0.0,31.420425,47.486916,96.09364,73.08953,0.0,86.88947,42.938465,0.0,84.19583,35.423893,26.082619,0.0,0.0,4.930413,0.0,4.930413,0.0,0.0,0.0,56.365444,0.0,0.0,0.0,15.45253,0.0,63.357445,33.67505,0.0,44.840824,44.840824,0.0,20.242182,51.290134,33.323658,35.342304,0.0,24.423788,52.285732,36.3555,27.710917,0.0,0.0,0.0,32.988003,0.0,12.073164,0.0,0.0,0.0,31.630857,0.0,0.0,63.038055,0.0,0.0,0.0,0.0,0.0,0.0,17.900135,0.0,0.0,42.645382,0.0,95.80288,25.904587,69.28314,0.0,0.0,0.0,0.0,0.0,62.91539,62.91539,0.0,6.533985,20.266298,0.0,35.91657,0.0,38.15308,32.775497,37.820747,0.0,102.0291,53.31673,0.0,0.0,24.06379,0.0,0.0,0.0,0.0,11.498183,75.44119,24.760098,35.003223,30.769205,0.0,0.0,0.0,0.0,0.0,58.791042,0.0,26.16813,56.510094,42.177895,0.0,0.0,0.0,10.9999,0.0,16.687443,27.471674,27.471674,38.466076,29.33218,0.0,16.097876,26.501099,29.819908,18.11386,21.377289,41.917633,0.0,33.990234,0.0,20.647089,0.0,80.95823,0.0,26.089163,83.22407,0.0,22.64271,0.0,0.0,13.082852,0.0,23.821186,68.86314,34.030327,0.0,11.098614,9.534291,54.957584,62.06447,38.158157,0.0,0.0,0.0,0.0,0.0,0.0,0.0,17.653505,34.666004,0.0,103.383514,0.0,47.94049,77.43953,22.962257,57.357346,17.609095,36.96762,39.43158,63.889107,50.51947,66.719666,30.299856,69.23256,38.08909,51.90465,0.0,57.234535,37.66062,49.58302,41.323456,49.871372,0.0,0.0,44.459904,0.0,0.0,0.0,80.85728,21.57576,17.348787,37.88195,35.684498,0.0,32.461216,30.462965,0.0,47.990917,40.08606,43.16108,24.12201,17.46706,37.52028,77.671555,20.671442,0.0,30.688244,46.50344,27.99026,35.51529,24.55865,28.923485,29.49521,52.44252,32.28407,17.898071,38.557003,28.85655,21.191168,38.217438,33.383533,16.500822,51.10551,45.683975,0.0,70.4803,81.55475,0.0,0.0,0.0,0.0,0.0,0.0,0.0,39.72628,53.029903,7.9470706,0.0,14.83603,15.545026,20.624489,25.620615,32.38681,0.0,22.973902,18.6905,32.42488,3.745629,0.0,17.81759,38.217438,33.383533,16.687443,58.774742,25.590973,0.0,46.912224,0.0,0.0,0.0,0.0,0.0,81.59734,97.46119,68.76121,0.0,0.0,0.0,0.0,0.0,0.0,0.0,0.0,0.0,0.0,0.0,22.730106,21.885483,41.131027,39.32138,0.0,0.0,0.0,19.792103,51.354763,13.339879,44.658733,39.368855,32.75167,31.630857,37.277924,57.599648,3.4149542,27.420849,0.0,0.0,0.0,0.0,0.0,0.0,0.0,18.6905,16.687443,31.735014,32.209415,0.0,0.0,0.0,0.0,0.0,0.0,0.0,0.0,0.0,0.0,0.0,0.0,0.0,41.323456,11.238856,0.0,16.449896,29.968836,5.2971196,33.044376,24.502,0.0,0.0,19.972927,19.87643,51.1104,32.126083,13.915684,0.0,59.508827,21.457148,41.323456,52.84606,27.440395,68.81021,0.0,0.0,0.0,0.0,0.0,0.0,20.388376,0.0,0.0,0.0,50.953465,0.0,18.762674,61.32246,0.0,35.035934,83.06129,0.0,0.0,0.0,0.0,13.754128,0.0,0.0,44.88355,74.75012,0.0,0.0,42.874474,15.027109,32.24731,0.0,0.0,0.0,0.0,0.0,0.0,0.0,0.0,60.14965,37.436108,0.0,0.0,0.0,46.50344,20.363869,0.0,6.1662354,0.0,0.0,0.0,0.0,3.745629,34.868088,48.61119,0.0
C8x13_C9x13,0.0,0.0,16.194746,0.0,0.0,0.0,0.0,11.941615,0.0,0.0,11.978279,14.712695,41.463276,0.0,15.67722,22.457357,100.01671,0.0,0.0,32.023907,37.984547,28.581396,20.533619,0.0,25.847326,13.235364,25.707869,0.0,24.42958,42.12464,0.0,0.0,37.491314,0.0,0.0,35.152695,27.163197,0.0,15.805879,15.805879,29.174189,0.0,17.054628,0.0,0.0,17.054628,28.608158,0.0,20.229023,24.118887,16.697124,16.697124,28.008461,37.776997,33.641445,30.755985,12.934678,0.0,0.0,26.025442,0.0,40.37641,20.630226,34.606014,0.0,40.28874,38.078873,0.0,0.0,30.044342,29.38519,0.0,0.0,14.450824,14.450824,23.792479,34.73727,0.0,0.0,0.0,0.0,0.0,70.81313,29.674215,52.32633,49.77679,35.197506,14.812878,0.0,0.0,0.0,10.182216,24.537521,0.0,0.0,24.537521,41.16028,30.04242,0.0,23.329197,22.73791,57.70523,32.15626,0.0,63.07734,32.9583,0.0,55.923695,26.83286,0.0,0.0,0.0,27.00204,0.0,27.00204,0.0,0.0,0.0,27.012777,0.0,0.0,0.0,28.935345,0.0,83.897064,46.41125,0.0,23.417082,39.71448,34.057373,21.37188,24.384205,35.850094,25.349846,0.0,31.467958,54.392506,35.056866,84.881996,0.0,0.0,0.0,26.828634,0.0,47.414364,0.0,0.0,0.0,27.67617,18.480003,0.0,23.34085,15.580071,0.0,0.0,0.0,0.0,0.0,24.840075,0.0,10.227741,56.26327,39.784138,113.2821,33.541103,59.11393,23.469633,22.005655,0.0,0.0,0.0,38.20047,65.314644,0.0,8.585224,51.200665,0.0,23.000761,16.263994,24.401152,16.20952,14.478301,10.237704,52.08579,60.421886,0.0,42.724728,33.455353,17.55653,27.70278,0.0,0.0,0.0,75.98151,8.649443,0.0,33.780815,0.0,25.1001,0.0,0.0,0.0,32.065445,31.61641,57.604927,45.383667,22.708477,15.455304,0.0,0.0,10.072202,0.0,25.32441,13.617779,42.48024,56.853863,22.30333,0.0,15.025876,25.205042,25.114885,14.97213,0.0,0.0,0.0,53.124683,0.0,31.670048,0.0,102.41466,0.0,44.525272,92.08175,0.0,3.1382983,0.0,0.0,23.292177,16.470055,22.656189,17.822577,16.197126,0.0,26.387379,0.0,49.8788,33.204773,31.34462,0.0,32.33238,22.862442,0.0,0.0,0.0,0.0,11.841235,78.706474,23.06963,104.38431,5.1693573,63.42205,71.65485,34.012463,40.89943,16.436457,45.951168,36.80573,30.902443,62.714924,57.993176,36.325714,72.68669,40.921883,60.10441,21.43634,83.021,35.152695,52.350197,62.031887,58.367138,0.0,0.0,51.114822,0.0,0.0,0.0,52.103237,16.187773,0.0,30.12364,26.086098,18.613363,30.523396,14.037696,0.0,41.39183,0.0,18.685959,11.966551,6.0843854,28.17481,39.6108,9.655847,0.0,23.92317,23.06963,13.88553,35.16036,12.183161,0.0,29.25297,25.60326,11.118996,7.027364,15.580071,13.4582405,34.148514,38.937042,29.735031,10.698653,42.5276,27.518559,0.0,64.84381,0.0,15.479223,0.0,0.0,0.0,0.0,7.216878,0.0,65.91348,107.605934,13.88553,0.0,18.759487,6.0843854,25.60326,13.030016,36.020245,0.0,8.631176,20.138287,34.860462,16.70629,9.087058,13.296033,38.937042,29.735031,25.32441,24.092436,14.264964,0.0,66.85653,0.0,37.564823,55.76485,35.121216,65.86242,67.115135,24.48728,60.22309,0.0,0.0,0.0,0.0,0.0,0.0,0.0,0.0,0.0,0.0,0.0,8.160036,20.65255,25.276821,21.353256,0.0,0.0,0.0,19.637104,38.494835,17.590899,32.032204,41.33091,23.491673,23.34085,39.934547,47.71161,20.188585,18.984983,0.0,0.0,0.0,0.0,0.0,0.0,0.0,39.32803,49.456005,26.238354,0.0,6.5924993,0.0,0.0,0.0,0.0,0.0,0.0,0.0,0.0,0.0,0.0,0.0,0.0,18.667467,25.629642,0.0,60.950703,63.030674,30.836145,62.559387,18.934534,51.76645,0.0,18.642876,17.758907,36.204338,23.042961,11.453098,21.43634,46.184425,35.269638,30.038069,40.732834,22.879068,38.48819,72.23481,0.0,0.0,0.0,0.0,0.0,37.655777,0.0,0.0,0.0,40.432766,0.0,8.093461,37.082367,0.0,26.894564,79.306496,0.0,0.0,0.0,23.06963,1.8708829,0.0,54.04581,8.160036,10.407598,0.0,0.0,22.44338,0.0,12.137256,0.0,0.0,0.0,0.0,0.0,0.0,0.0,23.06963,80.03044,40.98685,0.0,0.0,0.0,42.58148,24.876324,38.697975,28.023836,15.243016,22.555162,42.894367,0.0,16.70629,32.553604,60.244102,0.0
C8x31_C8x32,0.0,50.488644,0.0,0.0,45.415413,0.0,0.0,0.0,30.86696,0.0,0.0,0.0,49.185555,0.0,0.0,0.0,61.54177,16.433136,0.0,28.066992,0.0,107.53913,0.0,39.986225,0.0,36.736073,0.0,36.736073,0.0,0.0,23.917717,17.386837,0.0,0.0,0.0,65.874016,97.12465,39.436058,27.885502,53.252735,0.0,29.464722,34.47837,0.0,0.0,27.069775,0.0,0.0,21.008102,29.464722,0.0,28.565619,0.0,0.0,0.0,0.0,55.59321,66.854576,0.0,0.0,0.0,34.43129,50.580944,0.0,18.807487,0.0,0.0,0.0,0.0,48.965122,0.0,0.0,56.930412,0.0,0.0,133.75053,0.0,91.79079,30.889866,0.0,0.0,0.0,64.029434,0.0,0.0,0.0,48.681664,0.0,15.103871,41.77537,29.798433,41.77537,0.0,0.0,0.0,0.0,0.0,61.11416,36.742294,0.0,0.0,42.763165,59.549038,0.0,36.83553,0.0,21.267002,34.075214,0.0,0.0,0.0,0.0,0.0,46.680508,53.418415,39.316753,0.0,46.680508,107.12481,47.044136,28.115454,28.115454,0.0,0.0,48.532776,0.0,0.0,0.0,0.0,0.0,0.0,103.83429,0.0,25.273361,0.0,0.0,35.06316,0.0,139.62566,0.0,0.0,0.0,0.0,0.0,0.0,0.0,0.0,0.0,24.974836,22.639421,0.0,0.0,0.0,0.0,0.0,0.0,0.0,0.0,67.05756,0.0,31.268293,0.0,0.0,67.69417,88.729515,30.466011,0.0,83.956825,0.0,0.0,69.670456,0.0,0.0,0.0,0.0,0.0,0.0,0.0,0.0,0.0,40.915596,0.0,0.0,0.0,0.0,50.65716,0.0,113.65512,0.0,0.0,0.0,0.0,0.0,122.55672,0.0,0.0,0.0,20.72013,0.0,48.75237,33.733864,49.416,0.0,0.0,0.0,11.580995,0.0,0.0,22.539173,0.0,0.0,0.0,0.0,0.0,0.0,0.0,0.0,0.0,0.0,0.0,0.0,0.0,0.0,7.505099,0.0,0.0,36.229248,0.0,0.0,0.0,36.260223,0.0,32.380157,0.0,0.0,31.985262,0.0,0.0,0.0,0.0,103.37695,0.0,0.0,0.0,1.3431323,0.0,86.82352,0.0,21.84778,30.728003,0.0,0.0,25.971806,0.0,0.0,0.0,61.192535,0.0,100.15089,0.0,0.0,0.0,77.26925,61.92473,115.414894,22.043257,88.30557,42.355423,115.42212,0.0,67.32555,73.624405,36.96019,0.0,25.372982,21.938068,37.69129,85.738914,53.832355,61.368706,0.0,0.0,0.0,0.0,0.0,0.0,62.167686,56.035957,42.722687,46.719746,0.0,16.100903,23.917717,54.407238,29.736498,57.554092,0.0,62.597855,30.92045,44.750027,37.322315,36.637276,77.54617,51.509342,47.159615,0.0,50.408203,58.752808,72.98305,27.631445,14.846481,75.29803,48.707348,53.275364,22.639421,48.339214,40.614014,42.057407,40.604202,35.81688,37.705566,0.0,0.0,32.468075,0.0,0.0,40.878757,66.948616,0.0,66.55356,31.643045,0.0,57.954384,34.836655,35.643982,46.103645,10.168463,31.643045,53.243748,52.48752,35.820023,0.0,43.772614,34.152836,0.0,17.049582,10.445392,16.88482,33.020256,31.87931,24.832644,0.0,70.53948,0.0,57.565014,53.54063,93.61604,0.0,87.16799,0.0,15.234868,53.09565,0.0,0.0,61.683716,0.0,22.13625,22.848139,0.0,0.0,15.352231,0.0,0.0,0.0,0.0,0.0,0.0,0.0,23.837175,57.568466,0.0,46.826103,35.395206,0.0,0.0,0.0,0.0,0.0,0.0,0.0,0.0,0.0,0.0,0.0,0.0,0.0,0.0,0.0,0.0,0.0,0.0,0.0,0.0,0.0,38.797516,50.182575,57.131252,38.98913,47.645313,37.17444,11.015283,18.378674,27.029665,25.196976,55.092228,0.0,0.0,0.0,0.0,0.0,0.0,0.0,0.0,0.0,0.0,0.0,57.060547,26.55623,60.09789,38.546253,43.7546,27.522028,39.30574,24.609686,45.187702,0.0,42.08505,112.40141,0.0,0.0,0.0,0.0,0.0,0.0,0.0,0.0,0.0,0.0,0.0,86.989494,0.0,0.0,0.0,0.0,97.56341,50.408203,35.11866,0.0,0.0,0.0,46.826103,0.0,65.74186,0.0,0.0,34.07899,0.0,0.0,0.0,0.0,0.0,0.0,0.0,0.0,0.0,34.35232,0.0,0.0,82.550224,0.0,33.590275,0.0,0.0,0.0,0.0,0.0,0.0,0.0,0.0,46.7764,0.0,0.0,57.699944,0.0
C8x31_C9x31,0.0,0.0,0.0,0.0,50.542133,0.0,0.0,0.0,16.718985,0.0,0.0,0.0,34.916763,0.0,0.0,55.637394,87.3604,26.124748,0.0,28.192266,0.0,64.53554,0.0,0.0,0.0,0.0,47.168694,0.0,0.0,42.523346,11.041565,0.0,39.53391,0.0,0.0,15.605764,31.099691,0.0,0.0,56.473373,0.0,36.21757,0.0,0.0,0.0,0.0,36.21757,0.0,17.264519,0.0,0.0,0.0,36.677925,0.0,0.0,0.0,72.009705,72.009705,12.132406,0.0,46.607403,0.0,68.81011,0.0,0.0,0.0,0.0,0.0,0.0,0.0,0.0,0.0,72.11751,0.0,0.0,192.94304,0.0,41.811745,0.0,0.0,0.0,0.0,83.841415,0.0,0.0,31.39215,65.7675,0.0,0.0,41.961834,40.337917,76.35158,0.0,0.0,17.505058,0.0,32.442955,24.74104,0.0,0.0,0.0,0.0,41.79684,0.0,36.42795,24.38857,0.0,42.659744,0.0,0.0,0.0,0.0,0.0,11.901474,56.287746,12.380602,0.0,11.901474,11.901474,42.44206,0.0,0.0,0.0,35.99298,51.65455,0.0,0.0,0.0,7.840305,53.834976,0.0,57.735237,40.23001,75.26996,0.0,13.05619,27.258385,50.887634,224.016,0.0,0.0,46.697407,0.0,0.0,47.197147,52.60447,0.0,0.0,20.118698,22.74047,0.0,23.686697,0.0,16.94302,0.0,3.875845,0.0,66.15115,32.89038,0.0,32.1669,52.216305,0.0,60.419975,105.97708,74.54093,36.610264,68.08667,0.0,0.0,65.52875,0.0,42.39763,0.0,0.0,36.153564,0.0,62.507084,0.0,54.823685,0.0,48.71899,0.0,15.654682,44.83316,0.0,0.0,70.29301,0.0,0.0,0.0,0.0,0.0,204.26465,0.0,0.0,23.290977,0.0,0.0,47.653065,0.0,76.64459,0.0,28.182203,37.683163,13.3305435,36.468067,0.0,0.0,0.0,0.0,0.0,0.0,0.0,31.884829,12.993887,25.465626,0.0,0.0,53.412766,26.481478,0.0,9.63646,16.855803,0.0,34.34829,0.0,0.0,0.0,0.0,0.0,16.536814,58.31346,0.0,18.421886,0.0,0.0,46.834686,0.0,17.721493,99.0109,54.172153,54.172153,32.735683,0.0,41.363846,69.38195,54.822258,0.0,34.402508,0.0,0.0,40.29171,0.0,61.75989,0.0,55.8201,0.0,98.15556,86.62379,0.0,0.0,0.0,50.61461,35.536346,26.20349,24.406874,20.217764,67.736626,11.54274,47.609352,46.532566,37.285606,17.505058,34.402508,26.169052,11.041565,53.25585,19.398443,50.444332,0.0,0.0,0.0,0.0,107.80172,33.88604,61.427074,53.412766,47.609352,46.532566,32.442955,34.402508,39.53391,53.25585,26.658037,42.538975,0.0,78.67698,31.115389,29.177656,48.63014,44.32277,77.744,60.00523,27.102663,0.0,67.21379,68.643005,49.47369,35.000736,0.0,73.658844,10.978881,77.716515,22.74047,63.692585,0.0,0.0,0.0,0.0,45.24029,0.0,54.424557,41.938927,0.0,0.0,30.114944,11.901474,13.675521,35.04298,0.0,0.0,99.650505,43.56767,0.0,0.0,0.0,0.0,0.0,0.0,0.0,0.0,0.0,0.0,0.0,0.0,0.0,0.0,0.0,0.0,0.0,0.0,85.48445,43.27728,34.71106,57.001545,79.30702,0.0,66.32932,0.0,0.0,0.0,0.0,0.0,42.67326,19.340107,37.008633,29.225677,0.0,0.0,0.0,0.0,0.0,0.0,0.0,0.0,0.0,0.0,31.327307,45.474194,36.453735,0.0,41.80805,0.0,0.0,0.0,0.0,0.0,0.0,0.0,0.0,0.0,0.0,0.0,0.0,0.0,0.0,0.0,0.0,0.0,0.0,0.0,0.0,0.0,46.834686,61.75989,36.468067,44.83316,48.71899,23.290977,12.993887,25.465626,31.884829,0.0,0.0,0.0,0.0,0.0,0.0,0.0,0.0,0.0,0.0,0.0,0.0,0.0,34.495823,76.06934,93.78723,47.12937,77.66686,48.623306,41.307613,21.414972,27.417086,41.252327,40.84228,34.811317,0.0,0.0,41.17007,0.0,53.90086,0.0,0.0,0.0,0.0,0.0,0.0,60.29778,0.0,0.0,0.0,0.0,52.58448,0.0,0.0,0.0,0.0,0.0,0.0,0.0,86.32467,0.0,0.0,33.548897,0.0,0.0,0.0,0.0,0.0,0.0,0.0,0.0,0.0,0.0,0.0,0.0,60.349102,0.0,0.0,0.0,0.0,38.623398,0.0,24.733568,30.994854,0.0,0.0,21.49763,0.0,0.0,49.16063,0.0
C8x32_C8x33,0.0,49.247246,0.0,0.0,34.146458,0.0,0.0,10.721379,30.81185,0.0,0.0,22.10683,50.243176,49.938866,0.0,0.0,78.40407,39.976677,0.0,26.018534,17.177563,43.152233,0.0,31.690304,0.0,24.913952,0.0,0.0,55.70929,0.0,41.287937,31.601683,0.0,0.0,0.0,34.35845,70.12183,51.66126,36.530025,51.66126,56.581665,15.4312315,15.4312315,0.0,12.131564,12.131564,0.0,0.0,0.0,15.4312315,0.0,37.263584,0.0,27.100946,0.0,0.0,46.195004,55.5526,0.0,0.0,0.0,0.0,0.0,0.0,0.0,0.0,0.0,0.0,0.0,39.45824,0.0,0.0,0.0,0.0,44.66709,140.21396,0.0,0.0,41.20049,45.807182,0.0,0.0,76.04503,0.0,0.0,0.0,34.858303,0.0,23.896038,0.0,47.144505,61.747147,0.0,0.0,36.352436,35.291637,0.0,30.25129,14.7481575,0.0,0.0,0.0,59.010807,0.0,0.0,0.0,0.0,23.531952,0.0,0.0,0.0,0.0,32.846684,34.575214,40.50565,0.0,0.0,34.575214,83.561325,41.166145,30.379145,30.379145,0.0,0.0,24.284851,0.0,0.0,6.855755,0.0,0.0,0.0,40.636322,0.0,17.71906,0.0,0.0,33.891266,0.0,23.471004,12.339565,26.37504,0.0,22.146727,0.0,0.0,0.0,0.0,0.0,24.92469,17.624418,0.0,55.65107,0.0,0.0,0.0,7.7701335,0.0,0.0,0.0,0.0,0.0,0.0,38.463047,86.006,0.0,0.0,0.0,50.327946,39.13474,0.0,58.466118,26.954615,0.0,0.0,31.966805,0.0,0.0,0.0,38.67553,0.0,43.48423,0.0,26.148438,0.0,0.0,0.0,19.390005,56.9383,44.171547,0.0,0.0,0.0,35.623856,37.124,24.976542,22.259333,0.0,0.0,19.264507,49.07704,0.0,19.915272,0.0,0.0,0.0,0.0,0.0,39.126705,29.666418,0.0,0.0,8.637484,0.0,28.263474,0.0,0.0,0.0,45.15737,0.0,0.0,0.0,0.0,0.0,0.0,0.0,0.0,21.455948,0.0,0.0,90.85514,18.30533,0.0,31.760515,32.155693,0.0,17.698055,24.4373,0.0,24.830122,0.0,83.8183,0.0,0.0,0.0,36.387604,0.0,53.027637,0.0,0.0,41.285122,0.0,0.0,31.934475,33.811993,0.0,32.399494,40.764374,0.0,64.15639,62.07596,0.0,0.0,58.663666,85.26701,71.18404,57.638435,73.74991,30.270409,76.80053,44.760056,63.283333,66.465935,56.91218,80.75478,36.366943,45.897556,72.31138,29.211367,64.672844,74.42698,0.0,0.0,0.0,0.0,0.0,0.0,70.03045,72.70259,62.38465,65.52206,79.60799,35.8505,71.284485,28.796537,34.47214,31.024551,33.815002,23.478062,11.837432,45.98651,29.608435,32.052532,40.864376,0.0,34.114605,0.0,48.782024,28.051376,32.741158,25.171488,21.228674,25.01632,33.34574,25.79102,30.457733,0.0,51.57131,34.286007,27.039875,21.487572,45.074135,0.0,0.0,20.46075,0.0,0.0,0.0,49.587353,42.490097,0.0,32.517372,0.0,54.30618,31.755936,34.4941,33.811993,33.891266,32.517372,33.563545,39.126705,19.390005,26.04226,26.148438,39.4284,23.32224,33.46423,36.174942,30.401917,26.954615,21.257927,28.263474,0.0,63.260063,33.125504,73.06512,19.264507,55.44197,0.0,0.0,21.53687,21.183285,59.403915,69.625854,0.0,42.382156,47.109516,31.887573,60.694363,0.0,0.0,24.071062,39.493416,22.016632,0.0,0.0,0.0,0.0,0.0,0.0,0.0,0.0,45.604618,30.78322,0.0,0.0,0.0,0.0,0.0,0.0,0.0,0.0,0.0,0.0,0.0,0.0,0.0,0.0,0.0,0.0,0.0,0.0,54.564423,21.149277,0.0,31.583675,43.00853,49.768787,24.663898,33.26056,30.396223,25.513905,38.67094,35.950863,41.581882,56.702305,0.0,0.0,55.521847,75.60592,32.53159,90.65868,41.858845,44.851624,56.01939,43.50457,0.0,48.908386,15.210034,37.35092,0.0,33.078014,18.001965,13.881674,22.618002,0.0,0.0,29.78419,61.358,0.0,0.0,0.0,0.0,0.0,0.0,0.0,0.0,0.0,0.0,0.0,20.803635,0.0,95.44631,0.0,10.756964,96.87494,48.782024,0.0,0.0,0.0,0.0,39.487022,0.0,32.542915,50.234207,0.0,41.64612,0.0,0.0,0.0,0.0,0.0,0.0,0.0,0.0,0.0,20.436628,0.0,0.0,56.719284,0.0,16.559938,3.7746892,0.0,0.0,0.0,0.0,0.0,38.1804,31.187447,46.01417,0.0,28.00286,32.542915,0.0
C8x32_C9x32,0.0,61.336052,0.0,0.0,38.519737,0.0,0.0,0.0,22.600372,0.0,0.0,0.0,85.467964,0.0,0.0,0.0,62.422897,51.124,0.0,28.566517,0.0,47.688797,0.0,17.732103,0.0,16.290806,0.0,16.290806,0.0,0.0,9.323449,6.7776237,0.0,0.0,0.0,7.7586656,54.149338,42.960434,26.346664,45.16708,0.0,10.15274,11.880305,0.0,0.0,9.327506,0.0,0.0,10.677636,10.15274,0.0,51.789806,0.0,0.0,0.0,0.0,56.845528,68.360565,0.0,0.0,0.0,0.0,83.5956,0.0,31.083311,0.0,0.0,0.0,0.0,0.0,0.0,0.0,0.0,0.0,0.0,224.15674,0.0,43.983566,14.801556,0.0,0.0,0.0,63.593044,0.0,0.0,0.0,38.613647,0.0,51.82733,0.0,102.25017,133.92134,0.0,0.0,28.437063,20.672148,0.0,23.664383,28.824505,0.0,0.0,0.0,26.656105,0.0,9.976869,0.0,5.7601476,19.834417,0.0,0.0,0.0,0.0,0.0,26.374176,69.364075,0.0,0.0,45.374203,60.524807,47.154167,25.937258,25.937258,0.0,0.0,36.26696,0.0,0.0,0.0,0.0,0.0,0.0,66.92079,0.0,29.180141,0.0,0.0,42.195095,0.0,97.49714,0.0,0.0,0.0,0.0,0.0,0.0,0.0,0.0,0.0,45.7944,32.381527,0.0,76.87244,0.0,0.0,0.0,6.886276,0.0,0.0,0.0,0.0,0.0,0.0,0.0,53.581753,75.23062,0.0,0.0,73.499275,0.0,0.0,43.103184,0.0,0.0,0.0,0.0,0.0,0.0,0.0,0.0,0.0,37.943108,0.0,0.0,0.0,0.0,25.558716,0.0,78.44665,0.0,0.0,0.0,0.0,0.0,119.364456,0.0,0.0,0.0,0.0,0.0,68.25439,19.397734,54.88425,0.0,0.0,0.0,0.0,0.0,0.0,16.602455,0.0,16.31433,8.653481,0.0,0.0,0.0,0.0,0.0,0.0,0.0,0.0,0.0,0.0,0.0,16.954657,0.0,0.0,34.338947,0.0,0.0,93.443405,21.577608,0.0,37.351757,0.0,0.0,24.269005,0.0,0.0,0.0,0.0,86.05801,0.0,0.0,0.0,0.0,0.0,0.0,0.0,30.574272,76.45056,0.0,0.0,0.0,0.0,0.0,0.0,49.19995,0.0,155.60414,51.187054,0.0,0.0,48.991474,112.27026,49.911774,91.47079,72.90848,11.471927,101.14047,51.66434,102.54465,73.12261,65.94997,44.81321,63.1274,34.69687,14.6925745,55.258396,0.0,109.29663,0.0,0.0,0.0,0.0,0.0,0.0,94.13066,82.95446,65.07163,68.025764,82.64995,40.058678,90.47951,38.329422,48.45429,36.99465,0.0,46.20534,26.22563,52.868732,44.37999,34.13627,64.55472,44.017197,71.59221,0.0,41.43848,68.03548,85.65313,19.834417,12.5922575,65.981094,69.351105,52.356796,42.072144,37.66763,23.152021,42.680317,25.837498,27.164642,35.94517,0.0,79.884125,20.784832,0.0,0.0,0.0,37.82552,58.692802,38.2698,37.38384,0.0,50.783455,29.46606,22.599566,23.380594,42.195095,37.38384,46.655685,67.32795,9.237408,47.28236,29.657513,31.57252,30.054243,30.422445,31.468014,40.24579,33.50932,20.285625,0.0,0.0,83.337006,105.403046,51.037846,0.0,88.731514,39.796986,50.12357,29.7495,32.871143,0.0,0.0,0.0,53.34826,65.073746,35.010307,68.83281,0.0,0.0,0.0,47.95758,0.0,0.0,0.0,0.0,0.0,0.0,0.0,0.0,0.0,88.13237,60.244926,0.0,0.0,0.0,0.0,0.0,0.0,0.0,0.0,0.0,0.0,0.0,0.0,0.0,0.0,0.0,0.0,0.0,0.0,0.0,0.0,0.0,24.599018,25.449148,73.28466,10.054668,32.281403,34.365837,17.42158,43.806458,0.0,27.368736,53.85148,0.0,0.0,0.0,0.0,0.0,0.0,0.0,0.0,0.0,0.0,0.0,38.50057,21.9802,69.41515,33.395138,52.25436,33.335503,38.3597,23.221912,0.0,16.069113,39.904766,66.51798,0.0,0.0,0.0,0.0,0.0,0.0,0.0,0.0,0.0,0.0,0.0,65.97555,0.0,101.11826,0.0,0.0,65.79766,39.413994,37.255173,0.0,0.0,0.0,25.870789,0.0,46.38682,54.908386,0.0,46.039307,0.0,0.0,0.0,0.0,0.0,0.0,0.0,0.0,0.0,0.0,0.0,0.0,71.39503,0.0,47.271473,0.0,0.0,0.0,0.0,0.0,0.0,0.0,0.0,40.08034,0.0,0.0,78.94136,0.0
C8x33_C9x33,0.0,91.402954,46.946957,0.0,0.0,0.0,0.0,21.34093,32.320343,0.0,0.0,35.08532,50.948196,94.87403,0.0,0.0,68.01228,55.13546,0.0,0.0,34.15134,0.0,0.0,0.0,0.0,0.0,0.0,0.0,0.0,0.0,0.0,0.0,0.0,0.0,0.0,0.0,31.07549,0.0,49.395763,0.0,110.45229,12.641569,12.641569,0.0,9.9384165,9.9384165,0.0,0.0,0.0,12.641569,0.0,48.28605,0.0,30.135801,0.0,0.0,0.0,49.61339,56.71595,0.0,0.0,0.0,0.0,0.0,0.0,0.0,0.0,59.75889,0.0,75.56474,0.0,0.0,30.703999,0.0,65.26287,224.02788,0.0,28.382977,17.058289,18.965603,0.0,0.0,142.75168,0.0,28.210669,0.0,0.0,0.0,0.0,0.0,43.62476,82.784256,0.0,0.0,30.983337,32.734592,0.0,0.0,0.0,0.0,0.0,36.027008,0.0,0.0,28.52816,0.0,10.405842,8.180757,0.0,0.0,0.0,0.0,24.573814,29.919455,52.054718,0.0,0.0,23.259153,66.701965,36.129524,31.623026,31.623026,0.0,0.0,0.0,0.0,0.0,26.812778,0.0,0.0,0.0,0.0,0.0,0.0,0.0,0.0,0.0,0.0,0.0,0.0,29.006636,0.0,12.3056755,0.0,0.0,0.0,0.0,0.0,67.35613,47.62798,0.0,61.38472,0.0,0.0,0.0,15.363246,0.0,0.0,0.0,0.0,0.0,0.0,44.37257,69.03092,0.0,0.0,0.0,0.0,40.588413,0.0,0.0,35.587605,0.0,0.0,31.265602,0.0,0.0,0.0,56.5853,0.0,57.88221,0.0,30.793396,0.0,0.0,0.0,0.0,19.30729,19.715443,0.0,0.0,0.0,54.637764,21.625834,0.0,27.19888,0.0,0.0,0.0,59.13732,0.0,27.884094,0.0,0.0,0.0,0.0,0.0,67.51288,0.0,0.0,35.874046,0.0,0.0,0.0,0.0,0.0,0.0,44.52777,0.0,0.0,0.0,0.0,0.0,0.0,0.0,0.0,0.0,0.0,0.0,96.669304,23.092049,0.0,37.16409,42.465195,0.0,0.0,36.132927,0.0,47.77951,0.0,88.95156,0.0,0.0,0.0,0.0,0.0,0.0,0.0,0.0,77.35263,0.0,0.0,44.712616,37.02345,0.0,54.98035,0.0,0.0,95.50715,0.0,0.0,0.0,95.18941,115.46634,52.508774,153.76971,115.45731,19.562628,58.38457,64.11735,166.76314,130.39076,52.55318,78.27817,87.36834,60.607296,0.0,0.0,0.0,94.252975,0.0,0.0,0.0,0.0,0.0,0.0,119.77726,209.57686,84.90776,90.77234,137.67227,44.483746,182.83394,79.82724,38.332447,0.0,59.70643,0.0,0.0,0.0,0.0,0.0,0.0,0.0,0.0,0.0,0.0,0.0,0.0,0.0,0.0,0.0,0.0,0.0,0.0,0.0,21.556984,45.267082,30.59174,0.0,34.182278,0.0,40.193367,0.0,0.0,0.0,0.0,23.259153,35.440483,31.589258,0.0,56.5853,39.50443,76.73618,39.80658,37.02345,64.30386,53.08851,24.41543,67.51288,0.0,48.598507,15.976005,42.38446,31.87696,21.976841,44.060307,34.450287,35.587605,24.050293,0.0,0.0,98.02975,89.738815,78.403625,0.0,45.853176,0.0,59.945156,0.0,0.0,18.502485,32.025314,0.0,56.358353,50.120415,33.92559,58.97715,0.0,0.0,0.0,52.155483,33.76781,0.0,0.0,0.0,0.0,0.0,0.0,0.0,0.0,64.40748,28.6738,0.0,0.0,0.0,0.0,0.0,0.0,0.0,0.0,0.0,0.0,0.0,0.0,0.0,0.0,0.0,0.0,0.0,0.0,65.749565,24.025373,0.0,50.633583,47.093464,85.87572,0.0,20.321323,53.91262,32.238506,43.820427,0.0,21.219212,77.13796,0.0,0.0,89.01022,82.78695,67.17719,37.89564,49.14171,56.672997,0.0,127.80937,42.82365,0.0,0.0,0.0,0.0,0.0,0.0,0.0,0.0,0.0,0.0,0.0,55.981037,0.0,0.0,0.0,0.0,0.0,0.0,0.0,0.0,0.0,0.0,0.0,24.88612,0.0,147.52832,0.0,0.0,84.84866,0.0,0.0,0.0,0.0,0.0,0.0,0.0,29.81211,96.669304,0.0,44.88901,25.590195,34.646717,0.0,0.0,0.0,0.0,0.0,0.0,0.0,0.0,0.0,0.0,96.00092,0.0,0.0,0.0,0.0,0.0,0.0,0.0,0.0,44.021446,31.710657,56.04428,0.0,0.0,29.81211,0.0
C9x10_C9x11,0.0,0.0,0.0,0.0,28.889257,0.0,13.461085,0.0,0.0,0.0,47.107975,0.0,57.366882,38.47565,20.872225,16.725502,148.42511,34.109898,17.054949,51.629917,0.0,40.170357,55.09227,22.121872,0.0,36.30716,13.9911,9.893203,19.418118,13.378672,29.450514,29.450514,13.459084,0.0,25.800648,0.0,9.350961,25.57626,25.57626,36.17029,15.614824,20.518953,23.421648,20.518953,0.0,23.421648,0.0,23.421648,0.0,20.518953,0.0,0.0,27.610825,44.31521,0.0,51.80236,12.4221525,0.0,19.344942,0.0,28.115065,36.9391,46.39551,16.159288,25.550076,0.0,22.427324,0.0,31.362371,69.188545,55.06092,0.0,18.798542,107.27765,0.0,128.47304,0.0,27.053709,0.0,0.0,6.309161,17.829062,120.923904,0.0,54.07881,13.474477,0.0,0.0,37.62202,0.0,38.48585,33.04133,0.0,5.562486,6.3493786,6.3493786,0.0,0.0,0.0,0.0,0.0,38.70376,32.868042,0.0,16.975142,5.146327,0.0,10.736022,6.6246037,0.0,0.0,0.0,0.0,0.0,0.0,0.0,0.0,0.0,26.074196,0.0,0.0,0.0,38.418472,23.853615,70.688385,0.0,3.2953124,26.30748,17.754784,17.84366,0.0,47.368492,21.42193,0.0,0.0,0.0,51.64676,40.157555,77.31916,0.0,0.0,0.0,18.976898,0.0,15.473557,0.0,0.0,45.955044,39.9781,28.33134,0.0,36.494846,16.320992,40.53735,120.109245,57.86093,0.0,0.0,59.876343,17.795654,52.13718,15.812647,0.0,128.93498,0.0,38.5814,13.866772,0.0,24.789497,0.0,32.03492,52.025772,35.111927,45.19779,30.456377,31.953234,18.465311,0.0,0.0,27.29019,55.466625,13.202325,0.0,0.0,0.0,0.0,0.0,55.731636,8.730824,56.081352,0.0,0.0,0.0,73.65077,0.0,25.696745,0.0,0.0,0.0,0.0,0.0,0.0,25.607775,0.0,27.610312,29.722654,0.0,0.0,4.4948344,0.0,64.87133,0.0,0.0,0.0,0.0,28.728258,26.749765,21.30305,0.0,25.50506,11.490145,0.0,0.0,9.4972105,0.0,8.489629,16.743027,0.0,14.287876,66.62763,0.0,26.446238,72.06481,0.0,0.0,0.0,20.040985,13.011424,0.0,0.0,17.338547,0.0,0.0,25.403637,35.25747,11.110842,80.33487,13.456707,21.61497,50.608143,15.459126,0.0,0.0,35.78305,24.149797,34.619125,16.521034,0.0,0.0,51.373077,45.347294,47.980507,22.536448,47.823357,50.008442,0.0,44.17606,8.9137,42.9959,30.752186,15.932544,23.33848,0.0,0.0,26.775993,49.758804,23.311817,37.103878,0.0,146.59773,14.093898,27.338175,33.68308,0.0,0.0,0.0,68.381386,59.21059,64.07094,93.66725,9.634509,46.161015,44.688034,49.731514,42.296448,16.316576,14.321377,37.143658,24.156504,31.325981,58.65561,97.92716,12.517135,25.2141,25.475628,47.820396,63.18031,0.0,69.483086,12.254785,47.980507,49.647385,14.407934,29.302017,46.16273,11.920334,64.916374,65.6884,30.389511,40.644928,41.114407,0.0,48.87501,36.26584,0.0,0.0,14.927318,26.074196,28.268785,20.99835,20.162167,0.0,17.553001,10.290929,44.67523,13.456944,58.952923,0.0,0.0,15.626664,0.0,5.42282,15.27416,7.0909753,34.91115,18.30086,23.519949,40.18165,44.667126,30.389511,20.88259,20.939346,22.150814,0.0,0.0,0.0,14.70447,45.151634,0.0,29.711462,0.0,44.66496,28.874199,0.0,43.932564,42.493984,52.8902,33.314274,0.0,0.0,0.0,0.0,0.0,0.0,32.587246,0.0,22.062544,34.336884,0.0,0.0,0.0,67.789925,40.363106,0.0,0.0,40.12523,0.0,49.929768,93.30219,141.2822,19.043602,28.665203,26.06784,0.0,7.2781863,43.613132,25.937145,39.13143,26.623274,0.0,0.0,36.37183,0.0,0.0,39.13853,29.577343,13.690019,0.0,16.16948,6.212175,35.184788,35.201847,18.294563,0.0,0.0,0.0,0.0,18.058432,33.517277,26.798532,48.15878,0.0,39.87168,33.805027,0.0,0.0,0.0,0.0,0.0,0.0,0.0,0.0,0.0,0.0,0.0,0.0,0.0,32.31528,0.0,0.0,11.993158,21.29094,21.30305,0.0,0.0,0.0,9.200465,16.521034,63.119396,0.0,0.0,36.264854,0.0,0.0,32.597183,44.67523,20.88259,0.0,29.623472,0.0,0.0,28.294899,0.0,0.0,0.0,26.24919,0.0,0.0,0.0,0.0,0.0,0.0,8.026221,0.2032431,0.0,20.132484,33.81413,41.893913,0.0,0.0,22.153154,0.0,66.24009,9.198659,0.0,0.0,18.095242,0.0,0.0,0.0,0.0,0.0,60.310627,0.0
C9x16_C9x17,41.981094,0.0,0.0,0.0,141.21661,46.985138,0.0,0.0,0.0,40.08765,0.0,0.0,80.163734,0.0,0.0,0.0,188.49484,0.0,0.0,91.959045,0.0,36.25384,0.0,0.0,0.0,0.0,36.25384,0.0,0.0,50.061726,0.0,0.0,0.0,0.0,0.0,0.0,0.0,0.0,0.0,0.0,0.0,70.47818,0.0,54.592163,55.597248,0.0,39.80827,0.0,33.616146,44.29122,0.0,0.0,57.349266,86.20348,0.0,0.0,0.0,0.0,0.0,28.001717,0.0,45.177494,9.8437395,9.8437395,0.0,61.338924,0.0,0.0,0.0,25.575592,0.0,0.0,0.0,0.0,0.0,73.95976,0.0,42.375675,22.746246,22.746246,0.0,21.327087,45.16307,0.0,0.0,16.55668,22.581535,0.0,0.0,0.0,0.0,0.0,0.0,53.565548,0.0,0.0,0.0,32.983986,0.0,0.0,122.00244,147.53433,142.56995,24.898794,53.11125,31.60974,26.555626,56.879166,0.0,0.0,0.0,0.0,35.819183,28.530025,28.530025,0.0,0.0,0.0,0.0,0.0,43.54267,0.0,0.0,0.0,45.793625,39.877293,35.26759,31.952948,0.0,33.545815,0.0,0.0,0.0,0.0,0.0,0.0,0.0,0.0,113.641785,0.0,36.929592,0.0,76.179634,0.0,46.121147,0.0,0.0,43.313015,0.0,0.0,0.0,0.0,0.0,0.0,39.110443,0.0,98.45356,0.0,0.0,0.0,51.010166,74.34989,0.0,131.14967,0.0,89.693565,42.311527,27.291975,0.0,0.0,0.0,0.0,0.0,0.0,39.935093,34.124542,0.0,33.539852,0.0,0.0,0.0,35.369434,0.0,0.0,0.0,20.23181,0.0,12.783911,41.141884,51.212555,0.0,78.232445,0.0,158.64433,0.0,0.0,55.950253,0.0,39.921097,0.0,0.0,0.0,0.0,45.946312,50.314953,110.87041,57.710114,0.0,0.0,0.0,27.616606,0.0,0.0,0.0,31.053108,32.3673,36.75741,0.0,0.0,45.843933,0.0,0.0,48.834713,87.87412,57.628685,0.0,0.0,0.0,0.0,102.19816,0.0,0.0,58.81334,0.0,68.545746,0.0,0.0,67.4514,0.0,56.788414,0.0,0.0,0.0,23.856943,46.020935,65.998604,49.282608,58.24227,0.0,0.0,36.76771,0.0,0.0,0.0,33.217392,83.91639,155.68436,0.0,118.51687,52.224747,51.206978,65.34396,0.0,0.0,0.0,0.0,0.0,0.0,0.0,0.0,0.0,0.0,0.0,0.0,0.0,0.0,0.0,0.0,0.0,0.0,14.914655,41.38223,127.186165,0.0,0.0,0.0,84.270676,0.0,0.0,0.0,0.0,0.0,0.0,0.0,68.66118,55.710396,64.57443,44.116917,30.379475,19.831285,0.0,33.891937,0.0,29.964127,82.32715,33.30257,35.310085,83.804085,0.0,34.982304,64.011055,43.62782,28.878298,0.0,0.0,65.06429,0.0,0.0,0.0,0.0,61.097855,32.71568,0.0,23.898565,59.647892,46.309772,0.0,0.0,0.0,0.0,0.0,0.0,0.0,0.0,0.0,0.0,0.0,0.0,0.0,0.0,0.0,0.0,0.0,0.0,0.0,0.0,0.0,0.0,0.0,0.0,0.0,0.0,22.814425,0.0,64.011024,0.0,0.0,0.0,0.0,0.0,54.0085,145.18742,313.0998,0.0,31.349705,0.0,0.0,0.0,0.0,0.0,0.0,0.0,0.0,0.0,0.0,0.0,0.0,0.0,0.0,0.0,0.0,138.85667,40.019516,0.0,0.0,0.0,0.0,0.0,0.0,0.0,0.0,0.0,16.226257,40.742226,0.0,44.321796,56.734337,0.0,93.28354,0.0,0.0,57.617508,0.0,31.616898,56.19707,0.0,137.13187,32.19954,67.56638,0.0,0.0,0.0,0.0,0.0,0.0,31.797207,0.0,0.0,0.0,0.0,0.0,0.0,0.0,0.0,0.0,0.0,0.0,9.991621,0.0,0.0,0.0,0.0,0.0,57.441082,0.0,34.748196,0.0,0.0,59.647892,0.0,0.0,0.0,0.0,0.0,0.0,0.0,35.310085,66.83951,68.270485,0.0,0.0,0.0,0.0,0.0,54.518253,75.04734,34.55011,0.0,23.70324,23.522537,35.310085,0.0,66.42341,67.04611,0.0,0.0,0.0,0.0,0.0,47.573288,47.086327,53.857273,0.0,0.0,0.0,0.0,41.81107,83.17035,35.11877,0.0,0.0,0.0,50.561028,41.370777,46.220665,0.0,47.684864,0.0,0.0,0.0,0.0,53.79438,0.0,0.0
C9x17_C9x18,0.0,0.0,0.0,0.0,0.0,83.99212,0.0,0.0,0.0,69.45974,0.0,0.0,118.18133,0.0,0.0,0.0,342.45413,0.0,0.0,73.482704,0.0,0.0,0.0,0.0,75.93739,0.0,0.0,0.0,0.0,0.0,0.0,0.0,0.0,0.0,0.0,0.0,75.111435,0.0,0.0,0.0,0.0,125.30784,0.0,97.06304,101.613266,0.0,0.0,0.0,61.439125,110.329185,0.0,0.0,0.0,0.0,0.0,0.0,0.0,0.0,0.0,0.0,0.0,0.0,0.0,0.0,0.0,45.54585,0.0,0.0,0.0,0.0,0.0,0.0,0.0,0.0,0.0,155.16667,0.0,0.0,0.0,0.0,0.0,21.18969,0.0,0.0,0.0,0.0,0.0,0.0,0.0,0.0,0.0,0.0,0.0,92.81284,0.0,0.0,0.0,0.0,0.0,0.0,61.81545,74.75179,72.23647,48.826736,87.14531,0.0,43.572655,78.245514,0.0,0.0,0.0,0.0,60.875687,48.487564,48.487564,0.0,0.0,0.0,0.0,0.0,0.0,0.0,0.0,0.0,0.0,0.0,61.108032,0.0,0.0,0.0,0.0,0.0,0.0,0.0,0.0,0.0,0.0,0.0,241.5822,0.0,0.0,0.0,116.166794,0.0,0.0,0.0,0.0,0.0,0.0,0.0,0.0,0.0,0.0,0.0,51.82257,0.0,213.76274,0.0,30.645126,0.0,99.604004,0.0,0.0,258.4076,0.0,0.0,0.0,63.437744,0.0,0.0,0.0,0.0,0.0,0.0,0.0,0.0,0.0,0.0,0.0,0.0,0.0,0.0,0.0,0.0,0.0,0.0,0.0,0.0,72.65587,4.2431674,0.0,0.0,0.0,202.67023,0.0,0.0,0.0,0.0,0.0,0.0,0.0,0.0,0.0,0.0,0.0,55.13739,0.0,0.0,0.0,0.0,23.126297,0.0,0.0,29.21337,0.0,0.0,0.0,0.0,0.0,0.0,0.0,0.0,0.0,102.39056,80.63609,0.0,0.0,0.0,0.0,116.934074,0.0,0.0,0.0,0.0,0.0,0.0,0.0,0.0,0.0,0.0,0.0,0.0,0.0,0.0,0.0,0.0,102.55349,0.0,0.0,0.0,0.0,0.0,0.0,73.61771,0.0,84.497765,152.77113,0.0,0.0,0.0,0.0,43.394943,0.0,0.0,0.0,0.0,0.0,0.0,0.0,0.0,0.0,0.0,0.0,0.0,0.0,0.0,0.0,0.0,0.0,0.0,0.0,0.0,82.43088,0.0,0.0,0.0,193.9144,0.0,0.0,0.0,0.0,0.0,0.0,0.0,0.0,128.19463,21.13484,31.273375,0.0,64.42548,0.0,40.048706,0.0,0.0,71.614105,0.0,85.38487,0.0,0.0,57.399208,31.833588,0.0,77.10025,59.25169,0.0,63.91852,0.0,0.0,0.0,0.0,93.33725,71.06979,0.0,56.59364,92.049484,96.36001,0.0,0.0,0.0,0.0,0.0,0.0,0.0,0.0,0.0,0.0,0.0,0.0,0.0,0.0,0.0,0.0,0.0,0.0,0.0,0.0,0.0,0.0,0.0,0.0,0.0,0.0,48.906418,64.41458,109.802795,0.0,0.0,0.0,0.0,0.0,62.35998,51.518177,411.42648,0.0,52.014683,0.0,0.0,70.62642,0.0,0.0,0.0,0.0,0.0,0.0,0.0,0.0,0.0,0.0,0.0,0.0,0.0,108.49779,0.0,0.0,0.0,0.0,0.0,0.0,0.0,0.0,0.0,0.0,0.0,177.59369,78.3286,84.059074,61.201504,0.0,181.44722,39.993187,60.68072,88.15292,0.0,61.73611,194.04329,79.38648,251.74023,0.0,92.61727,63.234776,0.0,0.0,95.94464,47.940727,0.0,0.0,0.0,0.0,0.0,0.0,0.0,0.0,0.0,0.0,0.0,0.0,44.489162,0.0,32.803734,0.0,0.0,0.0,0.0,20.651955,17.663479,0.0,0.0,0.0,92.049484,0.0,0.0,0.0,0.0,0.0,0.0,0.0,85.38487,67.30258,37.01238,0.0,0.0,0.0,0.0,0.0,86.631836,116.395035,31.719158,0.0,68.457794,102.53376,85.38487,0.0,79.80264,0.0,0.0,0.0,0.0,0.0,0.0,82.43007,44.159206,104.7586,0.0,0.0,0.0,0.0,0.0,0.0,0.0,0.0,0.0,0.0,0.0,0.0,0.0,0.0,0.0,0.0,0.0,0.0,0.0,91.26519,100.19148,0.0
C9x26_C9x27,0.0,0.0,0.0,0.0,112.13846,0.0,0.0,0.0,21.06753,28.73459,42.13506,20.318424,33.869778,0.0,52.195133,57.517746,95.02075,0.0,0.0,28.497324,0.0,32.536987,46.01425,0.0,32.536987,33.64125,65.073975,0.0,0.0,86.2005,0.0,14.002046,27.084866,0.0,19.801884,39.908585,0.0,38.806232,19.890738,20.012396,0.0,0.0,0.0,12.4986105,8.8378525,8.8378525,17.095505,8.8378525,8.547752,8.547752,0.0,12.751652,24.666164,42.530876,0.0,58.899628,56.577778,31.887526,0.0,0.0,0.0,45.65279,0.0,0.0,0.0,0.0,0.0,0.0,0.0,30.210672,42.72434,0.0,0.0,0.0,0.0,65.54245,0.0,0.0,0.0,26.388647,25.450336,0.0,77.30248,0.0,31.170885,0.0,32.320103,0.0,0.0,0.0,0.0,0.0,0.0,39.064793,0.0,27.622978,53.432526,26.716263,21.77076,0.0,25.595236,70.619514,71.807556,0.0,101.41223,71.09841,0.0,88.5674,35.549206,0.0,0.0,0.0,28.541054,27.6042,27.6042,0.0,0.0,0.0,28.541054,0.0,0.0,0.0,50.90225,0.0,42.889225,43.975616,32.150803,18.408834,35.609142,54.62453,0.0,55.6855,38.394264,19.197132,0.0,63.423103,71.88148,0.0,196.6668,0.0,0.0,0.0,27.574627,0.0,0.0,0.0,18.859299,0.0,99.09432,53.010555,0.0,30.60566,30.60566,0.0,0.0,0.0,0.0,0.0,44.159256,0.0,22.48385,21.717684,0.0,38.04644,0.0,38.962013,39.72918,22.338469,0.0,0.0,0.0,34.25211,66.25559,34.25211,22.952148,61.33303,0.0,41.545135,0.0,30.070791,21.470854,0.0,0.0,0.0,0.0,29.28442,0.0,29.262611,25.021702,0.0,0.0,15.021958,0.0,158.24817,7.4437943,0.0,56.568344,0.0,0.0,0.0,0.0,20.032835,82.52003,52.099476,38.67737,24.366575,0.0,0.0,0.0,0.0,51.219517,0.0,0.0,0.0,0.0,57.798866,36.016922,0.0,0.0,27.163454,0.0,0.0,40.938946,50.997704,21.164183,44.01087,0.0,0.0,0.0,30.738514,40.909832,37.793186,74.59536,0.0,32.858658,0.0,0.0,0.0,0.0,31.531626,128.75873,90.27059,0.0,0.0,32.822918,16.589088,66.802826,0.0,0.0,0.0,0.0,0.0,0.0,33.019894,63.872047,0.0,0.0,0.0,0.0,0.0,28.593233,16.939913,0.0,30.555342,70.45406,78.565704,41.623943,88.07353,50.958015,44.11101,18.083006,45.707527,90.80131,66.18983,0.0,71.59865,56.439262,47.561096,36.375362,82.94725,0.0,0.0,0.0,33.41601,26.179388,22.303543,73.22683,71.250534,7.5465755,78.24068,27.622978,0.0,96.61092,19.84866,83.67734,30.389328,16.701723,53.890675,0.0,24.004509,41.261787,20.513138,62.54736,37.319183,15.745918,55.916943,0.0,42.364147,46.755547,33.648323,16.573423,15.13822,47.366924,38.078434,0.0,35.153534,0.0,0.0,0.0,0.0,0.0,33.07192,0.0,0.0,28.89082,23.973442,0.0,0.0,0.0,0.0,0.0,0.0,10.32372,30.58946,0.0,33.019894,32.7878,10.363568,21.266294,0.0,0.0,29.425236,0.0,29.244102,34.399956,37.894085,0.0,18.619646,34.25211,8.576051,0.0,43.45969,0.0,0.0,25.24852,0.0,0.0,0.0,0.0,0.0,14.04864,31.244154,72.77166,0.0,0.0,0.0,0.0,40.18745,0.0,0.0,0.0,0.0,0.0,0.0,11.968745,29.133183,22.268091,23.43836,0.0,0.0,0.0,0.0,79.82724,0.0,0.0,0.0,0.0,0.0,0.0,0.0,0.0,0.0,0.0,24.023132,44.840893,29.046206,0.0,48.4398,12.128366,28.284172,0.0,0.0,0.0,0.0,0.0,27.509563,25.72251,28.243145,18.093513,0.0,0.0,20.907904,24.806686,0.0,0.0,0.0,0.0,0.0,0.0,0.0,0.0,0.0,0.0,0.0,0.0,0.0,29.432573,19.469177,50.53864,0.0,45.135296,0.0,33.127796,28.167486,25.721268,22.10595,15.454461,0.0,0.0,43.502514,9.836437,22.078447,0.0,0.0,40.927204,29.551199,0.0,31.761755,0.0,0.0,0.0,59.29107,0.0,0.0,55.584995,0.0,25.721268,0.0,36.186123,29.422207,0.0,66.35447,5.771584,29.645535,41.128853,0.0,0.0,0.0,0.0,0.0,0.0,0.0,20.440552,0.0,0.0,0.0,39.53925,85.90668,0.0,0.0,0.0,0.0,94.56908,14.597722,40.412586,73.30044,0.0,0.0,0.0,0.0,0.0,48.37978,44.346184,0.0
C9x29_C9x30,38.188663,0.0,0.0,0.0,0.0,23.247343,0.0,0.0,69.44699,0.0,40.537193,0.0,0.0,0.0,0.0,73.96297,175.68857,0.0,71.34909,35.76773,0.0,76.44224,0.0,62.414825,0.0,0.0,41.89888,0.0,0.0,0.0,0.0,0.0,40.519363,0.0,0.0,44.613865,0.0,0.0,0.0,33.48126,0.0,0.0,0.0,0.0,0.0,0.0,0.0,0.0,0.0,0.0,0.0,0.0,70.86392,0.0,0.0,73.257805,81.805046,81.805046,0.0,0.0,100.6564,0.0,44.621643,50.09206,36.43342,0.0,0.0,0.0,0.0,22.06334,0.0,71.487526,0.0,0.0,0.0,71.487526,0.0,59.84262,0.0,0.0,0.0,0.0,0.0,0.0,0.0,71.08421,63.76557,0.0,0.0,0.0,0.0,0.0,0.0,0.0,0.0,0.0,62.678314,32.080868,0.0,0.0,0.0,0.0,0.0,0.0,0.0,86.202,0.0,112.85526,0.0,0.0,0.0,0.0,0.0,0.0,0.0,0.0,0.0,0.0,41.802994,0.0,0.0,0.0,30.975191,60.526276,51.143543,82.1802,0.0,0.0,0.0,25.660585,0.0,70.387505,63.52777,44.809444,0.0,74.26407,62.751717,0.0,141.69356,0.0,0.0,0.0,0.0,0.0,18.925945,0.0,0.0,0.0,0.0,66.96467,0.0,63.572468,0.0,0.0,0.0,5.0226617,0.0,0.0,56.342003,0.0,0.0,79.00581,0.0,89.628105,105.243286,65.69648,22.926142,34.068573,0.0,0.0,38.278355,0.0,52.602486,0.0,0.0,78.9364,0.0,39.033077,0.0,0.0,0.0,80.61104,0.0,0.0,53.6967,0.0,0.0,0.0,0.0,0.0,0.0,0.0,48.27267,171.32788,0.0,0.0,58.051907,0.0,0.0,0.0,0.0,88.638596,0.0,0.0,44.579235,0.0,55.74965,0.0,0.0,0.0,0.0,0.0,0.0,0.0,98.8854,65.3605,41.24807,0.0,0.0,20.857327,68.00759,0.0,25.442554,33.309277,0.0,40.835724,0.0,0.0,0.0,0.0,0.0,48.075233,62.939873,0.0,33.50251,0.0,0.0,50.274044,0.0,0.0,0.0,75.84339,75.84339,49.00471,0.0,0.0,26.095234,84.93592,0.0,89.2114,0.0,0.0,37.040745,0.0,36.522583,0.0,47.791836,0.0,0.0,0.0,21.353025,13.437413,0.0,9.737019,40.54751,26.385256,12.108888,9.3026705,67.359604,0.0,50.2073,63.76557,83.08619,32.080868,56.792942,47.288216,44.613865,44.809444,44.318794,110.11075,99.3286,24.472895,58.750446,0.0,0.0,0.0,0.0,20.857327,50.2073,71.08421,62.678314,56.792942,44.613865,63.52777,96.737625,0.0,0.0,71.769226,33.473682,51.267048,24.993788,0.0,64.589035,50.565865,40.252083,24.700712,42.480602,7.5936213,71.487526,72.839035,28.012396,67.359604,97.104706,67.22105,66.96467,45.196644,6.9555674,42.196507,0.0,30.5076,0.0,0.0,0.0,61.567993,7.5936213,45.196644,0.0,0.0,0.0,0.0,0.0,0.0,134.71921,56.386623,0.0,0.0,0.0,0.0,0.0,0.0,0.0,0.0,0.0,0.0,0.0,0.0,0.0,0.0,0.0,0.0,0.0,0.0,0.0,0.0,0.0,37.855938,32.75748,26.557606,65.868614,0.0,0.0,33.473682,0.0,0.0,29.239235,25.062616,47.288216,0.0,0.0,0.0,0.0,0.0,0.0,15.407886,51.579018,10.448016,37.624672,13.437413,0.0,0.0,0.0,0.0,0.0,0.0,0.0,0.0,0.0,0.0,0.0,0.0,0.0,0.0,0.0,0.0,0.0,0.0,0.0,0.0,0.0,0.0,0.0,38.644386,0.0,0.0,50.274044,36.522583,55.74965,53.6967,80.61104,58.051907,65.3605,41.24807,98.8854,0.0,0.0,0.0,62.67624,0.0,0.0,0.0,0.0,0.0,0.0,0.0,0.0,0.0,12.108888,85.77331,77.89669,13.002598,64.589035,56.792942,32.820724,16.349398,44.318794,55.522804,36.3476,66.86753,0.0,0.0,0.0,0.0,0.0,0.0,0.0,0.0,0.0,0.0,0.0,0.0,59.450287,0.0,0.0,0.0,30.128902,0.0,0.0,0.0,0.0,0.0,0.0,0.0,33.69561,0.0,0.0,35.54237,0.0,0.0,0.0,0.0,0.0,0.0,0.0,0.0,0.0,0.0,0.0,38.270763,66.31015,0.0,0.0,0.0,0.0,0.0,29.232277,38.741077,0.0,0.0,0.0,0.0,0.0,0.0,0.0,0.0
C9x30_C9x31,43.87727,0.0,0.0,0.0,28.853365,24.411116,0.0,0.0,36.45471,0.0,26.151997,0.0,3.818809,0.0,0.0,38.79568,100.66125,0.0,28.800951,40.681736,0.0,66.75608,0.0,48.73702,0.0,0.0,50.77881,0.0,0.0,32.397476,0.0,0.0,24.292746,0.0,0.0,34.19418,0.0,0.0,0.0,37.501217,0.0,17.741894,14.23214,0.0,0.0,0.0,17.741894,0.0,12.040968,0.0,0.0,0.0,74.45513,0.0,0.0,42.866596,83.60816,83.60816,43.589874,0.0,37.76373,0.0,65.69472,49.97147,47.962135,0.0,0.0,0.0,0.0,0.0,0.0,68.33779,0.0,0.0,0.0,68.33779,0.0,23.086859,0.0,0.0,0.0,0.0,0.0,0.0,0.0,68.83755,47.495636,39.762596,0.0,0.0,0.0,46.99845,0.0,0.0,0.0,0.0,0.0,27.555641,0.0,0.0,0.0,0.0,0.0,0.0,0.0,29.365202,0.0,70.29909,0.0,0.0,0.0,0.0,0.0,0.0,27.45622,0.0,0.0,0.0,26.10973,0.0,0.0,0.0,24.226864,35.697334,53.3967,24.012354,0.0,0.0,16.765202,54.525772,0.0,74.09682,78.47625,53.25981,0.0,38.059143,59.234577,0.0,136.19954,0.0,0.0,79.838356,0.0,0.0,50.50959,45.306652,58.146935,0.0,0.0,49.555035,0.0,0.0,0.0,0.0,0.0,7.229162,0.0,60.719837,0.0,44.912586,0.0,65.57408,0.0,81.242836,121.626366,11.130228,67.65172,45.913483,0.0,0.0,39.757072,0.0,46.704388,0.0,0.0,92.614265,0.0,51.561356,0.0,52.903614,0.0,69.51903,0.0,0.0,40.976414,0.0,0.0,38.547443,0.0,0.0,0.0,0.0,21.442081,133.01448,0.0,0.0,65.7969,0.0,0.0,0.0,0.0,31.248787,0.0,36.98497,0.0,0.0,120.7793,0.0,0.0,0.0,0.0,0.0,0.0,0.0,29.343515,13.5326395,48.91682,0.0,0.0,54.07467,54.704376,0.0,0.0,23.14953,0.0,64.3481,0.0,0.0,0.0,0.0,0.0,60.96929,60.96929,0.0,0.0,0.0,0.0,34.490677,0.0,0.0,0.0,90.01061,90.01061,39.804806,0.0,35.81776,45.795277,58.48043,0.0,62.932076,49.96777,0.0,28.519398,0.0,40.105324,0.0,38.436764,0.0,68.19586,51.700527,41.45158,12.631884,23.407936,50.53079,50.738613,25.82976,36.69909,19.929407,67.98636,11.378111,48.46873,46.718277,19.147284,0.0,33.911842,9.184255,16.486862,53.25981,19.91469,75.74522,0.0,0.0,45.052048,116.29387,92.44013,0.0,0.0,65.352066,86.31091,83.19379,0.0,60.388668,29.359056,94.84266,63.162254,39.148495,0.0,59.898846,38.072517,58.888912,17.59585,0.0,61.08789,31.161642,48.43023,0.0,38.807293,46.28278,69.5618,59.640022,18.865475,67.98636,114.10932,76.45633,49.555035,51.40606,24.077358,37.46519,28.732182,35.127026,0.0,0.0,0.0,45.703407,46.28278,29.554846,0.0,0.0,0.0,0.0,0.0,0.0,135.97272,58.807114,0.0,0.0,0.0,0.0,0.0,0.0,0.0,0.0,0.0,0.0,0.0,0.0,0.0,0.0,0.0,0.0,0.0,0.0,0.0,0.0,0.0,35.707256,51.618565,0.0,33.853172,0.0,0.0,23.757645,0.0,0.0,30.87564,0.0,9.184255,21.110994,0.0,0.0,0.0,0.0,0.0,14.075562,24.92546,0.0,48.43023,12.631884,0.0,0.0,0.0,24.216154,48.726135,0.0,0.0,0.0,0.0,0.0,0.0,0.0,0.0,0.0,0.0,0.0,0.0,0.0,0.0,0.0,0.0,0.0,0.0,46.341843,0.0,0.0,34.490677,40.105324,120.7793,40.976414,69.51903,65.7969,13.5326395,48.91682,29.343515,0.0,0.0,0.0,28.163624,0.0,0.0,0.0,0.0,0.0,0.0,0.0,0.0,0.0,36.69909,57.02137,62.854916,32.869907,61.08789,39.270267,31.97206,24.308592,40.866615,44.299896,35.904324,34.31482,0.0,34.474823,0.0,6.7330623,46.220066,0.0,0.0,0.0,0.0,0.0,0.0,0.0,58.720795,0.0,0.0,0.0,45.716053,0.0,0.0,0.0,0.0,0.0,24.216154,0.0,68.81493,0.0,0.0,29.403557,0.0,0.0,0.0,0.0,0.0,0.0,0.0,0.0,30.40045,0.0,0.0,0.0,59.80849,0.0,0.0,0.0,0.0,71.41678,0.0,28.212772,31.106222,0.0,0.0,0.0,0.0,0.0,32.19687,0.0
C9x31_C9x32,0.0,0.0,0.0,0.0,40.766354,0.0,0.0,0.0,25.532612,0.0,0.0,0.0,37.540073,0.0,0.0,41.259933,126.385086,13.617357,53.01823,45.318146,0.0,73.02745,0.0,0.0,0.0,0.0,23.438965,0.0,0.0,55.54949,15.896138,0.0,32.506805,0.0,0.0,29.110985,44.253185,28.436958,0.0,57.986137,0.0,16.005339,0.0,0.0,0.0,0.0,16.005339,0.0,14.333342,0.0,0.0,0.0,74.5144,0.0,0.0,0.0,82.851105,82.851105,108.65383,0.0,34.059044,0.0,65.3984,38.647552,0.0,0.0,0.0,0.0,0.0,0.0,0.0,0.0,0.0,0.0,0.0,118.78494,0.0,32.987083,0.0,0.0,0.0,0.0,0.0,0.0,0.0,43.561287,39.010662,0.0,0.0,0.0,0.0,0.0,0.0,0.0,16.63713,0.0,36.57576,32.75487,0.0,0.0,0.0,0.0,0.0,0.0,0.0,0.0,0.0,0.0,0.0,0.0,0.0,0.0,0.0,25.174217,48.814278,0.0,0.0,36.012383,36.012383,0.0,0.0,0.0,0.0,35.547108,51.01467,60.0511,0.0,0.0,34.642323,18.47855,0.0,51.35151,0.0,0.0,0.0,60.709667,87.126175,0.0,252.31952,0.0,0.0,45.863533,0.0,0.0,44.146484,14.937349,0.0,0.0,0.0,63.06952,0.0,22.512274,0.0,46.958706,0.0,7.3089833,0.0,48.94143,0.0,52.879032,0.0,45.45674,0.0,47.03203,92.25801,71.659325,94.37472,84.51586,0.0,0.0,38.726677,0.0,48.212704,0.0,0.0,83.35861,0.0,28.84501,0.0,52.75118,0.0,36.745106,0.0,0.0,0.0,34.010593,0.0,0.0,0.0,0.0,0.0,0.0,0.0,125.85037,0.0,0.0,36.694126,0.0,0.0,0.0,0.0,53.610252,0.0,4.492446,20.196598,0.0,82.75404,0.0,0.0,0.0,0.0,0.0,0.0,0.0,0.0,23.028503,59.025284,0.0,0.0,48.866367,11.185248,0.0,18.451038,34.074333,0.0,39.395985,0.0,0.0,0.0,39.930573,27.777567,28.456282,52.551453,0.0,0.0,0.0,0.0,33.613747,0.0,27.852835,0.0,56.986782,56.986782,31.092966,0.0,29.629444,67.00708,46.05444,0.0,58.58046,40.818962,0.0,0.0,0.0,36.867085,0.0,77.755745,0.0,89.79374,82.32885,0.0,0.0,22.56923,34.133434,49.23942,24.244995,32.655647,19.215336,64.92979,10.970432,43.34743,45.044357,34.882164,16.63713,30.29666,25.404373,15.896138,51.35151,22.746305,96.4022,0.0,0.0,0.0,0.0,92.54804,93.91741,49.545944,76.69678,101.80806,105.793564,39.07484,71.15634,37.33451,120.60687,62.424473,46.815968,0.0,66.09404,22.158524,69.801094,64.7976,54.948566,81.783356,47.340706,100.581406,0.0,48.240047,102.19208,118.99017,0.0,0.0,82.2731,98.429405,82.926544,63.06952,49.61591,0.0,0.0,0.0,0.0,42.997208,0.0,45.3507,0.0,0.0,0.0,29.127369,25.174217,12.997467,33.305496,0.0,0.0,0.0,0.0,0.0,0.0,0.0,0.0,0.0,0.0,0.0,0.0,0.0,0.0,0.0,0.0,0.0,0.0,0.0,0.0,0.0,0.0,80.2336,0.0,30.319489,50.450085,67.1351,0.0,57.68681,0.0,0.0,13.827147,0.0,0.0,40.22442,18.381195,35.927208,26.65409,0.0,0.0,0.0,0.0,0.0,0.0,0.0,0.0,0.0,0.0,0.0,0.0,0.0,64.01283,79.73898,0.0,0.0,0.0,0.0,0.0,0.0,0.0,0.0,0.0,0.0,0.0,0.0,0.0,0.0,0.0,0.0,0.0,0.0,0.0,0.0,0.0,33.613747,36.867085,82.75404,0.0,36.745106,36.694126,23.028503,59.025284,0.0,0.0,0.0,0.0,0.0,0.0,0.0,0.0,0.0,0.0,0.0,0.0,0.0,0.0,43.761543,10.016781,74.65056,37.58825,51.033657,36.55481,43.176167,26.534203,0.0,18.086761,47.24053,47.329422,0.0,60.51426,46.81782,47.09503,46.27402,0.0,0.0,0.0,0.0,0.0,0.0,62.388515,0.0,0.0,0.0,0.0,64.25807,28.627409,28.852018,0.0,0.0,0.0,30.102287,0.0,66.324646,85.34432,0.0,55.04998,0.0,0.0,0.0,0.0,0.0,0.0,0.0,0.0,0.0,0.0,0.0,0.0,56.885918,0.0,0.0,0.0,0.0,67.52684,0.0,44.365524,48.563953,0.0,0.0,0.0,0.0,0.0,31.031721,0.0
C9x32_C9x33,0.0,79.74898,62.87776,0.0,27.748457,0.0,0.0,25.123363,4.260791,0.0,0.0,0.0,43.22738,0.0,0.0,0.0,113.39955,61.02779,0.0,48.85078,21.46779,26.950804,0.0,24.170454,0.0,0.0,0.0,0.0,0.0,0.0,33.29858,0.0,0.0,0.0,0.0,0.0,46.58019,75.57396,0.0,79.45578,0.0,16.504837,16.504837,0.0,0.0,0.0,0.0,0.0,0.0,16.504837,0.0,0.0,0.0,0.0,0.0,0.0,76.98281,85.93169,114.73184,0.0,0.0,0.0,47.24314,0.0,42.369354,0.0,0.0,39.74592,0.0,71.0953,0.0,0.0,98.972725,0.0,98.972725,170.03175,0.0,14.285886,34.016556,0.0,0.0,0.0,63.896458,0.0,37.19309,0.0,0.0,0.0,0.0,0.0,16.984434,29.417904,0.0,0.0,35.11171,0.0,0.0,0.0,0.0,0.0,0.0,0.0,40.558403,0.0,15.040408,0.0,7.8516006,28.366968,0.0,0.0,0.0,0.0,0.0,34.366627,66.6389,0.0,0.0,49.16237,68.41021,56.927177,35.64432,35.64432,0.0,0.0,42.026035,0.0,0.0,0.0,0.0,0.0,0.0,27.929531,0.0,0.0,0.0,0.0,91.41438,49.967945,44.813057,49.967945,0.0,0.0,0.0,0.0,0.0,0.0,0.0,0.0,55.050407,53.560196,0.0,69.56393,0.0,0.0,0.0,31.478544,27.223999,0.0,0.0,0.0,0.0,0.0,51.140594,72.32372,58.817463,0.0,0.0,0.0,0.0,0.0,56.799297,0.0,0.0,0.0,0.0,0.0,0.0,0.0,33.166832,0.0,45.72125,0.0,49.06411,15.281968,0.0,0.0,15.281968,38.60069,0.0,0.0,0.0,0.0,0.0,83.1187,0.0,0.0,0.0,0.0,0.0,80.1555,0.0,79.3172,0.0,0.0,0.0,0.0,0.0,108.28658,0.0,0.0,0.0,0.0,0.0,0.0,0.0,0.0,0.0,0.0,0.0,0.0,0.0,0.0,0.0,0.0,0.0,0.0,0.0,0.0,0.0,0.0,28.523726,0.0,56.404083,77.70792,0.0,0.0,0.0,0.0,14.811883,0.0,127.4171,0.0,0.0,0.0,32.063324,0.0,0.0,0.0,0.0,50.999973,0.0,0.0,0.0,0.0,0.0,0.0,76.13299,0.0,83.95205,52.018997,0.0,0.0,51.369373,108.66798,44.311474,68.54817,58.352543,21.27131,101.28107,46.081852,76.20713,58.48684,63.83034,44.967285,51.624115,27.185434,48.330467,53.485382,0.0,99.91733,0.0,0.0,0.0,0.0,0.0,0.0,87.53817,144.9674,193.33372,119.67471,114.07979,130.96783,122.61202,135.68979,66.68851,0.0,0.0,52.68319,0.0,77.98634,49.253983,54.674667,46.174053,8.520023,59.99083,0.0,68.505104,50.06854,74.439186,28.366968,0.0,21.20131,78.41476,42.17836,53.560196,19.525946,43.114162,45.6246,28.190502,34.03163,49.214893,0.0,0.0,24.940542,0.0,0.0,0.0,34.366627,40.162754,35.798367,0.0,33.166832,71.61653,23.140362,0.0,0.0,0.0,0.0,0.0,0.0,0.0,0.0,0.0,0.0,0.0,0.0,0.0,0.0,0.0,0.0,0.0,0.0,82.70178,68.15534,55.369576,0.0,45.046658,0.0,62.004593,0.0,0.0,30.499857,0.0,0.0,64.02609,56.79871,38.446007,67.921844,0.0,0.0,15.921955,65.3705,0.0,0.0,0.0,0.0,0.0,0.0,0.0,0.0,0.0,145.69832,63.36855,0.0,0.0,0.0,0.0,0.0,0.0,0.0,0.0,0.0,0.0,0.0,0.0,0.0,0.0,0.0,0.0,0.0,0.0,0.0,0.0,0.0,13.283832,23.518064,97.11532,13.7054205,44.00247,41.90499,0.0,60.867363,0.0,39.61539,69.74645,0.0,0.0,0.0,0.0,0.0,0.0,0.0,0.0,0.0,0.0,48.576283,0.0,0.0,0.0,0.0,0.0,0.0,0.0,0.0,0.0,0.0,0.0,64.006134,0.0,0.0,0.0,0.0,0.0,0.0,0.0,0.0,0.0,0.0,0.0,50.689884,0.0,143.29706,0.0,0.0,93.28568,65.15827,0.0,0.0,0.0,0.0,0.0,0.0,38.844116,85.46158,0.0,76.27785,0.0,41.37231,82.649994,0.0,0.0,0.0,0.0,0.0,0.0,0.0,0.0,0.0,90.54658,0.0,0.0,0.0,0.0,0.0,0.0,0.0,0.0,61.285816,60.154026,37.10418,0.0,0.0,38.844116,0.0
